# 
61 61 0.4992684027584421
62 62 0.6951745908917203
63 63 -0.87933784746616
76 76 0.34750289341394064
77 77 0.9092830486583663
78 78 1.1901352132558047
91 91 0.738345152543605
92 92 -0.9039277237485355
93 93 -1.7231995667402429
106 106 -1.1377052450415486
107 107 -0.3694777886273223
108 108 1.0804080851918032
121 121 -0.29345048260977147
122 122 -0.19222019786381248
123 123 1.5330611607874356
136 136 -0.06993685004964947
137 137 0.30608380414847947
138 138 -0.8513932066814301
151 151 -0.06735956617781971
152 152 -0.42293904326409637
153 153 -0.010044026819321393
166 166 0.3076169616131102
167 167 -0.3799660082604117
168 168 1.2413075945540692
181 181 0.13727004638344928
182 182 0.4360503074509051
183 183 0.6244194738091706
196 196 0.1988429168805298
197 197 -0.025464025702587618
198 198 1.64561751158655
211 211 -0.8943791704135473
212 212 -0.22056523473992978
213 213 1.1762953337052562
226 226 0.3727181987461456
227 227 -1.3260116233553896
228 228 1.1391043221537565
241 241 -1.1657487850831043
242 242 1.1518771494367082
243 243 1.9337570963787898
256 256 -0.002274356847892268
257 257 0.29527861761214735
258 258 2.2966839955880745
271 271 -0.4131009870640409
272 272 0.02688200430631935
273 273 -1.0195505563373033
286 286 -1.890750676234703
287 287 0.5992987936899586
288 288 -1.255304398266481
301 301 -0.17753070232776103
302 302 -0.32588113734982793
303 303 -1.0831659330896652
316 316 -0.8271813377727532
317 317 1.1398439330621337
318 318 -1.026101095950606
331 331 0.2023866257184727
332 332 0.7122376339171277
333 333 2.4906987261634748
346 346 -0.3408854912214787
347 347 0.20280530438183056
348 348 -1.933826457762963
361 361 -1.1588733207181912
362 362 -0.7815436458942845
363 363 -1.3969105559660997
376 376 1.4111596162803082
377 377 -3.0636334801467138
378 378 -1.6760734194878462
391 391 -1.5445329385812345
392 392 0.7509172341698174
393 393 -1.0326405355007615
406 406 2.1312694722337535
407 407 1.1058582424093133
408 408 1.0845518899383888
421 421 -0.361248576936311
422 422 1.354191855120685
423 423 0.45391494007719374
436 436 2.2255700839814363
437 437 0.7754123622962965
438 438 -0.7769915726535345
451 451 -0.645986069193324
452 452 -2.812159909141627
453 453 -1.2346697682808148
466 466 -0.33851064740106174
467 467 -0.012725922408173268
468 468 0.10018061148920294
481 481 -0.3264974522210253
482 482 -0.6126476827669333
483 483 0.4441001187169058
496 496 0.9187968780007598
497 497 -0.9250385115063285
498 498 0.8889758571721879
511 511 0.3608849798494617
512 512 0.28265168274556757
513 513 -0.7541156186056812
526 526 -0.8145765212861502
527 527 0.5322861498502897
528 528 0.9615743364719357
541 541 0.08462279978676115
542 542 -0.8947340947981849
543 543 1.1193014533125714
556 556 0.08665356067791918
557 557 -0.7641607054111744
558 558 -0.5759741732022683
571 571 -0.23113430365120805
572 572 -1.4378306442843312
573 573 -0.29228345010575696
586 586 -0.2726550496420756
587 587 0.3178657252759587
588 588 0.11312874965333476
3001 3001 2.6108262131919893
3002 3002 -0.8940553118059259
3003 3003 -0.6689277533853935
3016 3016 0.07164601519592675
3017 3017 0.2577995706568096
3018 3018 -1.146900790300556
3031 3031 0.9096107540991941
3032 3032 0.6261670682868464
3033 3033 0.40198252722617916
3046 3046 -0.207332113378217
3047 3047 0.30244021348198613
3048 3048 0.811056092329304
3061 3061 0.26642222497276336
3062 3062 1.4032519829843793
3063 3063 -0.7937517172482655
3076 3076 -1.5038196418127243
3077 3077 0.48232739387249557
3078 3078 0.7813250558608341
3091 3091 0.4262755252129385
3092 3092 -0.8414853477826791
3093 3093 0.15155722608540176
3106 3106 0.06631562452979545
3107 3107 1.6333800506425873
3108 3108 -0.012580251308157602
3121 3121 -0.4590079777192904
3122 3122 -0.3682343613897956
3123 3123 0.04403199025267948
3136 3136 -0.46543446131490623
3137 3137 0.09281175060138165
3138 3138 -1.5087996390101301
3151 3151 -0.75411009634788
3152 3152 -1.1978847835016906
3153 3153 -0.20115203443528096
3166 3166 -0.1096934200159809
3167 3167 0.23688741156557658
3168 3168 -1.0697606435400695
3181 3181 -2.5375620899165314
3182 3182 0.28000294842724255
3183 3183 0.5459694895138654
3196 3196 1.7159306140686472
3197 3197 -1.2146141777250417
3198 3198 -0.9895002633629827
3211 3211 -1.8110803509771982
3212 3212 0.8290748703353098
3213 3213 -0.9124802515519992
3226 3226 -0.6079803416661324
3227 3227 -0.9768695436927752
3228 3228 0.3374400818942255
3241 3241 1.0626098591955375
3242 3242 0.04128641509456347
3243 3243 0.4159871689974644
3256 3256 0.8137674931718945
3257 3257 -0.24549525119273397
3258 3258 0.1434601074405171
3271 3271 -0.287529455392536
3272 3272 1.4249341522960552
3273 3273 0.03375501642063564
3286 3286 -0.27171393088739654
3287 3287 -1.167269705870522
3288 3288 0.31005548807591515
3301 3301 -1.2152849660787497
3302 3302 0.5618790783846737
3303 3303 -0.7377805498762896
3316 3316 1.6403800825717043
3317 3317 -1.3215213911039587
3318 3318 0.07748214890403655
3331 3331 1.2493797563697246
3332 3332 -0.7697511119403103
3333 3333 -0.21210555410583765
3346 3346 0.644437817403623
3347 3347 -0.5041928920254347
3348 3348 1.5293845624712303
3361 3361 -1.0672467019893148
3362 3362 0.9700167921172563
3363 3363 -1.2532074619581504
3376 3376 2.1659030643764647
3377 3377 0.8575006434041574
3378 3378 0.3905564044468459
3391 3391 -0.0740630200532277
3392 3392 -1.3987836971153673
3393 3393 0.47464315248596733
3406 3406 1.5846496964030719
3407 3407 -0.8083278867712963
3408 3408 -1.3559904505737974
3421 3421 -2.8030177528124494
3422 3422 -0.09546887202059359
3423 3423 -0.2628318585549589
3436 3436 0.6298431100960484
3437 3437 -0.8452956229883333
3438 3438 0.30823948587420896
3451 3451 -1.977103826462733
3452 3452 0.5590845660187193
3453 3453 1.1470708933186216
3466 3466 -0.5753055609628335
3467 3467 0.39210487119924453
3468 3468 0.00306110313861784
3481 3481 -1.192650172589656
3482 3482 -0.20817136180368445
3483 3483 0.4020010268819865
3496 3496 0.13591508306515648
3497 3497 -1.257853553104781
3498 3498 0.22191501534502828
3511 3511 -0.9237865876594391
3512 3512 -1.2456780399786571
3513 3513 -0.7841427707244025
3526 3526 -0.44730376916685904
3527 3527 -0.5904741673927733
3528 3528 -0.3884484887832723
61 62 -0.38063841556890504
61 76 0.07504764318822181
61 3121 0.35881105150334724
61 3136 0.19761408066637692
61 3151 0.361399347988304
61 3166 0.909398964225837
62 63 -0.2687744556936041
62 77 -0.8699130350537493
62 3301 0.02839552698187718
62 3316 -0.29958489270974437
62 3331 -0.30052099091102374
62 3346 -0.041433171582962725
63 78 -0.3418302985612669
63 3481 -0.3333493461272823
63 3496 0.39085526064604664
63 3511 -0.12210975370698059
63 3526 0.08674205732402777
76 77 -0.2684015315288918
76 3121 -0.22071565568749196
76 3136 0.30692183784540283
76 3151 0.10989946226378872
76 3166 -1.0
77 78 0.01601093132820633
77 3301 -0.11204078532522632
77 3316 -0.21519392039720942
77 3331 0.2837728280166151
77 3346 -0.43558981807348085
78 3481 -0.7372245589363625
78 3496 0.9080695868122988
78 3511 0.12231679060599177
78 3526 0.3905055728271365
91 92 0.2584030897227612
91 106 -0.2105643853970584
91 3061 0.5995186880520367
91 3076 -0.2745020473178267
91 3091 -0.4216959791428812
91 3106 -0.5822407688158046
91 3121 0.2649960248059168
91 3136 -0.6846452577200838
91 3151 0.5683424988859722
91 3166 -0.443512116204068
92 93 0.11824630356086076
92 107 -0.3245963481337031
92 3241 -0.5104916991112062
92 3256 -0.5953986911024841
92 3271 0.9864577575776681
92 3286 0.21386870973758923
92 3301 -0.0026847028726188047
92 3316 0.10587402750935941
92 3331 -0.35357955595897206
92 3346 0.777060455244756
93 108 0.09805701980602932
93 3421 0.1984268373874281
93 3436 0.3931790074782136
93 3451 0.38406782405009676
93 3466 -0.22176934885949576
93 3481 0.5050357592521328
93 3496 0.2443821146578076
93 3511 0.05986158160475319
93 3526 -0.8676051440711469
106 107 -0.4938833978087774
106 3061 0.06813455161831906
106 3076 0.2564717614688647
106 3091 0.4043955826102064
106 3106 0.2185751408339994
106 3121 0.5093059745342065
106 3136 1.0
106 3151 0.3377993415620338
106 3166 -0.29985479599491516
107 108 -0.6814364719164173
107 3241 0.5075472517251906
107 3256 -0.4584370608475767
107 3271 0.61297574603973
107 3286 -0.15995776837645465
107 3301 0.08627624514715247
107 3316 0.34494438966136
107 3331 0.316710225824176
107 3346 -0.8953351136304839
108 3421 -0.3379834021454783
108 3436 -0.431739952210206
108 3451 0.4722826769312707
108 3466 1.0
108 3481 0.4475216623218926
108 3496 0.25641945468504534
108 3511 0.3241475413454146
108 3526 -0.39142117462295745
121 122 0.23750779226221694
121 136 0.9763597674765269
121 3061 -0.12458772132003165
121 3076 -0.133213349172946
121 3091 -0.6199145904175535
121 3106 0.17508854588401565
121 3121 0.2928647808005588
121 3136 -0.22219092837273444
122 123 -0.022668845572687165
122 137 0.26182500557716026
122 3241 -0.5740075603908615
122 3256 0.5410598079415854
122 3271 0.8305117547019946
122 3286 0.48879061903580145
122 3301 -0.7224101931279485
122 3316 -0.7469880001922307
122 3151 0.23246759313180557
122 3166 0.10241684188213318
123 138 0.1172395130446843
123 3421 -0.2752324936817673
123 3436 -0.4479414117878613
123 3451 -0.05234207013993137
123 3466 -0.07590459708914385
123 3481 0.27495947925053155
123 3496 -0.45230958523959536
123 3331 -0.35074099895224764
123 3346 0.6887271151319243
136 137 -0.5647557452863792
136 3061 -0.010556527555377912
136 3076 -0.30360164510144133
136 3091 -0.016066986152438168
136 3106 0.024416462276329466
136 3121 0.5412097350576114
136 3136 -0.27031444797882753
137 138 0.4552442168559845
137 3241 0.06533634998819923
137 3256 -0.8564887747951871
137 3271 -0.3282411175381242
137 3286 0.5038112829400907
137 3301 -0.26667328819671066
137 3316 -0.549127103544981
137 3151 0.776804492425035
137 3166 -0.5305483460054664
138 3421 -0.6474534213045637
138 3436 -0.37114036365217906
138 3451 -1.0
138 3466 -0.1761050862982736
138 3481 -0.44742217990797667
138 3496 -0.4435647781922053
138 3331 -0.41621135136694093
138 3346 0.526852035269845
151 152 -0.029956783407007487
151 166 -0.22744474400696954
151 3061 0.4342594387629627
151 3076 -0.15767862415875172
151 3091 0.38842454261802534
151 3106 -0.17499306799044004
151 3121 -0.49822783808644994
151 3136 -0.9422960392610487
151 3001 -0.16674988966878695
151 3016 0.08731935273852631
151 3031 -0.18290788347673723
151 3046 -0.03513542758300119
152 153 -0.07950616242925601
152 167 -0.6138897523807323
152 3241 0.015411431979128606
152 3256 0.9021306457026212
152 3271 0.4393898097103899
152 3286 -0.10916854419882681
152 3301 0.09223177427264936
152 3316 0.11546057927687518
152 3151 -0.367717625632199
152 3166 -0.004925541822478631
152 3181 -0.3038144612823788
152 3196 0.13096856250561123
152 3211 0.6713812667718884
152 3226 -0.10403968488691374
153 168 0.41004358887676523
153 3421 0.41986451270243663
153 3436 -0.6481109842951868
153 3451 0.5877431174160812
153 3466 0.37652332659063764
153 3481 0.5372696435954544
153 3496 0.035236635092677056
153 3331 -0.4490965151672189
153 3346 -0.3715531721508712
153 3361 -0.1316332949488015
153 3376 -0.3959999654957647
153 3391 -0.5313357702660116
153 3406 -0.5072139005291678
166 167 0.3284693948807576
166 3061 -0.06003965923217395
166 3076 -0.4315539621188609
166 3091 0.3727958603262563
166 3106 -0.4799329652683644
166 3121 -0.16340126021163925
166 3136 0.6335599469069064
166 3001 0.3764572069993039
166 3016 0.3188129148381253
166 3031 0.4531810796914283
166 3046 1.0
167 168 -0.5449646848246333
167 3241 -0.36842924209238936
167 3256 0.6076456530152801
167 3271 0.37454215520325207
167 3286 -1.0
167 3301 0.6885251177894112
167 3316 -0.06711656371907483
167 3151 0.10206259826635528
167 3166 -1.0
167 3181 0.0305326936470299
167 3196 0.05035506499534086
167 3211 -0.23888253867111334
167 3226 -0.31016363747821435
168 3421 -0.10919883199801164
168 3436 0.39153273806668437
168 3451 0.14902737838008606
168 3466 -0.5193898583094501
168 3481 -0.04529768757774219
168 3496 -0.9858394325550977
168 3331 -0.352084575220967
168 3346 -0.29291001425616814
168 3361 -1.0
168 3376 -0.4668305382024193
168 3391 -0.5903933720895501
168 3406 -0.1606553288613411
181 182 -0.9344827950375482
181 196 0.1391160196549887
181 3061 0.18367694642658663
181 3076 0.3483620706996658
181 3001 -0.4637930151427484
181 3016 -0.023847739943402595
181 3031 -0.40431079233826156
181 3046 -0.46606139414866593
182 183 -0.2253583546368435
182 197 -0.13959240549811508
182 3241 0.0077562561160629566
182 3256 -0.009679494674395528
182 3091 0.9164267872596459
182 3106 -0.2150538475109248
182 3121 -0.4030921529235932
182 3136 -0.16413653689674532
182 3151 -0.4116679795782304
182 3166 -0.603741815295869
182 3181 -0.17005887910021628
182 3196 -0.15967909871283875
182 3211 -0.04500369616468871
182 3226 0.5182338197016101
183 198 -0.26061021572657117
183 3421 0.1699124655121124
183 3436 -0.3574979158906457
183 3271 0.8091438990093451
183 3286 1.0
183 3301 -0.5975298331304141
183 3316 -0.39239617072446886
183 3331 0.7059182384919693
183 3346 -0.31073435530630483
183 3361 0.20046402469766392
183 3376 0.8575390148987796
183 3391 -1.0
183 3406 -0.1096798034767795
196 197 -0.05637308462253391
196 3061 0.3510068792285986
196 3076 1.0
196 3001 -0.33624329854463886
196 3016 0.6915488943445416
196 3031 0.013264238354902274
196 3046 -0.7990328564999466
197 198 -0.2004009209749056
197 3241 -0.47299621903968386
197 3256 -1.0
197 3091 -0.3299346525997839
197 3106 0.04224487012071145
197 3121 0.4002047507286946
197 3136 0.274060125973541
197 3151 -0.1540705589563359
197 3166 -0.4850414174227937
197 3181 0.07513066344103382
197 3196 -0.26203316297939677
197 3211 -0.2838430137658561
197 3226 -0.41178540464867613
198 3421 -0.43031650783678915
198 3436 -0.4491837285298541
198 3271 0.019519975418662027
198 3286 0.30832058447271826
198 3301 0.8027016188106488
198 3316 0.18174919101810738
198 3331 -0.0784247237998876
198 3346 -0.03175116090342207
198 3361 -0.6132223184052414
198 3376 0.4627557325437478
198 3391 -0.37517942876954496
198 3406 -0.2877489442498452
211 212 -0.12767323275236453
211 226 0.4569667437830892
211 3061 -0.0043704669121710695
211 3076 -0.36226468092751724
211 3001 -0.12507278449452744
211 3016 0.30651193775030294
211 3031 0.22057813570421123
211 3046 0.10535425058460686
212 213 -0.7706544987008008
212 227 -0.11847477654135437
212 3241 -0.47012127736368525
212 3256 0.23930403888253135
212 3091 0.36629216864137115
212 3106 0.05768928682082756
212 3122 0.2367983540929769
212 3137 -0.6790549629720903
212 3152 0.6986218537211171
212 3167 0.323779639777057
212 3181 -0.4837692461712113
212 3196 -0.6796621502845831
212 3211 -0.6831279807358128
212 3226 0.22265032800945697
213 228 0.47761715310303277
213 3421 -0.2135441003685388
213 3436 0.15345787573248734
213 3271 0.23812256237382376
213 3286 -0.5147989828732038
213 3302 -0.5203374352388548
213 3317 0.04573481353181738
213 3332 0.2583131898545458
213 3347 -0.16321447913657006
213 3361 0.26032396180692224
213 3376 -0.8235858353856155
213 3391 0.4607461442115531
213 3406 0.4421772941925159
226 227 -0.9455154235551695
226 3061 1.0
226 3076 -0.2443708696081959
226 3001 1.0
226 3016 -0.03804222484151212
226 3031 0.41825137780989724
226 3046 0.18629710427651036
227 228 -0.16788928873925935
227 3241 0.5902356965145542
227 3256 -0.3245345312711974
227 3091 -0.10016338048551664
227 3106 -0.9280237446569558
227 3122 0.49267047232182326
227 3137 0.6214822198168536
227 3152 0.8853839124385362
227 3167 0.17743261557233775
227 3181 -0.09730467541635782
227 3196 -0.6696079644830663
227 3211 0.2929219328007756
227 3226 0.28272755367418395
228 3421 -0.6739193087908708
228 3436 0.3746457286782263
228 3271 1.0
228 3286 0.4597750638225832
228 3302 0.7591740485634598
228 3317 0.2105455284700496
228 3332 0.7554188263120677
228 3347 -0.6688814438309433
228 3361 -1.0
228 3376 -0.333293534477151
228 3391 0.2116454674398873
228 3406 -0.9463777102346217
241 242 -0.5058543450367791
241 256 0.10895292753267313
241 3061 0.5822378186773726
241 3076 -0.343901681178763
241 3091 -0.4820141833219551
241 3106 0.49767400630751607
241 3122 -0.45341334677436845
241 3137 -0.3391228052789901
241 3152 0.0289499340766119
241 3167 0.07106856394732823
241 3181 -0.856332798817024
241 3196 -1.0
241 3031 -0.2088137779858378
241 3046 0.7791564088096902
242 243 -0.12241727786568254
242 257 0.006176436436754539
242 3241 0.04393349352666824
242 3256 -0.19862991820775522
242 3271 -0.04238610219038553
242 3286 0.11141784506732393
242 3302 0.022294582600262975
242 3317 0.2855987163738227
242 3332 0.8612628245651766
242 3347 0.750254769529034
242 3361 -0.5324435809053278
242 3376 -0.2433126952709621
242 3211 0.08665917205718636
242 3226 -0.07754771306914128
243 258 -0.3843127529139805
243 3421 -0.019817067019603455
243 3436 -0.6928881344823049
243 3451 0.958121348085529
243 3466 0.46641682778255283
243 3482 0.12616580072688333
243 3497 -1.0
243 3512 -0.5328901057994545
243 3527 -0.8849883760954632
243 3391 -0.5101727225045942
243 3406 0.9701584387805077
256 257 -0.5552807289875773
256 3061 0.08628230265796426
256 3076 0.19542442271682756
256 3091 0.3378078958377558
256 3106 -0.3275762542796553
256 3122 -0.15538593902894185
256 3137 0.2372122506696969
256 3152 0.1501807404788516
256 3167 0.330338788008345
256 3181 -0.9973381130290819
256 3196 0.006077344026878284
256 3031 -0.2991316513226677
256 3046 -0.3026682001492539
257 258 0.024724586861001516
257 3241 -1.0
257 3256 0.5147457887136277
257 3271 -0.1481557719512297
257 3286 -0.2745767006059848
257 3302 -0.3842788558431133
257 3317 0.0528264315527105
257 3332 -0.007194792492777349
257 3347 0.0712433598137565
257 3361 0.4644005586864467
257 3376 0.04635609708984756
257 3211 0.1841264687548852
257 3226 0.1852758445143645
258 3421 0.6196184254305461
258 3436 0.00270821349499162
258 3451 0.11953935921545583
258 3466 0.9961702464372505
258 3482 -0.24551803726652524
258 3497 0.1385324693086942
258 3512 -0.3415655053573606
258 3527 0.06528618202769619
258 3391 -0.7012659335357646
258 3406 0.6251492696032963
271 272 0.5537839425795967
271 286 -0.1201818322260583
271 3062 -0.23851399845331922
271 3077 0.6878999186380667
271 3092 -0.0352201294983892
271 3107 0.6478596983781573
271 3122 0.11459974047808488
271 3137 0.020060940689883986
271 3152 0.050066085110167954
271 3167 0.08413781812917243
271 3181 -0.01173267780749207
271 3196 -1.0
271 3031 -0.1504787045125203
271 3046 -0.576229128826149
272 273 -0.3853131846801655
272 287 -0.27517608607648086
272 3242 -0.3302916427266654
272 3257 -0.02454847205577387
272 3272 -0.013507859346409605
272 3287 -0.07587017677698468
272 3302 0.2917279058167638
272 3317 -0.43015184607969575
272 3332 0.7018228652600813
272 3347 -0.7436325293541064
272 3361 -0.24711168375346382
272 3376 -0.2680506081537548
272 3211 -0.14094945893684263
272 3226 0.1768953740231291
273 288 -0.38652435220777404
273 3422 -0.14325169994309916
273 3437 0.18853608681742742
273 3452 0.7572009719149501
273 3467 0.28591187008975516
273 3482 0.2516456027346564
273 3497 -0.28739631873397525
273 3512 -0.3037200602818269
273 3527 -0.5933209035445869
273 3391 0.5374531739711396
273 3406 -0.08661310003980166
286 287 0.1440331958885588
286 3062 0.10945535166946145
286 3077 -0.1543052425996304
286 3092 -0.9303342795445539
286 3107 0.5148261346489953
286 3122 0.546113089202099
286 3137 -0.49842782976385613
286 3152 -0.9425611960296971
286 3167 -0.8017107313325864
286 3181 -0.014141078897172933
286 3196 -0.2554750388494575
286 3031 0.19234723287264782
286 3046 0.16230540036012106
287 288 -0.029817422576708292
287 3242 -0.19776804925355637
287 3257 0.5543905535270591
287 3272 -0.16398917532023496
287 3287 -0.2745488871014663
287 3302 -0.20164869443420314
287 3317 -0.07241747195026621
287 3332 0.2996645361053694
287 3347 0.15062524414930847
287 3361 -0.1415849089325463
287 3376 0.3725684514101
287 3211 -0.677354516399969
287 3226 -0.10753636797441624
288 3422 1.0
288 3437 0.1253169224211156
288 3452 0.7432327195656905
288 3467 0.42690541206916127
288 3482 -0.16088587106640562
288 3497 0.7658789840801371
288 3512 -0.1806517034528824
288 3527 -0.15816589225409491
288 3391 0.49230759633334903
288 3406 0.383227188761762
301 302 -0.5650558022164781
301 316 0.4469802028439801
301 3062 -0.07738087833729035
301 3077 -0.36010963836750076
301 3092 1.0
301 3107 -0.3671701919653988
301 3122 -0.20795242049502743
301 3137 0.11023625460239438
301 3001 -0.8631227612084608
301 3016 -0.2780505608516966
301 3031 -0.684841634609414
301 3046 -0.1689950080120164
302 303 -0.535177164988638
302 317 0.4039053697785556
302 3242 0.18535326211331463
302 3257 0.8234838216020647
302 3272 -0.38919776396565714
302 3287 0.7535798205727626
302 3302 0.8696256763578184
302 3317 1.0
302 3152 -0.6870114022217698
302 3167 0.42770771081273373
302 3181 0.45567270113693076
302 3196 -0.2247177619404655
302 3211 0.6177841952947142
302 3226 0.491316359551153
303 318 0.5854815914363746
303 3422 -0.5033926907891879
303 3437 -0.4125801373769184
303 3452 -0.42718834958205915
303 3467 0.6063995815231369
303 3482 0.0673373749516549
303 3497 0.09106169212760958
303 3332 0.6257966880480156
303 3347 0.39100405855699394
303 3361 -0.39292790286205803
303 3376 0.5984772875347203
303 3391 -0.4703396420001735
303 3406 0.020707719054542224
316 317 0.008732869638611137
316 3062 -0.31699871683482983
316 3077 -0.09476038742469901
316 3092 -0.11039394554893438
316 3107 -0.4250706620948952
316 3122 -0.3226847184516813
316 3137 -0.8418065591002625
316 3001 -1.0
316 3016 -0.34652250454617173
316 3031 0.9302737619149917
316 3046 -0.5342487817985339
317 318 -0.8218394767639268
317 3242 0.5148759877229023
317 3257 0.12697421923358515
317 3272 -0.1889472084725767
317 3287 -0.6446891628049037
317 3302 -0.16799090258758784
317 3317 1.0
317 3152 0.09795626364898599
317 3167 -0.3327694069094152
317 3181 -0.4329255723295067
317 3196 0.42936689709472975
317 3211 0.0459207855077139
317 3226 0.5631052534306235
318 3422 0.26544231178230376
318 3437 0.08695087467936721
318 3452 0.0738366090992339
318 3467 0.5118224637909962
318 3482 0.07658370606307838
318 3497 -0.27402643298032214
318 3332 0.03720257659529135
318 3347 0.2318456450099312
318 3361 0.7032913380746387
318 3376 0.2634994528842862
318 3391 0.8177900580978311
318 3406 -0.15569763716566098
331 332 -0.16179135882850898
331 346 -0.24520544071913916
331 3062 -0.8345881823665806
331 3077 0.17825608941208498
331 3092 -0.27315876102433884
331 3107 0.8068713236993823
331 3122 0.22835548364858047
331 3137 0.36562296311825104
331 3002 0.23962231300812578
331 3017 0.49181423526441526
331 3032 0.27905063979896255
331 3047 -0.3666868894879365
332 333 -0.11593441576192799
332 347 1.0
332 3242 0.06960316635351324
332 3257 -0.05147691326183868
332 3272 -0.252294506173019
332 3287 0.7247748851539361
332 3302 -0.040554643155798785
332 3317 -0.3188628489306478
332 3152 -0.024631399394728786
332 3167 -0.26974660225462493
332 3182 0.6456668120328001
332 3197 0.09418634274054047
332 3212 -1.0
332 3227 -0.721256101197495
333 348 0.4070937215542595
333 3422 -0.29064518209679124
333 3437 -0.26843356863470086
333 3452 1.0
333 3467 -0.481488952443266
333 3482 -0.4393906309760564
333 3497 0.5186420347210856
333 3332 0.6788527683605623
333 3347 -0.9027227427220593
333 3362 0.07119020908628707
333 3377 -0.1629754744191074
333 3392 0.5112386259071662
333 3407 -0.43742746657320436
346 347 0.05622348290588994
346 3062 -0.8173143000377687
346 3077 0.990815807565851
346 3092 0.5071200249960349
346 3107 -0.016602208724088886
346 3122 -0.17073190341563374
346 3137 0.013542744098191464
346 3002 0.35560420274717663
346 3017 -0.36223287443523544
346 3032 0.6367140808951128
346 3047 -0.5276138377282956
347 348 0.530562078841004
347 3242 -0.026147724745794992
347 3257 0.16899805063045187
347 3272 -1.0
347 3287 -0.22471662128034497
347 3302 0.10522016335651889
347 3317 0.14054058101542793
347 3152 0.4072272248631941
347 3167 0.8884939240983162
347 3182 -0.22682410761573302
347 3197 0.2879936249523783
347 3212 -0.03965407755701507
347 3227 0.5830998623143736
348 3422 -0.5397474780205631
348 3437 -0.02861708676609736
348 3452 0.13784714956581268
348 3467 -0.41367043285645766
348 3482 -1.0
348 3497 -0.19290008908600303
348 3332 0.3967811653154163
348 3347 -0.06975613454499144
348 3362 0.5720656070408382
348 3377 0.49134327824704355
348 3392 -0.6922598802979043
348 3407 0.6959339897376126
361 362 0.3705954969444526
361 376 0.15882442262933075
361 3062 0.7093857471456712
361 3077 -0.97244527912644
361 3002 -0.11424959290600124
361 3017 0.564947918342258
361 3032 -0.1736234588097245
361 3047 -0.1749693080437371
362 363 0.32839014251954385
362 377 -0.43917764950084087
362 3242 0.07040145900586013
362 3257 0.09206680581022142
362 3092 0.6949139370478988
362 3107 -0.7958809858462149
362 3122 0.3753608909048139
362 3137 0.6136603119514538
362 3152 -0.21365087179417466
362 3167 -0.19994001480295034
362 3182 0.25512426847292247
362 3197 0.19906670477298719
362 3212 0.5567282829851542
362 3227 0.39524772188486296
363 378 -0.054613286304673936
363 3422 -0.22463684209477053
363 3437 0.7631097730764275
363 3272 0.29153108330930916
363 3287 0.049261634136382675
363 3302 0.8894002548657456
363 3317 0.1814308539924652
363 3332 0.20103436634360147
363 3347 -0.3906922637173134
363 3362 0.5788401069600531
363 3377 0.5424596806243464
363 3392 0.8492199900079874
363 3407 -0.6925153828894728
376 377 0.22312020787999975
376 3062 0.3826546093398095
376 3077 0.6607817957227752
376 3002 -0.12294303692891718
376 3017 -0.5966887981419297
376 3032 0.1506313026543589
376 3047 0.05443417121233974
377 378 0.45419188780887526
377 3242 -0.01585053830623708
377 3257 -0.23705459182266955
377 3092 0.22349459594910137
377 3107 -0.6649343435415191
377 3122 0.5258133941348975
377 3137 -0.5122330727169345
377 3152 0.4205773974295959
377 3167 0.10562910733699434
377 3182 0.3952857009742758
377 3197 -0.2562424091645682
377 3212 -0.01901659861761802
377 3227 -0.23692343653261186
378 3422 -0.22174154979506405
378 3437 -0.18874137212412484
378 3272 1.0
378 3287 -0.08639061961277612
378 3302 -0.27797370741466787
378 3317 0.3738947334889264
378 3332 -0.4511622060703136
378 3347 -0.25744865676586887
378 3362 1.0
378 3377 -0.9488172678734053
378 3392 -0.21421275178493118
378 3407 -0.3401309885575546
391 392 0.16781359273423002
391 406 0.6844066340889905
391 3062 -0.3026783276691917
391 3077 0.3361804807295947
391 3002 -0.05173020440406695
391 3017 -0.9248693578718249
391 3032 -0.5006417815990752
391 3047 0.14561182573237133
392 393 -0.7723789812925427
392 407 0.21205450229930328
392 3242 0.0692960275474477
392 3257 -0.7802365593959163
392 3092 -0.18480159667696852
392 3107 0.24140336244812124
392 3123 -0.29710753852222915
392 3138 0.08961389041916579
392 3153 0.21899086661732986
392 3168 -0.27616050569773476
392 3182 -0.14804589688660233
392 3197 -1.0
392 3212 0.3421236641743249
392 3227 0.6072035902322793
393 408 -0.4477418330421949
393 3422 0.0047385660279420675
393 3437 0.25076060475598083
393 3272 -0.44387375604149976
393 3287 0.6374798033234605
393 3303 -0.0005547552518958495
393 3318 -0.6587474756573388
393 3333 -0.8781153732530523
393 3348 -0.5590567324530954
393 3362 -1.0
393 3377 0.1443793074125224
393 3392 0.6802729626215752
393 3407 -0.41324512829640386
406 407 0.6535983584286965
406 3062 -0.20331030565781683
406 3077 -0.03308413539539702
406 3002 -0.1361390237159555
406 3017 -0.16921936512715152
406 3032 -0.08943786309634491
406 3047 -0.07296744567032787
407 408 0.1515767312323611
407 3242 -0.06079221704416878
407 3257 0.26870404026669453
407 3092 -0.3472437793297723
407 3107 0.12501237659464923
407 3123 0.7257655345169195
407 3138 -0.5661526357204004
407 3153 -1.0
407 3168 -0.31515381151949906
407 3182 0.4082589355354438
407 3197 0.5141360431167077
407 3212 -0.16949644520697008
407 3227 0.43630195463248195
408 3422 -0.1399549764065526
408 3437 -0.1843226888145029
408 3272 -0.022074996536757437
408 3287 0.2609422124306991
408 3303 -0.43836901831080893
408 3318 0.24149020667139218
408 3333 0.16504176026211637
408 3348 0.038009149470343055
408 3362 -0.0015976914992346634
408 3377 0.43426049142709056
408 3392 -0.33689350382247485
408 3407 -0.41722899136928987
421 422 -0.5342766636941317
421 436 1.0
421 3062 -0.14748619242843633
421 3077 1.0
421 3092 -0.7420713530898918
421 3107 1.0
421 3123 0.21271974681870295
421 3138 -0.16009297064397435
421 3153 -0.7873344744454612
421 3168 -0.430585342453443
421 3182 -0.4416717578140569
421 3197 0.3086367522063571
421 3032 0.11973437647320935
421 3047 -0.24084607184076268
422 423 -0.5589511371164886
422 437 -0.29853302897793654
422 3242 -0.5262618137238184
422 3257 0.08094527330475305
422 3272 0.6531674873446895
422 3287 -0.3240031304621134
422 3303 -0.2524856569943232
422 3318 -0.8126576017263117
422 3333 0.5013779252908145
422 3348 -0.03014495565311627
422 3362 0.19271251135925965
422 3377 0.9182913616631377
422 3212 -0.4603429125481229
422 3227 -0.11520474299087745
423 438 0.171092593627007
423 3422 0.35902955855177765
423 3437 -0.6803821514087866
423 3452 0.6135808756056874
423 3467 -0.47143278783034026
423 3483 -0.30498614113841094
423 3498 0.049650055670706406
423 3513 0.446214574786729
423 3528 -0.840198830680933
423 3392 0.6721651916619769
423 3407 -0.48165498740266044
436 437 -0.1068794273115519
436 3062 0.31158940326264994
436 3077 -0.2948351660380145
436 3092 -0.05678200273639815
436 3107 -0.27444611363882365
436 3123 0.5352555433445574
436 3138 0.29557276265099747
436 3153 0.3025092042030863
436 3168 0.1845083103072686
436 3182 0.7268435664836185
436 3197 -0.29485849087918786
436 3032 0.12548674132171297
436 3047 -0.0928014454114632
437 438 0.4782796124161297
437 3242 -0.6648080108437531
437 3257 -0.18460257319994708
437 3272 -0.321652479482301
437 3287 0.0675535380097728
437 3303 0.03163433490359342
437 3318 -0.5640371731047429
437 3333 -0.20597976276665766
437 3348 0.6839302311465408
437 3362 -0.27852779427164676
437 3377 -0.37943119126021785
437 3212 0.5417194240086693
437 3227 -0.5895405326499672
438 3422 -0.22438770565956584
438 3437 -0.39163815723234824
438 3452 -0.8025936513566093
438 3467 0.16195631761586704
438 3483 -0.33333834286532826
438 3498 -0.5116918832599007
438 3513 -0.48405330206467423
438 3528 0.8202075113351105
438 3392 0.3310166848507134
438 3407 0.08422560595960113
451 452 -0.19976708681524322
451 466 -0.6142678977779813
451 3063 0.5531388282353433
451 3078 -0.4615320065794551
451 3093 -0.017392961375913618
451 3108 0.0026515319222640433
451 3123 -0.1551872365925525
451 3138 1.0
451 3153 -0.20822541348275775
451 3168 -0.8965250759721969
451 3182 -0.28972288822398723
451 3197 0.1655967193221468
451 3032 -0.232014109070735
451 3047 -0.8840225895254122
452 453 -0.24558592755612008
452 467 -1.0
452 3243 0.03371969878979712
452 3258 0.15211806828338817
452 3273 -0.3608727404884788
452 3288 -0.04061672223728229
452 3303 -0.3218361098731637
452 3318 -0.813214145040348
452 3333 1.0
452 3348 -0.22951384410615228
452 3362 -0.05354349149419146
452 3377 -0.026370057526944768
452 3212 -0.3032651374260902
452 3227 -0.3505237054853316
453 468 0.9068520556921594
453 3423 -0.12032248574427677
453 3438 0.6315084866762665
453 3453 -0.890027896974444
453 3468 0.013774610363116344
453 3483 0.9622201552738263
453 3498 0.11206224973366369
453 3513 -0.08057895207290502
453 3528 -0.35204920472282736
453 3392 0.6634280844139496
453 3407 -0.03557017465538481
466 467 1.0
466 3063 0.07129898314321598
466 3078 -0.45031447993841356
466 3093 -0.09587077224587552
466 3108 1.0
466 3123 -0.584837622995965
466 3138 0.8293325719306228
466 3153 -0.46519435314389446
466 3168 0.09425447881868097
466 3182 -0.11505185538753503
466 3197 0.017143719859023493
466 3032 -0.6188067977847462
466 3047 -0.2692080926252416
467 468 0.011288191674791677
467 3243 -0.10692239891575941
467 3258 -0.4197726974871228
467 3273 -0.010762869730745295
467 3288 -0.450869851176533
467 3303 -0.11729117834738428
467 3318 -0.4941426247192347
467 3333 -0.727396220474787
467 3348 0.2549627734281501
467 3362 0.09053266737650613
467 3377 -0.4962069346227138
467 3212 -0.3113025645216513
467 3227 -0.1322486826242874
468 3423 0.26937750922337406
468 3438 -0.43137802952502496
468 3453 -0.5527968358727889
468 3468 0.323975540855138
468 3483 0.12125093040320721
468 3498 0.5201330274833716
468 3513 0.023396307416225406
468 3528 0.5888638222748007
468 3392 -0.39366339403191186
468 3407 0.18146664036573185
481 482 0.6971390101595567
481 496 0.7250250752613909
481 3063 -0.6177827589385618
481 3078 -0.3408413073796089
481 3093 0.13768246365556458
481 3108 0.3887348580661396
481 3123 0.0022267960003124997
481 3138 -0.1151261573372129
481 3002 0.14041919259041497
481 3017 -0.9202394314382646
481 3032 0.18083579393185692
481 3047 -0.044683602587762127
482 483 0.6546211258021811
482 497 -0.3431869351904724
482 3243 0.36619977160256434
482 3258 -0.2909785020460541
482 3273 0.43485912638432583
482 3288 -0.10690945154479095
482 3303 1.0
482 3318 -0.20881554189389992
482 3153 0.034951398536076414
482 3168 -0.633008280392318
482 3182 -0.7322040530928692
482 3197 0.1546489293526463
482 3212 -0.3682760761953077
482 3227 0.7779586753254316
483 498 0.8837575375353479
483 3423 0.03730435458440925
483 3438 0.3249665786167032
483 3453 0.40531672842934136
483 3468 -0.3152064376664118
483 3483 -0.029350532464495233
483 3498 0.6028120098943958
483 3333 0.0427217756626631
483 3348 -0.6610287439526483
483 3362 0.32096150393364
483 3377 -0.02328184102284894
483 3392 -0.37115588191343435
483 3407 0.43898654345844546
496 497 0.5259285050501248
496 3063 0.03833705547219268
496 3078 0.4067569228212156
496 3093 -0.20013832092151315
496 3108 -0.01990433203002991
496 3123 0.25137752135394165
496 3138 -0.22270638941813028
496 3002 0.04036580932252602
496 3017 -0.6630761423533132
496 3032 0.23579004416195015
496 3047 0.09075666832710184
497 498 -0.26917834962968223
497 3243 -0.4189037171885405
497 3258 0.7011721090899538
497 3273 0.20568679950187227
497 3288 -0.571967775335463
497 3303 -0.9671222477404687
497 3318 0.4290501593390114
497 3153 -0.11228404530922718
497 3168 -0.5982022113800909
497 3182 -0.3210504794900028
497 3197 0.742531877453653
497 3212 0.1421574847237906
497 3227 0.8252593490936619
498 3423 -0.271273001099345
498 3438 0.7121489374532044
498 3453 -0.03535271342256619
498 3468 0.9653758534127828
498 3483 -0.21470655719103152
498 3498 0.1440545420729034
498 3333 -0.14983977231685894
498 3348 -0.24931118646193076
498 3362 0.489052489414362
498 3377 -0.3022129969457902
498 3392 0.6553140185405757
498 3407 0.24763402724996253
511 512 0.7109287225317414
511 526 -0.3554235599900013
511 3063 0.6181389927548143
511 3078 -0.1005437743096145
511 3093 0.46249820597328833
511 3108 0.6322017158330291
511 3123 0.30730280451009595
511 3138 -0.24360199758836168
511 3003 0.8275727852734491
511 3018 -0.20595567226919997
511 3033 -0.3990370558138309
511 3048 -0.060799936391224885
512 513 0.8984011788180174
512 527 0.8611657483850316
512 3243 -0.5503019274966655
512 3258 0.35272184544608576
512 3273 0.7148780665227227
512 3288 0.7025800324599273
512 3303 -0.6434642813718733
512 3318 -0.036406749424201613
512 3153 -0.1387303201651008
512 3168 -0.7405899754775204
512 3183 0.32192877783972507
512 3198 0.37422671465953666
512 3213 0.10662113572849748
512 3228 0.8031718627477373
513 528 0.07619101072984179
513 3423 0.07600189721453562
513 3438 0.5473478155016381
513 3453 -0.384672405862669
513 3468 -0.022225128636380154
513 3483 0.01165587211370052
513 3498 0.22821431933504244
513 3333 0.4454023396077324
513 3348 -0.1804113238893782
513 3363 -0.3243256043440817
513 3378 -0.9415205284233409
513 3393 0.20250196283445537
513 3408 -0.12702197985120778
526 527 -0.09915482442089692
526 3063 -0.6564736978885445
526 3078 0.4846234138509227
526 3093 0.7679202827013597
526 3108 0.1383125480228325
526 3123 0.39780096806108933
526 3138 0.44629468082111085
526 3003 -0.42018075982078734
526 3018 0.311914020266507
526 3033 0.07897658523565716
526 3048 -0.847538356980064
527 528 -0.6014213812930881
527 3243 0.2506059583328345
527 3258 0.13573334614067473
527 3273 0.1686509089984401
527 3288 -0.32070340629066674
527 3303 -0.6580538606601096
527 3318 -0.1785806206860458
527 3153 -0.35699850376935377
527 3168 -1.0
527 3183 0.22522155715332104
527 3198 0.0011873926111885833
527 3213 -0.26631237917815265
527 3228 0.196229507762157
528 3423 -0.26845727312071155
528 3438 0.7752806571080223
528 3453 0.007922980822142222
528 3468 0.6926845921840735
528 3483 -0.12304927661850648
528 3498 -0.8184046566201559
528 3333 0.2527370983543551
528 3348 -0.24813899659970481
528 3363 -0.015832507482728662
528 3378 -0.5744736980327365
528 3393 0.39249933735043663
528 3408 0.4151853296422969
541 542 0.005785500029967641
541 556 0.5829532391948081
541 3063 0.065143631498936
541 3078 0.7209424871809903
541 3003 -0.0207539277722174
541 3018 0.06338675217859134
541 3033 -0.6207186737488598
541 3048 0.4235789486383614
542 543 0.1939084388162323
542 557 -1.0
542 3243 -0.8323087749853465
542 3258 -0.8172536168389735
542 3093 0.3170347664855642
542 3108 0.14875770088908638
542 3123 -0.21013180073656978
542 3138 0.14726656721340864
542 3153 -0.013976663001116555
542 3168 -0.33738323203415327
542 3183 0.6475582589610985
542 3198 -0.024495093757114984
542 3213 0.22354967483053517
542 3228 0.43094576189950734
543 558 0.5170113828747724
543 3423 -1.0
543 3438 -0.3448026102586934
543 3273 -0.6570706116265763
543 3288 -0.7681838510179964
543 3303 -0.36220204260305666
543 3318 -0.2075270738608849
543 3333 -0.28954752291954494
543 3348 0.7310813174952195
543 3363 0.47277743186422017
543 3378 0.00023852190643404612
543 3393 -0.5012194278742991
543 3408 0.095969239553674
556 557 -0.9809975719434192
556 3063 0.24019936998733216
556 3078 0.6578390774418952
556 3003 0.5246217720635298
556 3018 0.2064946004645293
556 3033 0.5678455239811725
556 3048 0.6498214815890149
557 558 0.23778270693524575
557 3243 0.04343727342215533
557 3258 -0.4980379937841821
557 3093 -0.22953701972301366
557 3108 -0.1835165243307992
557 3123 0.11164358117272853
557 3138 -0.2557761678561326
557 3153 -0.043678341190444635
557 3168 0.357047866212563
557 3183 -0.7809486519748219
557 3198 0.2802546828200423
557 3213 0.40960548930803903
557 3228 0.4725034275312213
558 3423 1.0
558 3438 0.18369342826737975
558 3273 0.8325279124054173
558 3288 -0.4257402924366192
558 3303 0.43651968866514185
558 3318 0.43483102269137835
558 3333 -0.8737346977004877
558 3348 -0.7265668063193326
558 3363 0.9409678309908985
558 3378 -0.7748755488086148
558 3393 0.1312225781485939
558 3408 0.7586170087914095
571 572 -0.1920384155043072
571 586 0.26909318132347765
571 3063 -0.12269357325106778
571 3078 -0.3329043754951371
571 3003 -0.5941062998107245
571 3018 0.3431110595625184
571 3033 -0.3531126258099122
571 3048 -0.8100669034806947
572 573 -1.0
572 587 -0.059140962172470245
572 3243 0.7354741958850798
572 3258 0.11019299804832391
572 3093 -0.35834221438243347
572 3108 -0.10709051194956859
572 3183 0.16983580715188729
572 3198 0.0010492008891510385
572 3213 0.6935339209636638
572 3228 -0.279720446091897
573 588 0.2728652441743308
573 3423 -0.8741493523596684
573 3438 0.6727792736942096
573 3273 0.268624022498196
573 3288 0.028089352889439895
573 3363 0.07443006929202957
573 3378 0.1405179462247538
573 3393 0.44725686135026343
573 3408 0.15095749696174562
586 587 0.4448838700621249
586 3063 -0.9728240385175444
586 3078 -0.059071886679897476
586 3003 -0.48539995300712835
586 3018 -0.11269636009577125
586 3033 0.8260803216721762
586 3048 0.09308757939938209
587 588 -0.2963696908310384
587 3243 0.5635652375729445
587 3258 -0.0304337331571922
587 3093 0.0917543313548062
587 3108 -0.4690815326042769
587 3183 0.5346112501202829
587 3198 0.12358414167166182
587 3213 0.40561473709931295
587 3228 -0.1841225452526316
588 3423 0.592034496550321
588 3438 0.23632908587350715
588 3273 -0.4876012294164853
588 3288 0.3545626347404596
588 3363 0.5814803845063659
588 3378 0.5922623759185207
588 3393 0.3103685475582027
588 3408 -0.1788194091374124
3001 3002 -0.8933308877565925
3001 3016 0.32818994734791923
3002 3003 -0.7333076358526263
3002 3017 0.9019688487072078
3003 3018 0.5269814871233057
3016 3017 -0.4726052032710045
3017 3018 0.7325698255202011
3031 3032 -0.21260137518121944
3031 3046 0.1640286079660639
3032 3033 0.031366320096977006
3032 3047 0.8342326432584408
3033 3048 0.2881564971574092
3046 3047 0.8557776112392166
3047 3048 0.2487590204057804
3061 3062 -0.5119289917555491
3061 3076 -0.16502672644764738
3062 3063 -0.17975871615923292
3062 3077 -0.12766568525438204
3063 3078 -0.11813937195851854
3076 3077 0.3867913766420549
3077 3078 0.17417306936469798
3091 3092 -0.568821817670414
3091 3106 0.35677210157701483
3092 3093 0.4409911032443961
3092 3107 -0.3770011645507603
3093 3108 -0.015520197752077448
3106 3107 -1.0
3107 3108 -0.5875410872825799
3121 3122 -0.45954000033014436
3121 3136 -0.12604467435821232
3122 3123 0.4669579534540174
3122 3137 0.3864661170894509
3123 3138 -0.26636016603041385
3136 3137 -1.0
3137 3138 0.33583629740625054
3151 3152 0.31545113295155164
3151 3166 -0.2734650775322514
3152 3153 -0.4244349181210331
3152 3167 0.1038328033176769
3153 3168 -1.0
3166 3167 0.48418244515918013
3167 3168 -0.0027935835965000304
3181 3182 0.9066913355272569
3181 3196 -0.1663291037885422
3182 3183 0.27635541977227385
3182 3197 0.2624104118315259
3183 3198 -0.18287198979189437
3196 3197 -0.6113299182372629
3197 3198 -0.15817821832645917
3211 3212 -0.52952618405192
3211 3226 0.19720972265445305
3212 3213 0.8432988468895959
3212 3227 0.08760903796521702
3213 3228 -0.1301861861612214
3226 3227 -0.14007450081720765
3227 3228 0.038182529538792455
3241 3242 0.3818668677107196
3241 3256 0.598719700547028
3242 3243 0.221627613877406
3242 3257 -0.6320960715771885
3243 3258 -0.24368086769673997
3256 3257 0.34280798102305454
3257 3258 0.2830179939916716
3271 3272 -0.315213208442292
3271 3286 0.02225595172030305
3272 3273 0.19562154381046892
3272 3287 0.16037628250812055
3273 3288 0.07311187146310169
3286 3287 0.5897695998903546
3287 3288 -0.7134225935214972
3301 3302 -0.6713260636817461
3301 3316 -0.39032539440559055
3302 3303 0.8356526545382855
3302 3317 -0.42765886578285467
3303 3318 1.0
3316 3317 0.5601064372425811
3317 3318 -1.0
3331 3332 0.16802812180981766
3331 3346 0.06325669548300035
3332 3333 -0.5624485652520255
3332 3347 -0.301059525765692
3333 3348 -0.40837289644732533
3346 3347 -0.46000346176775214
3347 3348 -0.06544701861898344
3361 3362 0.1403050054462869
3361 3376 0.00900878112797866
3362 3363 0.6308868576163897
3362 3377 -0.4107125628500752
3363 3378 -1.0
3376 3377 0.44756775944032623
3377 3378 -0.19811806966241682
3391 3392 -0.3453938256985548
3391 3406 -0.28657207130032925
3392 3393 0.046479639100677185
3392 3407 0.43062214087184786
3393 3408 0.24072397390432745
3406 3407 0.5053944666478697
3407 3408 0.7867663881405634
3421 3422 0.8138411777685269
3421 3436 0.38782966285771553
3422 3423 -0.36192498878471185
3422 3437 -0.15305849760356757
3423 3438 0.5669513293960896
3436 3437 -0.2521774140369665
3437 3438 0.17455149761501354
3451 3452 0.05514935956932271
3451 3466 -0.23389210985316822
3452 3453 -1.0
3452 3467 0.47112677055866475
3453 3468 -0.24639693691843856
3466 3467 0.26034428252571074
3467 3468 -0.1101723455640642
3481 3482 0.5372956724102504
3481 3496 0.3110227103581129
3482 3483 0.2268930619699027
3482 3497 0.39612032322508456
3483 3498 -0.2269263089223072
3496 3497 -0.39710337261803097
3497 3498 -0.678063821634748
3511 3512 -0.44848955044941463
3511 3526 1.0
3512 3513 -0.0437842747287587
3512 3527 -0.6543051465278036
3513 3528 -0.09385018147246994
3526 3527 0.051507215578588963
3527 3528 0.107270586434563
