# 
603 603 -0.45503588239281423
604 604 -0.015010006887207415
605 605 -1.4376800100996499
618 618 0.42685577362602056
619 619 -0.6050689840810926
620 620 -1.5618381447829317
633 633 -0.03441223810507834
634 634 0.40230863850398896
635 635 1.2129833718395566
648 648 1.28694702874903
649 649 0.7963192162194964
650 650 0.3316400744347225
663 663 -2.7871274987823904
664 664 -0.5876047974907451
665 665 0.704690901597291
678 678 -1.2021144858425845
679 679 -0.5598439013831978
680 680 0.698129574369494
693 693 -2.1941217920320732
694 694 1.0898722998216575
695 695 0.7587557500379737
708 708 -1.1101021550824701
709 709 -2.0807456620588187
710 710 -0.03398587212246151
723 723 -0.6171994387786656
724 724 0.029339197609865232
725 725 0.7834139338978925
738 738 -0.15566674689223847
739 739 -0.4838350093739697
740 740 -1.432242790704443
753 753 -1.3069033088458302
754 754 1.2064841149060201
755 755 1.3913284680214397
768 768 0.2971619468956907
769 769 1.4004450021749573
770 770 0.30704119038323124
783 783 0.2697881938882502
784 784 -0.18602234478029545
785 785 -0.4535626044596827
798 798 2.269438446188355
799 799 0.3791954757305154
800 800 -1.2441654258888009
813 813 0.5376983210098512
814 814 -1.0805538518937954
815 815 -0.4643325304372497
828 828 -1.691460310928994
829 829 -0.256369377441089
830 830 -0.6427227691631624
843 843 -0.14402040753174028
844 844 -0.6006852024247449
845 845 1.2013383876149646
858 858 -1.2222722085372568
859 859 0.37413509835749437
860 860 0.8872016391509676
873 873 -0.44847530255807605
874 874 -0.6764524009221237
875 875 0.28166383802574524
888 888 1.7592380371967753
889 889 -1.06736043005309
890 890 -1.1688714260939093
903 903 -0.24504987219009836
904 904 1.546968386986278
905 905 0.2229186109057534
918 918 0.6286043973128955
919 919 -1.6160051398132333
920 920 0.6398282236236573
933 933 0.2926900418574615
934 934 -1.2896641985152208
935 935 -0.6197970412949878
948 948 -0.9267588599470103
949 949 0.27050460867819875
950 950 0.6487838731588722
963 963 0.04703125093513474
964 964 1.2817604806555323
965 965 -0.7965188082493999
978 978 0.14511443488772718
979 979 -0.7287620731733846
980 980 0.5143588975239444
993 993 -0.20232310099167253
994 994 -0.0023366790066348974
995 995 2.1816742920016083
1008 1008 -0.8835250812878106
1009 1009 -1.3324053742988307
1010 1010 0.8950470921372158
1023 1023 1.10269448645905
1024 1024 -0.3357626596459321
1025 1025 -1.2589204140814088
1038 1038 -0.3789661330890466
1039 1039 -0.8538579784749549
1040 1040 -1.2213954144642156
1053 1053 0.5774815522079573
1054 1054 -0.017283116066457396
1055 1055 0.905130543281711
1068 1068 -1.0061148787595529
1069 1069 0.2768644616856093
1070 1070 0.5264377758224595
1083 1083 -0.9085020176166219
1084 1084 -0.5681926902008233
1085 1085 -0.4681364056121839
1098 1098 1.1873704846923603
1099 1099 -0.9261840871872289
1100 1100 0.41142195470851806
1113 1113 0.25125647922385536
1114 1114 -1.4576514726160914
1115 1115 -0.252914853923006
1128 1128 -0.44616124203740987
1129 1129 2.0903917491867
1130 1130 -0.06395230965107433
3364 3364 -0.49956283148469616
3365 3365 0.4461110053621405
3366 3366 0.14349062389388387
3379 3379 -0.7964053886647912
3380 3380 0.38525070345375256
3381 3381 -0.9564203745993233
3394 3394 0.35826125921697305
3395 3395 1.36060129516832
3396 3396 0.8799207581168651
3409 3409 -0.22999593506168506
3410 3410 -2.1102895268368704
3411 3411 1.3942165024862418
3424 3424 1.5706203395162248
3425 3425 0.2810335403932003
3426 3426 -1.530847117028463
3439 3439 -2.269665265006714
3440 3440 -0.24537692132676853
3441 3441 0.18930128655179473
3454 3454 -0.8230652994722727
3455 3455 -0.6666784629808333
3456 3456 -1.4260412941335856
3469 3469 0.4027894610059724
3470 3470 -0.2988362171645249
3471 3471 0.23162361881392107
3484 3484 1.3632592619925372
3485 3485 0.4801704262867991
3486 3486 -0.09935894215598655
3499 3499 2.321015358266652
3500 3500 -0.25791633480751985
3501 3501 0.8673015128601289
3514 3514 -1.11471766077534
3515 3515 0.7407383936593471
3516 3516 -0.5572818764394207
3529 3529 -1.5540882057441001
3530 3530 0.46751050211116907
3531 3531 0.8773727549009831
3544 3544 0.8865041007575366
3545 3545 0.8897199423289565
3546 3546 0.5385212524855972
3559 3559 -0.2964710631019295
3560 3560 -0.8740520957725596
3561 3561 1.0055616348000667
3574 3574 0.1493546651275617
3575 3575 0.23692183638214345
3576 3576 -1.28492185132927
3589 3589 1.0395459509571494
3590 3590 1.3376625575794001
3591 3591 -1.9322290804532014
3604 3604 -0.39251786716487713
3605 3605 1.1034394449492928
3606 3606 2.440050775986067
3619 3619 1.2842363961562235
3620 3620 0.8855498075925001
3621 3621 0.29586230804315805
3634 3634 -1.5441330011563839
3635 3635 -0.7767495330642128
3636 3636 -0.84039761262238
3649 3649 0.41915632651183016
3650 3650 0.5466693430895104
3651 3651 0.5961289700250962
3664 3664 0.4402475257273662
3665 3665 1.0422888941717512
3666 3666 -1.8922966468182658
3679 3679 0.8416464522104368
3680 3680 2.2937957324015197
3681 3681 0.6782955401099925
3694 3694 -0.5457689806258769
3695 3695 -0.5536165965941413
3696 3696 -2.0188881261908107
3709 3709 1.601052037305192
3710 3710 1.1115157261075557
3711 3711 0.5663130740660105
3724 3724 0.3611413580522054
3725 3725 -0.26897737808719147
3726 3726 -0.37408043888635434
3739 3739 0.2541762726694081
3740 3740 2.194680008766982
3741 3741 -0.5485730417948013
3754 3754 1.7881862626648726
3755 3755 1.3475362180361625
3756 3756 1.6414448114137872
3769 3769 1.5036179093479691
3770 3770 0.2890262695240162
3771 3771 -0.30028054127477644
3784 3784 1.931757572175361
3785 3785 -0.6076397788256881
3786 3786 0.18589311518824603
3799 3799 -0.059347938887613805
3800 3800 2.659426355161847
3801 3801 -0.22900646760763219
3814 3814 -1.8331823604275284
3815 3815 1.1773970010035122
3816 3816 -0.1411327201979098
3829 3829 -0.7471035955556272
3830 3830 1.3987237548607963
3831 3831 0.9635793470199087
3844 3844 -1.5417872083579018
3845 3845 1.7353591068046408
3846 3846 0.44802482536530014
3859 3859 1.9017020351123588
3860 3860 1.0319541886974544
3861 3861 -0.7196485859895688
3874 3874 -0.991848460516346
3875 3875 -0.905841660453428
3876 3876 -1.725588370251671
3889 3889 -0.8389352591646683
3890 3890 1.7379405083626107
3891 3891 1.0196513797431441
603 604 -0.4953421907157846
603 618 0.41197313242612654
603 3484 -0.7087524184378303
603 3499 -0.5230093021555494
603 3514 0.11460775242179995
603 3529 -0.684428450048941
604 605 0.043993518754134646
604 619 0.3276472258739766
604 3664 -0.4684303978871929
604 3679 0.3221561938440526
604 3694 -1.0
604 3709 0.4151011744321215
605 620 0.05454435796965081
605 3844 0.07098115533475674
605 3859 0.11066967011688045
605 3874 0.6034331459288212
605 3889 -0.1968510851264606
618 619 0.12310891018284406
618 3484 -0.8355317925666544
618 3499 0.5995447085457773
618 3514 0.2767588718707827
618 3529 0.023509718609949087
619 620 -0.09595654519771712
619 3664 0.29965989967577555
619 3679 -0.3109994794665092
619 3694 0.8404884283853158
619 3709 0.325749466169365
620 3844 0.07070097963644284
620 3859 0.6404632598434948
620 3874 0.09420674325327232
620 3889 0.10038152668964753
633 634 -0.21025068363749286
633 648 -0.0698018705092812
633 3424 0.14040058963569485
633 3439 -0.14857190129541026
633 3454 0.2605875105727622
633 3469 0.5283498765439079
633 3484 0.42543267318094696
633 3499 -0.34180481979747296
633 3514 -0.3870689871351974
633 3529 0.043130501509444696
634 635 -0.2648530959452382
634 649 -1.0
634 3604 -0.5652392646779406
634 3619 0.31810169256888166
634 3634 0.1688435193282878
634 3649 -0.18639287921679057
634 3664 -0.9252663366320023
634 3679 0.4508073243601726
634 3694 -0.5684710928327206
634 3709 0.2403337482595541
635 650 0.5417820616205774
635 3784 -0.19892661691757105
635 3799 -0.2260272402357384
635 3814 0.10314965483200042
635 3829 1.0
635 3844 0.06991730051391139
635 3859 -0.22337503850931398
635 3874 0.29439751441287754
635 3889 0.28876075503383364
648 649 0.08821355080308245
648 3424 0.559698608450723
648 3439 0.2866872540093913
648 3454 -1.0
648 3469 -0.1320845269906537
648 3484 0.07408646273278856
648 3499 -0.013603833026878337
648 3514 -0.5487894555258453
648 3529 0.636881266373626
649 650 -0.22752110473846435
649 3604 -0.6957954592666995
649 3619 1.0
649 3634 -0.2862530546039232
649 3649 -0.37122837622525967
649 3664 -1.0
649 3679 -0.18716125149025117
649 3694 -0.30444881262926937
649 3709 0.4153528337384616
650 3784 0.5559994342844873
650 3799 0.05434078363104083
650 3814 0.4075046232390093
650 3829 -0.532418680094067
650 3844 0.3935351159871828
650 3859 0.34936566904681166
650 3874 0.3260822805041923
650 3889 -0.058416215669668835
663 664 -0.3263238809149274
663 678 -0.4864381638955692
663 3424 0.7411795812630154
663 3439 -0.2210264449356571
663 3454 0.05444835478159843
663 3469 1.0
663 3484 -0.4849751405234787
663 3499 -0.9450585709159222
664 665 0.9875950073349846
664 679 -0.6178927989593301
664 3604 -0.9486330175930888
664 3619 -0.5471968190974625
664 3634 -0.04809895564541647
664 3649 0.06633653605001111
664 3664 0.5510887603030905
664 3679 -0.277756310288962
664 3514 -0.6229869001012627
664 3529 0.5782304123657295
665 680 0.06885310763735587
665 3784 -0.4957062735091434
665 3799 0.20507490482071
665 3814 -0.45763732504141963
665 3829 0.07733536932853713
665 3844 -0.49141965196684584
665 3859 0.1645493423168731
665 3694 -0.4753522241443855
665 3709 -0.010598369980069815
678 679 0.4235195146869583
678 3424 0.12933384256146604
678 3439 -0.22120021176825583
678 3454 0.13099715812062704
678 3469 -0.22755409037771904
678 3484 0.721988935744069
678 3499 0.33328702704940233
679 680 -0.04160510463606648
679 3604 0.5276923460750887
679 3619 -0.27395612565950567
679 3634 -0.23420087794543132
679 3649 -0.33475875783676284
679 3664 -0.34388546537036174
679 3679 0.16412817635125024
679 3514 0.11530559529292157
679 3529 0.36589416915609546
680 3784 -0.10464249458263213
680 3799 -0.6264171736805175
680 3814 0.2988388672915469
680 3829 -0.2138366541456797
680 3844 0.8164575412609665
680 3859 -0.02223503660429497
680 3694 -0.19434224695170962
680 3709 -0.12138866366533077
693 694 -0.5856731184491739
693 708 -0.22524669307866055
693 3424 -0.09811967129514229
693 3439 1.0
693 3454 -0.7778193901065599
693 3469 -0.8366023041735461
693 3484 -0.6105688953840874
693 3499 -0.2030360321459394
693 3364 -0.13609479791637047
693 3379 0.12911892376979456
693 3394 0.4970000264668124
693 3409 -0.7296385612201048
694 695 -0.37378878141058514
694 709 0.4112203133345942
694 3604 0.2108078306472788
694 3619 0.2032001230136049
694 3634 0.23776309865680548
694 3649 0.10095715920557129
694 3664 -0.3843735038994988
694 3679 0.38079899711364845
694 3514 0.6682644086838667
694 3529 -0.6140807954837963
694 3544 0.15675338555927168
694 3559 1.0
694 3574 -0.1932381129372836
694 3589 0.14150409240103487
695 710 0.5595594151297507
695 3784 -0.13032895625272434
695 3799 -0.17815528351678508
695 3814 0.4435334485694136
695 3829 0.1993981069067806
695 3844 -0.5115520355404596
695 3859 -1.0
695 3694 0.3331502263479899
695 3709 0.12556710326121667
695 3724 0.18140168391238187
695 3739 -0.7614849547003054
695 3754 0.2571210799313572
695 3769 0.1887811945385266
708 709 0.4538809769651429
708 3424 -0.7816816440858668
708 3439 0.5166169317034626
708 3454 -0.7109548483402199
708 3469 -0.26963959431564566
708 3484 0.1037022536513267
708 3499 0.4543047925984197
708 3364 0.525370051569533
708 3379 -0.3108826886291568
708 3394 1.0
708 3409 -0.2628937628380065
709 710 0.9602534486119204
709 3604 -0.8618307616633274
709 3619 -0.009323216607275293
709 3634 0.060790187423088345
709 3649 -0.5496387988447475
709 3664 0.5183921851463323
709 3679 -0.39186609092774943
709 3514 -0.6130281468036861
709 3529 0.10366254029484125
709 3544 0.3291410074306683
709 3559 -0.35183496312092694
709 3574 -1.0
709 3589 0.14569994689735874
710 3784 -0.3558072396958656
710 3799 1.0
710 3814 -0.38685962428781423
710 3829 -0.12661365762339732
710 3844 0.3538901851393038
710 3859 0.5295943910896994
710 3694 -0.0919311087087243
710 3709 0.052597796162773575
710 3724 0.6070731081709149
710 3739 -0.263005290143642
710 3754 0.32303289980715644
710 3769 -0.9166685215249731
723 724 0.2322723173138875
723 738 0.9016327636210847
723 3424 0.2891718475265325
723 3439 0.11532304985361204
723 3364 -0.28838308505994176
723 3379 0.5644598363268236
723 3394 0.6738067415593992
723 3409 0.20500926387125384
724 725 -0.7044451177321667
724 739 0.08758401780485593
724 3604 0.2950424237561107
724 3619 0.3670807245515772
724 3454 0.12205857008615517
724 3469 0.3723324989684997
724 3484 0.40196340225756205
724 3499 -0.23568198299846013
724 3514 0.010418263004680125
724 3529 0.1760556444344246
724 3544 -0.7384465095316282
724 3559 0.22777604828405698
724 3574 0.027531920569817903
724 3589 0.41573674757411494
725 740 -0.01625724536675435
725 3784 0.15119164783923927
725 3799 0.5194802350456287
725 3634 0.6955153358042411
725 3649 -1.0
725 3664 -0.2544312723646044
725 3679 -0.738054683850115
725 3694 -0.2958407818901767
725 3709 -0.27371293638235533
725 3724 -0.26628616259918336
725 3739 -0.6659501314567714
725 3754 -0.36603098831651887
725 3769 0.33245075004454816
738 739 0.3849662321694877
738 3424 0.12498955484011925
738 3439 0.618224534735678
738 3364 0.40862928465874004
738 3379 -0.6861923423546169
738 3394 -0.24461308194896791
738 3409 -0.5196799164008566
739 740 -0.09469929410563907
739 3604 -0.11053875987967991
739 3619 0.33161539394405226
739 3454 -0.8915606488676656
739 3469 -0.16828764804149224
739 3484 -0.8842827157255718
739 3499 0.2992254729980909
739 3514 -0.9850210597604244
739 3529 0.4765187325524933
739 3544 1.0
739 3559 -0.08117026524071065
739 3574 -0.035616853592673706
739 3589 0.22529934730809534
740 3784 -0.03449851007296969
740 3799 0.441600837372722
740 3634 0.7953277287264318
740 3649 -0.20156205811392033
740 3664 0.1978808385689589
740 3679 -0.5215582833389723
740 3694 -0.23279180822525683
740 3709 0.3051127696624562
740 3724 -0.3464196443676706
740 3739 -0.6218060709304732
740 3754 -0.15226546821274975
740 3769 -0.24160867795085006
753 754 0.6127061216469283
753 768 -0.18306913121588575
753 3424 0.5454016707776518
753 3439 0.4063141002415485
753 3364 0.8643009626933593
753 3379 0.6260204054979366
753 3394 0.5438565578108342
753 3409 0.9377117151848169
754 755 0.29777479156646613
754 769 0.1073194325494232
754 3604 0.19708026976620113
754 3619 0.05175241638898601
754 3454 -0.39483552452492476
754 3469 0.012994358009045437
754 3485 -0.380664500645967
754 3500 -0.4028606895151513
754 3515 0.5914611110343326
754 3530 -0.1090040778127544
754 3544 0.5383555143121472
754 3559 0.19006727562929285
754 3574 -0.13468728135960348
754 3589 -0.8189528408387646
755 770 0.1307027775701263
755 3784 0.20408145825349205
755 3799 -0.22559865998000256
755 3634 0.3790430073321073
755 3649 -0.36010812654578
755 3665 0.4750484157576166
755 3680 0.12211768031498911
755 3695 0.20297017693889244
755 3710 -0.5825925342633544
755 3724 -0.2906595555970491
755 3739 0.3010083599938143
755 3754 -0.5627388518081595
755 3769 0.40434582297241944
768 769 -0.056409669963475115
768 3424 -0.4362675870359302
768 3439 -0.11156584050311924
768 3364 -0.0008797264284952333
768 3379 0.5028060849747472
768 3394 -0.5381495029996809
768 3409 0.05203203034654906
769 770 0.37616316277661477
769 3604 -0.2665866400886754
769 3619 0.9031008786779626
769 3454 -0.461517569198965
769 3469 0.47251678692998866
769 3485 -0.039916226301010875
769 3500 0.30196970758336994
769 3515 0.4229622174793388
769 3530 0.21500068453501295
769 3544 0.4500451819201155
769 3559 0.48258219434752125
769 3574 0.78297387142405
769 3589 0.07700509770032159
770 3784 0.04478401508151561
770 3799 0.053577610744699675
770 3634 0.003981428366126769
770 3649 -0.6307164428739418
770 3665 -0.71438738177644
770 3680 0.6388828086147831
770 3695 0.17942367355454164
770 3710 0.277294056739537
770 3724 0.8040771198362896
770 3739 0.15321066258810373
770 3754 -0.3710118819931359
770 3769 0.06735646726976388
783 784 0.638531303546753
783 798 0.06187756248763235
783 3424 -0.12503937792174036
783 3439 -0.8474792630334311
783 3454 -0.45079377340823207
783 3469 -0.21435119770561387
783 3485 -0.10949138973550598
783 3500 -0.276223057972651
783 3515 0.45666964415904343
783 3530 0.6509790020508822
783 3544 -0.399822639550185
783 3559 0.6528965280184253
783 3394 -0.4470969368654844
783 3409 -0.044263550135223685
784 785 0.2058265386598393
784 799 -0.6942837835354513
784 3604 0.09109822613728889
784 3619 -0.783566661493246
784 3634 0.6813790631547614
784 3649 -0.5353054192543136
784 3665 -0.20370036339043374
784 3680 0.7933255548456589
784 3695 0.40698901839575496
784 3710 -0.11447965969866979
784 3724 -0.051559842418189686
784 3739 0.32518286048256534
784 3574 0.1556269526498259
784 3589 -0.8918823088686221
785 800 0.30267367164026976
785 3784 0.06921818356890193
785 3799 0.3671670425577811
785 3814 0.5516562229347521
785 3829 0.10714111321466725
785 3845 1.0
785 3860 1.0
785 3875 -0.34121237731651066
785 3890 -0.11500008350235691
785 3754 -0.11099113573873604
785 3769 1.0
798 799 1.0
798 3424 0.22135086632409828
798 3439 0.9355809925760012
798 3454 0.8384745993884317
798 3469 -0.15551301593889266
798 3485 -0.3914399555938079
798 3500 -0.6212722628465229
798 3515 0.9279815648532158
798 3530 -0.526781774898435
798 3544 -0.8043363820507415
798 3559 0.04306517287501589
798 3394 -0.253338819951074
798 3409 0.27530554624078335
799 800 0.07824106568763516
799 3604 -0.3702794761633818
799 3619 -0.3940655791507425
799 3634 0.11695357989556131
799 3649 -0.7022096928642113
799 3665 -0.754155014901774
799 3680 0.14335651022270746
799 3695 0.5327516508266887
799 3710 0.3589834380285176
799 3724 -0.176872611023176
799 3739 0.39117836755997776
799 3574 0.14025962055027744
799 3589 -0.015900733699973985
800 3784 -0.9870848159498552
800 3799 0.6391977089819357
800 3814 0.2966967536502367
800 3829 1.0
800 3845 0.33646763357170617
800 3860 0.005578056694023762
800 3875 0.2089419309739195
800 3890 0.3709873557774638
800 3754 0.035422412868852345
800 3769 -0.7081526314641908
813 814 1.0
813 828 1.0
813 3425 -0.17733728457937878
813 3440 -0.33884345464703347
813 3455 0.2217099297340347
813 3470 -0.8338082968702156
813 3485 -0.28733139504824146
813 3500 0.574557938571512
813 3515 0.13074453296976535
813 3530 -0.024283146637097477
813 3544 0.4256388439700183
813 3559 0.11724816293818534
813 3394 0.4213142570752594
813 3409 0.6398495776517933
814 815 -0.0612550581635822
814 829 -0.2075904205373628
814 3605 0.36362176312526057
814 3620 0.3713958977793473
814 3635 0.2964469878114351
814 3650 -1.0
814 3665 -0.17296124304924151
814 3680 -0.02830489096783603
814 3695 0.28556300961989306
814 3710 -0.26220245365528005
814 3724 -0.7798583893551013
814 3739 0.010203504123245267
814 3574 0.47461883633057744
814 3589 -0.4232176729865038
815 830 0.2922563237359114
815 3785 -0.5573426954500791
815 3800 -0.5083273329722359
815 3815 -0.34828513267055866
815 3830 -0.46859145345823433
815 3845 -0.3457018488609294
815 3860 0.02014619777307472
815 3875 0.04041925395724808
815 3890 -0.018709577065620233
815 3754 -0.24483544056366915
815 3769 1.0
828 829 -0.36593957459936255
828 3425 -0.07964988602872618
828 3440 0.16747026785564575
828 3455 -0.3337338103827459
828 3470 -0.2995423794919315
828 3485 0.014007744709024538
828 3500 0.4433041987967477
828 3515 0.4104672224199373
828 3530 0.45591396813864815
828 3544 -0.2386843779376634
828 3559 0.22815875304323968
828 3394 -0.7540424967947802
828 3409 0.005603869434982565
829 830 0.5925490692696102
829 3605 -0.5701572086913448
829 3620 0.3215172225682461
829 3635 0.14768059782885906
829 3650 -0.890438578770736
829 3665 -0.3568381728416416
829 3680 0.6785610301648285
829 3695 -0.5654657745294392
829 3710 0.013403535051825413
829 3724 -0.6532703386429476
829 3739 0.09757302305686207
829 3574 0.3495736990049164
829 3589 1.0
830 3785 -0.2772049810449232
830 3800 -0.5581512044081429
830 3815 -0.23944508655637306
830 3830 -0.6362621645710472
830 3845 -1.0
830 3860 0.6977032689932696
830 3875 -0.1440306070352859
830 3890 -0.7562128789926886
830 3754 0.4110143197725571
830 3769 -0.39133277171490355
843 844 0.3172330008662835
843 858 -0.5452516260208814
843 3425 -0.6643528424829847
843 3440 -0.09673402495599923
843 3455 -0.3520735231439512
843 3470 1.0
843 3485 0.07834038237016977
843 3500 -0.18866068354375193
843 3364 0.7435903278722349
843 3379 0.577375371789304
843 3394 0.5776682814204261
843 3409 0.6411121715949855
844 845 -0.41174399190670286
844 859 -0.24909317225574884
844 3605 -0.5409873968862766
844 3620 0.7928458630039543
844 3635 0.5154973793170361
844 3650 0.25009610293895357
844 3665 -0.07626504699808384
844 3680 0.08126044474664368
844 3515 0.3792035127536346
844 3530 0.6474115567949202
844 3544 0.22081304824750667
844 3559 -0.6294323201239957
844 3574 -0.3848984233405526
844 3589 -0.05017743134051903
845 860 -0.5524611436426161
845 3785 -0.18197827155525312
845 3800 -0.44177299344953697
845 3815 0.06074586953296072
845 3830 -0.07245199882915285
845 3845 -0.6229855801126536
845 3860 0.47384771703212514
845 3695 -0.18816755421408152
845 3710 -0.5505359180192363
845 3724 0.23830475033804613
845 3739 0.7373587903544372
845 3754 0.3284832552279869
845 3769 -0.5436035005566421
858 859 0.5855698173545061
858 3425 -0.9983383824723643
858 3440 -0.09571445863737625
858 3455 0.30781800551960387
858 3470 -0.274059261404561
858 3485 0.4726461245742616
858 3500 -0.3011509019972567
858 3364 0.22929555756016723
858 3379 -1.0
858 3394 -0.27932413994869587
858 3409 -0.11476168146765998
859 860 -0.31459558491132333
859 3605 -0.04295118334904001
859 3620 -0.35488032827856714
859 3635 -0.34956342601234586
859 3650 0.4940745891208319
859 3665 -0.4059955359378662
859 3680 -0.17647685992409706
859 3515 -0.027523512466191936
859 3530 0.0210008984155827
859 3544 0.7419761693294857
859 3559 -0.1743847205029228
859 3574 -0.4879249672535065
859 3589 -0.04991348751936563
860 3785 -0.5744946378398442
860 3800 0.07642906163518162
860 3815 0.06789881058440564
860 3830 -0.13447157547676303
860 3845 -0.6001256322680967
860 3860 0.18557969977368177
860 3695 0.06323533710129946
860 3710 0.006543721810042871
860 3724 -0.062033534742534424
860 3739 -0.12778643201187162
860 3754 0.6544063409889277
860 3769 -0.17258805829679752
873 874 0.19247471925093254
873 888 0.6269970484374324
873 3425 0.162011152093984
873 3440 -1.0
873 3455 -0.2235743828205834
873 3470 0.07137716739037071
873 3485 0.10584662866983054
873 3500 0.12724931303399087
873 3365 -0.05796863827320874
873 3380 -0.5514874571794959
873 3395 0.5591432542503558
873 3410 0.04871895959842605
874 875 0.01856527535683895
874 889 0.7820365335712022
874 3605 0.5930289680675265
874 3620 0.48502502845670836
874 3635 -0.6385571252576642
874 3650 -0.6632487531235819
874 3665 -0.13187048880393173
874 3680 0.09628728585774823
874 3515 0.36322294433544616
874 3530 -0.8342160418762995
874 3545 0.27603836201879456
874 3560 0.3280135474815331
874 3575 0.13328996940491053
874 3590 -0.42928075047874165
875 890 -0.28074789223949437
875 3785 0.3282610147047227
875 3800 -0.31822616143090454
875 3815 0.8278684901944712
875 3830 -0.5603450286589741
875 3845 0.24857700524753445
875 3860 -0.5942051853552481
875 3695 -0.17985018632789687
875 3710 -0.22999800418530675
875 3725 -0.2564006333883971
875 3740 0.289436527624129
875 3755 -0.9283196418856378
875 3770 0.1466236073969745
888 889 -0.3432021198703831
888 3425 -0.12232345181071473
888 3440 0.0930448862452673
888 3455 -0.59173227283253
888 3470 0.0536321237658534
888 3485 -0.7246650541317174
888 3500 -0.26945360392601764
888 3365 -0.4167080118725296
888 3380 -0.4331342101422525
888 3395 0.2678532844194856
888 3410 -0.6009852518463775
889 890 -0.9848119388434177
889 3605 -0.22991282499172536
889 3620 -0.36099694947896915
889 3635 -0.12552175388756032
889 3650 -0.2678446632324691
889 3665 -0.191516922781042
889 3680 -0.1908679423171179
889 3515 0.5197277405328328
889 3530 -0.19573612583158637
889 3545 -0.0020269076271518774
889 3560 -0.10531220462579863
889 3575 -0.1255969761393832
889 3590 -0.3969748965138011
890 3785 -0.018610859413725644
890 3800 0.13889018414911014
890 3815 0.1502553596655257
890 3830 -0.13431239729451336
890 3845 -0.38267163470395643
890 3860 0.3857751154525382
890 3695 -0.33279506828689775
890 3710 0.2668107772996894
890 3725 -0.0225428554012785
890 3740 -0.10664450057860683
890 3755 0.45200108738601746
890 3770 0.9966784959621001
903 904 0.40600937354434896
903 918 0.2593380145411896
903 3425 -0.14360670699198527
903 3440 -0.47894072840846696
903 3365 0.40065065899532704
903 3380 0.17381569216385948
903 3395 0.2538299893335964
903 3410 -0.36608667683881163
904 905 0.5466356831469442
904 919 0.07648548476978961
904 3605 -0.4280844374843862
904 3620 -0.5248131660160708
904 3455 -0.265032968993828
904 3470 -0.3614259275536896
904 3485 0.3590102776086978
904 3500 0.16983195847578667
904 3515 -0.13016083807958065
904 3530 -0.2618280642311608
904 3545 0.22333044039905844
904 3560 -0.44264451787148085
904 3575 0.20132248367963756
904 3590 -0.8448410431070777
905 920 -0.18147671209269295
905 3785 -0.9752330639179376
905 3800 -0.32762006475437266
905 3635 0.9495828769014464
905 3650 0.603663827901933
905 3665 -0.6039258567757854
905 3680 0.2692413085117816
905 3695 0.7646080987640749
905 3710 0.08195594616178006
905 3725 0.45063445608598296
905 3740 0.2249039741940715
905 3755 -0.707423318581981
905 3770 -0.4186844370572764
918 919 -0.4571765222704143
918 3425 -0.6432523025765485
918 3440 0.10430113348353731
918 3365 0.6530215856904675
918 3380 0.25708716324535696
918 3395 0.24285500276290672
918 3410 -0.30716260219307445
919 920 -0.41982414485687297
919 3605 0.717753584057498
919 3620 -0.36748009492381944
919 3455 -0.6206269070541169
919 3470 -0.10600377345142142
919 3485 -0.8126288330889818
919 3500 0.4630738467843073
919 3515 0.6056701402671478
919 3530 -0.9907167053811389
919 3545 -0.9078586285201082
919 3560 -0.12444199483109764
919 3575 0.6720594943562156
919 3590 0.12453503513709636
920 3785 0.9929240690017515
920 3800 0.325568050964041
920 3635 -0.5004634083678996
920 3650 -0.8775564247869183
920 3665 -0.4982904876341645
920 3680 -0.1101900241577774
920 3695 0.9683674720021037
920 3710 -0.21227164358512163
920 3725 0.5037120354731712
920 3740 0.29153875495658993
920 3755 0.6524408190793892
920 3770 0.09337549017549492
933 934 0.5334731087525973
933 948 0.17308791799794165
933 3425 -0.4718944561282103
933 3440 0.4240411846505573
933 3365 -0.35627938725144515
933 3380 0.17290447925633612
933 3395 -0.1320899237951902
933 3410 0.06379863351263144
934 935 -0.7861320186950377
934 949 0.4133970682441702
934 3605 0.07024944290032031
934 3620 -0.10127440701511192
934 3455 -0.27140430659724957
934 3470 -0.3112878793157593
934 3486 -0.1473701558637128
934 3501 -0.3103620436459842
934 3516 0.403404770291147
934 3531 -0.16025493109921937
934 3545 -0.17137088085707974
934 3560 -0.2630810436771407
934 3575 0.2518092370339251
934 3590 0.5181497195478103
935 950 0.4824209019273793
935 3785 -0.48240718703369684
935 3800 -0.06605883276142535
935 3635 -0.6044835735250371
935 3650 -0.32734064190516343
935 3666 0.018573963986046788
935 3681 -0.1361705763453011
935 3696 -0.7020075976053037
935 3711 -0.28631614322339755
935 3725 0.6367364532599347
935 3740 -0.6404924707139404
935 3755 -1.0
935 3770 0.004534186148001697
948 949 -1.0
948 3425 0.36762209542170154
948 3440 0.02922591087671597
948 3365 0.14429872201756042
948 3380 -0.4538150271259424
948 3395 -0.04818473327987044
948 3410 -0.46413691878708657
949 950 0.7457578708596182
949 3605 -0.20174929013176654
949 3620 -0.29658281467886477
949 3455 -0.0802006306575765
949 3470 0.9213422766335961
949 3486 -0.4071122716121605
949 3501 -0.11844482050191674
949 3516 -0.33447889724516555
949 3531 -0.32869042049563973
949 3545 -0.07017910614685978
949 3560 0.43378935549535386
949 3575 -0.12481084871931031
949 3590 0.7178771179803555
950 3785 -0.8635601354021619
950 3800 0.5453049620254972
950 3635 0.4173092768433108
950 3650 1.0
950 3666 0.1771107708506014
950 3681 0.05488503734394834
950 3696 0.4564901671803152
950 3711 -0.18760414673479864
950 3725 -0.4485333194620614
950 3740 -0.030684229838977915
950 3755 -0.11403254971103888
950 3770 -0.07737646770417629
963 964 0.1825313332696358
963 978 0.1645991949680407
963 3425 0.4663999949331501
963 3440 0.6812922847258168
963 3455 -0.5078999014955821
963 3470 -0.07924955175239463
963 3486 0.7752518821935389
963 3501 -0.226405502951313
963 3516 0.02956136393690196
963 3531 0.6236630220582217
963 3545 0.23813922877060206
963 3560 -0.34908608833185156
963 3395 0.02560060912376863
963 3410 -0.04007473880656023
964 965 -0.3803186847101657
964 979 -0.06691296011105853
964 3605 0.16256453621515768
964 3620 0.26769339071598747
964 3635 0.21647500733413355
964 3650 0.008356016591340994
964 3666 -0.10990274757921373
964 3681 -0.06395985924524335
964 3696 -0.42224741728064075
964 3711 -0.09193698479501992
964 3725 -0.15798813171796833
964 3740 0.07340015533540778
964 3575 -0.04191076295771349
964 3590 0.30080480820779726
965 980 0.08735272867707983
965 3785 -0.48949765373580323
965 3800 0.5283328982669985
965 3815 -0.12794049264248236
965 3830 0.5981614005567534
965 3846 -0.6604518792895888
965 3861 0.4786866738569154
965 3876 -0.4278479410439626
965 3891 0.41564148626739594
965 3755 -0.4308765880311581
965 3770 0.6381369506725797
978 979 0.3766573072354769
978 3425 0.08074214335328941
978 3440 0.7927138399176017
978 3455 -0.35222865284196875
978 3470 -0.13537675044845726
978 3486 0.038466285081224225
978 3501 -0.5100412040341477
978 3516 -0.17200278444928008
978 3531 -0.65888254334253
978 3545 -0.41550771763811256
978 3560 0.33064301432819504
978 3395 0.0666701425969461
978 3410 0.6078049714169793
979 980 -0.3089717942862921
979 3605 0.698779306261767
979 3620 -0.20240439464234783
979 3635 0.1888440659225789
979 3650 0.6351766403761273
979 3666 -0.9062576577521629
979 3681 0.3846859550642275
979 3696 0.2574974285681046
979 3711 0.08467211889774424
979 3725 0.033330530034448455
979 3740 -0.9368530100237581
979 3575 0.07820582193599147
979 3590 0.3068208138814922
980 3785 0.040872065534114384
980 3800 0.47020771240016146
980 3815 -0.1787051726712057
980 3830 0.11492558305098519
980 3846 0.3280579606032225
980 3861 0.26479684270009357
980 3876 0.17256011360037035
980 3891 -0.7795897653286699
980 3755 0.23553127235583018
980 3770 0.4227308203949596
993 994 -0.5643864227071159
993 1008 0.12815169981499727
993 3426 -0.24699337727257642
993 3441 -0.5951905819199766
993 3456 0.8755482213064208
993 3471 0.041009200691437535
993 3486 0.18915837569739669
993 3501 -0.26540696479531206
993 3516 -0.2431961114990559
993 3531 -0.7353894559212584
993 3545 -0.01804798147892891
993 3560 -0.923014612617204
993 3395 0.6367688654076981
993 3410 0.19114980379660973
994 995 0.5939252325063845
994 1009 0.42482495931417036
994 3606 -0.037413815133121885
994 3621 0.4964727497426167
994 3636 0.047038788776393274
994 3651 -0.09904525168732746
994 3666 -0.4002852862723547
994 3681 0.398915893992453
994 3696 0.10050366400514234
994 3711 1.0
994 3725 0.14064559274638233
994 3740 -0.06587801135957869
994 3575 -0.9194689190097783
994 3590 -0.5080021733825585
995 1010 0.18535534947641513
995 3786 0.1492794694338234
995 3801 -0.22346237509144526
995 3816 -0.26306922369632324
995 3831 0.03621496314124684
995 3846 -0.25497386768246777
995 3861 0.7337074130126406
995 3876 0.7939553979519198
995 3891 0.06842613248783995
995 3755 -0.23755870225571044
995 3770 0.941979096561275
1008 1009 0.15713132842777722
1008 3426 -0.05351047355954405
1008 3441 -1.0
1008 3456 -0.054356754917801925
1008 3471 -0.4399761005411215
1008 3486 -0.4524236709397396
1008 3501 0.10944950252019663
1008 3516 0.22424706036370745
1008 3531 -0.10322714244895059
1008 3545 0.12127603026742495
1008 3560 -0.7049385544640699
1008 3395 -0.349747532214124
1008 3410 -0.9761590443927055
1009 1010 -0.5454112574052317
1009 3606 0.07495406683850897
1009 3621 0.48771268053189154
1009 3636 -0.2606131307208205
1009 3651 -0.23879795991477676
1009 3666 1.0
1009 3681 -0.022792385720522272
1009 3696 -0.5873605000586424
1009 3711 -0.3677058375738122
1009 3725 0.4121661792748132
1009 3740 0.6163538151932227
1009 3575 -0.5343837897934892
1009 3590 -1.0
1010 3786 1.0
1010 3801 0.5661095387185447
1010 3816 -0.10111004161640709
1010 3831 1.0
1010 3846 1.0
1010 3861 -0.7277225370766485
1010 3876 -0.5731478179671748
1010 3891 0.21539573576625057
1010 3755 0.18123506555307617
1010 3770 0.8229766760699615
1023 1024 0.8071989950390027
1023 1038 0.012033155253590187
1023 3426 -0.06647968409707532
1023 3441 4.7540527001082465e-05
1023 3456 0.3160090674338401
1023 3471 0.36398245478916164
1023 3486 -0.19175700163713114
1023 3501 0.07073491447077535
1023 3365 0.5114696475658196
1023 3380 0.5736197779971056
1023 3395 0.23281361924904231
1023 3410 -0.8207434289471621
1024 1025 -0.19658834617035392
1024 1039 0.1581528123257669
1024 3606 0.852636782442344
1024 3621 -0.34358201390174836
1024 3636 0.21495976324888555
1024 3651 0.3662421385921558
1024 3666 -0.0824719038426349
1024 3681 1.0
1024 3516 0.04856850292668556
1024 3531 -0.32632121912363854
1024 3545 -0.61364264869823
1024 3560 0.567925227559107
1024 3575 0.12826076258365263
1024 3590 0.6816361698879981
1025 1040 0.6694584414467468
1025 3786 -0.4257247347281929
1025 3801 -0.3643732019763848
1025 3816 -0.3187307371057302
1025 3831 0.6199017891780036
1025 3846 0.13463315835705691
1025 3861 -0.18995675072157037
1025 3696 -0.06719817213602482
1025 3711 0.9086401032057723
1025 3725 -0.19989432451546396
1025 3740 0.5898073033392122
1025 3755 -0.10372306647294706
1025 3770 -0.27982459858227604
1038 1039 -0.4971924093362732
1038 3426 -0.5255642521065262
1038 3441 -0.03723378001218862
1038 3456 -0.1661759586617632
1038 3471 -0.19234585812264077
1038 3486 -0.026564226753034617
1038 3501 0.18504927991657233
1038 3365 -0.18594543930729737
1038 3380 0.2299107047833472
1038 3395 -0.006520564664426183
1038 3410 0.8119469013965743
1039 1040 0.22055372187355662
1039 3606 -0.5169433573799703
1039 3621 0.3353320681451079
1039 3636 -0.7502557733670213
1039 3651 -0.528119005470781
1039 3666 0.544225972764921
1039 3681 0.562988344769944
1039 3516 1.0
1039 3531 -0.674543679961623
1039 3545 -0.34557124404865086
1039 3560 -0.042038522285530226
1039 3575 0.24955981993376786
1039 3590 0.4757930445271017
1040 3786 0.5508715051890002
1040 3801 -1.0
1040 3816 0.21255451911164017
1040 3831 -0.6445559790525978
1040 3846 -0.4647109490302627
1040 3861 -0.21379225802939605
1040 3696 -0.2994590276085541
1040 3711 0.27799171007245127
1040 3725 0.364567339352084
1040 3740 0.8862940273128829
1040 3755 -0.5919113512161813
1040 3770 0.23794694770636396
1053 1054 -0.20944295500925064
1053 1068 -0.422391640684833
1053 3426 -0.4687344490205258
1053 3441 0.3056535979090502
1053 3456 -0.728300698626478
1053 3471 0.05656620859484062
1053 3486 -0.13647190278122664
1053 3501 0.6798339232988119
1053 3366 -0.19605493350277575
1053 3381 0.038854293449874316
1053 3396 -1.0
1053 3411 0.6219069527524927
1054 1055 -0.8165086948688997
1054 1069 -0.39267852901682154
1054 3606 -1.0
1054 3621 -0.510293989774201
1054 3636 -0.5775730915607785
1054 3651 0.061586343210496976
1054 3666 0.4779992278959164
1054 3681 0.010641846317594815
1054 3516 -0.4632478669724979
1054 3531 -0.749263290082221
1054 3546 -0.01985273554843482
1054 3561 -0.0848965965614269
1054 3576 -0.20091577646558256
1054 3591 0.5123802710685929
1055 1070 -0.7647898312965037
1055 3786 -0.143131168807923
1055 3801 0.22645762167282482
1055 3816 0.019138163566651125
1055 3831 -0.00993069251277218
1055 3846 -0.8420504372741346
1055 3861 -0.10298348407145845
1055 3696 0.6050447148414229
1055 3711 -0.17375193760264643
1055 3726 0.42754783467327856
1055 3741 0.8711456119568995
1055 3756 0.21061442568027466
1055 3771 -0.10380126865324053
1068 1069 -0.34040328555270905
1068 3426 0.20284976772225116
1068 3441 0.44024066052413113
1068 3456 0.5691637415902076
1068 3471 0.12679211689884318
1068 3486 -0.30841791697901283
1068 3501 0.04467469622784606
1068 3366 -0.07249154153500707
1068 3381 -0.07023935108057701
1068 3396 -0.31180611516680323
1068 3411 -0.40105134342498244
1069 1070 -0.17723133545291683
1069 3606 0.002634740881282783
1069 3621 0.06397466366969634
1069 3636 0.456492968600906
1069 3651 -0.19490178107971579
1069 3666 0.19086347982685298
1069 3681 0.6913082279041988
1069 3516 0.3667142722540989
1069 3531 -0.24214893052061398
1069 3546 -0.934714851200184
1069 3561 -0.1261897897013807
1069 3576 -0.05171491347126898
1069 3591 0.462798063648871
1070 3786 -0.1419192109345102
1070 3801 -0.45732929983915444
1070 3816 0.055952543337532065
1070 3831 -0.25293891044716404
1070 3846 -0.39076888641358226
1070 3861 -0.3384437450366942
1070 3696 -0.12300174377850885
1070 3711 0.05970564714036714
1070 3726 -0.5696265075651223
1070 3741 -0.0034281999190684375
1070 3756 0.4896143160192573
1070 3771 0.454688907449698
1083 1084 0.8108660826629086
1083 1098 -0.6244472013114575
1083 3426 0.07787300235039066
1083 3441 0.07622331738027019
1083 3366 -0.4960958188781551
1083 3381 0.8121917664034257
1083 3396 0.2075358683717545
1083 3411 -0.6330256775376452
1084 1085 -0.4719053682159705
1084 1099 -0.5248114134234153
1084 3606 0.41750920912916595
1084 3621 0.2351437591903976
1084 3456 0.419732742782175
1084 3471 0.7287013679545169
1084 3486 -0.3280879431797126
1084 3501 0.08378008522390852
1084 3516 -0.4085896447908
1084 3531 0.61350369221038
1084 3546 -0.029654306810616798
1084 3561 0.31058757719737584
1084 3576 0.26937169681561224
1084 3591 0.21365611850011101
1085 1100 0.49899009431898905
1085 3786 0.28889775135268503
1085 3801 -0.21808436932888067
1085 3636 -0.1893766587808892
1085 3651 0.3711359546785293
1085 3666 0.8669013195916088
1085 3681 0.48340710799926506
1085 3696 0.29642960320658246
1085 3711 0.9852265286956343
1085 3726 0.46931086942930444
1085 3741 -0.10553576957558507
1085 3756 -0.5437631915399131
1085 3771 -0.6765055538999302
1098 1099 0.15844849035850464
1098 3426 -0.26883213945430756
1098 3441 -0.10016059659577259
1098 3366 -0.8281656220196838
1098 3381 -0.4407463964198896
1098 3396 -0.09927992896076593
1098 3411 -0.5130538750750027
1099 1100 -0.08930047894989367
1099 3606 0.092636013670338
1099 3621 -0.4019429493647231
1099 3456 -0.19988349901482277
1099 3471 -0.03733336854417712
1099 3486 -1.0
1099 3501 0.27112996245573145
1099 3516 0.313758859278499
1099 3531 -0.002911205588776922
1099 3546 -0.10611815738727161
1099 3561 0.16918275134085328
1099 3576 0.0012653542211299561
1099 3591 0.5195893581274867
1100 3786 0.6338823556975524
1100 3801 0.15650171717685532
1100 3636 -1.0
1100 3651 -0.10966048521283862
1100 3666 0.27540292653790704
1100 3681 0.2296639043220074
1100 3696 0.6027409795658188
1100 3711 -0.055910980644992614
1100 3726 -0.3436318445747159
1100 3741 -0.13194849560322908
1100 3756 0.17305306959239392
1100 3771 0.3560138521745657
1113 1114 -0.55119650306355
1113 1128 -0.06827962697934128
1113 3426 0.35481104413640097
1113 3441 0.12131090881883842
1113 3366 0.748734289390246
1113 3381 -0.06601071929528114
1113 3396 0.05089037303273419
1113 3411 -1.0
1114 1115 -0.006183859769592643
1114 1129 0.8458357052435245
1114 3606 -0.43536779626447986
1114 3621 0.6071808490613386
1114 3456 -0.2661641573009787
1114 3471 1.0
1114 3546 -0.8156644221573459
1114 3561 0.01958492873726006
1114 3576 -0.004070587314153091
1114 3591 0.010675950313546772
1115 1130 0.46398249766514665
1115 3786 0.9565366477208008
1115 3801 0.31526727225475826
1115 3636 0.3488359509584499
1115 3651 -0.10793758144011004
1115 3726 0.4276930189247369
1115 3741 0.536283751115364
1115 3756 -0.909575984335021
1115 3771 -1.0
1128 1129 -0.3393829969702421
1128 3426 -0.19305447974478973
1128 3441 0.4362848119294246
1128 3366 0.43712789254826906
1128 3381 -0.022785381506930637
1128 3396 -0.2201067779991416
1128 3411 -0.616699674940598
1129 1130 0.7797217847958233
1129 3606 -0.24582462935230073
1129 3621 0.4313063399858921
1129 3456 0.2503767014782476
1129 3471 -0.4470591985539662
1129 3546 0.16196625393090058
1129 3561 0.26936828485542147
1129 3576 -0.7672779614082735
1129 3591 -1.0
1130 3786 -0.07528490841412022
1130 3801 0.5679191139752214
1130 3636 0.2400590549504545
1130 3651 -0.9940552980735906
1130 3726 0.3731126558941516
1130 3741 0.09731112277980622
1130 3756 -0.17613026793748
1130 3771 0.6942814625727427
3364 3365 -0.5988894412574561
3364 3379 -0.04270114748574542
3365 3366 -0.798883669657552
3365 3380 0.07493454601672897
3366 3381 -0.39937722923615604
3379 3380 0.5630478697122427
3380 3381 1.0
3394 3395 -0.23170624407345675
3394 3409 0.7119462164724826
3395 3396 0.557100937742476
3395 3410 0.3865101591513508
3396 3411 -0.0009983769074417
3409 3410 0.31815739092862777
3410 3411 -0.5775315632486905
3424 3425 -0.5670397219254081
3424 3439 -0.24807156436699426
3425 3426 0.3569304272351245
3425 3440 -0.1415221142597259
3426 3441 -0.3770654551215546
3439 3440 0.40777389531491326
3440 3441 0.5270887831022844
3454 3455 0.3329523914387452
3454 3469 0.277772373073373
3455 3456 0.508329603537869
3455 3470 -0.2566467057186624
3456 3471 0.3212520318926676
3469 3470 -0.17510778209276381
3470 3471 -0.06384747432922597
3484 3485 -0.5148904166098119
3484 3499 -0.26052311855623916
3485 3486 0.03444401688922414
3485 3500 -0.8355045934814982
3486 3501 -0.4620840604256455
3499 3500 -1.0
3500 3501 -0.5789826221424084
3514 3515 0.5262434570607448
3514 3529 -0.6259859661447789
3515 3516 0.5780006242164596
3515 3530 -0.6359512161116405
3516 3531 0.29107223836236384
3529 3530 0.14873346051398476
3530 3531 0.21000991222617882
3544 3545 -0.09839627236687432
3544 3559 0.19015805268113786
3545 3546 -0.06694950961548447
3545 3560 -0.9311355471663082
3546 3561 -0.8170234545929204
3559 3560 -0.06261774170452973
3560 3561 0.07897679186468512
3574 3575 0.10938777517719765
3574 3589 -0.6069507122398035
3575 3576 -0.4134904562479041
3575 3590 0.8252959342214573
3576 3591 0.18050118712078364
3589 3590 -0.03133893892722602
3590 3591 -0.7580535840310113
3604 3605 0.5865076254923451
3604 3619 0.9057757948997028
3605 3606 0.07846439417346941
3605 3620 0.23176286734814616
3606 3621 -0.09244263044673746
3619 3620 0.3822231311247284
3620 3621 0.148815047788243
3634 3635 -0.06163251691356729
3634 3649 0.23807681614630938
3635 3636 -0.6138244779743947
3635 3650 -0.21633720803111905
3636 3651 0.3201825289430314
3649 3650 -0.006394384011386171
3650 3651 -0.18104718445332704
3664 3665 -0.0069987433751636545
3664 3679 0.28521526946858033
3665 3666 0.8358810081640283
3665 3680 0.005715686580431875
3666 3681 -0.03809679107921075
3679 3680 -0.4529697600077087
3680 3681 -0.05024250765192362
3694 3695 -1.0
3694 3709 0.0366926489347352
3695 3696 -0.250257914692237
3695 3710 -0.08837310617738033
3696 3711 -0.7964016287619148
3709 3710 -0.48552163928361874
3710 3711 0.08050077417515296
3724 3725 -0.22553459108551746
3724 3739 -0.7144272996117291
3725 3726 -0.43428611700635406
3725 3740 -0.007075691025635473
3726 3741 0.024000932063820184
3739 3740 -0.2418086908803733
3740 3741 -0.04968582975506441
3754 3755 0.28964204717081377
3754 3769 0.296980348272772
3755 3756 0.322159455248277
3755 3770 0.22472113145125347
3756 3771 -0.03441946268027612
3769 3770 -0.01527150362131908
3770 3771 -0.43536988184814024
3784 3785 -0.26140776926843734
3784 3799 -0.2712231060538737
3785 3786 -0.31252910568951964
3785 3800 0.1457766900107725
3786 3801 -0.643114098629486
3799 3800 -1.0
3800 3801 -0.2103600020846147
3814 3815 -0.12753761164095198
3814 3829 -0.5593690286121287
3815 3816 0.48315132355568474
3815 3830 -0.9380203838462038
3816 3831 0.1286531693875805
3829 3830 0.6392434152809958
3830 3831 -0.925235208394813
3844 3845 -0.3656168349824016
3844 3859 -0.4322887961725751
3845 3846 -0.7274749058817951
3845 3860 -0.2603404983977573
3846 3861 -0.12861550784948925
3859 3860 -0.40178556913827246
3860 3861 1.0
3874 3875 0.28881289398870397
3874 3889 -1.0
3875 3876 0.640707312845491
3875 3890 -0.7312371462543797
3876 3891 -0.2955670352479322
3889 3890 0.3779124891315752
3890 3891 -0.0804833036516332
