# 
61 61 0.5057069937859631
62 62 -1.049631291763221
63 63 0.055144350862936224
76 76 1.7301893616551087
77 77 0.29259945242057783
78 78 -1.095497615438119
91 91 -0.4383243775285923
92 92 -0.34113960405509525
93 93 -0.8703019977842567
106 106 -0.047452356930853576
107 107 1.2825330994575415
108 108 -0.191404501014284
121 121 1.1370687322454796
122 122 -2.5880033732028602
123 123 -0.5151579280766366
136 136 1.101237756167605
137 137 -1.034644360345605
138 138 -1.1519746382585707
151 151 1.8359987573190666
152 152 -0.5667221210289508
153 153 1.2830661900606615
166 166 -1.240636903512166
167 167 -1.1744881975041013
168 168 -0.32942617416446457
181 181 1.1004180203983005
182 182 0.04938607482088045
183 183 0.8955350049595826
196 196 -0.9324677003165692
197 197 2.0264954984522343
198 198 1.1502713311315558
211 211 1.157744152445114
212 212 -0.541904474267183
213 213 1.4119305426950728
226 226 -0.506425619945663
227 227 -1.8564560818579061
228 228 0.41286576269821385
241 241 -0.8081232610091431
242 242 1.5141302143329674
243 243 0.15808885224810343
256 256 -0.797825934721065
257 257 -1.0236202379218873
258 258 -1.0039287049630308
271 271 0.20225146410379818
272 272 -1.572226882797944
273 273 0.16316096026505802
286 286 -1.1201476551952547
287 287 0.5381134869407895
288 288 0.23388794027150148
301 301 -0.9822149528244702
302 302 -0.11887658118558828
303 303 -0.1708186703195194
316 316 0.7285094035998468
317 317 0.6588761681696584
318 318 1.0668971555816742
331 331 0.1710349166652417
332 332 -0.5745530261029661
333 333 -1.1449442221646406
346 346 -0.031586848030501324
347 347 0.04530845169487134
348 348 0.37118257064038246
361 361 0.5267732116650292
362 362 0.6965171101309945
363 363 -0.4384306586531304
376 376 -2.777238142480913
377 377 0.7061570324799543
378 378 -0.2215415606347692
391 391 0.6499658735504911
392 392 1.2482410677663607
393 393 -0.9894004027438537
406 406 0.887030012182434
407 407 1.054204786928166
408 408 1.9468899676237876
421 421 0.03985096173175395
422 422 -0.14159714018182487
423 423 -0.9863315176515307
436 436 1.541655316939821
437 437 1.9710403490065096
438 438 0.2184501699059326
451 451 0.14264639105794036
452 452 0.09789191520590228
453 453 0.10795411807116717
466 466 0.7856355278580343
467 467 1.048309442937821
468 468 -1.1922435740656745
481 481 0.4278942873322659
482 482 -0.05111694402059793
483 483 0.7586923355822007
496 496 1.492781156288751
497 497 -1.0882725413990821
498 498 0.7586482347441512
511 511 -0.3925315403392781
512 512 -0.23642271086074287
513 513 0.5828780921122931
526 526 2.1580948859201556
527 527 -0.2422644778813677
528 528 1.2009894197546624
541 541 1.0739893237555527
542 542 0.18025970798174676
543 543 1.0587401466478374
556 556 -0.6686989176639299
557 557 1.2083509988497343
558 558 0.9667875705954756
571 571 0.00490986768630425
572 572 -0.8621086441495456
573 573 0.8265284663147572
586 586 -0.5832643691838676
587 587 -0.14070174560490023
588 588 -1.5604061968575416
3001 3001 0.4458873232229699
3002 3002 0.2699747581204475
3003 3003 -0.7739947184893852
3016 3016 -1.856322861460912
3017 3017 0.23038583713270647
3018 3018 -0.031486897503861924
3031 3031 0.005193321130131106
3032 3032 -0.708475253282603
3033 3033 0.866630514405499
3046 3046 -1.7199008076474662
3047 3047 1.9629141767794416
3048 3048 0.16026232102045568
3061 3061 -1.596970014679933
3062 3062 -0.4390634195540226
3063 3063 -2.1939976558181282
3076 3076 -0.66196016832042
3077 3077 0.501291313021112
3078 3078 -0.42202448447152036
3091 3091 0.32797294782114916
3092 3092 -0.09651856460232332
3093 3093 0.6597890920985711
3106 3106 0.3806848419688855
3107 3107 -1.643777939674687
3108 3108 -0.8702902187076149
3121 3121 0.862497077397038
3122 3122 -1.111635661287006
3123 3123 -1.0757787272674983
3136 3136 -1.090075806107178
3137 3137 0.6529687416253438
3138 3138 0.20062387274262192
3151 3151 2.456413300738968
3152 3152 2.3356846163140395
3153 3153 1.8215707437622326
3166 3166 -0.335536845752039
3167 3167 0.22220397746490303
3168 3168 0.6837099977463482
3181 3181 1.1436892525654425
3182 3182 -0.48671322930970545
3183 3183 2.1517600167861466
3196 3196 -1.1368903245159978
3197 3197 1.0981921276888573
3198 3198 -0.5857405199838974
3211 3211 1.2755315119302533
3212 3212 -0.14593246183632014
3213 3213 -0.641004991627572
3226 3226 -1.0467460308659957
3227 3227 0.04712210385230202
3228 3228 1.4798863740572756
3241 3241 -0.272148240402478
3242 3242 -1.0513074788027459
3243 3243 1.860660520852563
3256 3256 0.028058430375066796
3257 3257 0.4737043188486623
3258 3258 0.55883843469342
3271 3271 0.25741729254231593
3272 3272 -2.766382358564613
3273 3273 -0.5665711382185257
3286 3286 0.7296474939485978
3287 3287 0.7021616100993948
3288 3288 -1.5833768214758275
3301 3301 -0.8617602697417908
3302 3302 0.22371235634779407
3303 3303 0.1955237571741473
3316 3316 -0.42978906846175313
3317 3317 1.251647431481311
3318 3318 -0.7932348105455909
3331 3331 -0.1252031447502564
3332 3332 -3.0061652774831975
3333 3333 -2.486158461375192
3346 3346 -1.8500780225438915
3347 3347 0.8634692679384017
3348 3348 0.08405109412661484
3361 3361 -0.00257276975572085
3362 3362 -0.019898957172258713
3363 3363 -1.2966978815319417
3376 3376 -0.4670238406523785
3377 3377 -0.8083197366477523
3378 3378 -0.035313194520746466
3391 3391 1.0628623189041624
3392 3392 0.100857464762484
3393 3393 -0.531963991537188
3406 3406 -2.2197016988844283
3407 3407 0.35849104931337183
3408 3408 -0.8900747052850878
3421 3421 1.8971919600138623
3422 3422 -0.03925172485617172
3423 3423 1.379555575317467
3436 3436 -1.4896678492143227
3437 3437 0.696500777077681
3438 3438 0.9821653131824932
3451 3451 0.7880753250963819
3452 3452 0.3804683400290237
3453 3453 1.7978731294239674
3466 3466 -0.6718615785141767
3467 3467 0.1822320502726117
3468 3468 -0.39921292110376544
3481 3481 -0.2836948026813608
3482 3482 -1.8530368359316294
3483 3483 -1.3456282244743987
3496 3496 2.8058201309976787
3497 3497 -0.09551063079653968
3498 3498 -0.7929194863564353
3511 3511 2.1793716861692283
3512 3512 -0.15107310874091096
3513 3513 0.9214887765250824
3526 3526 -1.7149261031309564
3527 3527 0.011691121667332207
3528 3528 -0.6557575297062841
61 62 -0.5403884230250282
61 76 0.44290019913130724
61 3121 -0.24992455630359586
61 3136 -0.8237318628604088
61 3151 0.1238276547394635
61 3166 0.2590348218945479
62 63 0.1407833183306292
62 77 0.10189868797234633
62 3301 0.38908813092281685
62 3316 -0.20648530293462627
62 3331 0.4648359262944818
62 3346 -0.6318133204010938
63 78 0.20090266921452068
63 3481 0.0953483681519315
63 3496 -0.11195062695092219
63 3511 0.28758986852924645
63 3526 0.1441567036782444
76 77 0.15893956347761623
76 3121 -0.18218742237390567
76 3136 -0.36176864300471223
76 3151 -0.22710302928556808
76 3166 -0.10262705412940827
77 78 0.08803586315897306
77 3301 0.4242295563922519
77 3316 -0.25805857752004596
77 3331 -0.017299022849291572
77 3346 0.1370721974539756
78 3481 -0.17120393802263859
78 3496 1.0
78 3511 0.394817593668359
78 3526 0.5622235438138381
91 92 0.10266876418376797
91 106 -0.7633460134827901
91 3061 -0.4998588773279759
91 3076 0.32451329682068675
91 3091 -0.5071110438647474
91 3106 -0.2721306090696836
91 3121 0.09513452240576928
91 3136 0.7900271336776827
91 3151 -1.0
91 3166 0.02075240617247545
92 93 -0.0015525916143455444
92 107 0.2317952671108263
92 3241 -0.11076858455948146
92 3256 -0.2573188456596646
92 3271 -0.48246679493003797
92 3286 0.007194933346983267
92 3301 -0.14909610552574107
92 3316 0.4080382373227853
92 3331 0.5500367944409597
92 3346 0.5870475863874345
93 108 0.38482464429778435
93 3421 0.2806757536416655
93 3436 0.04637164250317891
93 3451 -0.08695146951028934
93 3466 0.16412009441640316
93 3481 0.13060856205789464
93 3496 -0.1077458836199636
93 3511 -0.15692177274075328
93 3526 -0.7253448510511886
106 107 -0.10527873743363367
106 3061 -0.171269857614567
106 3076 -0.66555057997142
106 3091 -0.8471542720707947
106 3106 0.6655597764781029
106 3121 0.021489680136386552
106 3136 -0.49445698288256074
106 3151 0.11739982985469483
106 3166 -0.05202279429175532
107 108 -0.4988350361517148
107 3241 -0.7291366802386935
107 3256 -0.8304287414167845
107 3271 0.3036908848990961
107 3286 -0.1111922231695335
107 3301 0.20534647811260587
107 3316 -0.0016975063809949234
107 3331 0.7478020518263896
107 3346 -0.23512930137695753
108 3421 0.4357552132513608
108 3436 -0.5251202678437545
108 3451 -1.0
108 3466 -1.0
108 3481 -0.562150637879355
108 3496 1.0
108 3511 -0.28182167625470345
108 3526 -0.06461947363777175
121 122 0.4682811179864803
121 136 -1.0
121 3061 0.30910076379878176
121 3076 0.3443842520213224
121 3091 -0.6085091493508974
121 3106 0.5264565603120059
121 3121 -0.03565425424638438
121 3136 0.5774022856167716
122 123 0.4066078562385923
122 137 0.06527669314961503
122 3241 -0.33700261668023784
122 3256 -0.05570812521038856
122 3271 0.7126090604662634
122 3286 1.0
122 3301 -0.47945884859379423
122 3316 -0.5615493722664547
122 3151 -0.6805835649330093
122 3166 -0.7969531506485107
123 138 -0.8999747817658245
123 3421 -0.029867615576073113
123 3436 -0.08624443733864959
123 3451 -0.8981571597117328
123 3466 -0.6891697384391422
123 3481 0.26123746610748905
123 3496 -0.7456884452680334
123 3331 0.8709868784047722
123 3346 -0.6536069928000916
136 137 -0.3919709067435446
136 3061 -0.4348932359824925
136 3076 -0.16032035733540553
136 3091 0.5314762230563294
136 3106 1.0
136 3121 0.33860945927888136
136 3136 -0.2935902513667463
137 138 -1.0
137 3241 -0.7820751445839144
137 3256 0.4669690721517221
137 3271 0.059426448847248535
137 3286 -0.1614245764447327
137 3301 -0.24411834975697203
137 3316 -0.8107087778357301
137 3151 0.22034985360340514
137 3166 0.6466538203786258
138 3421 0.973136910042112
138 3436 0.3730699391339692
138 3451 0.20092659415322772
138 3466 0.9575023445350204
138 3481 -0.6139354532452768
138 3496 -0.2819646450414264
138 3331 0.478936581651108
138 3346 0.235603250130359
151 152 0.09241005348602263
151 166 1.0
151 3061 0.30098028749101435
151 3076 -0.348366566670863
151 3091 0.7412695540814404
151 3106 -0.5595165800366506
151 3121 -0.19466302108220546
151 3136 0.038554724964643315
151 3001 0.5859010076792938
151 3016 -1.0
151 3031 -0.44744827342667937
151 3046 0.3242022310655382
152 153 -0.3617123257864202
152 167 0.04198560576821398
152 3241 -0.8682613243919092
152 3256 -0.3821773665967357
152 3271 -0.24193093285214043
152 3286 0.19969650099470151
152 3301 -0.3376823437621831
152 3316 0.15569657090200198
152 3151 -0.1452572078759919
152 3166 -0.10197163763020423
152 3181 -0.8543305258745296
152 3196 0.4335239824257893
152 3211 0.21094833589149123
152 3226 -1.0
153 168 -0.28030544977245575
153 3421 0.09054177642350963
153 3436 0.23583347504182667
153 3451 0.3526750940790993
153 3466 -0.20846669198333603
153 3481 0.37528739515510773
153 3496 -0.4339405954670082
153 3331 0.7014824393239241
153 3346 -0.6613510158308998
153 3361 -0.021515730960837306
153 3376 -0.04099682839564775
153 3391 0.5346237849321022
153 3406 -0.08096988771873569
166 167 0.1610143747731137
166 3061 -0.05492216346980923
166 3076 1.0
166 3091 0.1351677011081389
166 3106 0.40412754524115246
166 3121 -0.1808599307554147
166 3136 -0.18552933181335976
166 3001 -1.0
166 3016 0.8123671798902231
166 3031 -0.8493464356360725
166 3046 0.07143200924478757
167 168 -0.05993917300008973
167 3241 -0.5512263375570848
167 3256 0.7556678183698063
167 3271 -0.2905292322782062
167 3286 -0.2884568987530816
167 3301 -0.05522090676698683
167 3316 -0.16993535719806852
167 3151 -0.5373274061038994
167 3166 -0.2923759368475895
167 3181 0.7637414466450145
167 3196 0.39139024557763685
167 3211 -0.14618783225338355
167 3226 -0.19198107460160446
168 3421 0.24358780415840514
168 3436 -0.6501155432860976
168 3451 -0.3810212617738089
168 3466 0.5691793077009135
168 3481 0.8678656195331783
168 3496 1.0
168 3331 0.2782617855915873
168 3346 0.42798245032951837
168 3361 -0.4204528146387844
168 3376 -0.45498798265622503
168 3391 -0.49202988112509966
168 3406 -0.42107259229784383
181 182 -0.1122620251729187
181 196 -0.28110667485795976
181 3061 0.2854090186200449
181 3076 -1.0
181 3001 0.7937470522856267
181 3016 0.2892047235007545
181 3031 -0.6672830778581695
181 3046 -0.511104703470629
182 183 -0.3018326824661198
182 197 -0.11124065930751813
182 3241 0.0014922520004792207
182 3256 0.8188007332200316
182 3091 -0.5378887012553986
182 3106 -0.15856691178885235
182 3121 -0.1936293757760686
182 3136 -0.06700992772601612
182 3151 -1.0
182 3166 0.628989019920828
182 3181 -0.14426085721766427
182 3196 -0.8767468623315247
182 3211 -0.6066310297882099
182 3226 0.797774659428135
183 198 -0.14073904056659212
183 3421 0.49689346165743126
183 3436 0.2587844032500045
183 3271 0.647528859657227
183 3286 -0.12880250475886815
183 3301 0.5972000188159603
183 3316 -0.46437148440653636
183 3331 0.5454319995302542
183 3346 0.185839904037775
183 3361 -0.019858143233878106
183 3376 -0.3468266853086663
183 3391 -0.0861265091335145
183 3406 1.0
196 197 -0.7739001254073654
196 3061 0.0682235418721657
196 3076 0.5292294205982984
196 3001 0.3244167909838423
196 3016 -0.8215437279585253
196 3031 -0.8071588791480699
196 3046 0.39268995968686726
197 198 0.20295029193633266
197 3241 -0.5774741895512155
197 3256 0.18895504687959708
197 3091 0.1071696627547345
197 3106 -0.05680261036752793
197 3121 0.684240057259434
197 3136 0.1136954725635435
197 3151 0.19963743716644838
197 3166 -0.7050329813359777
197 3181 0.5719960962548276
197 3196 0.27091467654312584
197 3211 0.1413733621871751
197 3226 -0.5090466433594889
198 3421 -0.515444372491018
198 3436 0.5673860003464904
198 3271 -0.23695203566105263
198 3286 -0.26290203190932476
198 3301 0.02795817645283217
198 3316 0.6171955230098167
198 3331 -0.024067570041047162
198 3346 -0.3176443002510545
198 3361 -0.1572649620870276
198 3376 0.569004441314212
198 3391 0.16146270902642626
198 3406 -0.8766405184191591
211 212 0.20619550489487098
211 226 -0.537333939947982
211 3061 -0.19585301842029698
211 3076 -0.3046387391415558
211 3001 -0.009076870322956638
211 3016 0.16213765502191702
211 3031 -0.6306429103499821
211 3046 0.5729373946399378
212 213 -0.5410331878232175
212 227 1.0
212 3241 0.1289181018865991
212 3256 -0.135410079296486
212 3091 -0.615944151061131
212 3106 -0.8947549964777369
212 3122 0.7972715743496303
212 3137 -0.6014645477506093
212 3152 0.42767967145276725
212 3167 -0.6933789306375147
212 3181 -0.33270515173737786
212 3196 -0.2344046082964704
212 3211 -0.5152761456968353
212 3226 -0.6058117686421738
213 228 -0.7143551209247907
213 3421 0.9292529836417003
213 3436 0.1903759336598069
213 3271 -0.7671123334699681
213 3286 -0.4586961925323263
213 3302 -0.503477891346804
213 3317 -0.1554843718025247
213 3332 -0.13014918111289206
213 3347 0.35215992215272596
213 3361 0.11591811962200138
213 3376 0.26053869624820414
213 3391 -0.4148441387997055
213 3406 0.5824531123471969
226 227 -0.4550602058563424
226 3061 -0.32002240860785963
226 3076 0.5548199418947157
226 3001 -0.1798289649904498
226 3016 0.26822497323586986
226 3031 -0.4054634126535818
226 3046 0.050053957195842574
227 228 0.5726068523204979
227 3241 -0.2490932240905423
227 3256 0.16036700102686977
227 3091 -0.15812611815292327
227 3106 -1.0
227 3122 0.26849951782707343
227 3137 0.13888687126355623
227 3152 0.9403516899287175
227 3167 -0.21709450291143387
227 3181 1.0
227 3196 -0.4436176224871114
227 3211 -1.0
227 3226 0.37524032664039414
228 3421 0.11375588913328138
228 3436 0.250471856043891
228 3271 0.06730198672484909
228 3286 -0.12357207558106582
228 3302 0.3827295505615678
228 3317 -0.20995302232832874
228 3332 0.3148747278745418
228 3347 0.7013377139030582
228 3361 0.38902497263466285
228 3376 -0.6687411131751627
228 3391 -0.18380203375351678
228 3406 0.010404300268441762
241 242 0.4322516694143508
241 256 0.3920808425147362
241 3061 0.7514871954025243
241 3076 -0.007612271500995327
241 3091 -0.5936726046464132
241 3106 -0.4591971040743834
241 3122 -0.6897869254614988
241 3137 0.804852019267517
241 3152 -0.30920618605813593
241 3167 -0.4529302492872865
241 3181 0.11577214811387207
241 3196 -0.013737198843081005
241 3031 0.16378217195829167
241 3046 0.30527479532331087
242 243 0.40259448793781805
242 257 -1.0
242 3241 -0.1362669947015536
242 3256 0.5573143400143138
242 3271 -0.0925139056800005
242 3286 -0.23387141986816518
242 3302 -0.7662445738046041
242 3317 -1.0
242 3332 0.19977195463140268
242 3347 0.18067419387410236
242 3361 -0.6566725993436858
242 3376 0.020809188113516484
242 3211 -0.26145919320034655
242 3226 0.0029108125416871843
243 258 0.0048656819727523675
243 3421 0.08068881384981616
243 3436 0.0500923202716765
243 3451 -0.8572590904889196
243 3466 0.021765672834827308
243 3482 0.6456591053662321
243 3497 -0.15751259173495882
243 3512 0.026285555870454863
243 3527 -1.0
243 3391 0.16017012403071906
243 3406 1.0
256 257 0.5823262013534725
256 3061 -0.21148358451736307
256 3076 -0.46677145016402716
256 3091 0.3571081791785921
256 3106 0.011582167792828002
256 3122 -0.54272030244623
256 3137 -0.3906905419653677
256 3152 0.6269305519776629
256 3167 -0.08302818745349125
256 3181 0.20342044764698244
256 3196 0.26023756408784876
256 3031 -0.41493745375433944
256 3046 0.18411549120713958
257 258 -0.036985530212966876
257 3241 0.4170812166204433
257 3256 -0.09836146648781127
257 3271 -0.11998497501659529
257 3286 -0.7077210864222038
257 3302 0.09958704299884721
257 3317 0.3057478686257532
257 3332 0.05668722731675171
257 3347 -0.3015282024169033
257 3361 0.48219189810922153
257 3376 -0.5359623511254971
257 3211 -0.31550807651361895
257 3226 0.11901379348588023
258 3421 0.19180512668629646
258 3436 0.459795654405111
258 3451 -0.6302820872994261
258 3466 0.34777897122076507
258 3482 -1.0
258 3497 -0.7515614367037078
258 3512 0.33279967401274363
258 3527 0.009817476086292918
258 3391 1.0
258 3406 0.45068301561261237
271 272 -0.5535246133161206
271 286 0.4902033153939601
271 3062 0.15355987198527757
271 3077 0.2454977000390105
271 3092 0.3695666342088909
271 3107 -0.5833536953710776
271 3122 0.6739380960399303
271 3137 -0.09306424385693865
271 3152 0.028570270325494754
271 3167 -0.3110442514484018
271 3181 0.5864233742493642
271 3196 -0.5836266595874992
271 3031 -0.7934494230584792
271 3046 -0.7843336544999283
272 273 -0.24979039139068293
272 287 0.04498078412472775
272 3242 0.16095108877829636
272 3257 0.40978273493967304
272 3272 0.5964765966181877
272 3287 0.022013195998119756
272 3302 0.6302815051922621
272 3317 -0.2607968636583566
272 3332 -0.07102980978391929
272 3347 -1.0
272 3361 1.0
272 3376 -0.08366494470190841
272 3211 0.6251545340822616
272 3226 -0.10289709966074514
273 288 0.5589984274075579
273 3422 -0.057246566559801745
273 3437 -0.14328266237799622
273 3452 -0.23194554002720327
273 3467 -0.5219604753041092
273 3482 0.36034369049356874
273 3497 -0.003360008084218766
273 3512 -0.12344416946616857
273 3527 -0.5167179425989391
273 3391 0.17247145568461106
273 3406 0.3721126623336544
286 287 0.5291602440594785
286 3062 -0.6152951058881759
286 3077 -0.17031480952342426
286 3092 0.09950825157490865
286 3107 0.051511950004070044
286 3122 0.014071573821337518
286 3137 0.636869917563472
286 3152 -0.042714679409287803
286 3167 -0.40053219655741795
286 3181 -0.44290411177749844
286 3196 -0.8900644453571106
286 3031 -0.20686621889168433
286 3046 0.1876421585848811
287 288 -0.08619436961099769
287 3242 0.4004251749220983
287 3257 0.14246031423475308
287 3272 0.4234237921293555
287 3287 -0.28516334066741156
287 3302 0.47831843386506373
287 3317 0.20553360106659993
287 3332 0.0712152945142751
287 3347 0.5664377910551048
287 3361 0.480447114867078
287 3376 1.0
287 3211 -0.6065883325580017
287 3226 0.5096707363073606
288 3422 -0.2443927727849046
288 3437 0.07276959814135064
288 3452 0.5757623941583848
288 3467 -0.13677015860896474
288 3482 0.39971638846174895
288 3497 0.5408079658658936
288 3512 -0.14145413210989824
288 3527 -0.44145634537178835
288 3391 -0.22039830936778954
288 3406 -0.051861296221073314
301 302 0.14379460109808492
301 316 0.36912003292739487
301 3062 0.5929997825303797
301 3077 -0.4915834130270388
301 3092 0.7473907977774059
301 3107 -0.3436626762926884
301 3122 5.1511660755154346e-06
301 3137 0.047993607987694226
301 3001 0.9313757224961535
301 3016 -0.22274282969490772
301 3031 0.3392836598352169
301 3046 0.2503413215343956
302 303 0.3384061537077946
302 317 -0.6760517769827626
302 3242 -1.0
302 3257 -0.2783762514495327
302 3272 0.37050155299958937
302 3287 0.3782077820800619
302 3302 -0.03452853342817381
302 3317 0.26600285520742173
302 3152 -0.4406804228330847
302 3167 -0.08052631716759942
302 3181 0.253473311878453
302 3196 -0.20155538232666384
302 3211 0.03631155752676982
302 3226 0.7209768972888755
303 318 0.21970561733863164
303 3422 -0.1607267505450591
303 3437 0.04950112761275934
303 3452 -0.3828277460310319
303 3467 0.8465216790933662
303 3482 -0.1509305153741439
303 3497 -0.7778578720799572
303 3332 -0.31045946127407725
303 3347 0.6260971762009465
303 3361 0.8535912515166003
303 3376 -0.511946506181998
303 3391 0.2618307305777349
303 3406 -0.6256157198176807
316 317 -0.2808715141193258
316 3062 -0.275445394911493
316 3077 0.7969095057034619
316 3092 1.0
316 3107 -0.024713423999392425
316 3122 0.5594374434664897
316 3137 -0.9008495312948479
316 3001 0.8246966935016119
316 3016 -1.0
316 3031 -0.5588581245058043
316 3046 0.6909259675076181
317 318 -0.03807483343494009
317 3242 0.7258612772400308
317 3257 -0.06959296425187356
317 3272 -0.8733865196144156
317 3287 0.33252908410334076
317 3302 -0.47670457585715587
317 3317 0.5168134186752207
317 3152 0.3387203661880728
317 3167 -0.16550879958753872
317 3181 0.5592079555625419
317 3196 -0.10523033215145501
317 3211 -0.08703289029804451
317 3226 -0.4215277940963923
318 3422 0.0502651187748915
318 3437 -0.20572132246484998
318 3452 -0.32366528194872934
318 3467 -0.019980559522972154
318 3482 -0.8109928498103319
318 3497 0.7291644130593149
318 3332 -0.6023280544550358
318 3347 0.2281104756933766
318 3361 -0.4268598830421241
318 3376 -0.5465634030218636
318 3391 -0.037104486484126925
318 3406 0.12821566742657606
331 332 -0.02252714276231609
331 346 0.16914730437392284
331 3062 -0.0599658352054019
331 3077 -0.03740439957595178
331 3092 0.6268605977179803
331 3107 -0.3785378729044591
331 3122 -0.5567831636365599
331 3137 0.3805333842322055
331 3002 0.27311111746160294
331 3017 0.19710483905187648
331 3032 0.5409319812806156
331 3047 0.6385606125186919
332 333 -0.17245155929855252
332 347 0.18556992440958084
332 3242 -0.9024733100237374
332 3257 -0.5010339284314058
332 3272 0.4124905568774595
332 3287 -0.07314941946787668
332 3302 0.8080885749871324
332 3317 -0.8529259536148267
332 3152 -0.5451595406987921
332 3167 0.017827904725904887
332 3182 -0.03859038635259705
332 3197 0.264727587221023
332 3212 -0.05392475958797057
332 3227 0.5594205597731254
333 348 0.4524615066931768
333 3422 0.15671566334205295
333 3437 -1.0
333 3452 -0.8337281013033699
333 3467 0.401826552530758
333 3482 0.15582094064814123
333 3497 -0.03515300659232195
333 3332 -0.35416419005644373
333 3347 1.0
333 3362 0.1572066540493456
333 3377 -0.20824294883320557
333 3392 0.7667021118439831
333 3407 -0.01361027420331546
346 347 0.0009240784338029944
346 3062 0.2159742698033478
346 3077 0.4479530581924974
346 3092 0.1216095714296165
346 3107 0.21767090381474816
346 3122 1.0
346 3137 0.005988589813541591
346 3002 -0.6999086842425142
346 3017 0.5337939231490061
346 3032 0.467862260689039
346 3047 -0.6063173097285747
347 348 -0.6207384890373393
347 3242 0.6280588728203634
347 3257 0.19440771393555062
347 3272 -0.32304765262412466
347 3287 -0.27400725670465736
347 3302 -0.08479071552110062
347 3317 -0.3875026272350486
347 3152 0.10956622887757422
347 3167 -0.3414333921313656
347 3182 -1.0
347 3197 0.618543813998555
347 3212 -0.733916954442289
347 3227 -1.0
348 3422 0.16079928091420184
348 3437 -0.5574622256295922
348 3452 -0.4546084246747345
348 3467 -0.3429134175566311
348 3482 -0.08821165517352314
348 3497 -0.5682273081413585
348 3332 -0.6990952776241289
348 3347 -0.5865888875638202
348 3362 1.0
348 3377 -0.8338273003003079
348 3392 0.18942982792498897
348 3407 0.9592523471072754
361 362 0.11283967346284784
361 376 0.5316122331588413
361 3062 -0.8218391673853063
361 3077 -0.6953340264316823
361 3002 0.1580498431653174
361 3017 -0.1333316607090156
361 3032 0.8325593847158914
361 3047 0.17884876089112473
362 363 -0.46346709204655406
362 377 0.3390195228146017
362 3242 -0.16856769714779274
362 3257 0.2776751688651255
362 3092 -0.41690928490625867
362 3107 -0.04366503891296136
362 3122 0.46257502990384325
362 3137 0.37695803816710083
362 3152 -0.26776930783907976
362 3167 -0.5855104409493582
362 3182 -1.0
362 3197 0.11222798881052867
362 3212 -0.10071450729808516
362 3227 -0.32774672037580177
363 378 0.4645777807377413
363 3422 -0.10206545046897662
363 3437 0.2753809541139277
363 3272 -0.24412793043865974
363 3287 -0.9396853520712444
363 3302 0.942659231650056
363 3317 -0.3158411838222373
363 3332 0.2980001512084612
363 3347 -0.3153555204514871
363 3362 -0.43902754126434185
363 3377 0.06302106908766937
363 3392 -0.07937935210963029
363 3407 0.09324230961747092
376 377 -0.43327389994887877
376 3062 -0.597560999958322
376 3077 -0.6572577336367453
376 3002 -0.21890436367604657
376 3017 0.06544405207700424
376 3032 -0.5324572256266502
376 3047 -0.35610330037729354
377 378 0.20242496289345563
377 3242 0.7568899976458883
377 3257 0.5119924740835171
377 3092 -0.05134346618889202
377 3107 1.0
377 3122 0.6422490609745377
377 3137 0.993708995055931
377 3152 -0.23656431644573256
377 3167 0.3319718347022951
377 3182 -0.08678353886994798
377 3197 -0.9238459092550895
377 3212 -0.6286460860614876
377 3227 0.9426773718260889
378 3422 0.2412190209141268
378 3437 -0.6332261403566092
378 3272 -0.0625277451217406
378 3287 -0.2778286964333606
378 3302 0.36806020963193287
378 3317 -0.34648052670725044
378 3332 -0.6048484417592559
378 3347 0.35181039677777315
378 3362 -0.8821785162830068
378 3377 0.03395822424197112
378 3392 0.5055203741673975
378 3407 0.08132971980782476
391 392 0.22215928428164158
391 406 -0.474752013945779
391 3062 0.3222469057947348
391 3077 0.4109812713379596
391 3002 -0.5830996017133568
391 3017 -0.04181438166672822
391 3032 0.4554469162883291
391 3047 -0.2350676711171522
392 393 0.5696843507786522
392 407 0.22964459749965657
392 3242 0.15184382003978805
392 3257 -0.07069534352696649
392 3092 0.16051955652087307
392 3107 -0.6334722692511265
392 3123 -0.1395880810053411
392 3138 -0.5098297273237415
392 3153 0.36858805155985175
392 3168 0.36827707959765565
392 3182 0.7622917971597091
392 3197 0.6296009157649981
392 3212 0.5566900448237531
392 3227 -0.14062647529757374
393 408 -0.2680068231036725
393 3422 -0.6817066877940592
393 3437 -1.0
393 3272 -0.09600576106868487
393 3287 -0.33811459692737605
393 3303 0.07387331346922964
393 3318 -0.2774771310789084
393 3333 -0.6807670130000977
393 3348 0.5140105568644289
393 3362 -0.15074279879829364
393 3377 -0.15865696811809732
393 3392 -0.27572989325818453
393 3407 0.28359279711855995
406 407 -0.4907547063118468
406 3062 -0.7762574391497447
406 3077 0.10885192295548853
406 3002 -0.6547415351366372
406 3017 0.6402054639063787
406 3032 0.08917535520562164
406 3047 0.16801282968714737
407 408 0.6336221992392583
407 3242 0.2779488873809775
407 3257 -0.010411788204858503
407 3092 0.6637268917995466
407 3107 -0.5266541110524776
407 3123 0.17854343571028464
407 3138 -0.48697388555019916
407 3153 -0.5509691337360543
407 3168 0.35162617805713065
407 3182 0.07557812910365107
407 3197 0.1313736412905387
407 3212 0.9481060180140877
407 3227 -0.21936892035913197
408 3422 0.478749408884672
408 3437 0.15797175825872872
408 3272 -0.5764028194948903
408 3287 0.21778897977563397
408 3303 -0.51765940693621
408 3318 -0.5213019529150912
408 3333 -0.26537016468072006
408 3348 -0.05721973607302404
408 3362 -0.11412450898044572
408 3377 0.12832085004816107
408 3392 -0.40676610421054515
408 3407 -0.2798677559731126
421 422 -0.1390696585372745
421 436 0.004160598264701499
421 3062 -0.7853846034985417
421 3077 -0.4582017569442237
421 3092 0.48604915399591603
421 3107 -0.37108987257318327
421 3123 0.20635924426286695
421 3138 -0.8664027574567433
421 3153 0.1769576024426023
421 3168 -0.2141917677223696
421 3182 0.7959330483211261
421 3197 -0.5548430722013292
421 3032 -0.14148370145177416
421 3047 0.28287949460704037
422 423 -0.17221759566511274
422 437 -0.011123008127825688
422 3242 0.027808732585761754
422 3257 0.20278711010923914
422 3272 -0.4918259628925102
422 3287 0.24645395804387088
422 3303 -0.16927328572690487
422 3318 0.29426757511163476
422 3333 -0.36508725031567785
422 3348 0.40985546196311395
422 3362 -0.4502677012531647
422 3377 -0.3534950321522742
422 3212 0.8623728292534992
422 3227 0.3888767542646116
423 438 -0.2372346261301765
423 3422 -0.4675149603459325
423 3437 0.20894276248156668
423 3452 -0.462836738424317
423 3467 -0.42551082208857127
423 3483 0.18884973320643925
423 3498 1.0
423 3513 1.0
423 3528 0.12164725673604565
423 3392 -0.05495174966133753
423 3407 0.0043315703712407255
436 437 -0.3177969883479684
436 3062 0.5890579884443523
436 3077 -0.17803373328546085
436 3092 0.3256804868695984
436 3107 0.1752884522945764
436 3123 -0.13461628896380637
436 3138 -0.14737982219928694
436 3153 0.06456173391550828
436 3168 -0.6587110847061667
436 3182 0.8336069949647993
436 3197 0.75598368830561
436 3032 0.7692929791019435
436 3047 0.246256779448431
437 438 -0.7992675752603404
437 3242 0.19158293355937148
437 3257 0.4316576044236764
437 3272 0.19882684070925596
437 3287 -0.14970374907940323
437 3303 0.5270100031002404
437 3318 0.7044784897038705
437 3333 0.8553381377808976
437 3348 1.0
437 3362 -0.627241064235686
437 3377 -0.7885313022682336
437 3212 -0.3091242484027231
437 3227 0.3854595744220118
438 3422 -0.12314640360499679
438 3437 0.3196844899301825
438 3452 -0.2178309372618062
438 3467 0.6535237127934515
438 3483 0.5049976774250373
438 3498 0.25419713131666083
438 3513 -0.0773726405361675
438 3528 -0.2647205421379762
438 3392 -0.7996993923470586
438 3407 0.13399975709647435
451 452 -0.25987105110763764
451 466 0.6154410374399301
451 3063 0.07484949256678164
451 3078 0.8748107326790164
451 3093 -0.2473179882088626
451 3108 0.26929031523238695
451 3123 0.9325070014330445
451 3138 0.5567528364545825
451 3153 0.4917934809117075
451 3168 0.0481556553573653
451 3182 -0.021967040912205416
451 3197 -0.1383489370544315
451 3032 -0.2911888717518645
451 3047 0.0887914988152242
452 453 -0.00012644630843824698
452 467 0.15744685014726187
452 3243 1.0
452 3258 -0.31920308775902934
452 3273 0.04566239960079326
452 3288 -0.12219036359063498
452 3303 0.13205788107648592
452 3318 0.3991004175125449
452 3333 -0.21327212595602163
452 3348 0.4522181109792969
452 3362 0.6064226510159466
452 3377 -0.16202763780037394
452 3212 0.09458134028229533
452 3227 -1.0
453 468 -0.5306972322527946
453 3423 -0.01699899394744018
453 3438 -0.2635454304706586
453 3453 0.0615615928773794
453 3468 1.0
453 3483 0.010637799108972942
453 3498 -0.6201758092584906
453 3513 0.23333412893500832
453 3528 0.3973006021654577
453 3392 0.8767157945180839
453 3407 0.740573962373737
466 467 0.07627173012707857
466 3063 0.09456449290745884
466 3078 0.3350603568643607
466 3093 -0.41732681984422687
466 3108 0.2833947302612375
466 3123 -0.1727215819258569
466 3138 0.07553748716688923
466 3153 -0.2967511356898476
466 3168 0.14382204662789377
466 3182 -0.20491661165266378
466 3197 -0.1994132622352997
466 3032 0.9879434971438342
466 3047 -0.9777340169363754
467 468 -1.0
467 3243 0.18555928704005986
467 3258 0.4463736029108898
467 3273 0.22326237435999424
467 3288 0.1435841393837528
467 3303 -0.03177116483337032
467 3318 -0.6697060461925463
467 3333 0.3393804605881856
467 3348 -0.48780351512203096
467 3362 -0.40366077363869585
467 3377 0.15309386041825646
467 3212 -0.4584051519398928
467 3227 0.03221482256292739
468 3423 -0.8799569265262176
468 3438 -0.313261108409966
468 3453 0.7322135002971935
468 3468 1.0
468 3483 -0.2736232166681089
468 3498 -0.060603295747555394
468 3513 -0.44381079727000633
468 3528 -1.0
468 3392 -0.41810090154654134
468 3407 -0.7343195423157655
481 482 -0.12518040264283603
481 496 -0.019215483206907545
481 3063 0.5964459349363309
481 3078 0.49340682376270434
481 3093 -0.7591366446605322
481 3108 -0.07824880597794301
481 3123 -0.21354269701154627
481 3138 -0.13135534214953085
481 3002 -0.5084345222184724
481 3017 0.4075205035638551
481 3032 0.6815763760351967
481 3047 0.35801344653808603
482 483 1.0
482 497 0.7041847813475727
482 3243 -0.3769668825232003
482 3258 -0.06907515316942058
482 3273 -0.11002612423945952
482 3288 0.3455392033122816
482 3303 0.3549322879958742
482 3318 -0.3163599588965168
482 3153 0.2720435889769677
482 3168 -0.07157932385379996
482 3182 0.2463775754222261
482 3197 0.8397543806194653
482 3212 -0.4133288641328623
482 3227 -0.13474802585920417
483 498 -0.07797729799590122
483 3423 0.08313230163545282
483 3438 -0.12936873298798351
483 3453 0.1273402385061326
483 3468 -0.30495048150543513
483 3483 0.38631181974027856
483 3498 0.557119310146435
483 3333 0.0691140079310641
483 3348 0.060674804876533484
483 3362 0.21893476101321727
483 3377 0.02424366358785747
483 3392 0.39039308847888504
483 3407 0.4817494573410809
496 497 0.03624340137577111
496 3063 0.19804186593929468
496 3078 -0.37561998700524524
496 3093 0.499354194361828
496 3108 0.7796746197795992
496 3123 -0.3675264718635168
496 3138 -0.08525340555042467
496 3002 0.9195069107328837
496 3017 -0.42846940977203246
496 3032 0.14524463613987368
496 3047 0.3065658114483779
497 498 -1.0
497 3243 0.15213163211750716
497 3258 -0.09043395764864899
497 3273 -0.10778081864112923
497 3288 0.0072855025371486104
497 3303 1.0
497 3318 -0.3066159572374599
497 3153 -0.748719332653557
497 3168 -0.4478982806151511
497 3182 0.9031922164269015
497 3197 0.2813931868208953
497 3212 0.5808077790333407
497 3227 -0.2022350327233099
498 3423 0.2308393061316544
498 3438 0.42637499092588727
498 3453 -0.09777911107216687
498 3468 -0.7417070946786315
498 3483 -0.9723096356962319
498 3498 0.6562039088532541
498 3333 0.36277385063749595
498 3348 -1.0
498 3362 -0.10209122332249977
498 3377 -0.15273538842567982
498 3392 0.5904889387241071
498 3407 0.6954246565194315
511 512 -0.20220649810578645
511 526 0.09935332328991457
511 3063 0.47313409930185973
511 3078 0.2720799086094323
511 3093 -0.26883116997412704
511 3108 -0.42291107754824714
511 3123 -0.04591386741468116
511 3138 0.49677641818055013
511 3003 0.16027177336492646
511 3018 1.0
511 3033 -0.5130888477497111
511 3048 -0.34804085964394976
512 513 1.0
512 527 -0.6576436589866943
512 3243 0.2729258714587244
512 3258 -0.1454000838858494
512 3273 0.23643220350740526
512 3288 0.33283211708701216
512 3303 -0.4686683300003288
512 3318 0.006236901965133924
512 3153 1.0
512 3168 -0.14495967830335071
512 3183 -0.029960886805910376
512 3198 -0.36483474789075304
512 3213 0.5338884375413456
512 3228 -0.25964657341127045
513 528 -0.35463239812758535
513 3423 -0.1464812539640484
513 3438 0.19304948295036964
513 3453 -0.08513126221753571
513 3468 0.1732406078210658
513 3483 -0.2632928887488444
513 3498 0.02450599255014234
513 3333 0.1459810889745819
513 3348 -1.0
513 3363 -0.24181299844363688
513 3378 0.9430321480648858
513 3393 0.2684871246935696
513 3408 0.1217638700440247
526 527 -0.5537077260055507
526 3063 0.6628303009550447
526 3078 -0.6764926226164546
526 3093 0.3357988144273228
526 3108 0.9758298606935897
526 3123 -0.5047759554495312
526 3138 -0.427430197718423
526 3003 0.038663902403709954
526 3018 0.693366795805765
526 3033 0.18797258576664208
526 3048 0.8856480849386424
527 528 -0.05254279726744851
527 3243 -0.42024092175352606
527 3258 -0.14459289968483985
527 3273 -0.8595847990756557
527 3288 1.0
527 3303 0.7120497732765934
527 3318 0.4878431823482837
527 3153 -0.20649626531471407
527 3168 0.3354460552063403
527 3183 0.06842521074615904
527 3198 0.6670829679183204
527 3213 -0.5290945124047077
527 3228 1.0
528 3423 -0.9266874099001361
528 3438 0.7133069931354037
528 3453 0.8133748444271397
528 3468 1.0
528 3483 0.5948692396678158
528 3498 -0.3760246964065236
528 3333 -0.003489877336777266
528 3348 0.2823105233675757
528 3363 -0.9448534565949599
528 3378 0.1207785383106503
528 3393 0.05584176557724453
528 3408 0.25391008217013716
541 542 -0.934034142192855
541 556 -0.24392972863086168
541 3063 -0.7732809601247763
541 3078 0.4744075961766734
541 3003 -0.7227973732636056
541 3018 -0.8133381959815364
541 3033 0.5351350586742402
541 3048 -0.08504661711536672
542 543 -0.8800526049437121
542 557 0.1760499395152332
542 3243 0.14194471757834473
542 3258 0.5995056442785387
542 3093 0.3379078694588342
542 3108 -0.8726853253637398
542 3123 -0.3662336922529214
542 3138 0.1793831764678968
542 3153 0.061429046289038225
542 3168 -0.18736910250515856
542 3183 0.2494014983140904
542 3198 0.544727753681378
542 3213 -0.007221348142033644
542 3228 -0.18768991467987675
543 558 0.4885420111920555
543 3423 0.17865291391009216
543 3438 0.38300508665253163
543 3273 -0.033794444027603184
543 3288 0.5950314991823745
543 3303 0.5113200983964532
543 3318 0.5239683555613472
543 3333 0.508109008390528
543 3348 0.06860496927285978
543 3363 -0.4501951514841685
543 3378 -0.7131291249348827
543 3393 0.13996669393323977
543 3408 -0.21733926626136807
556 557 0.2501049818565107
556 3063 0.011867903547152054
556 3078 1.0
556 3003 0.4319986547963829
556 3018 -0.0844520484447038
556 3033 -0.13526370781802188
556 3048 0.12374754980121211
557 558 -0.2297259751515351
557 3243 0.03119164583790183
557 3258 0.3413678295839524
557 3093 -0.09726452545593582
557 3108 -0.2649258371124745
557 3123 0.2031828314533277
557 3138 -0.8440923385365429
557 3153 -0.7397933337590576
557 3168 0.12285378155251775
557 3183 0.2466018132612975
557 3198 -0.22786230153603756
557 3213 -0.016787684431687135
557 3228 -0.6163224531520828
558 3423 1.0
558 3438 0.09654733104867481
558 3273 -0.4803527051505389
558 3288 -0.5534201282636524
558 3303 0.3455305327727655
558 3318 -0.09013592779804619
558 3333 0.31785582044386945
558 3348 -0.4539248317861329
558 3363 -0.5378737845411541
558 3378 -0.9559794766215827
558 3393 -0.44077018841015436
558 3408 -0.38885346455733444
571 572 -0.60460846058633
571 586 -0.7118325482423256
571 3063 -0.11924475456117668
571 3078 -0.07484825069080386
571 3003 -1.0
571 3018 0.5483813875741211
571 3033 0.29480727078331387
571 3048 -0.10940725129092282
572 573 -0.39005856169489656
572 587 0.9529933732992693
572 3243 0.5964929277061785
572 3258 -0.13171654580344158
572 3093 0.4469750093831154
572 3108 -0.034696928516810166
572 3183 -0.09290474828892055
572 3198 0.04604705882652308
572 3213 0.01129529866906679
572 3228 -0.12800043172293485
573 588 0.9257050915373265
573 3423 -0.5084512031360956
573 3438 0.06139770794270519
573 3273 0.6717383068704089
573 3288 -0.5415366394292062
573 3363 -0.12067184897092893
573 3378 -0.23070416841118
573 3393 0.06050829114753867
573 3408 0.23468775517245313
586 587 0.3337715061211701
586 3063 0.03736868064577785
586 3078 0.19528313750583476
586 3003 -0.8653289418547944
586 3018 0.25623330165811387
586 3033 -0.34238612792070844
586 3048 0.44055814106671337
587 588 -0.36398580492072513
587 3243 0.07275029782696196
587 3258 -0.2514034704053411
587 3093 -0.7661907306821842
587 3108 -0.31945849396380704
587 3183 -0.544664153284682
587 3198 0.0443123335593855
587 3213 -0.4760996988614107
587 3228 -0.6764460459015191
588 3423 -0.21733295273001002
588 3438 0.15306675676011391
588 3273 0.11111962063722698
588 3288 0.07633871899662417
588 3363 -0.01190601984200659
588 3378 -0.0005290349662548766
588 3393 0.7438404973602271
588 3408 -0.4875595686075522
3001 3002 0.5228183961518335
3001 3016 0.26669331444434535
3002 3003 0.7309220308405907
3002 3017 0.31381633055246033
3003 3018 -0.15043130734187687
3016 3017 -0.7103875723621668
3017 3018 -0.013626726820396248
3031 3032 0.8524693821319964
3031 3046 -0.157748682390429
3032 3033 0.09873468290487096
3032 3047 -0.6559326170718394
3033 3048 -0.150490475415302
3046 3047 0.2124942206717102
3047 3048 0.1637330322365285
3061 3062 0.7246947974794296
3061 3076 -0.4829210640572761
3062 3063 -0.9576591983605326
3062 3077 -0.0031968077071213886
3063 3078 -0.5102676989881417
3076 3077 -0.2586663491449179
3077 3078 0.3251746987956272
3091 3092 0.6217150229551645
3091 3106 -0.2173611064450281
3092 3093 -0.7974332635565172
3092 3107 0.06013825717630001
3093 3108 -0.2532203751192598
3106 3107 0.3965810442889932
3107 3108 -0.09785062807238475
3121 3122 0.29517545702966314
3121 3136 0.04589621338224862
3122 3123 -0.030513805537126914
3122 3137 -0.1555970306190225
3123 3138 0.356162936039127
3136 3137 0.29962079184281387
3137 3138 0.3975814735870367
3151 3152 -0.2584935333712901
3151 3166 -0.10700401839481356
3152 3153 0.1463080431708332
3152 3167 1.0
3153 3168 0.828242621663643
3166 3167 -0.6220036840990224
3167 3168 -0.30103297460143985
3181 3182 0.3328925384036816
3181 3196 0.02582234232786857
3182 3183 -0.270962096578338
3182 3197 -0.20017229559465005
3183 3198 -0.12256647198595683
3196 3197 -0.5606686332929027
3197 3198 0.1787811209546844
3211 3212 0.1489444929858297
3211 3226 0.8190647018338442
3212 3213 -0.4598184576855601
3212 3227 0.6714083135975057
3213 3228 0.15409653890933941
3226 3227 1.0
3227 3228 0.18719004171347947
3241 3242 -0.8177524750435664
3241 3256 -0.6833178121760792
3242 3243 -0.5672836675156918
3242 3257 0.22664741006607336
3243 3258 0.10481045262349095
3256 3257 0.2875552845628503
3257 3258 -0.704134513033108
3271 3272 0.5287570570339549
3271 3286 -0.35130478404986726
3272 3273 -0.5121405071257032
3272 3287 0.3655328070586494
3273 3288 1.0
3286 3287 -0.47895872717434124
3287 3288 0.33786135182392707
3301 3302 -0.5538468220295164
3301 3316 -0.21976763437021232
3302 3303 0.22952956198748517
3302 3317 0.04928484017272175
3303 3318 0.21517696140931442
3316 3317 0.373186800323537
3317 3318 -0.6571463484553327
3331 3332 -0.8138791645971851
3331 3346 -0.48085026333598485
3332 3333 0.6000763428637628
3332 3347 0.00562978207012866
3333 3348 0.7910858131088648
3346 3347 -0.5378866671097263
3347 3348 -0.19327452915167
3361 3362 0.38935734115284315
3361 3376 -0.4265229312538915
3362 3363 -0.5460144282138735
3362 3377 -1.0
3363 3378 1.0
3376 3377 -0.29677671631479113
3377 3378 -0.17816236548581904
3391 3392 -0.3720896239135088
3391 3406 0.40601544337861695
3392 3393 -0.3066622344640067
3392 3407 -0.4415480344384679
3393 3408 -0.6939988571334157
3406 3407 0.264003013350705
3407 3408 0.07677928351760505
3421 3422 0.3127810906249898
3421 3436 -1.0
3422 3423 -0.007350014697657454
3422 3437 -0.04539250693258272
3423 3438 0.2571192398227233
3436 3437 0.29654300680054824
3437 3438 -0.05260443407767715
3451 3452 0.24444453031926455
3451 3466 -0.5797309059099769
3452 3453 -0.05430809001598036
3452 3467 0.3190720782856921
3453 3468 0.20192428571414364
3466 3467 0.32873870403094974
3467 3468 -0.500592454378662
3481 3482 -0.6310550876998849
3481 3496 0.44424354095128793
3482 3483 -0.10769154091315389
3482 3497 0.5451253625610736
3483 3498 0.35750254437856605
3496 3497 -0.15780246627323077
3497 3498 0.6464527094774394
3511 3512 -0.5674775288342606
3511 3526 -0.24606868373327337
3512 3513 -0.18465191331506497
3512 3527 0.2923394316746798
3513 3528 -0.3048473679135439
3526 3527 -0.3972715460161749
3527 3528 0.25101086901180897
