# 
61 61 0.9852907106356505
62 62 1.5451833055513573
63 63 0.4402363654210247
76 76 -1.2007818625411926
77 77 -0.05603248767906756
78 78 0.9578165374859647
91 91 -0.012511548392629227
92 92 0.6427132537524863
93 93 2.081482710310078
106 106 1.0987330563606723
107 107 1.234562326404522
108 108 0.805136024467634
121 121 0.24989947247895916
122 122 -0.5248907432439596
123 123 1.6554523424578285
136 136 -0.4309159723315664
137 137 1.0031444487316339
138 138 -1.1054496681233443
151 151 -1.1162748510015748
152 152 1.593616006585814
153 153 0.48369717966086273
166 166 0.23002187316702777
167 167 -2.2355769701357513
168 168 -0.3766212690914562
181 181 0.8790779794205804
182 182 -3.326959512363084
183 183 0.5659917259908496
196 196 -0.30968885626814635
197 197 0.35762853982831766
198 198 1.810230618173581
211 211 0.7635391750191574
212 212 0.16738901076114426
213 213 -0.7127988767087341
226 226 -1.2739293901030762
227 227 1.2637039505908354
228 228 -1.5951304092083052
241 241 1.1841223076035068
242 242 -0.48819496265260953
243 243 -0.7271051393561095
256 256 0.35874901959633004
257 257 -1.8278660892116056
258 258 -1.2621824263252879
271 271 0.5693640952779258
272 272 -0.865199652535072
273 273 -0.5066269087083789
286 286 0.3355478738748875
287 287 1.1855511936144525
288 288 0.14752674109318126
301 301 1.355437145603268
302 302 0.49436567040851154
303 303 -0.5520411702028026
316 316 1.7306985058938886
317 317 0.9528436096546894
318 318 0.7125013512752774
331 331 0.6439604973373442
332 332 1.041130927034564
333 333 0.9726553901490944
346 346 -1.6177780599290235
347 347 -0.4623231069871985
348 348 -0.21512797154454108
361 361 0.0076436512323099825
362 362 -0.8395005295230283
363 363 0.34532741469197453
376 376 0.24146744611795776
377 377 1.1302266698391978
378 378 -1.114669710980205
391 391 -0.24619177865301778
392 392 -0.06981497109377743
393 393 -0.04772180195104173
406 406 -1.8355170311594238
407 407 0.22407589728782623
408 408 -0.26755395171716867
421 421 -1.9875843233416353
422 422 -1.094310714141842
423 423 -0.7656153312237718
436 436 -0.36850481184389394
437 437 -1.2634716047078094
438 438 -0.2961285325563364
451 451 -0.12968256575897905
452 452 -1.049600097781833
453 453 -1.4019864211209394
466 466 -1.2230814469177913
467 467 1.5493817559038932
468 468 1.0925178964222368
481 481 -2.8431075968591424
482 482 0.040735773492087825
483 483 -0.383977010191249
496 496 0.7476539122345874
497 497 0.44720894834509206
498 498 -0.5329978329024126
511 511 1.1814009446693954
512 512 0.9199863940130452
513 513 -0.1794960167926867
526 526 -0.7203746639949907
527 527 0.26489470652147895
528 528 1.7122296708068105
541 541 0.0775958346004259
542 542 -1.3866773256637406
543 543 -0.4033290188609372
556 556 0.8267085412517297
557 557 -1.7649227236789675
558 558 -0.444447594152382
571 571 0.4792807829205639
572 572 0.27097589147111484
573 573 1.476916430975847
586 586 0.1589525746496887
587 587 0.026089890792380253
588 588 1.4577242262282055
3001 3001 -1.2754684117127293
3002 3002 -0.6951778079354834
3003 3003 -0.3930451574878879
3016 3016 1.6674332275734325
3017 3017 -0.002885728574554316
3018 3018 -1.9461883582232884
3031 3031 -0.27209195278250264
3032 3032 -1.4019586308127931
3033 3033 -2.1601380344167023
3046 3046 -0.06679102065402678
3047 3047 -0.6729526260328031
3048 3048 -0.7023885569746177
3061 3061 1.49013865853614
3062 3062 -1.3958688063058298
3063 3063 -1.45648643316487
3076 3076 0.7620037171763266
3077 3077 -1.2099492503958822
3078 3078 0.3266634472314781
3091 3091 0.4793920625162585
3092 3092 -0.8933205264315321
3093 3093 -0.9174756084446695
3106 3106 -0.18659547444581018
3107 3107 0.45545788283734745
3108 3108 -0.9091701476068931
3121 3121 1.7288468815703628
3122 3122 -1.0443179828366485
3123 3123 2.1151247187411113
3136 3136 0.49413948440898253
3137 3137 0.4606442875709647
3138 3138 0.6277206816964
3151 3151 -0.5621214151359668
3152 3152 1.213700483532484
3153 3153 -0.1467883373452081
3166 3166 0.4226256084399111
3167 3167 -2.1477558737747393
3168 3168 0.990531269254766
3181 3181 1.1434593035651466
3182 3182 0.38814558136251437
3183 3183 -1.5774401363692625
3196 3196 -0.7642819919668883
3197 3197 -0.41279447478520387
3198 3198 -0.010310427312987445
3211 3211 0.16784916239026992
3212 3212 -1.9278917242160432
3213 3213 -0.1971841769046223
3226 3226 -0.18292720066802676
3227 3227 -0.9664257706648897
3228 3228 2.5729903576081394
3241 3241 -1.2248859144609612
3242 3242 -0.3134313720214032
3243 3243 -0.06875461755660406
3256 3256 -0.33080857742860936
3257 3257 0.19476116399599516
3258 3258 0.7004045432041758
3271 3271 0.17290765513852802
3272 3272 1.5065116009863897
3273 3273 1.3228705603741928
3286 3286 1.9474341342700479
3287 3287 0.9161859160020805
3288 3288 -0.019116103832193046
3301 3301 0.2574517850428966
3302 3302 1.267519218345062
3303 3303 -1.5796641678798726
3316 3316 0.09153128101616358
3317 3317 -1.1854439578561138
3318 3318 -0.8484113625997844
3331 3331 -0.09179861580831414
3332 3332 -1.173826675942932
3333 3333 0.5668245970763359
3346 3346 -0.5039215247423849
3347 3347 1.2519354244660532
3348 3348 -1.102571613245656
3361 3361 -0.4432348559237442
3362 3362 0.023988118401805005
3363 3363 -1.4577301872667667
3376 3376 -0.012158825747682197
3377 3377 0.4832307599622091
3378 3378 0.6266932038201061
3391 3391 -0.3019507519764532
3392 3392 -0.049726424113674075
3393 3393 -0.6205404726174055
3406 3406 0.5767619733467867
3407 3407 -0.9940402720273469
3408 3408 -1.2009415842244562
3421 3421 -1.2506820437220325
3422 3422 -0.7080252668407189
3423 3423 -0.7814618583710246
3436 3436 -0.656224424858401
3437 3437 -1.3739283033226515
3438 3438 -0.4528612131380942
3451 3451 -0.16566152857645397
3452 3452 -1.2886857040048778
3453 3453 0.02465413819469823
3466 3466 -1.5163150505495988
3467 3467 -0.7784705590214641
3468 3468 -0.10740931199546125
3481 3481 0.2433152917330874
3482 3482 2.0402372342189685
3483 3483 0.6107864533286902
3496 3496 1.2287623193416966
3497 3497 0.5340178347625621
3498 3498 -0.13243564129481278
3511 3511 0.7199500500645503
3512 3512 0.8316557698969689
3513 3513 -0.03189595383982812
3526 3526 0.2543198146987479
3527 3527 0.41913315774688525
3528 3528 -2.4329186375155154
61 62 0.08758208932226606
61 76 0.8916664099616267
61 3121 -0.6027629215776351
61 3136 -0.6644600627429491
61 3151 0.512784595668173
61 3166 0.44908149953961496
62 63 0.45002691188776067
62 77 -0.14483248303449647
62 3301 0.9492001111034453
62 3316 -0.5637339962951324
62 3331 0.3276590690106456
62 3346 -0.13646415454153152
63 78 0.8586478698659608
63 3481 -0.8466152663390198
63 3496 0.23743670997728747
63 3511 0.03230154943133808
63 3526 0.07067945066423097
76 77 0.4322455362605793
76 3121 -0.09751009813107281
76 3136 0.16657879665205927
76 3151 -0.39840958592831704
76 3166 0.8417800731812118
77 78 -0.05393618160521905
77 3301 0.040244324826095725
77 3316 -0.24796316724549394
77 3331 -0.028041460777982318
77 3346 0.375655040563987
78 3481 0.014350507604634608
78 3496 -0.2625143914539393
78 3511 -0.23643592545839467
78 3526 -0.11891041323205181
91 92 0.39147343605211327
91 106 0.1767259520559338
91 3061 -0.17909986224650362
91 3076 -0.5465666515566954
91 3091 -0.775634193929955
91 3106 0.4981312585241636
91 3121 -0.2587969555907631
91 3136 0.03663079944742427
91 3151 0.025089042750994432
91 3166 1.0
92 93 0.23088599033460921
92 107 -0.09458768209497256
92 3241 -0.20061763752589443
92 3256 -0.43032729536151443
92 3271 -0.693848356357645
92 3286 -0.5107039579260674
92 3301 -0.539267851442889
92 3316 -0.21504063774947743
92 3331 -0.6369050566027246
92 3346 0.2750595470882165
93 108 0.7114410733150002
93 3421 0.3650603973986627
93 3436 0.3464569634581172
93 3451 0.054664961393097865
93 3466 -0.4259667128213738
93 3481 0.1625052773455421
93 3496 -0.7229661515523358
93 3511 -0.0822423165032607
93 3526 0.36426729410554387
106 107 -0.6193744156469078
106 3061 -0.6550244672092829
106 3076 1.0
106 3091 1.0
106 3106 -0.6696689526875806
106 3121 -0.7514036506787298
106 3136 0.16405472275130742
106 3151 0.32408134816813244
106 3166 -0.5640954507645976
107 108 -0.04808888889860002
107 3241 0.27133918942002133
107 3256 0.20011636689899814
107 3271 -0.48053736575519496
107 3286 0.09636385743340192
107 3301 -0.35378532806375895
107 3316 -0.0761558365821616
107 3331 0.3683846208650731
107 3346 0.158537404261928
108 3421 -0.9805075009934097
108 3436 -0.5496439405982187
108 3451 0.13365473274880957
108 3466 -0.5068096762333055
108 3481 -0.4887087456140788
108 3496 0.5504416612831715
108 3511 0.32491317114410845
108 3526 0.14841656721991803
121 122 0.741549879385807
121 136 0.5376168058557592
121 3061 0.1473498119839675
121 3076 -0.21521139789936164
121 3091 0.5243822166808828
121 3106 0.23510414480510583
121 3121 0.021326905679202115
121 3136 -0.03483784334018594
122 123 0.4450890966866029
122 137 -0.04656080814166863
122 3241 0.16177391018398266
122 3256 0.39908117072921984
122 3271 -1.0
122 3286 0.08414982834135594
122 3301 0.3020539576516808
122 3316 1.0
122 3151 -0.15695051181533076
122 3166 -0.6249924476537209
123 138 -0.3941677048428632
123 3421 -0.18066452707531522
123 3436 -0.18081790997150068
123 3451 0.11402653613580521
123 3466 -0.049009847797472195
123 3481 0.25151726554870385
123 3496 -0.5879218899660144
123 3331 0.23007036149986576
123 3346 0.4163349876224404
136 137 0.6613123214212251
136 3061 0.025907066058152572
136 3076 -0.9099390878233681
136 3091 0.3379181457419909
136 3106 0.4941837425807809
136 3121 -0.38587099429231153
136 3136 -0.11650772752020787
137 138 0.25735991333184477
137 3241 0.26005625401099025
137 3256 -0.05119912793821336
137 3271 -0.16850757171257355
137 3286 0.13747787537366238
137 3301 0.21596163358611542
137 3316 -0.060709012719982275
137 3151 -0.11534048005456947
137 3166 0.30514920653404953
138 3421 1.0
138 3436 0.23873544775310235
138 3451 0.11430101807690589
138 3466 -0.17066516042968433
138 3481 0.5644787152815933
138 3496 -0.06617844199159227
138 3331 0.33017253381433254
138 3346 -0.02590630517851884
151 152 -0.0938708211791548
151 166 -0.08766826895083592
151 3061 0.1482027482476887
151 3076 -0.9294516419846391
151 3091 0.087477331308144
151 3106 0.5974384933443335
151 3121 -1.0
151 3136 0.5869901152720453
151 3001 0.5800024767266552
151 3016 -0.388602132169995
151 3031 -0.33346737100631824
151 3046 0.00028070852219675286
152 153 -0.5884576178576433
152 167 0.520234024806771
152 3241 0.5349836034045796
152 3256 -0.07436359003613897
152 3271 0.41713672130470236
152 3286 0.0790485430304761
152 3301 -0.050282317554666334
152 3316 0.060059276261575235
152 3151 0.13392800477124092
152 3166 -1.0
152 3181 -0.3365424710824544
152 3196 -0.03374332065554341
152 3211 0.9498770824100908
152 3226 0.30566841476814716
153 168 0.655288171080005
153 3421 0.10482747666292365
153 3436 1.0
153 3451 0.3209017109283653
153 3466 0.6551449526730179
153 3481 -0.449110920367481
153 3496 1.0
153 3331 0.8701423074850277
153 3346 0.10010386172398959
153 3361 -1.0
153 3376 0.2695206363337682
153 3391 0.28818953586770113
153 3406 -0.7290611193846714
166 167 -0.21897941049446096
166 3061 0.3232667780718237
166 3076 -0.007512772058557717
166 3091 -0.8449883188810501
166 3106 -0.20537854984543968
166 3121 -0.07851758579770028
166 3136 0.11842403830739556
166 3001 -0.30957348853904526
166 3016 -0.2274721271080506
166 3031 -0.029993362685836043
166 3046 -0.10284538279012136
167 168 0.22294959680607712
167 3241 -0.06123331800007105
167 3256 -0.014426203833764667
167 3271 -0.8607565806191492
167 3286 0.9697109946508374
167 3301 0.5651573139695896
167 3316 -0.6091367012020684
167 3151 -0.17331677751413413
167 3166 0.18861414330734266
167 3181 -0.22101920888104937
167 3196 -0.8514079947864593
167 3211 0.4108335119688919
167 3226 -0.8064680285414655
168 3421 -0.07075479209171746
168 3436 -1.0
168 3451 -0.32059659489232994
168 3466 0.02576606180787372
168 3481 0.2973042332615955
168 3496 -0.07392869530917279
168 3331 0.10911009239503128
168 3346 -0.008071239749993993
168 3361 0.23061643966622875
168 3376 0.6035000538951523
168 3391 0.16097304552136146
168 3406 0.03449253513560809
181 182 -0.165671914925
181 196 -0.2618016274742987
181 3061 -0.03541012824574807
181 3076 -0.29565297322489825
181 3001 0.19502008480195024
181 3016 -0.6162073170914719
181 3031 -0.1861308083610008
181 3046 -0.4285668621190997
182 183 0.2816561102500496
182 197 0.37309008871198784
182 3241 0.4287625701950766
182 3256 -0.1902770990832371
182 3091 -0.32682962480755584
182 3106 0.4435647189321276
182 3121 -0.3408296692785737
182 3136 0.05861429018439613
182 3151 0.6868963905085174
182 3166 -0.4626475561506363
182 3181 0.4581314130003574
182 3196 0.013930853244556191
182 3211 -0.7252068720629553
182 3226 0.33742554900809396
183 198 0.06931911667406968
183 3421 0.6457853640344544
183 3436 0.257476433948912
183 3271 0.25696910128452266
183 3286 -0.8949916868502429
183 3301 -0.15041871217429434
183 3316 -0.33588130179659875
183 3331 0.29846450712589295
183 3346 0.7272458581400946
183 3361 -0.12890073578716033
183 3376 0.01122747600644217
183 3391 -0.14077606117125638
183 3406 0.8436130483366114
196 197 0.2624954994635222
196 3061 -0.8054235459420835
196 3076 0.4205740667998941
196 3001 -1.0
196 3016 -0.2786162945676937
196 3031 0.29965247894915154
196 3046 0.15250599737295414
197 198 -0.7870785282594981
197 3241 1.0
197 3256 -0.41740741547824234
197 3091 0.47212626802474505
197 3106 0.31964354012933793
197 3121 -0.4197335539140836
197 3136 -0.08836979773618817
197 3151 0.23500732672644656
197 3166 0.5387702517505674
197 3181 0.13347028748968726
197 3196 0.3316322552902356
197 3211 -0.8427021608516115
197 3226 0.5338832929235755
198 3421 -0.5836811257239571
198 3436 0.08676414237397594
198 3271 -0.16112835598336503
198 3286 -0.3053525869162911
198 3301 -0.010198637669200653
198 3316 0.5623220459171108
198 3331 0.09951330086376883
198 3346 -0.44449034938101667
198 3361 -1.0
198 3376 0.2032308007063677
198 3391 1.0
198 3406 0.4730253902741376
211 212 -0.3987010192519859
211 226 0.292592244593603
211 3061 0.09714937109296523
211 3076 -0.21405443634984148
211 3001 -0.25808134136907634
211 3016 0.33203045184391516
211 3031 -0.2537764858149305
211 3046 -0.708129285584187
212 213 -0.6738860684693723
212 227 -0.3815061721188303
212 3241 -0.6979978996180679
212 3256 -0.5910646810159674
212 3091 0.1685231376849856
212 3106 0.008351876515129112
212 3122 0.11979989049616864
212 3137 0.31272196249917955
212 3152 0.33834450496743973
212 3167 -0.48586987219403155
212 3181 0.5602386919177754
212 3196 0.16290030492235433
212 3211 0.23186523283087998
212 3226 -0.453415508805847
213 228 -0.816201477027991
213 3421 -0.035682358981834784
213 3436 0.49474863415772813
213 3271 0.4311481576369561
213 3286 0.6013995435792101
213 3302 0.5078243569788327
213 3317 0.025244049992786278
213 3332 -0.3983793534572826
213 3347 0.5151890233323144
213 3361 -0.09748510871961888
213 3376 0.6141739632556454
213 3391 0.6913620905980855
213 3406 -0.11753243247852907
226 227 -0.854263199873923
226 3061 -1.0
226 3076 0.2518046209874928
226 3001 -0.4588012228787563
226 3016 0.2674517080717455
226 3031 0.23223330891246458
226 3046 -0.15573783245171102
227 228 0.3695460901229814
227 3241 0.008026478552265433
227 3256 -0.3874373166939591
227 3091 0.2787000804529719
227 3106 -0.5254914643149683
227 3122 0.7052731749842823
227 3137 -0.8476846329432619
227 3152 0.5489294530056116
227 3167 0.36039136248001735
227 3181 -0.29137179013468556
227 3196 0.46847581969552077
227 3211 -0.9696335004691142
227 3226 -0.6972362703116854
228 3421 0.10211401213136231
228 3436 -0.8803928174324044
228 3271 0.7606306491964206
228 3286 -0.27195602385436096
228 3302 -0.018203249654822347
228 3317 -0.47176283360548
228 3332 0.07676398797285665
228 3347 -0.24920841845858105
228 3361 0.7170763547358702
228 3376 -0.1104634301943443
228 3391 -0.7892564616043027
228 3406 0.17901441665905396
241 242 0.7355220294801443
241 256 0.059389494949412765
241 3061 -0.3990903422643476
241 3076 0.4411777866772581
241 3091 0.464827026512378
241 3106 0.3546535166706433
241 3122 -0.28315823404482043
241 3137 -0.5246503253691045
241 3152 0.9082111873411249
241 3167 0.25439275028700065
241 3181 -0.08660948982688016
241 3196 -0.4404960814162321
241 3031 -0.03872527347647933
241 3046 0.4905852610553172
242 243 0.5028006128166184
242 257 0.17283591269673887
242 3241 0.076300038727789
242 3256 -0.07123784950564492
242 3271 -1.0
242 3286 0.015123324433326306
242 3302 -0.6149823908255909
242 3317 0.19743798704207158
242 3332 -0.3379407398067402
242 3347 0.2644230731407377
242 3361 -1.0
242 3376 0.17107348128130198
242 3211 -0.39272928807510843
242 3226 0.07864804091448153
243 258 0.5266867659381064
243 3421 0.07815802170136697
243 3436 -0.00903679536030032
243 3451 -0.12677022711470246
243 3466 0.6030629504873445
243 3482 0.37952162873134926
243 3497 0.021355678899933013
243 3512 0.5895758977947739
243 3527 1.0
243 3391 -0.1701745538241961
243 3406 0.27123686235057665
256 257 -1.0
256 3061 -0.8657251001353958
256 3076 -0.5175873658309748
256 3091 -1.0
256 3106 -0.31429147298624954
256 3122 -0.39601522032715264
256 3137 -0.3978231627248381
256 3152 -0.36284972064367244
256 3167 0.7130843400729681
256 3181 -0.5798622050158403
256 3196 0.27939166022644146
256 3031 0.14110772044916214
256 3046 -0.3702889522943391
257 258 -0.1118411735831976
257 3241 -0.28390326986821546
257 3256 -0.16792714245648727
257 3271 -0.17246553111340243
257 3286 -0.41918404239393575
257 3302 0.034743043059606266
257 3317 -0.10341198767525588
257 3332 -0.24063355708794795
257 3347 -0.9273248165864048
257 3361 -0.7582141565142653
257 3376 -0.9859655876286846
257 3211 0.1451235081728174
257 3226 0.6541845888035409
258 3421 0.36080824045617765
258 3436 -0.5945872452454103
258 3451 -0.10978744340702555
258 3466 0.6665895576718242
258 3482 0.19791373310849286
258 3497 -0.19463889688070707
258 3512 -0.05040706796320249
258 3527 0.04975383836292777
258 3391 0.10163976608782237
258 3406 0.7572447360870879
271 272 0.9060407089799671
271 286 -0.08360598020389914
271 3062 -0.05100539592312973
271 3077 -1.0
271 3092 -0.3936146723946777
271 3107 -0.8707060071577055
271 3122 0.41753717819931613
271 3137 -0.5902579387917866
271 3152 -0.3213704750674575
271 3167 0.4816989759754784
271 3181 0.3682202205934077
271 3196 0.023374558355923065
271 3031 -0.19536322782267618
271 3046 0.3020380452267273
272 273 -0.04781473221253371
272 287 -0.31436636459541833
272 3242 0.23646422230196412
272 3257 0.11113593079960392
272 3272 1.0
272 3287 -0.036789895331883204
272 3302 0.47361931496412557
272 3317 0.18033183114436208
272 3332 0.3290927484992087
272 3347 -0.19648234469004525
272 3361 -0.06813690704232182
272 3376 0.11107376005993384
272 3211 0.1633421224531056
272 3226 0.7967171385317591
273 288 0.3472395012810357
273 3422 0.32735119978146665
273 3437 0.9219020939781688
273 3452 -0.330396119581761
273 3467 0.2862795260138536
273 3482 0.3069930832796984
273 3497 0.2496972133079706
273 3512 0.15065047622594718
273 3527 -0.34693378741305686
273 3391 -0.39243450925863316
273 3406 0.1042534858278175
286 287 1.0
286 3062 -0.5444970613198844
286 3077 0.1617351838121761
286 3092 0.12964194764351208
286 3107 -0.6586159739945752
286 3122 0.6786156916114409
286 3137 0.7162875936889681
286 3152 -0.28513698780854807
286 3167 0.550527667558699
286 3181 0.2271504244357276
286 3196 0.07016495608931325
286 3031 0.38133707651869075
286 3046 -0.7539470935495768
287 288 0.47706937996230836
287 3242 0.18464540402775315
287 3257 0.3358508338853293
287 3272 0.18506067808185772
287 3287 0.4435221202723936
287 3302 0.6590641914567735
287 3317 0.26714701692076237
287 3332 -0.2670208806785479
287 3347 0.34239592877370617
287 3361 0.6258852679158379
287 3376 -0.8336514466862974
287 3211 0.3391147816385387
287 3226 0.7553763475552515
288 3422 -0.36409905435912004
288 3437 -0.02648053537549006
288 3452 -0.002470192708878597
288 3467 0.793981550437883
288 3482 -0.49217689729499603
288 3497 -0.005689985480719972
288 3512 -0.3736274070861157
288 3527 -0.6264116762583861
288 3391 -0.4777567632136708
288 3406 0.28415533000022386
301 302 0.7176241034471035
301 316 0.6329705245172392
301 3062 -0.6662518506060817
301 3077 -0.19926798681199245
301 3092 -0.6697119422493611
301 3107 -1.0
301 3122 -0.10883280951998024
301 3137 0.3896484443840633
301 3001 0.22274031449424203
301 3016 1.0
301 3031 0.1475063458678196
301 3046 0.6689762819795185
302 303 0.4095645573023693
302 317 0.3837251360510032
302 3242 0.7135291540627373
302 3257 0.39316205831518225
302 3272 0.3114317966976358
302 3287 -0.47148406782610375
302 3302 0.89977030559483
302 3317 0.591273766609783
302 3152 -0.05107924584578282
302 3167 0.5689821518846551
302 3181 -0.7333497437999302
302 3196 -0.11344444523135963
302 3211 -0.14213885190808584
302 3226 -0.5002886588360297
303 318 0.2928271989487677
303 3422 0.48163933183170254
303 3437 0.2554337050960554
303 3452 -0.21037784501775983
303 3467 0.316976331728203
303 3482 -0.8726884429557559
303 3497 0.1761802898286442
303 3332 -0.5222374253857974
303 3347 -1.0
303 3361 0.1617287417761569
303 3376 -0.6154181840295267
303 3391 0.5513719763043289
303 3406 -0.4080458820873423
316 317 -0.7148754285395573
316 3062 -0.8692209993847178
316 3077 0.10820828667088186
316 3092 -0.05656512615189933
316 3107 -0.18936432186943783
316 3122 0.0742705345175452
316 3137 -0.05582219270104105
316 3001 -0.011188396229355363
316 3016 -0.044009591278533856
316 3031 -0.09006334386912637
316 3046 0.03881359970410945
317 318 0.645054927659058
317 3242 0.8294138942787072
317 3257 0.14030350861638688
317 3272 -0.05438060866062161
317 3287 -0.3825369733971171
317 3302 -0.27542831549816327
317 3317 0.10591308914258134
317 3152 0.18667646342664918
317 3167 0.5859343816213078
317 3181 0.2665484850630806
317 3196 0.2446331794791499
317 3211 -0.8502532926782952
317 3226 -0.4007040175175025
318 3422 0.6918138198099898
318 3437 -0.7214662981482931
318 3452 0.2562502977546292
318 3467 0.35495935618615393
318 3482 0.028801371036893217
318 3497 0.20111071850618825
318 3332 -0.2225888602686603
318 3347 0.21856984121408055
318 3361 -0.1755972735299004
318 3376 -0.7979396079957166
318 3391 -0.6922051446267398
318 3406 -1.0
331 332 0.18911340304483112
331 346 0.12941128295607401
331 3062 -0.32538244481602135
331 3077 -0.6363090390845988
331 3092 -0.13702351073786284
331 3107 0.8143801441576014
331 3122 -0.9141630102596147
331 3137 0.18832133610214363
331 3002 0.21018818561266117
331 3017 0.0659658847284482
331 3032 -0.3876840899803782
331 3047 0.03396792383624674
332 333 -1.0
332 347 0.04333110688747704
332 3242 0.31778522198475656
332 3257 0.7853441091860198
332 3272 -0.05584416879256796
332 3287 -0.0633494294499305
332 3302 0.2467369250840666
332 3317 -0.4110311254232411
332 3152 0.3657430996375347
332 3167 0.12254388655153274
332 3182 0.17525056070782147
332 3197 -0.08714838112922668
332 3212 1.0
332 3227 -0.8062086999110529
333 348 0.2108431086126174
333 3422 0.04626475884855042
333 3437 -0.4992984379892127
333 3452 -0.18854565800757894
333 3467 0.0810564687310179
333 3482 1.0
333 3497 -0.32158014011706687
333 3332 1.0
333 3347 0.9874319688545509
333 3362 0.7298929031593412
333 3377 -0.21208286982433852
333 3392 -0.43317037305796835
333 3407 0.3607332084209485
346 347 0.6257238045551728
346 3062 -1.0
346 3077 -0.5356445416378586
346 3092 -0.024587276688087866
346 3107 0.34327198774027967
346 3122 0.5899825188792326
346 3137 -0.34874159454274145
346 3002 0.04621105954892654
346 3017 -0.17049874409228394
346 3032 -0.5742166924116844
346 3047 1.0
347 348 -0.9008626786228384
347 3242 0.1198440678603829
347 3257 -0.5679427062383416
347 3272 -1.0
347 3287 0.8812936890765626
347 3302 0.9689759837060602
347 3317 -0.045921837243867655
347 3152 -0.14874226473473579
347 3167 0.22353064407216544
347 3182 0.4304080475538348
347 3197 -0.22088681598568574
347 3212 0.17824224457384116
347 3227 -0.2815574167236491
348 3422 -0.11669414748030754
348 3437 0.24248115395246497
348 3452 -0.3467317791480576
348 3467 0.5469052946023774
348 3482 -0.33612710186547357
348 3497 -0.06493210924231084
348 3332 0.18488519938057726
348 3347 1.0
348 3362 0.20404878647360247
348 3377 0.8822452528897152
348 3392 0.17389420834268832
348 3407 -0.14183020141158675
361 362 -1.0
361 376 -0.7741903829306326
361 3062 0.48925055790768784
361 3077 -0.5527518583858229
361 3002 0.19758252014960545
361 3017 -0.08065389726424269
361 3032 -1.0
361 3047 0.4350390347174756
362 363 -0.010813620005943205
362 377 -0.030329356595594652
362 3242 0.5157442531788401
362 3257 -1.0
362 3092 -1.0
362 3107 -0.4507103792906899
362 3122 0.03242570905389206
362 3137 0.3123380575961679
362 3152 -0.5745475798018341
362 3167 -0.22296516186053356
362 3182 0.6154644811497425
362 3197 -0.35426790859086427
362 3212 -0.16042124305709865
362 3227 0.4676625920765103
363 378 -0.35885945440496236
363 3422 0.6395824123511619
363 3437 0.17375547312374276
363 3272 -0.9598364222138832
363 3287 -0.013667511030486256
363 3302 0.35640604159749
363 3317 -0.4091148149532297
363 3332 -0.08105134877804836
363 3347 -0.03007658897335201
363 3362 -0.3157609526162879
363 3377 1.0
363 3392 0.22151592080289015
363 3407 -0.5621987096192821
376 377 -0.5874838471426832
376 3062 -0.31733898230724267
376 3077 -0.11181505164048901
376 3002 0.2841984001902999
376 3017 0.5629807984389681
376 3032 -0.09607075580240397
376 3047 -0.1339090270768256
377 378 0.12578558019990901
377 3242 0.03982377529134703
377 3257 0.7760541576442891
377 3092 0.5094497491434361
377 3107 -0.9707733358147358
377 3122 -0.037015595486684164
377 3137 0.028468606435313203
377 3152 0.4246038168463615
377 3167 -0.6058503248799613
377 3182 -0.9415026731659096
377 3197 0.10714937973551517
377 3212 -0.9975151377321251
377 3227 0.6601892525879198
378 3422 -0.8781737807768957
378 3437 0.6791893886828883
378 3272 -0.27426400405062473
378 3287 0.5814920149343193
378 3302 0.23298338553914505
378 3317 -0.03233087184046523
378 3332 -0.46413134098090714
378 3347 -0.34304943727441345
378 3362 0.7098236215760866
378 3377 0.20995844582585327
378 3392 -0.2781208588014808
378 3407 0.5470039568391337
391 392 0.454333905027403
391 406 0.5251161598857181
391 3062 0.830842652299384
391 3077 -0.09114949501080255
391 3002 -0.06849161673562236
391 3017 -0.105139914790061
391 3032 0.2376822936388992
391 3047 -0.6102893939863667
392 393 -0.0823610731870858
392 407 -0.4336523849781389
392 3242 -1.0
392 3257 -0.3939262605149771
392 3092 0.6633462823445686
392 3107 0.7379860661833023
392 3123 0.3252578897275364
392 3138 -0.22493813696771306
392 3153 -1.0
392 3168 0.12426891642777102
392 3182 -0.23116048924038124
392 3197 0.32160099892680444
392 3212 -0.47608670433139716
392 3227 0.22392314498034252
393 408 0.05883845581364971
393 3422 -0.7102875572014121
393 3437 1.0
393 3272 0.236047969287521
393 3287 0.21700876649635817
393 3303 0.06857724280140763
393 3318 -0.2556807955899976
393 3333 -0.2943214620507359
393 3348 0.4586925138860183
393 3362 -0.11831499676800104
393 3377 0.29053455564753433
393 3392 0.006764112658038694
393 3407 0.08175765903800276
406 407 -0.2908994433071594
406 3062 0.19227077140392201
406 3077 -0.35182780770474387
406 3002 0.7228876542134304
406 3017 0.6996223189112732
406 3032 -0.26301317545872754
406 3047 0.5979038962607406
407 408 0.3506576638820649
407 3242 0.034953191010750555
407 3257 0.4495065874945493
407 3092 0.05920167593927548
407 3107 -0.8742672308778219
407 3123 0.5811855728458285
407 3138 0.9748756176847708
407 3153 0.3439629280980075
407 3168 -0.021326546124811177
407 3182 -0.08642575625932111
407 3197 -0.011292950387176195
407 3212 -0.35217376418686724
407 3227 -0.9909223223740061
408 3422 0.30630890797370414
408 3437 0.3029691571228657
408 3272 0.6463901503340538
408 3287 0.20541725088118787
408 3303 0.256086512694176
408 3318 -0.8248038141841513
408 3333 0.23968896005676682
408 3348 0.08217346723893812
408 3362 -0.06926777712806906
408 3377 0.3783753488782825
408 3392 -0.2973831561636284
408 3407 0.31905706363747394
421 422 1.0
421 436 -0.45802265599141956
421 3062 -0.6068712595840137
421 3077 0.08219690318403326
421 3092 0.5200710973457291
421 3107 0.759181210166743
421 3123 -0.19617238508814894
421 3138 -0.563686285089594
421 3153 0.17273532962060348
421 3168 0.7427959976082452
421 3182 0.15697095215188395
421 3197 0.6025807179429831
421 3032 0.7011070685549065
421 3047 0.02357064756953966
422 423 -0.379885702529017
422 437 1.0
422 3242 -0.5539111361479357
422 3257 0.3182684674224374
422 3272 -1.0
422 3287 0.45729729768170446
422 3303 0.062002908800989485
422 3318 -0.3888307220890701
422 3333 0.47728546713580633
422 3348 -0.2086689011212724
422 3362 -0.42406552730012026
422 3377 0.15343844219323155
422 3212 0.421752433213239
422 3227 0.1258775861482959
423 438 0.5985989103740873
423 3422 0.08027400929158547
423 3437 0.10497385244415294
423 3452 -0.5049264490196463
423 3467 0.04243947878122666
423 3483 0.03203935123776343
423 3498 0.008328403503240678
423 3513 0.7192644787776404
423 3528 0.20986624600969983
423 3392 0.6143221342536318
423 3407 0.04971544682862838
436 437 0.3830347974487035
436 3062 0.15220578129459464
436 3077 0.2219135580411998
436 3092 -0.37681968717723346
436 3107 0.12367514285435265
436 3123 -0.1172801725447076
436 3138 0.19123338580302868
436 3153 0.4920653952706352
436 3168 -1.0
436 3182 0.31317122103977224
436 3197 0.22772867715771483
436 3032 -0.32145966068648557
436 3047 -0.2857188154164653
437 438 -0.029885753094293716
437 3242 0.13056133486890775
437 3257 0.8693065150394824
437 3272 -0.5759909295380936
437 3287 0.13709696769864985
437 3303 0.1669948893863635
437 3318 -0.44380036193612393
437 3333 -0.5338700815937867
437 3348 -0.3585127268505814
437 3362 -0.30480815173381964
437 3377 1.0
437 3212 0.10057677859763221
437 3227 0.7561735949318029
438 3422 -0.6942333545132613
438 3437 0.4949234243683501
438 3452 -0.1931675569678672
438 3467 0.02765597141310622
438 3483 -0.02337241046998194
438 3498 -0.44417085916217625
438 3513 -0.37764367223278256
438 3528 -0.4424976350930881
438 3392 0.7691023749560916
438 3407 -0.3467406316463776
451 452 0.4480808629559898
451 466 0.5198967136265609
451 3063 0.04974890306462684
451 3078 -0.674935731010722
451 3093 0.44463101904201074
451 3108 -0.054719264965832085
451 3123 0.12185483651909793
451 3138 -0.11100620695170423
451 3153 0.253235949701603
451 3168 0.2528758806676832
451 3182 -0.6835891682259697
451 3197 -0.31995843017783754
451 3032 -0.216069506781864
451 3047 0.6673672138007526
452 453 0.0722602505921309
452 467 -0.0015273350697380514
452 3243 0.4011633699025155
452 3258 -0.43327744492075704
452 3273 -0.1881997091843001
452 3288 0.61173639479019
452 3303 -0.18556594110194222
452 3318 -0.5189438707960058
452 3333 0.138708825500216
452 3348 0.11007878330014113
452 3362 0.19021809557153277
452 3377 0.8286102831360189
452 3212 0.08992685490437383
452 3227 -0.19620548116955663
453 468 0.5749627058399751
453 3423 0.5900041148662477
453 3438 -0.21122152550526516
453 3453 0.06013951061273483
453 3468 0.3428049630712863
453 3483 0.3460270478899337
453 3498 0.4596713203709836
453 3513 0.5482987149340952
453 3528 0.6364692300964013
453 3392 0.2580100633343725
453 3407 -0.27117787242329466
466 467 0.5390417293967587
466 3063 0.5119073998163094
466 3078 0.24510343023794123
466 3093 -0.7952670573471977
466 3108 -0.33425311423729215
466 3123 -0.3435406436783218
466 3138 0.02242307056381743
466 3153 0.31202460309305546
466 3168 -1.0
466 3182 -0.5339447028598112
466 3197 -0.44321143840759536
466 3032 -0.8131764986920458
466 3047 -0.7050903199002271
467 468 -0.39852271433086345
467 3243 -1.0
467 3258 -0.14164265281794824
467 3273 1.0
467 3288 0.786643077458862
467 3303 0.392434929966716
467 3318 0.30303629280819216
467 3333 0.6237904846639752
467 3348 -0.9279837385080351
467 3362 -0.47563181667001486
467 3377 0.05846038623040855
467 3212 -0.040718773529137255
467 3227 -0.7756455501220182
468 3423 0.6357309152415151
468 3438 0.27936958197661066
468 3453 0.050774052417145776
468 3468 -0.08881462421142382
468 3483 0.6325973558786676
468 3498 -0.18272525905418757
468 3513 0.41821583225660586
468 3528 -0.15216190174637315
468 3392 0.43420452429082657
468 3407 -0.36968364743993126
481 482 0.03244645562131573
481 496 0.3943486721520213
481 3063 0.14115646910412388
481 3078 -0.4616891639382818
481 3093 -0.7133413186346033
481 3108 -0.6849429718680505
481 3123 0.6115582162084289
481 3138 0.6003971203437907
481 3002 0.6385434478494906
481 3017 -0.3924634533274105
481 3032 -0.23522270610620466
481 3047 -0.08254469119074496
482 483 -0.4832221829090457
482 497 -0.35425075647026766
482 3243 0.2938358999285929
482 3258 -0.043860611345360435
482 3273 -0.5853244577610507
482 3288 -0.37525825645738276
482 3303 0.7872479946389013
482 3318 0.05944793787758029
482 3153 0.865607896636486
482 3168 -0.7962255950658756
482 3182 0.06825739913584257
482 3197 0.32841993479070586
482 3212 0.036232516628884444
482 3227 0.18708340032781118
483 498 0.5251497036607599
483 3423 -0.1582737994326202
483 3438 -0.3641648230993015
483 3453 -0.6622683641034275
483 3468 -0.03134160424432709
483 3483 -0.5895411785277741
483 3498 -0.31151429323892477
483 3333 0.5986548149638512
483 3348 -0.06638553845656772
483 3362 0.03749085051032608
483 3377 0.5489185632075987
483 3392 -0.8253278772669159
483 3407 0.44522210189742856
496 497 0.49807059650948354
496 3063 -0.3482918528914922
496 3078 0.11333477399322418
496 3093 0.2955980217573652
496 3108 -0.5774435949174435
496 3123 0.3110549835714182
496 3138 -0.4335296461098359
496 3002 -0.4743288829273605
496 3017 0.39951912306948834
496 3032 0.15345821057343245
496 3047 0.45157071476543237
497 498 0.19806705303792796
497 3243 -0.5428697542488122
497 3258 -0.5411556542493785
497 3273 -0.5668264424874551
497 3288 -0.04995460326579012
497 3303 0.47194438762805174
497 3318 -0.7988280017096356
497 3153 -0.23512023995701495
497 3168 -0.022380039000000723
497 3182 1.0
497 3197 0.6646824951868376
497 3212 -0.014694521642464124
497 3227 1.0
498 3423 -0.14868491233581818
498 3438 -0.27484133853143244
498 3453 -0.2381904721183246
498 3468 0.41879894834331655
498 3483 0.09429955857131553
498 3498 1.0
498 3333 -0.28721331243108517
498 3348 0.0888399035692197
498 3362 -0.7691797526209835
498 3377 0.23681101945982144
498 3392 0.40336181377070796
498 3407 0.016207307914075254
511 512 0.4976492070190858
511 526 0.8203758516949101
511 3063 -0.390815764731894
511 3078 -0.6826975503176871
511 3093 0.529561705621281
511 3108 0.0457515342462325
511 3123 0.6937532584235453
511 3138 0.092197482111377
511 3003 -0.3394450060754053
511 3018 -0.13891054083552043
511 3033 0.06558139314630804
511 3048 0.09743858444645769
512 513 0.3823928088828995
512 527 -0.1447719519269754
512 3243 -1.0
512 3258 0.41622774006015567
512 3273 -0.22107050207647785
512 3288 0.7200544818284755
512 3303 0.8869414833540133
512 3318 0.8292204332585841
512 3153 0.7497381065544019
512 3168 -0.33440032647822987
512 3183 -0.15651302392896024
512 3198 0.3007761290036655
512 3213 0.1902198757294936
512 3228 0.27904378866552404
513 528 -1.0
513 3423 -0.4493307923040517
513 3438 0.8724309741463178
513 3453 0.011583632067595198
513 3468 -0.24977250330221665
513 3483 -0.7265459738856708
513 3498 -0.39359396400911983
513 3333 0.8429035715729564
513 3348 0.21566798153874114
513 3363 0.3490038426004511
513 3378 -0.5624462809025672
513 3393 -0.3745137522519913
513 3408 0.20519361353521795
526 527 -0.04943301224891561
526 3063 0.6963159090465434
526 3078 -0.22797738016857919
526 3093 -0.31180076045451843
526 3108 0.9799747680591498
526 3123 0.16606919905803205
526 3138 -0.49297730381930405
526 3003 -0.02135817396552476
526 3018 0.07027613240303701
526 3033 -0.6619181476502907
526 3048 0.7239595512442163
527 528 -1.0
527 3243 -0.2664392794707758
527 3258 -0.7755286027867005
527 3273 0.3448785246510749
527 3288 0.002038386841914701
527 3303 0.6594737959797525
527 3318 -0.3875027759905311
527 3153 -0.8089162094790756
527 3168 0.4545630470114273
527 3183 0.056448609865249376
527 3198 0.20817833037814473
527 3213 0.1882316301461123
527 3228 -0.7150136586804644
528 3423 0.4165982700623629
528 3438 0.09613897675872704
528 3453 -0.15251470539329126
528 3468 0.5894253981491148
528 3483 0.01960085145424382
528 3498 1.0
528 3333 0.6362204333887467
528 3348 0.4990165474192326
528 3363 -0.45424577205985606
528 3378 -0.020694681858688484
528 3393 0.4971620701423371
528 3408 0.667752155440562
541 542 0.16730267623504458
541 556 0.47791993703436225
541 3063 0.031323956291485294
541 3078 -0.34980637136137716
541 3003 0.43827187213959556
541 3018 -0.2038208683197981
541 3033 -0.030470605868883935
541 3048 -0.09143671116525406
542 543 -0.17469350091730876
542 557 0.21107219757536685
542 3243 -0.35187196163169177
542 3258 0.41369464869932815
542 3093 -0.4097701616996844
542 3108 -0.4491562098203554
542 3123 -0.09763954937530693
542 3138 -0.9893703707674489
542 3153 0.19563730608334107
542 3168 0.32940761586828443
542 3183 -0.322008681150621
542 3198 -0.37942065329833996
542 3213 -0.6433510579686577
542 3228 -0.3052059623089209
543 558 0.08415316913277626
543 3423 0.37756329725198706
543 3438 -0.12326549459997793
543 3273 -0.22062956191047636
543 3288 -0.3060449461696775
543 3303 0.1736600021014167
543 3318 -0.2410256621147661
543 3333 0.68149374597816
543 3348 -0.15521690540285554
543 3363 -0.4921356749988528
543 3378 -0.8565426382980367
543 3393 0.9928102149199522
543 3408 -0.0874968482181472
556 557 -0.0674256273051674
556 3063 -0.012480516953543309
556 3078 0.4669215972646869
556 3003 -0.22458571264378402
556 3018 0.6041558710234219
556 3033 0.17557463425160866
556 3048 -0.23861141302759864
557 558 -0.5889061668174201
557 3243 0.3306513588046763
557 3258 -0.9545187751863462
557 3093 -0.5167222741617867
557 3108 -0.022397701117136393
557 3123 -0.08145253695393381
557 3138 -0.14610753669414175
557 3153 -0.08742349064948474
557 3168 -0.3935386081971502
557 3183 -0.07281471208489129
557 3198 0.41860279556682395
557 3213 0.24543406008656862
557 3228 0.37171309690142906
558 3423 1.0
558 3438 -0.3195306876987165
558 3273 -0.32271843080492957
558 3288 -0.46761031872252445
558 3303 0.783990000570602
558 3318 0.31078442424004366
558 3333 0.45761333489679096
558 3348 0.15244486801430712
558 3363 -0.1139187804704688
558 3378 0.005348781006909553
558 3393 -0.23736590305511926
558 3408 0.26046560239039224
571 572 -1.0
571 586 0.04707582348944508
571 3063 0.5778154893053844
571 3078 0.09560264324544894
571 3003 0.27107982950018916
571 3018 0.3748536491853861
571 3033 -0.591325576085221
571 3048 -0.35297793117369236
572 573 -0.9495718173086414
572 587 -0.548816049815758
572 3243 0.41954278350009233
572 3258 0.3448754007614178
572 3093 -0.02411186620987436
572 3108 -0.18622166393602624
572 3183 0.49380464105366584
572 3198 0.1802628475838341
572 3213 -0.036500087230476826
572 3228 -0.28765086501376713
573 588 -0.5011335464213612
573 3423 -0.2476833523201358
573 3438 0.33254766743100017
573 3273 0.20795787897841658
573 3288 0.45157099021784186
573 3363 0.5545224714793043
573 3378 -0.27015773362676776
573 3393 0.6243034471416176
573 3408 -0.3914285674025785
586 587 1.0
586 3063 0.4092035488391091
586 3078 -0.3041091067839109
586 3003 -0.09889567930466926
586 3018 0.04655615961705934
586 3033 0.40130502802658413
586 3048 0.25687717310990454
587 588 -0.49452738233840404
587 3243 0.3486241734712187
587 3258 0.3563764601244387
587 3093 0.7914977303486801
587 3108 -1.0
587 3183 0.10880981124820105
587 3198 -0.39256804680092433
587 3213 -0.4454039103832184
587 3228 -0.0416962983106609
588 3423 -0.7943611498911877
588 3438 0.2565118889405409
588 3273 0.04211396882653429
588 3288 0.8187058616027233
588 3363 -0.562559148749008
588 3378 -0.05524760772936277
588 3393 -0.10196201024506595
588 3408 0.18568813757039643
3001 3002 0.5820415163796621
3001 3016 0.9036201093324565
3002 3003 0.04413190390262082
3002 3017 0.18391484844288875
3003 3018 0.18754992646536317
3016 3017 -0.017333282581424574
3017 3018 0.5052133956622736
3031 3032 0.4782580001586485
3031 3046 0.32188502521330375
3032 3033 0.5112581203703027
3032 3047 -0.19199086822693887
3033 3048 0.29058849556802535
3046 3047 -0.6584921611725415
3047 3048 1.0
3061 3062 0.3188528062104309
3061 3076 0.14149349640739084
3062 3063 0.7855025274050973
3062 3077 -0.5675979807015016
3063 3078 -0.1772624878804903
3076 3077 0.5311206032270327
3077 3078 -0.3268213357543509
3091 3092 0.316058162764688
3091 3106 0.1882126171188207
3092 3093 0.45151072313900126
3092 3107 0.1052237614827138
3093 3108 0.6771461816403127
3106 3107 0.3222707483871612
3107 3108 -0.2861909825206247
3121 3122 0.8015589011355251
3121 3136 0.038813749165632266
3122 3123 -0.5332976697161035
3122 3137 -0.4766734906096013
3123 3138 0.5877893080522625
3136 3137 0.4027321517627976
3137 3138 -0.24919079395201216
3151 3152 0.6953060821946543
3151 3166 -0.7912135471488292
3152 3153 -0.7291450525791633
3152 3167 0.43020431850673274
3153 3168 -0.13200994373588107
3166 3167 0.3288852604515302
3167 3168 -0.3209433062442554
3181 3182 -0.15099021658079695
3181 3196 1.0
3182 3183 -0.16240291854123906
3182 3197 -0.1879885384831629
3183 3198 0.5764202140007861
3196 3197 -0.027588396518880343
3197 3198 -0.0924131746313188
3211 3212 -0.06653665678162853
3211 3226 0.12077858338435786
3212 3213 0.7844689653957496
3212 3227 -0.003161284372870026
3213 3228 -1.0
3226 3227 0.43066737732014126
3227 3228 -0.09517455829198566
3241 3242 -0.08748554404042529
3241 3256 0.4836859425384488
3242 3243 0.6473009577737905
3242 3257 0.32338627325373237
3243 3258 -0.21664528377984685
3256 3257 0.6823084482090149
3257 3258 0.08693097135127681
3271 3272 -0.5670608552017362
3271 3286 -0.9485220453672012
3272 3273 0.38496766192658616
3272 3287 -0.03719930189322341
3273 3288 0.07240465554907206
3286 3287 0.19560080252561807
3287 3288 0.3555895415611407
3301 3302 0.5906857751183174
3301 3316 0.18623109882984545
3302 3303 0.3969311333409238
3302 3317 -0.427072014620751
3303 3318 0.5310095260385065
3316 3317 0.12586128019285545
3317 3318 0.2755255092885013
3331 3332 -0.30169783185144666
3331 3346 -0.48704430708416924
3332 3333 -0.06763513578273522
3332 3347 0.2891927113860438
3333 3348 -0.40386811370709386
3346 3347 0.36672650765737547
3347 3348 -0.600052026419788
3361 3362 1.0
3361 3376 -0.30531276204233665
3362 3363 -0.28813199192913114
3362 3377 -0.38525601005416577
3363 3378 0.3746120213414456
3376 3377 0.9518886156283636
3377 3378 0.23909799423230438
3391 3392 0.000984416365132712
3391 3406 -0.10275864479969256
3392 3393 -0.3199165372062489
3392 3407 0.1278581969152095
3393 3408 0.22210839901942953
3406 3407 -0.21632840638970732
3407 3408 -0.2996571206112398
3421 3422 0.564648727256562
3421 3436 -0.7219547472490677
3422 3423 -0.0381644076750953
3422 3437 0.18653914002003685
3423 3438 -0.8151472343104044
3436 3437 -0.15552130471314554
3437 3438 0.6116418975210773
3451 3452 -0.3612705956878867
3451 3466 -0.7350150570358126
3452 3453 -0.013654786617810156
3452 3467 0.9695215143020806
3453 3468 0.5357141062574899
3466 3467 0.634869330748639
3467 3468 0.5302421639961806
3481 3482 -0.3639000542831067
3481 3496 -0.3295036933935419
3482 3483 -0.2704608721092
3482 3497 0.6497614872892847
3483 3498 0.12268000277321536
3496 3497 -0.06366968421647408
3497 3498 -0.30482521822264663
3511 3512 -0.46305839879466115
3511 3526 0.17350324879004134
3512 3513 -0.20991956229698577
3512 3527 -0.36048913381861264
3513 3528 -0.2235986491524128
3526 3527 -0.1301772863023213
3527 3528 -0.25894755914044587
