# 
61 61 2.6578383616164882
62 62 -1.9613319209698228
63 63 2.0934155465184916
76 76 1.137879140790938
77 77 -0.6848774585250268
78 78 0.6899608474608626
91 91 0.828802770832622
92 92 1.1277623297929995
93 93 -1.3094656134053733
106 106 -0.5910714084974888
107 107 0.5255623152361005
108 108 0.5739768515223104
121 121 -0.8081871584657603
122 122 0.9445661240440848
123 123 -1.2044040383720744
136 136 -0.5316372390333041
137 137 -1.8167910812914159
138 138 0.24488777395049002
151 151 0.8745063071714126
152 152 0.13503897990299296
153 153 -0.19960106228275612
166 166 -0.47628674387467423
167 167 -1.298713621094328
168 168 1.4322730817628773
181 181 1.4144222936662114
182 182 -1.6842520166655035
183 183 1.2665794303480609
196 196 -0.27086454056703557
197 197 -0.2830725900579486
198 198 -0.31493274136488697
211 211 0.3129813172341009
212 212 2.451655193541256
213 213 0.7618072244686638
226 226 -0.6212205907442541
227 227 -1.3875215746691174
228 228 0.1344186583421274
241 241 0.5708111828530642
242 242 0.4133339735452138
243 243 -0.20181488573295434
256 256 0.10140910223480262
257 257 -0.698759480243432
258 258 -1.135057872167645
271 271 0.4497770875622868
272 272 0.34946884066321043
273 273 -0.2732644996623954
286 286 1.0912732021480973
287 287 0.17201126912552178
288 288 -0.807419645841845
301 301 0.7253163505182163
302 302 0.48092599313880546
303 303 -1.535845528100688
316 316 0.47461765537963685
317 317 -1.502094199392794
318 318 -0.1627917026427523
331 331 0.0964676814069478
332 332 0.2705264741861913
333 333 -0.1596111482021176
346 346 0.0023973071104644657
347 347 1.5040726718299848
348 348 -1.1065805289949056
361 361 0.21242881428192342
362 362 -2.326508632406787
363 363 -0.9542975855146627
376 376 0.7092584116264352
377 377 -0.2175897736508367
378 378 -0.7181180721374687
391 391 -1.1554731068867794
392 392 -0.4122758550551906
393 393 -0.4423679421729414
406 406 -2.058214873451038
407 407 -1.2831454579557533
408 408 -0.8509578039976315
421 421 -1.2915241703007536
422 422 -0.5390737954173629
423 423 -0.379796272733975
436 436 1.1833543509884488
437 437 0.8763939894087699
438 438 -0.0398930733910291
451 451 -0.5152118817121593
452 452 1.069397388579418
453 453 -0.5630085493287587
466 466 0.6063201340407094
467 467 -1.1515504728332295
468 468 1.1951222446522842
481 481 -0.025041134954813433
482 482 0.1845624204723891
483 483 -1.0342352869956914
496 496 -0.20959207821674392
497 497 -1.9562211563208207
498 498 0.3401485932403806
511 511 -0.0783507662403019
512 512 -0.42454847380196514
513 513 1.0748805462173667
526 526 -2.011502653139361
527 527 0.26101880562962626
528 528 1.4028531777452384
541 541 0.7338216856269764
542 542 0.05666171751234914
543 543 0.289512863932974
556 556 -0.037138356280721325
557 557 -1.7813506401910317
558 558 -0.3436671648473719
571 571 0.35481981657804496
572 572 -0.3428799190815128
573 573 0.19816809024926618
586 586 -0.17116868132895327
587 587 -0.16436604440470642
588 588 0.5146595389712567
3001 3001 0.3110346882900492
3002 3002 -0.7224303588900766
3003 3003 1.6278255806831745
3016 3016 -0.7585748568508417
3017 3017 0.9764791208267408
3018 3018 0.6954519311991828
3031 3031 1.11378373858082
3032 3032 0.5791996729713133
3033 3033 0.9289553820269312
3046 3046 0.0004739666494625818
3047 3047 0.168096237883144
3048 3048 0.7261413908288219
3061 3061 -1.93503663823223
3062 3062 0.8524125007371847
3063 3063 1.2638422156898999
3076 3076 0.34511322330701716
3077 3077 0.8552263754701893
3078 3078 0.5709165726877563
3091 3091 -0.10550236613870038
3092 3092 1.7697963407035167
3093 3093 -1.166447517703759
3106 3106 1.9446505819834494
3107 3107 1.5896926589330256
3108 3108 -0.743561720926127
3121 3121 -1.1231720608218285
3122 3122 -0.6994914744624039
3123 3123 -0.26076302796121226
3136 3136 -0.43797535422171685
3137 3137 0.6959942351249274
3138 3138 0.1324978843547775
3151 3151 0.25393793330703196
3152 3152 -1.5988577415040046
3153 3153 -0.5553592454432871
3166 3166 -0.8877023458196214
3167 3167 1.044688536105542
3168 3168 0.34923430401553995
3181 3181 0.31466832202397454
3182 3182 0.8538706678025781
3183 3183 0.8718713771381451
3196 3196 2.0103179196383447
3197 3197 -0.22311356580338185
3198 3198 -0.659421270790546
3211 3211 1.0324538781044355
3212 3212 -1.1236773622048588
3213 3213 0.006775801520590624
3226 3226 0.5172421221965
3227 3227 -0.21052394688219958
3228 3228 -0.677750685058725
3241 3241 -2.4683309628631553
3242 3242 -1.4771416094925969
3243 3243 -0.42782717526721037
3256 3256 -0.5404296015040281
3257 3257 1.1183481811344247
3258 3258 1.3549565802151036
3271 3271 -0.6636864908919766
3272 3272 -1.000909412001671
3273 3273 -0.8589537808926586
3286 3286 0.1587533516817714
3287 3287 -0.5313764861519142
3288 3288 1.3770725249902915
3301 3301 1.454525049307693
3302 3302 0.7274614050322431
3303 3303 0.8208773801848903
3316 3316 -0.4847612274885689
3317 3317 0.3753981767117946
3318 3318 -0.46113501328321627
3331 3331 -0.12030926849790974
3332 3332 -0.5261726319852497
3333 3333 -1.4938838778493706
3346 3346 -1.136497307843163
3347 3347 -0.733588166030536
3348 3348 -1.811168343362095
3361 3361 -0.9292705564108414
3362 3362 -0.45685686328379793
3363 3363 0.9838091485994108
3376 3376 0.2721796511810734
3377 3377 -2.024577174637046
3378 3378 0.20939248788525916
3391 3391 0.24551022139215514
3392 3392 -0.7572645393388665
3393 3393 -0.40534530743295555
3406 3406 -1.3687404587202259
3407 3407 -0.3952905163449479
3408 3408 -0.15555131511436182
3421 3421 0.5016833170040939
3422 3422 -0.37728194779219226
3423 3423 1.0944019657393873
3436 3436 -0.39739601993047186
3437 3437 -1.4963263345843523
3438 3438 0.33147176795113076
3451 3451 -0.5111576792451615
3452 3452 -0.8726799449633339
3453 3453 -0.6427179206127196
3466 3466 -0.36418574119040975
3467 3467 0.8817034986799328
3468 3468 -0.6684966201974927
3481 3481 0.4272589781453494
3482 3482 -0.2778837536778508
3483 3483 0.6229402281703492
3496 3496 -0.6251259998211294
3497 3497 -0.9926514154692728
3498 3498 -0.23704083071274676
3511 3511 0.36707716591588113
3512 3512 -0.6351490955725891
3513 3513 0.428662403869242
3526 3526 -0.41220430464957036
3527 3527 -0.09867451821694063
3528 3528 0.49818221960672227
61 62 -0.6553278682427889
61 76 -0.024301349939568628
61 3121 -0.19871178117803442
61 3136 -0.30191641825511223
61 3151 0.17896318542246448
61 3166 0.3465617624742332
62 63 0.7888426906170238
62 77 0.2777051662534735
62 3301 -0.9550803955500714
62 3316 -0.5837547573929501
62 3331 0.04870112226952306
62 3346 0.5757519162138831
63 78 0.25934536402796654
63 3481 -0.6258127164193364
63 3496 0.15027738307333993
63 3511 0.7753521438184434
63 3526 0.4939950034309284
76 77 -0.6940179215269122
76 3121 0.24955892301669835
76 3136 -0.3140979355918302
76 3151 -0.671890338957911
76 3166 -0.15975497010609027
77 78 -0.5163378257330079
77 3301 -0.039884325779853534
77 3316 -0.31115272533276944
77 3331 -0.5684085082196147
77 3346 0.33973778253748765
78 3481 -0.3356812894718799
78 3496 0.19785404151294564
78 3511 1.0
78 3526 0.06819493294709439
91 92 0.5307854307134418
91 106 -0.35950875449587943
91 3061 0.05772265832931034
91 3076 0.4106586986633787
91 3091 0.5140307378033192
91 3106 -0.021205129394832253
91 3121 0.7336916877312412
91 3136 -0.46716863790719443
91 3151 -0.45226880681761816
91 3166 0.036237462701891696
92 93 -0.377860449821845
92 107 0.17641854153159994
92 3241 -0.39623443235591327
92 3256 0.14644032954290967
92 3271 -0.7028431448083393
92 3286 0.24501081865724586
92 3301 -0.020086476748380617
92 3316 0.8025529505680206
92 3331 0.25587981213773087
92 3346 0.6147259667152486
93 108 0.33430630083036156
93 3421 0.41291432562513686
93 3436 0.1344966136267984
93 3451 -0.3712990550481796
93 3466 -0.40236195867837754
93 3481 0.1882848073045372
93 3496 0.3519848452781167
93 3511 0.5496339854298972
93 3526 -1.0
106 107 0.03166255188561809
106 3061 0.5569424820065244
106 3076 0.15694087462872183
106 3091 -0.7478610562136544
106 3106 0.2722591895144951
106 3121 0.22172433144437204
106 3136 -0.2066915024026185
106 3151 -0.009150569557034685
106 3166 -0.05447131495443199
107 108 -0.08340027659776957
107 3241 -0.17483483289376703
107 3256 0.2646234159489817
107 3271 -0.19322515075708108
107 3286 0.4051820901618144
107 3301 0.24940430416033454
107 3316 -0.2800733845132998
107 3331 -0.07742527925414716
107 3346 -0.2527387430677758
108 3421 0.8802084763037423
108 3436 -0.25668369277290753
108 3451 0.18409731529568713
108 3466 1.0
108 3481 0.7120441988706412
108 3496 0.12435898330236189
108 3511 -0.6587925421991474
108 3526 0.6300637268633801
121 122 0.19022157599150039
121 136 -0.09174663353392337
121 3061 0.1893947025002989
121 3076 0.6142917125952884
121 3091 0.13495884711954945
121 3106 0.7538158660565235
121 3121 0.23218424117920664
121 3136 0.016440672433170055
122 123 -0.24751339065642056
122 137 -0.6198991473482192
122 3241 -0.14600133430418402
122 3256 0.38245059068497245
122 3271 -0.2705009767702953
122 3286 -0.2962144402737808
122 3301 0.2993938509145058
122 3316 0.966690762911513
122 3151 0.12896552698748195
122 3166 0.2288058944847922
123 138 -0.004209059357438676
123 3421 0.1402961158203703
123 3436 0.08013485656738645
123 3451 0.3993694718319118
123 3466 0.7664176687382842
123 3481 -0.05482516291982313
123 3496 -1.0
123 3331 -0.3788861279324772
123 3346 -0.006552637195875404
136 137 -0.1549003601595087
136 3061 0.4891473195859784
136 3076 -0.8997323494237761
136 3091 -0.5224053594574419
136 3106 0.269945989900774
136 3121 0.10717090898153406
136 3136 -0.18964999711705863
137 138 0.2524418607878593
137 3241 -0.34437246778718844
137 3256 -0.042310480707503755
137 3271 -0.0866603601947969
137 3286 0.8155394756188069
137 3301 -0.1327066587808787
137 3316 -0.01002568542979809
137 3151 -0.4412233957976621
137 3166 -0.0012253615925286124
138 3421 0.5634118693343392
138 3436 -0.26856085632359394
138 3451 0.2012807675099081
138 3466 -0.14044649161766082
138 3481 0.6703435906497216
138 3496 0.07041352900141634
138 3331 0.024543147471970856
138 3346 -0.4444253277910817
151 152 -0.5184179501671262
151 166 -0.47867734563369735
151 3061 0.9793004677667585
151 3076 -1.0
151 3091 -0.7038415535564765
151 3106 -0.042280291034357716
151 3121 -0.3851872001128711
151 3136 -0.24862325833572874
151 3001 -1.0
151 3016 0.34092219315964856
151 3031 0.4491731362763282
151 3046 -0.677110951281054
152 153 -0.6398807382832264
152 167 0.16279404719425378
152 3241 0.4010910816955693
152 3256 -1.0
152 3271 0.46726262193816287
152 3286 0.1762628984017333
152 3301 -0.03926331717916939
152 3316 -0.2487475503207656
152 3151 -0.10025053259067716
152 3166 0.36931809741824423
152 3181 0.6358054014216684
152 3196 0.2452566685624816
152 3211 0.08155058815507304
152 3226 -0.9526134557763093
153 168 0.13775073560679596
153 3421 0.3564068455418435
153 3436 0.10597551846066444
153 3451 -0.6026686801716967
153 3466 0.7205619617702487
153 3481 -0.35334837503954636
153 3496 0.47305409699050427
153 3331 -0.27648641093376575
153 3346 0.8050100979510738
153 3361 0.2567983143358825
153 3376 -0.56103507657004
153 3391 0.1875428594451674
153 3406 0.5724746972585915
166 167 -0.2846137790976656
166 3061 -0.14410743217514982
166 3076 0.5817593058085968
166 3091 -0.3245963336338365
166 3106 -0.7127855944707921
166 3121 0.39435028334151556
166 3136 0.7535400976449632
166 3001 0.6543048044539553
166 3016 0.041285064747512965
166 3031 -0.4282748054089715
166 3046 0.44131731184329753
167 168 0.030964302771897663
167 3241 0.38142721127733253
167 3256 0.28832573678594303
167 3271 -1.0
167 3286 0.6056378002509337
167 3301 0.544070403789686
167 3316 -0.41284327935409093
167 3151 0.44784713875913246
167 3166 0.7494796111869761
167 3181 -0.6012206643877512
167 3196 -0.26936792137410437
167 3211 0.11667872474435326
167 3226 -0.1191994896559725
168 3421 0.06278858361643366
168 3436 -0.06514544862785689
168 3451 0.4069252496666745
168 3466 0.6979412001254187
168 3481 -0.1914743273364064
168 3496 0.2648703442769688
168 3331 0.2004203426307609
168 3346 -0.2926472643819733
168 3361 -0.7954545323233204
168 3376 0.42374486419819113
168 3391 -0.05123285514678014
168 3406 0.3407222172487109
181 182 -0.7510402827868069
181 196 -0.30695318836297925
181 3061 0.0927979003511464
181 3076 0.82285289284388
181 3001 -0.19130273631155262
181 3016 -0.08390533143643816
181 3031 -0.891025795856702
181 3046 0.7516420257874152
182 183 -1.0
182 197 0.005398310015137898
182 3241 0.45254604001022897
182 3256 -0.24599611129026952
182 3091 -0.8295135503921124
182 3106 0.8681257745341538
182 3121 0.45321304820576536
182 3136 -0.277047438499316
182 3151 -0.0551008995486357
182 3166 -0.800096191528467
182 3181 0.5675971802572871
182 3196 -0.4822496617571581
182 3211 -0.6330130576070548
182 3226 0.542928873171701
183 198 -0.27907099235775273
183 3421 -0.35306584101567584
183 3436 -0.3249162293128067
183 3271 0.21582422387369202
183 3286 0.3615805853834904
183 3301 0.035029422940616554
183 3316 0.5521252240784473
183 3331 -0.3305902700169231
183 3346 0.15508038157068485
183 3361 -0.23944599322940147
183 3376 0.1279068077636519
183 3391 -0.6481441558474702
183 3406 0.20950325714445878
196 197 -0.14084400848318443
196 3061 0.6405911154936142
196 3076 0.2264071318324564
196 3001 -0.024877630852614296
196 3016 -0.4343332989770738
196 3031 -0.1310779777363749
196 3046 0.5607060930220255
197 198 0.27131422595845817
197 3241 0.5259141597383054
197 3256 -0.4137376631720362
197 3091 0.40078214133564405
197 3106 0.19450748139067248
197 3121 -0.4909861508045562
197 3136 -0.059519555717214186
197 3151 0.4283260875871392
197 3166 -0.8564946752563067
197 3181 -1.0
197 3196 -0.9941952596294024
197 3211 -0.8824378907579106
197 3226 1.0
198 3421 -0.24108419014694926
198 3436 0.3503525865011016
198 3271 -0.14468895091986353
198 3286 -0.40610023139398127
198 3301 -0.14062080296868862
198 3316 0.032953693162092824
198 3331 0.4163214036020517
198 3346 0.825115267255219
198 3361 0.5069522867303485
198 3376 -0.0819481089516127
198 3391 0.4402875096390433
198 3406 0.521230843548791
211 212 -0.22600676131693387
211 226 0.5434758627879701
211 3061 0.2473048381425975
211 3076 -0.23972301652092778
211 3001 0.459197502667816
211 3016 0.3194948006406655
211 3031 0.45341270743423656
211 3046 0.36752783820854806
212 213 0.014559964114916018
212 227 -0.7833109751909518
212 3241 -0.7738244372288511
212 3256 0.13991762391786774
212 3091 -0.3034691775742809
212 3106 -0.11930986989354543
212 3122 1.0
212 3137 -0.12317821520389785
212 3152 0.9754541744294503
212 3167 0.39863728891149036
212 3181 0.328628154026536
212 3196 -0.05287065831730077
212 3211 -0.9543301666225685
212 3226 -0.5596636490158532
213 228 0.08060162454669065
213 3421 -0.3064413930073814
213 3436 0.3515075501418158
213 3271 0.8047677703782287
213 3286 0.4070925304887924
213 3302 -0.5190196876816915
213 3317 -0.05139819579417075
213 3332 -0.7300939384850171
213 3347 0.07137449996509425
213 3361 -0.5798289560050878
213 3376 -0.27067825367310394
213 3391 -0.4595794597274426
213 3406 1.0
226 227 0.5229893015304597
226 3061 -0.8479306442259323
226 3076 -0.6293367228688045
226 3001 0.4942267226742921
226 3016 0.285786945870292
226 3031 -0.13833348016720015
226 3046 -0.2613712361297956
227 228 -0.3582065197255594
227 3241 0.08009012173883055
227 3256 -0.12407532635769439
227 3091 0.20444858488094556
227 3106 0.5530686613375891
227 3122 0.3754078956286398
227 3137 -0.23374555941314437
227 3152 0.1352979673560595
227 3167 0.4203071986826604
227 3181 -0.05687802395436442
227 3196 0.6586457030751453
227 3211 1.0
227 3226 -0.5401697304952431
228 3421 1.0
228 3436 -0.14310404857206804
228 3271 0.19641015356108887
228 3286 0.324716599562151
228 3302 0.32192269522678724
228 3317 0.3066020691879766
228 3332 0.06763637567678042
228 3347 -0.3760431268212499
228 3361 0.00958374693749217
228 3376 0.5626974354184585
228 3391 -1.0
228 3406 0.7084373461538738
241 242 -0.39547956747593105
241 256 -0.2767098551756734
241 3061 -0.45461139952485635
241 3076 0.4568642325840924
241 3091 0.15881787965054894
241 3106 -0.9232322715602528
241 3122 -0.05371252266239549
241 3137 0.4372206720987768
241 3152 -0.5212439295352363
241 3167 -0.016267302828997375
241 3181 0.5400117670916412
241 3196 0.1675819248554285
241 3031 -0.3037435050849778
241 3046 0.16053375395078462
242 243 -0.7179912251461879
242 257 -0.44777420755905883
242 3241 -0.8153878154963221
242 3256 0.2449529422153432
242 3271 0.7221384832151294
242 3286 0.9111390427355734
242 3302 0.31312839489207156
242 3317 -0.1301666808133999
242 3332 -1.0
242 3347 -0.7892587062521704
242 3361 0.4059609772929781
242 3376 0.23582520472273988
242 3211 -0.22032997109866226
242 3226 0.1703471373756357
243 258 0.16362929173573906
243 3421 -0.3467814251726443
243 3436 -0.9708048908319988
243 3451 0.39429631191036185
243 3466 0.8273932349626809
243 3482 -0.4600849042822233
243 3497 0.6728065260435058
243 3512 0.678065970934958
243 3527 -0.06754662217724253
243 3391 -0.024255785102170798
243 3406 -0.09603778675964494
256 257 -0.09693594462810907
256 3061 -0.4456795298394654
256 3076 0.5815811941800684
256 3091 0.2978698724753809
256 3106 0.2406625345735625
256 3122 0.4870863913749449
256 3137 0.6669098885920907
256 3152 -0.0074582522956038065
256 3167 -0.8652652277039065
256 3181 -0.023153718280075716
256 3196 0.24432823383139823
256 3031 0.4198867846118142
256 3046 0.00019629723708396095
257 258 0.28657211622893797
257 3241 0.19505395494370306
257 3256 0.20099280151607907
257 3271 -0.2709223994027122
257 3286 -0.24147079841939778
257 3302 -0.6648056426357835
257 3317 0.7836486834910424
257 3332 0.6565053878415958
257 3347 0.22805125012860425
257 3361 0.3698034592733605
257 3376 0.15986357178097196
257 3211 0.28177169874822644
257 3226 0.470305442682677
258 3421 0.21190082456507225
258 3436 0.01665897465866717
258 3451 -0.7849517395274894
258 3466 -0.5075234850703554
258 3482 0.4856002558922774
258 3497 -0.16069011670530067
258 3512 0.4067135676650653
258 3527 0.26611200357173925
258 3391 0.6311014104999982
258 3406 -0.03752042366412152
271 272 -0.3135942736934396
271 286 -0.43513994661388233
271 3062 0.8436967659552614
271 3077 0.35944777974853126
271 3092 -0.49970501592968086
271 3107 -1.0
271 3122 -0.03147122502981789
271 3137 0.16745203977164594
271 3152 -0.5164844780532368
271 3167 -0.29205781232468403
271 3181 0.7796466718378676
271 3196 0.30585349826370684
271 3031 -0.379090933215281
271 3046 -0.06372420079775556
272 273 0.40728729912569006
272 287 0.6077821323240067
272 3242 -0.3691445850899939
272 3257 -0.11512956837148691
272 3272 0.10367965428525804
272 3287 0.17916242590260772
272 3302 -0.10006514151499968
272 3317 0.5615662814936725
272 3332 -0.30642789614489835
272 3347 -0.09133838223316487
272 3361 -0.5944304033861016
272 3376 -0.4483523600254797
272 3211 0.28186653733518563
272 3226 0.7137970146374697
273 288 0.02857975461442787
273 3422 0.10048111522199625
273 3437 0.2459785619936482
273 3452 0.24815552024588883
273 3467 -0.5812218278851372
273 3482 -0.4598974423070976
273 3497 -0.3361223159317941
273 3512 0.6189568928527264
273 3527 0.4231848858081195
273 3391 0.6965121365274853
273 3406 -0.6041628899816706
286 287 0.2178650670427257
286 3062 -0.3097654286490647
286 3077 0.532931412402347
286 3092 0.303518513107377
286 3107 0.42652626202353583
286 3122 0.5216025052799178
286 3137 0.3430171831143211
286 3152 -0.06287599684650905
286 3167 -0.6109748352711425
286 3181 0.3657513031072526
286 3196 -0.29422770085722266
286 3031 -0.15647323095075583
286 3046 0.9068376992384642
287 288 0.5726485410229589
287 3242 0.4955541578513349
287 3257 0.3613839182863103
287 3272 -0.326692522434387
287 3287 -0.3200990106483295
287 3302 -1.0
287 3317 -0.5636600943604388
287 3332 -0.3496361909598518
287 3347 0.08354296336560485
287 3361 -0.4253981493662326
287 3376 -0.49579076385387383
287 3211 0.12807901988655526
287 3226 -0.08090315475417358
288 3422 0.08926113412524389
288 3437 0.16603377734247837
288 3452 -0.2732590183691663
288 3467 -1.0
288 3482 0.42920110181600574
288 3497 -0.4142409053857889
288 3512 -0.9096273517499022
288 3527 -0.595335511819742
288 3391 0.19993301899720045
288 3406 -1.0
301 302 -0.3842890363302935
301 316 0.41263443438254277
301 3062 -0.7658134897205406
301 3077 0.9085170398082524
301 3092 0.03172179189752793
301 3107 -0.6015970063384671
301 3122 -0.45415722425237637
301 3137 0.49626338261119735
301 3001 -0.7562134103735
301 3016 0.7173789392082572
301 3031 1.0
301 3046 -0.27386193582832336
302 303 0.2792572288479077
302 317 -0.030414665364753915
302 3242 -0.5310204382202798
302 3257 0.35151814980324936
302 3272 -0.2851036147334411
302 3287 -0.4602847036110506
302 3302 -0.39798424974109464
302 3317 0.34756837405677976
302 3152 0.4232638051221681
302 3167 -0.10557159460505133
302 3181 0.09475804659795842
302 3196 -0.24636458760873667
302 3211 0.9284396686707477
302 3226 0.3436277656208795
303 318 0.768587442340245
303 3422 -0.6527425525180924
303 3437 -0.25123359349517094
303 3452 -0.05993867218339645
303 3467 0.18391658839691913
303 3482 0.2611220645098261
303 3497 -0.15215453695100847
303 3332 -1.0
303 3347 0.1967575014703683
303 3361 -0.9138575234685722
303 3376 -0.5986737888067634
303 3391 -0.4484214274128607
303 3406 -0.09124116093820281
316 317 0.14093861558579446
316 3062 0.14233410257918627
316 3077 -0.07146995097424903
316 3092 0.1037449088656132
316 3107 1.0
316 3122 -0.5136307150309847
316 3137 0.2868061205931242
316 3001 -0.009662965660487877
316 3016 -0.04366657866021178
316 3031 0.491189268296807
316 3046 -0.029383943983039215
317 318 0.6363718667975137
317 3242 0.03837562704478783
317 3257 0.5012009590930611
317 3272 0.5110351630397905
317 3287 -0.3458712913585347
317 3302 0.29482714017958783
317 3317 -0.1533721375546167
317 3152 -0.037966545899067096
317 3167 0.43268949095027803
317 3181 -0.6745842914676713
317 3196 0.2786880593949082
317 3211 -0.1411659852912451
317 3226 0.5319036431170631
318 3422 -0.059100824528697776
318 3437 -0.4689319505987517
318 3452 0.08663892489047245
318 3467 -0.3939730955278077
318 3482 0.23104697998489754
318 3497 -0.48694785959707576
318 3332 0.601005327058647
318 3347 -0.6087963122553118
318 3361 0.4971118787507514
318 3376 0.10280874507485162
318 3391 0.592017271117428
318 3406 -0.6595565810926791
331 332 0.13422949317394936
331 346 0.6509165520336998
331 3062 -0.046383592415583236
331 3077 -0.33699094394122164
331 3092 0.13973521294493138
331 3107 0.1647576901587391
331 3122 0.3358626227650855
331 3137 -0.13937579764931884
331 3002 0.05117715476830539
331 3017 -0.39628705908531137
331 3032 0.3930311513427108
331 3047 0.6426632970238916
332 333 -0.5008943414109336
332 347 -0.2672538063146659
332 3242 0.10759311471515025
332 3257 0.6334038875491351
332 3272 -0.028914137701868917
332 3287 0.018709399041790812
332 3302 -0.4076872702707637
332 3317 -0.33134649814452355
332 3152 0.7499588714344376
332 3167 -0.0807937159058153
332 3182 -0.04524128231550166
332 3197 0.01971784471634788
332 3212 -0.5006987565554195
332 3227 0.6915797321159254
333 348 0.25519484767817946
333 3422 -0.9636957813347473
333 3437 -0.3663730917189412
333 3452 0.49973126185852745
333 3467 0.2823025181284136
333 3482 -0.47285921177397794
333 3497 0.07974130197952203
333 3332 0.42087382575162946
333 3347 0.6766258123547044
333 3362 -1.0
333 3377 0.3358116460295434
333 3392 0.13506170176538568
333 3407 -0.4899102457042721
346 347 0.18634094130369666
346 3062 -0.5782842660837313
346 3077 0.07532333930467267
346 3092 -0.406949529243892
346 3107 -0.24743127180873864
346 3122 0.47464195977996154
346 3137 0.5187890442398188
346 3002 0.025020528011772788
346 3017 0.19178276498522684
346 3032 -0.3440130474331242
346 3047 0.36937360331148983
347 348 -0.2960580387634665
347 3242 0.0031128750875916377
347 3257 -0.43828537871140283
347 3272 -0.2480824709447552
347 3287 0.12328942387588353
347 3302 0.17757162638532745
347 3317 -0.16077003530904113
347 3152 0.28416749609785164
347 3167 -0.05478975263960527
347 3182 0.019905774251092075
347 3197 -0.07511434357668978
347 3212 -0.00779164018895926
347 3227 -0.3475961545250891
348 3422 -0.018389305780993702
348 3437 -1.0
348 3452 0.4772653767530754
348 3467 0.047158893242305204
348 3482 0.03069292968449787
348 3497 0.19723429921703756
348 3332 -0.27516673031001576
348 3347 0.4946850247986842
348 3362 -0.28409243696104514
348 3377 -0.00031911757148489164
348 3392 -0.005450200243000203
348 3407 0.23498147604726988
361 362 0.1299407930787654
361 376 0.29854324461441456
361 3062 0.6941744650576508
361 3077 -0.04667496565135671
361 3002 0.3207080818914652
361 3017 0.4492492091579325
361 3032 -0.8926444101586528
361 3047 1.0
362 363 -0.18509454042793402
362 377 -0.9115448194147527
362 3242 -0.6177021297668995
362 3257 0.6886307954682207
362 3092 -0.18997226325888744
362 3107 -1.0
362 3122 -0.6806221635759226
362 3137 0.1604636163579314
362 3152 0.7389164310497034
362 3167 0.19497325371139562
362 3182 -0.6424061242172043
362 3197 -0.030542677031858298
362 3212 -0.9360594432417251
362 3227 0.7607356082766494
363 378 -0.3526489708055531
363 3422 1.0
363 3437 -0.560520867105163
363 3272 0.5255329291871632
363 3287 0.6039701311925167
363 3302 0.175450759641889
363 3317 0.4612341333591609
363 3332 0.817913766932929
363 3347 0.21109909247348124
363 3362 -0.4471809884765537
363 3377 0.015774023381415418
363 3392 0.23593651416573488
363 3407 0.15954914930020433
376 377 -0.01159391237779845
376 3062 -0.40752379001871514
376 3077 -0.0070504981823585324
376 3002 0.07895626458277169
376 3017 0.7832194035048451
376 3032 -0.5703061394209882
376 3047 -0.6578051445582516
377 378 -0.02494673219313152
377 3242 0.8157009106135982
377 3257 0.28928293370524094
377 3092 -0.3130012647608121
377 3107 1.0
377 3122 -0.27261020635513894
377 3137 -0.5325707035557115
377 3152 -0.11093779526679522
377 3167 -0.26395756420407124
377 3182 -0.13686011843122262
377 3197 0.302985861526225
377 3212 -0.5510981656340581
377 3227 0.2942876078400036
378 3422 0.09685786348032474
378 3437 0.18073894396742504
378 3272 0.18698671138442452
378 3287 -0.19060220083554844
378 3302 -0.5027809914248272
378 3317 -0.9325084667740456
378 3332 -0.2587124207911486
378 3347 -0.355116206757967
378 3362 -0.07613708461450513
378 3377 -0.30234951739434
378 3392 -0.044574423467431214
378 3407 0.23469912023629763
391 392 -0.675131698391922
391 406 0.13607491690186213
391 3062 -1.0
391 3077 -1.0
391 3002 1.0
391 3017 0.02265699063371847
391 3032 0.33697584194611063
391 3047 0.4160714683165603
392 393 0.40521253532788315
392 407 0.24167987034680255
392 3242 -0.3103269165169166
392 3257 -0.040060735620259615
392 3092 -0.40422469337863276
392 3107 0.05738293002029223
392 3123 -0.6566522079073532
392 3138 -0.6598203682260829
392 3153 0.6727330353679309
392 3168 -0.0038222165355322924
392 3182 -0.3331774931143218
392 3197 -0.24737676059825853
392 3212 0.25461710473467164
392 3227 -0.024849164545512233
393 408 0.8083242635024895
393 3422 -0.34932328677617236
393 3437 -0.7528097832385793
393 3272 -0.527808825757178
393 3287 -0.4696774079699342
393 3303 -0.7163990697422655
393 3318 -0.458059202995433
393 3333 -0.8438566670934455
393 3348 0.29292031385414885
393 3362 -0.9872052493060994
393 3377 -0.2811901085374298
393 3392 0.045960020885022185
393 3407 -0.7065581977400831
406 407 -0.671054252830097
406 3062 0.879349830159649
406 3077 -0.4344531708365546
406 3002 0.9701312993797733
406 3017 -0.2399836014608167
406 3032 0.6052644803130249
406 3047 0.4894629735024418
407 408 -0.3276324998213096
407 3242 -0.22990364806872093
407 3257 0.329437005863119
407 3092 -0.4560805422531695
407 3107 0.690486382027407
407 3123 -0.256322519505998
407 3138 0.6718919673891698
407 3153 -0.8894314588976088
407 3168 -0.9731524569090696
407 3182 -0.040405041533824175
407 3197 -0.39983969657761365
407 3212 0.32966829114948465
407 3227 -0.37838136814927437
408 3422 0.1623446568121455
408 3437 -0.32536413215409177
408 3272 -0.7541248312911044
408 3287 -0.425834647601396
408 3303 1.0
408 3318 0.028777908483233552
408 3333 -0.5384245090112854
408 3348 0.21798096705520104
408 3362 -0.045220256564682704
408 3377 -0.25349163433263666
408 3392 0.48417901790037915
408 3407 0.24238676025432812
421 422 0.7027688542162838
421 436 0.8881536984658913
421 3062 -0.1777335157507183
421 3077 -0.2414632771935933
421 3092 0.23142507103823887
421 3107 0.3348859830306555
421 3123 -0.3847701721861058
421 3138 -0.11422900863206911
421 3153 -0.3073480630245889
421 3168 0.06541140605655502
421 3182 0.20451104405357956
421 3197 0.0865240942399897
421 3032 -0.5953307892350916
421 3047 0.07954984281056021
422 423 -0.681370833580463
422 437 0.627878512162524
422 3242 0.09561911624552775
422 3257 -0.1715564401999102
422 3272 -0.19060677399116857
422 3287 -0.3352004922911794
422 3303 0.04571703325191417
422 3318 -0.37559937592338677
422 3333 0.41902358233412756
422 3348 0.1529597237922962
422 3362 -0.15276171960196294
422 3377 -0.5480399710187905
422 3212 -0.0727130995480994
422 3227 0.33239004694184493
423 438 -0.7404151032235193
423 3422 0.44671956337423724
423 3437 0.03470966252106224
423 3452 0.5143549029788546
423 3467 0.4949930771247523
423 3483 -0.07753530276439943
423 3498 -0.08409703795088858
423 3513 -0.29216266678816827
423 3528 -0.3462805954281393
423 3392 0.3559451831845128
423 3407 -0.4540995893705928
436 437 -0.20617762289743444
436 3062 0.386082036465557
436 3077 0.6038864165851383
436 3092 -0.42190019379722943
436 3107 0.30763651774000395
436 3123 -0.4061530471813552
436 3138 0.061048864414363295
436 3153 0.4829391090383903
436 3168 -0.6630165159759718
436 3182 -0.2157044821649094
436 3197 0.6413960214312732
436 3032 0.1603988925821822
436 3047 0.6249270463076323
437 438 -0.19176609720658966
437 3242 0.9149434951280737
437 3257 -0.7575065329685549
437 3272 0.3679541902669246
437 3287 0.36687588688538203
437 3303 0.19646159721485254
437 3318 0.12570496617271915
437 3333 -0.4547417311193537
437 3348 -0.8615870505092401
437 3362 0.49245178115409205
437 3377 0.8232213162979474
437 3212 0.23043277262031225
437 3227 -1.0
438 3422 0.3160222963271135
438 3437 0.32507283182761615
438 3452 0.039960223623039456
438 3467 -0.20278198325138092
438 3483 0.06912015674705478
438 3498 0.6170265885533605
438 3513 -0.27765735544717607
438 3528 0.40405289305533515
438 3392 0.09490771815164219
438 3407 -0.4050204035112068
451 452 0.5707458938786747
451 466 0.64541945162254
451 3063 -0.4659492809364359
451 3078 0.014427797178124455
451 3093 0.06053965902323476
451 3108 -0.37635661040362084
451 3123 0.05337692039010542
451 3138 -0.10280761546567682
451 3153 -0.1536052600073066
451 3168 0.07962649399528453
451 3182 -0.16600268125594228
451 3197 -0.3201214053741497
451 3032 -0.3031183808671983
451 3047 -0.23058679330267015
452 453 -0.04690852764991881
452 467 -0.3263835088957315
452 3243 -0.4302444666613698
452 3258 -0.5522751993102951
452 3273 0.7464106433529124
452 3288 -0.5460653712850057
452 3303 -0.7187372583713644
452 3318 0.35870401537158475
452 3333 -0.6405225195640489
452 3348 -0.7914122473668866
452 3362 0.0433783357139721
452 3377 -0.3549225173216444
452 3212 0.4884861266978263
452 3227 -0.24038927469293397
453 468 0.028014041175131014
453 3423 -0.05351725414153695
453 3438 0.7896305222061812
453 3453 -0.2675808310288897
453 3468 0.7540333256808869
453 3483 0.6658854630321398
453 3498 -0.6763906274714155
453 3513 0.10441696918688821
453 3528 -0.3732621575402083
453 3392 -0.5622870346536661
453 3407 5.736597718172565e-05
466 467 1.0
466 3063 -0.13519503770408978
466 3078 -0.32345029680327775
466 3093 0.39802433108726004
466 3108 0.671540786472153
466 3123 0.22782549761424958
466 3138 0.45186097996693697
466 3153 -0.05015192672298144
466 3168 -0.044923579838832176
466 3182 0.267828713491988
466 3197 -0.1014653748986961
466 3032 -0.1589325017375246
466 3047 1.0
467 468 -0.4106547077537806
467 3243 0.013609392435446463
467 3258 0.5719322659456323
467 3273 0.6906246390532456
467 3288 -0.3756027352594115
467 3303 0.24656838714018842
467 3318 0.3667640715406482
467 3333 -0.5590168011974201
467 3348 0.11807779809273242
467 3362 0.2520099893368718
467 3377 0.7985831825274106
467 3212 -0.2991397746161037
467 3227 0.2846431845669484
468 3423 -0.6032135258615388
468 3438 0.3715619650325794
468 3453 0.34776406764991386
468 3468 -0.26857535525980897
468 3483 0.5913663805959525
468 3498 0.756808241670276
468 3513 -0.5422575716084777
468 3528 0.3312355905181232
468 3392 -0.3860890594066703
468 3407 0.6061654616233799
481 482 0.4370363007756557
481 496 -0.20517900095154779
481 3063 -0.6493398527050781
481 3078 0.07350315644119103
481 3093 0.03690332889112442
481 3108 0.2754310406628955
481 3123 -0.4733622594713006
481 3138 -0.9726454405923515
481 3002 -0.49640304442226973
481 3017 -0.07466113466296746
481 3032 -0.416722505912505
481 3047 0.3886933345614401
482 483 0.41683745951628237
482 497 -0.6906970405794698
482 3243 0.1956676410434443
482 3258 0.4517372144979301
482 3273 -0.6828920174455917
482 3288 -0.9283722627892916
482 3303 -0.7954725804007394
482 3318 0.5116954707997083
482 3153 0.7960116102795475
482 3168 -0.2527203860165365
482 3182 0.3502534799635529
482 3197 -0.28205903643517083
482 3212 -0.04209510740682802
482 3227 -1.0
483 498 0.5212156268856409
483 3423 -0.056226638284861914
483 3438 0.6687779670750669
483 3453 0.20631988183871378
483 3468 0.8608800857031189
483 3483 -0.9922014251827317
483 3498 -0.6633147468408381
483 3333 -0.21846402452702057
483 3348 -0.03401426715027853
483 3362 -0.7843830439032139
483 3377 0.2708972899535158
483 3392 0.09777296109226952
483 3407 -0.21958575631444718
496 497 -0.44757562997389555
496 3063 -0.475830455298224
496 3078 -0.031908182850437
496 3093 0.5868067735352984
496 3108 1.0
496 3123 -0.09857038416063688
496 3138 -0.4406138988426505
496 3002 -0.6287169299881767
496 3017 0.5713412251465698
496 3032 0.08849267681337729
496 3047 0.0029515294028029395
497 498 -0.001995671194961745
497 3243 -0.5903066316650625
497 3258 0.03610098476523881
497 3273 -0.09114705570407658
497 3288 -0.21635692450236133
497 3303 0.9433555549389577
497 3318 -0.23267047564757143
497 3153 0.7563589821627945
497 3168 -0.14407029458199005
497 3182 -0.4840751083046435
497 3197 0.269089783675569
497 3212 0.5878559589758955
497 3227 0.40481641398140017
498 3423 0.35147126428510495
498 3438 -0.030499905291403437
498 3453 -0.03745737677363211
498 3468 0.8771537490125397
498 3483 -0.25518706465872537
498 3498 -0.25609330767269683
498 3333 0.8526655063194882
498 3348 -0.07636198258894253
498 3362 -0.5974696017798227
498 3377 -0.2902879604716
498 3392 0.6074974869005714
498 3407 -0.05470150035492871
511 512 -0.5291085402375132
511 526 -0.2767048676518061
511 3063 -0.542582043404938
511 3078 0.7256296057311564
511 3093 -0.3566107168788903
511 3108 -0.21024370682299806
511 3123 0.09816663892306991
511 3138 -0.29048764606940003
511 3003 0.07880167817052432
511 3018 -0.20364340426130886
511 3033 0.2635504062514222
511 3048 -1.0
512 513 -0.3721690320185033
512 527 -0.13985689485948194
512 3243 -0.056226833850051026
512 3258 0.23264928833682572
512 3273 0.12153784567833857
512 3288 0.4481465272627331
512 3303 -0.16640255022878433
512 3318 -0.6901319145011894
512 3153 0.05620895187007907
512 3168 0.07484619658672174
512 3183 0.22409056705427183
512 3198 0.7878748078701229
512 3213 -0.06582009160444137
512 3228 0.13236875455770997
513 528 -0.15538090526882914
513 3423 0.5397459042510596
513 3438 0.3147236328481579
513 3453 0.460525819809865
513 3468 -0.3054056662006001
513 3483 0.3084041231444688
513 3498 0.5798618694848395
513 3333 0.49072971124138304
513 3348 0.28665286020680597
513 3363 0.9342914601807172
513 3378 0.664148146946061
513 3393 -0.49291435941767914
513 3408 0.338913980956252
526 527 -0.06561892552861744
526 3063 0.49591332086068046
526 3078 0.09939413638007906
526 3093 0.28829236573611716
526 3108 0.6921522098888526
526 3123 -0.3494417086565176
526 3138 0.28473622453977887
526 3003 0.7548702165767048
526 3018 -0.066634909137656
526 3033 -0.23536638528575551
526 3048 -0.11527390174879307
527 528 -0.3899256364097449
527 3243 0.026655147320080532
527 3258 0.17476477805690588
527 3273 -0.3196763068321574
527 3288 -0.08332772985991747
527 3303 -0.0519448070585738
527 3318 0.28906779358838086
527 3153 -0.273081807942757
527 3168 -0.32120760043020935
527 3183 0.10407719724332377
527 3198 -0.2753530834223516
527 3213 -0.16732282294836864
527 3228 0.4131445854852461
528 3423 -0.6076445565109545
528 3438 -0.2752656708310512
528 3453 1.0
528 3468 0.2992737783385881
528 3483 -0.12378084871682557
528 3498 -0.04139407388360553
528 3333 0.013023374786932846
528 3348 0.43045287627382717
528 3363 1.0
528 3378 0.7096401058288391
528 3393 -0.2683480642961582
528 3408 -0.45509128646590213
541 542 0.13035790846089543
541 556 -0.8010814833215237
541 3063 0.5363602819413061
541 3078 -0.646860664372431
541 3003 -0.668136081492417
541 3018 -1.0
541 3033 0.5988776773344294
541 3048 0.05526280521924259
542 543 0.7428529058404607
542 557 -0.7910731544549053
542 3243 0.49242209962753153
542 3258 0.35127849845706727
542 3093 -0.6341036196201699
542 3108 0.13672130596546844
542 3123 0.5519570487796074
542 3138 -0.4617300751104679
542 3153 -0.6162446076460525
542 3168 0.08561902296972365
542 3183 0.2510963391624274
542 3198 -0.1269893727276166
542 3213 -0.7183259174819917
542 3228 0.11025418373263457
543 558 -0.5476788106558483
543 3423 -0.30712792008376105
543 3438 0.5266657496147004
543 3273 -0.7109498486721156
543 3288 -0.28345601245065266
543 3303 0.34362764086230746
543 3318 -0.4465693259560807
543 3333 -0.6510357448379352
543 3348 -0.4999620690341272
543 3363 -0.4291039160021241
543 3378 0.011863639037378507
543 3393 0.3014158551501265
543 3408 -0.5371779036316313
556 557 1.0
556 3063 -0.16892144889780847
556 3078 -0.014921737567255636
556 3003 0.19054555573845805
556 3018 0.3067036211931045
556 3033 0.5634340647222728
556 3048 -0.6817718838204057
557 558 0.2847785735217222
557 3243 0.6749166864606497
557 3258 -0.2752838255637907
557 3093 -0.011944429480603935
557 3108 -0.23573733695946902
557 3123 -0.10780579647738252
557 3138 -0.5843296447017757
557 3153 0.559979359175562
557 3168 0.12457326561009442
557 3183 0.34061165683705347
557 3198 -0.5327542939804769
557 3213 0.9123055674652943
557 3228 0.5561427602906678
558 3423 -0.4017195915522071
558 3438 0.03976852701144341
558 3273 0.4966070246550076
558 3288 0.5655333213628182
558 3303 0.38824367796892895
558 3318 0.20447614528913247
558 3333 -0.12492491416085466
558 3348 -0.6487081789063888
558 3363 -0.3234920537571741
558 3378 0.7561241295628425
558 3393 0.5662892208316539
558 3408 0.2014478073305445
571 572 -0.26496214786251704
571 586 -0.13219335876095195
571 3063 -0.2645329724942163
571 3078 0.4380645812653032
571 3003 -0.30943245197163294
571 3018 -0.3997152875265565
571 3033 0.42764500894558927
571 3048 0.50540293751349
572 573 0.4976811999858436
572 587 0.9452730329940247
572 3243 -1.0
572 3258 -0.2091132946999766
572 3093 -0.3723902167200755
572 3108 -0.04157704647689784
572 3183 0.44344954735230807
572 3198 -0.6339530240603652
572 3213 0.3568129432621591
572 3228 0.20012653407037273
573 588 0.11829122308777018
573 3423 -0.384853362026695
573 3438 0.531756742595028
573 3273 -0.24088561597860586
573 3288 0.492619815827522
573 3363 0.14388875139645346
573 3378 -0.03593375704695519
573 3393 -0.14361578955657325
573 3408 0.12090871395003437
586 587 0.39021992175769515
586 3063 -0.2361571872653712
586 3078 0.32144972693494867
586 3003 0.04931165208333657
586 3018 -0.3638554459267903
586 3033 -0.26249890785849783
586 3048 -0.99103884203107
587 588 -0.5981652147201608
587 3243 -0.16830028249877005
587 3258 -0.8540830335953904
587 3093 0.1463094938458674
587 3108 0.06685413977831893
587 3183 0.36269292898851724
587 3198 -0.8943362210694433
587 3213 0.4000619093756891
587 3228 -0.34673064913885526
588 3423 0.5181134636338174
588 3438 -0.1416631437588374
588 3273 -0.4545159679476269
588 3288 0.2797542975241219
588 3363 0.3277254350137946
588 3378 -0.36432550876107694
588 3393 -0.24111565951752123
588 3408 -0.15766729512153024
3001 3002 0.5311963052010378
3001 3016 -0.6744198970893724
3002 3003 0.5610296395300268
3002 3017 -0.3955648406566784
3003 3018 0.48910520915325745
3016 3017 0.026134339928692494
3017 3018 -0.04835754584017633
3031 3032 -0.24388881150076624
3031 3046 0.7000095765874639
3032 3033 -0.02039645418036438
3032 3047 -0.7614701845019896
3033 3048 0.44362105566130294
3046 3047 0.3070728251212
3047 3048 0.09225482516408531
3061 3062 0.3688930139705881
3061 3076 0.5645776205161056
3062 3063 -0.3512448754097694
3062 3077 -0.0074567232698532744
3063 3078 1.0
3076 3077 0.22799033945475994
3077 3078 -0.5449491667029575
3091 3092 -0.44470495372834346
3091 3106 -0.17897457858291352
3092 3093 0.3044454634317269
3092 3107 -0.2375445502272226
3093 3108 -0.20317874845585238
3106 3107 -0.7687439376365928
3107 3108 -0.24086624878027155
3121 3122 0.03224627962826801
3121 3136 -0.2402864710620128
3122 3123 0.7861445603779774
3122 3137 -0.13138098173181853
3123 3138 -0.3843603467840524
3136 3137 0.14440003451437597
3137 3138 -0.20426138002583089
3151 3152 -0.0562333142143115
3151 3166 0.6630444430783612
3152 3153 0.8402832423141292
3152 3167 0.3133187537109828
3153 3168 -0.7006986495139714
3166 3167 -0.6901535428426021
3167 3168 0.8109463443921154
3181 3182 0.6484567432781811
3181 3196 -0.9590294339459554
3182 3183 0.897933318439403
3182 3197 -0.5583210827044424
3183 3198 0.829552939130545
3196 3197 -0.8244285717927992
3197 3198 0.7081420018374419
3211 3212 -0.4063466731844747
3211 3226 -0.4262864766168302
3212 3213 -0.07513668866462259
3212 3227 0.04728762067691657
3213 3228 -0.6899180994684982
3226 3227 -0.05485090208674307
3227 3228 -0.13226962703714965
3241 3242 0.4553984032444245
3241 3256 -0.31877594903778994
3242 3243 -0.17254223317222428
3242 3257 0.06613810747600445
3243 3258 -0.022302345047738238
3256 3257 0.20847681020971723
3257 3258 -0.1258440789612539
3271 3272 -0.7165899860077782
3271 3286 1.0
3272 3273 0.616929245424284
3272 3287 -0.3468252285320324
3273 3288 0.39891761119645863
3286 3287 -0.8184135307741638
3287 3288 0.08354734275677544
3301 3302 0.7397696592821961
3301 3316 1.0
3302 3303 0.05867572602770747
3302 3317 0.8521274556959246
3303 3318 0.4435034636168431
3316 3317 -1.0
3317 3318 -0.08012482640755847
3331 3332 -0.03763116277370185
3331 3346 1.0
3332 3333 -0.8805708177405103
3332 3347 -0.7849488739484184
3333 3348 0.08918066712184655
3346 3347 -0.02988134539546015
3347 3348 1.0
3361 3362 -0.244095694837964
3361 3376 -0.15165303608917768
3362 3363 0.0813167117179729
3362 3377 0.5571407000031595
3363 3378 0.17289081139810417
3376 3377 -0.6508862837417716
3377 3378 -0.1170887694238756
3391 3392 -0.03190560926680496
3391 3406 1.0
3392 3393 0.08463590607585668
3392 3407 0.03799977376022372
3393 3408 0.7860429784813172
3406 3407 0.4527803396480126
3407 3408 0.7030452304754852
3421 3422 -0.2677876429992752
3421 3436 -0.3742195687978171
3422 3423 -0.4442513617702848
3422 3437 0.7408521772485654
3423 3438 0.23106990014562875
3436 3437 0.6044075982233972
3437 3438 -0.5108317999736548
3451 3452 -1.0
3451 3466 0.6791361988174262
3452 3453 0.24475248738051647
3452 3467 -0.9596647946496687
3453 3468 -0.3919538160425675
3466 3467 -0.0067932119645215654
3467 3468 -0.6535747472755357
3481 3482 0.8798420408409579
3481 3496 -0.019817217516396177
3482 3483 -0.39247595203461133
3482 3497 0.1681717825632379
3483 3498 -0.3128550743278465
3496 3497 0.09269717698370313
3497 3498 1.0
3511 3512 -0.12232521137292589
3511 3526 0.24447049884392696
3512 3513 -0.14194085229476477
3512 3527 -0.06781545572281142
3513 3528 0.15885385245176037
3526 3527 0.1484741487345618
3527 3528 0.6221444855639657
