# 
61 61 -0.0768245702597462
62 62 -0.5473537096571597
63 63 -0.18105528552402078
76 76 0.45822863616856735
77 77 0.07823494392689125
78 78 0.6958252204842706
91 91 -0.1302981205436524
92 92 -0.44525144554769563
93 93 -1.0026637598440855
106 106 1.124080385746523
107 107 1.5563518592555272
108 108 2.6098969507457386
121 121 0.23455050847434458
122 122 -1.1572263146640929
123 123 -1.0953369734811007
136 136 0.4106258159589456
137 137 0.2444091832915483
138 138 -0.8771594033195314
151 151 -0.12045516926797069
152 152 -0.8841393105381371
153 153 -0.10167613874752021
166 166 -0.9323602307276688
167 167 0.1495224416173573
168 168 -0.20837262766727735
181 181 -0.9008157721118343
182 182 -0.059587061773695056
183 183 -0.07628433098825974
196 196 2.1079459824402886
197 197 2.134510690077753
198 198 -0.023930808352419414
211 211 0.10057282613453036
212 212 0.5655274933254137
213 213 -0.9498940247532459
226 226 -0.3942031494525975
227 227 0.6896336052313583
228 228 1.133184781699243
241 241 -1.1795974958909674
242 242 -1.1471801977749907
243 243 -0.003057661795015209
256 256 0.4609803838940887
257 257 -1.5162408027615546
258 258 0.29514723611308713
271 271 0.3265542195904307
272 272 -1.2890930062083374
273 273 -0.9967030522867111
286 286 0.8578777257282043
287 287 1.0911273494256952
288 288 3.048433079974041
301 301 0.019905481070035518
302 302 -0.3961509032143105
303 303 -1.2475901927929884
316 316 -0.1905664203927412
317 317 -1.4648631743541152
318 318 -1.5691180833472218
331 331 1.3948605802159213
332 332 1.7794079491998402
333 333 -1.024131861708093
346 346 0.9157372718698623
347 347 -0.7724230396702987
348 348 0.409620415253107
361 361 0.7058202841303082
362 362 -1.370395825772858
363 363 1.955325804159515
376 376 -0.4264562043996143
377 377 1.6939036757924824
378 378 -0.21594828988033038
391 391 0.1585841569568182
392 392 0.4695316148247058
393 393 0.6168411010453414
406 406 -0.6432212024041039
407 407 -1.1520101192866077
408 408 -0.5123003977581121
421 421 1.214575622292802
422 422 0.13170278148864067
423 423 -0.6481724907753149
436 436 0.8684902362345363
437 437 -0.7189928082474211
438 438 0.7480468839561036
451 451 1.6889856135262775
452 452 0.687652988294296
453 453 -1.0172318214543854
466 466 -1.328075348589175
467 467 -2.4225807719211807
468 468 0.8786265996862477
481 481 -1.5289622563973937
482 482 -1.4186928322244128
483 483 0.04220751859823873
496 496 0.1547656947604195
497 497 -0.4963691262667288
498 498 -1.9045128568329597
511 511 0.2631472466201114
512 512 -1.0891646635010583
513 513 -0.7127041843236723
526 526 -0.13939369074625707
527 527 0.16708334773820221
528 528 -0.7522841303372898
541 541 0.7085033731345597
542 542 0.8650751042281413
543 543 -0.017352693642766086
556 556 -1.5442706294481336
557 557 -2.294646516814419
558 558 0.1094101005633069
571 571 0.38890818778422725
572 572 -0.48027753248209515
573 573 -2.02069783590161
586 586 -0.5180089983320203
587 587 0.36256559109503916
588 588 -0.517008545939631
3001 3001 -1.0369521431314397
3002 3002 -0.33776356405607694
3003 3003 -0.5372475171496687
3016 3016 1.63376586212176
3017 3017 1.85376125603095
3018 3018 -1.6897359405277461
3031 3031 0.49492865857217794
3032 3032 0.09926557634038288
3033 3033 1.4998038038972412
3046 3046 -0.9577326919966076
3047 3047 0.5486942288191021
3048 3048 -0.48456140823120036
3061 3061 0.709735013366043
3062 3062 -1.6430361260710418
3063 3063 -0.17774173456478057
3076 3076 -0.4085964564204639
3077 3077 -0.7901334775282423
3078 3078 -1.4664290687586103
3091 3091 -1.4096256144626196
3092 3092 0.5512179668206455
3093 3093 0.031115447929589504
3106 3106 0.42853230477064636
3107 3107 1.4403434632323002
3108 3108 -1.5603314023243366
3121 3121 0.6943061099614359
3122 3122 -1.0819212814222623
3123 3123 -1.4107809159750977
3136 3136 -0.04077012463454474
3137 3137 -0.028020009563039478
3138 3138 -1.6902147704305985
3151 3151 -3.063116067921089
3152 3152 0.09574042655696215
3153 3153 -0.8087993118843108
3166 3166 -0.6635853916986234
3167 3167 -2.6743055623500487
3168 3168 0.3009533131810862
3181 3181 -0.0315930884700795
3182 3182 0.09159057119595551
3183 3183 0.577772780410936
3196 3196 1.205285469465901
3197 3197 0.9993073041990465
3198 3198 0.8711194811355389
3211 3211 0.24135005671756526
3212 3212 -0.014930039307722368
3213 3213 -0.48706249873279134
3226 3226 -1.061593714090253
3227 3227 0.7473245848550154
3228 3228 0.020012081529274462
3241 3241 -1.155475235709091
3242 3242 1.3510877908290382
3243 3243 1.1752969734518168
3256 3256 -1.2152307292568567
3257 3257 0.6990585649128503
3258 3258 -1.0873697058146645
3271 3271 -0.5876579406612972
3272 3272 -1.353409660487843
3273 3273 1.3661472041946732
3286 3286 1.109485198626407
3287 3287 -1.3893720439700654
3288 3288 0.6200648485287172
3301 3301 -1.0459084424538472
3302 3302 -0.3800193244557734
3303 3303 1.4327513599887969
3316 3316 -0.629817327494573
3317 3317 0.20751618600322258
3318 3318 1.274576897373378
3331 3331 0.6431824431986463
3332 3332 0.14851602297367514
3333 3333 -0.46010840074011067
3346 3346 -0.269010156115972
3347 3347 -1.0585142655113233
3348 3348 -1.7541056519513352
3361 3361 0.037483822152664596
3362 3362 0.6281810875414224
3363 3363 0.32776608224510795
3376 3376 -0.13910371699653734
3377 3377 0.4969258995462925
3378 3378 -0.7700483886135941
3391 3391 0.04553270270649947
3392 3392 0.2721713622554249
3393 3393 0.5941889840905935
3406 3406 0.5015194055025185
3407 3407 1.1964567141285194
3408 3408 -0.2400903434085899
3421 3421 -0.07117846673360503
3422 3422 0.6485681596894629
3423 3423 -1.1045644933481025
3436 3436 0.4259436603488301
3437 3437 0.4409197198697664
3438 3438 -0.929002973839313
3451 3451 1.4336080521690515
3452 3452 1.2831418957584733
3453 3453 -0.7268480920606633
3466 3466 -0.7296926382099883
3467 3467 -0.028107826499932754
3468 3468 1.982742219440881
3481 3481 0.2497829651552586
3482 3482 1.3348947200956114
3483 3483 -1.841219778000635
3496 3496 -0.36684735422035114
3497 3497 -1.2388009462449334
3498 3498 0.9259802283276887
3511 3511 -0.3021796100350918
3512 3512 -0.7364139374650465
3513 3513 -0.30990205867136505
3526 3526 0.41816406813869916
3527 3527 0.17273000491131923
3528 3528 -1.4485164648909943
61 62 0.2003807550356264
61 76 0.47958832659777106
61 3121 -0.18692642506986387
61 3136 -0.24767649003049774
61 3151 -0.08986829215993952
61 3166 0.06710566390103442
62 63 0.0051401533927705086
62 77 -0.45494952996334836
62 3301 -0.06761596629297902
62 3316 -0.5285801843693508
62 3331 0.7223876048809437
62 3346 0.6287451694732005
63 78 0.055324427162777315
63 3481 -0.20249096714099862
63 3496 -0.3839529244291634
63 3511 0.6027701994450518
63 3526 -1.0
76 77 1.0
76 3121 0.1645654307622266
76 3136 -0.08094430366175193
76 3151 -0.551649841875525
76 3166 0.09378037347147099
77 78 0.5367458862206801
77 3301 -0.6276626309529774
77 3316 0.686476067185471
77 3331 1.0
77 3346 0.4611678746123614
78 3481 -0.05121885825770574
78 3496 -0.20278970258421966
78 3511 0.3491055949720405
78 3526 -0.06390186646965813
91 92 0.34447727665455935
91 106 -0.28472051846493085
91 3061 0.19879537437464156
91 3076 -0.7289468737687158
91 3091 0.7705590103773812
91 3106 -0.8342873796798599
91 3121 0.1485463948409777
91 3136 -1.0
91 3151 -0.2600457896542283
91 3166 -0.43898483661206156
92 93 -0.2602681070667072
92 107 -0.4687206545401636
92 3241 -0.1693545131833777
92 3256 -0.49990273401164514
92 3271 -0.7787041777422444
92 3286 0.6673550725894078
92 3301 0.5083157421818779
92 3316 0.2653745795541653
92 3331 -0.12489729032459439
92 3346 0.1810549006840177
93 108 -0.03557827135204466
93 3421 -0.057972429868255765
93 3436 0.722851483317893
93 3451 -0.273257837607204
93 3466 0.19198646738494982
93 3481 0.16939100027541856
93 3496 -0.10381951774198153
93 3511 -0.24586649749489675
93 3526 0.26582670325663804
106 107 -0.39945534070581085
106 3061 -0.11006242792846431
106 3076 0.2989776470609064
106 3091 0.19335575947527023
106 3106 0.43428820564065507
106 3121 0.034516728544693814
106 3136 -0.3198184644475184
106 3151 0.5105351533810272
106 3166 -0.5742043028445984
107 108 -0.14855691620057068
107 3241 0.5466114247108573
107 3256 0.1226263200525198
107 3271 -0.18504873869296934
107 3286 0.39880098721090207
107 3301 -0.1994720599099725
107 3316 0.007978712582837312
107 3331 0.014038787166308454
107 3346 0.25898771076046184
108 3421 0.17892322018063578
108 3436 -0.9071616697276602
108 3451 0.5799576266423707
108 3466 -0.13534408831725422
108 3481 0.731622290559365
108 3496 -0.14917217185763781
108 3511 -0.06683773449534336
108 3526 0.22761884510123315
121 122 0.22766622915431578
121 136 -0.060503433945107
121 3061 0.4571262858510162
121 3076 -0.21987106349758595
121 3091 -0.7031022021203328
121 3106 0.025400577186301215
121 3121 -0.37986400245890933
121 3136 -1.0
122 123 0.25548562603385844
122 137 0.09996496118449491
122 3241 0.44233203107710095
122 3256 -0.30991716756589277
122 3271 -0.2036969799506194
122 3286 -0.3170101653215222
122 3301 0.4854520816096138
122 3316 -0.319452038675929
122 3151 -0.5025827544139037
122 3166 -0.22043375937754622
123 138 0.2976636036637698
123 3421 0.08367054937608008
123 3436 -0.445523151538691
123 3451 -0.4049180132132515
123 3466 1.0
123 3481 -0.48658653009650527
123 3496 -0.19588565662174123
123 3331 0.28286479913297813
123 3346 0.7700840740806925
136 137 0.7916373682790471
136 3061 -0.3167400143684056
136 3076 0.6613815486149754
136 3091 0.4907511661818418
136 3106 -0.6843710253492564
136 3121 -0.4391303507071487
136 3136 -0.18773117024505925
137 138 -0.4217215414882178
137 3241 0.21949514707109447
137 3256 0.7604851446083923
137 3271 1.0
137 3286 0.920093970151826
137 3301 -0.3039040015118578
137 3316 0.5611681060229798
137 3151 -0.20442637582454218
137 3166 -0.841590093559784
138 3421 -0.5782180880755471
138 3436 -0.24045680180866694
138 3451 -0.5636346206704577
138 3466 0.4091456820378207
138 3481 0.3961569517876086
138 3496 -0.10826128134230634
138 3331 0.18741260838290796
138 3346 -0.16772217388687558
151 152 0.585732513349406
151 166 -0.46808750927794524
151 3061 0.4225405326249611
151 3076 -1.0
151 3091 -0.32686131583002526
151 3106 -0.023355517602407824
151 3121 0.3438832601500239
151 3136 -0.41876909939672
151 3001 -0.9973015398766978
151 3016 -0.20975821609579812
151 3031 0.17779508021949164
151 3046 -0.788116453938728
152 153 0.16717440346793067
152 167 -1.0
152 3241 0.38936189675098976
152 3256 -0.9251361419085948
152 3271 -0.2172959413872785
152 3286 0.17069719259821103
152 3301 -0.4739526839245701
152 3316 -0.8527727006258662
152 3151 0.47775099919712855
152 3166 0.3477529475077777
152 3181 -0.22640400490318752
152 3196 0.02503537357916823
152 3211 -0.5084905753226457
152 3226 0.142787213362269
153 168 -0.7266504456589175
153 3421 0.665964773508429
153 3436 0.3086311994976773
153 3451 0.7531834572718988
153 3466 0.054358476261903065
153 3481 0.051763585754939986
153 3496 0.3702775207866179
153 3331 -0.5363072658463718
153 3346 -0.38745648551223744
153 3361 -0.3515919509338411
153 3376 -0.17380340857810966
153 3391 -0.858065242952392
153 3406 0.05894287285781395
166 167 -0.3978035168277522
166 3061 0.6081130087818769
166 3076 0.41202976466257896
166 3091 0.42357872760585524
166 3106 -0.02892857993437561
166 3121 -0.8225490082591305
166 3136 -0.3600520706362905
166 3001 0.49802814510597454
166 3016 -0.38550515944939173
166 3031 -0.2750544849571452
166 3046 -0.5903712088408563
167 168 -0.5806509769893529
167 3241 0.061897561587513916
167 3256 -0.40154105181866795
167 3271 -0.06454556439748338
167 3286 -0.4420940643673927
167 3301 0.6799182236836517
167 3316 -0.07634906235903435
167 3151 0.8042123500933168
167 3166 0.8531888352350512
167 3181 -0.9836772738655074
167 3196 0.31785767257501385
167 3211 -0.5766469739542385
167 3226 0.2399251266361528
168 3421 0.6126762004493608
168 3436 -0.5312196502949433
168 3451 -0.5292944148929835
168 3466 -0.89160607282655
168 3481 -0.3801382574131995
168 3496 -0.5614781067875803
168 3331 -0.5161379182248341
168 3346 0.10136071292069965
168 3361 0.49794597190674483
168 3376 0.4855757006672617
168 3391 0.1784390785503406
168 3406 -0.26867752655025573
181 182 -0.6368231844286506
181 196 0.646348771653413
181 3061 -0.07238701014087492
181 3076 -1.0
181 3001 -0.8969342230017954
181 3016 -0.219127209699781
181 3031 0.26952410847837033
181 3046 0.22112626600566895
182 183 0.45241496021014477
182 197 -0.26297721276113156
182 3241 0.6268137502693094
182 3256 -0.41905536165195345
182 3091 0.12761692606959507
182 3106 0.06094811308013788
182 3121 0.6447895465766185
182 3136 0.24427426581279627
182 3151 -0.7344543570570641
182 3166 0.21667238953339196
182 3181 -0.1697610365372771
182 3196 -0.5288644458345492
182 3211 0.5286167103092432
182 3226 -0.8291191103028134
183 198 0.2983473946978638
183 3421 -0.3128074043016557
183 3436 -0.04709653017015538
183 3271 -0.7196450519073317
183 3286 0.16399035954054011
183 3301 0.5365201807417324
183 3316 -0.5577971035596215
183 3331 0.6869424527491762
183 3346 0.1756299145401378
183 3361 0.485143635364748
183 3376 -0.40003882398478613
183 3391 0.15546132563560336
183 3406 -0.3062403854583696
196 197 -0.9188400123383857
196 3061 -0.2868912664482515
196 3076 -0.5189871169289766
196 3001 -0.4328818125363271
196 3016 0.3930819726812461
196 3031 0.057892201252811096
196 3046 -0.12478721118571251
197 198 0.25700849325713465
197 3241 0.6198249053630186
197 3256 0.02784743128039743
197 3091 0.5689210772061338
197 3106 -0.41617365275021173
197 3121 -0.29196691541176917
197 3136 0.030486824471695782
197 3151 0.5087346432261436
197 3166 -0.3938206372546711
197 3181 -0.8818463696478667
197 3196 0.20886470593684814
197 3211 0.07636401618343648
197 3226 0.9679899990994048
198 3421 -0.04028708653735614
198 3436 0.16317876626442776
198 3271 1.0
198 3286 -0.06631645392328203
198 3301 -0.09384515372796999
198 3316 0.6351266715987405
198 3331 -0.049996226655218357
198 3346 -0.6719178821326529
198 3361 0.1326121132756759
198 3376 0.6391469251975083
198 3391 0.6885602010932073
198 3406 0.25254989737837086
211 212 0.8438987556411054
211 226 -0.05154640644207878
211 3061 0.2929329593955394
211 3076 0.46049311638500373
211 3001 0.016764772165955028
211 3016 -0.21554556760513868
211 3031 0.5658826964687187
211 3046 -0.6889689378876968
212 213 0.7405583378461287
212 227 -0.4393592776337573
212 3241 0.3842437775477849
212 3256 -0.6854161708605937
212 3091 -0.24383219182538898
212 3106 -0.677419270983068
212 3122 -0.7998010299200918
212 3137 0.6221918554891441
212 3152 0.2658694085852371
212 3167 -0.12001556304146746
212 3181 1.0
212 3196 0.28748784808293687
212 3211 -0.3746521277968853
212 3226 -0.24737718205829343
213 228 0.17129484766550826
213 3421 0.3145499846637979
213 3436 0.2082251360731503
213 3271 -1.0
213 3286 1.0
213 3302 -0.5139795972384402
213 3317 -0.03359846384258638
213 3332 -0.4882669320814132
213 3347 0.4793721032879986
213 3361 0.8951291728375809
213 3376 0.21183183368740635
213 3391 -0.5051565601537635
213 3406 -0.5375360618651565
226 227 0.09652663991710357
226 3061 0.45650862395662367
226 3076 -0.10743626683390183
226 3001 0.23647257411527997
226 3016 -0.2095193471423975
226 3031 0.20884968311706797
226 3046 0.2194201948480163
227 228 0.36559039648765795
227 3241 0.09823107927505538
227 3256 0.12980698365667237
227 3091 0.3990972713140338
227 3106 0.24256092277476207
227 3122 1.0
227 3137 -0.22723386126061645
227 3152 0.721263610512956
227 3167 -1.0
227 3181 1.0
227 3196 0.13019363667102393
227 3211 -0.13461879311273553
227 3226 -0.09457813225359504
228 3421 -0.6294410161371657
228 3436 -0.04430027667107637
228 3271 -0.4008354061026516
228 3286 -1.0
228 3302 0.44602226848235754
228 3317 0.21510062505714428
228 3332 -0.5444168484892378
228 3347 -0.06995178133737419
228 3361 -0.13827735852270095
228 3376 -0.46387270255003826
228 3391 -0.6331707926949499
228 3406 0.5800604590043659
241 242 0.012459558607352024
241 256 0.25236738653296126
241 3061 0.05141367881320251
241 3076 -0.6780884231443008
241 3091 0.35959457635661984
241 3106 0.5739246266986984
241 3122 -0.7205509222577011
241 3137 -0.8469126076559614
241 3152 0.28720431065341256
241 3167 0.7880147604794219
241 3181 0.24517824073609382
241 3196 0.097712269094937
241 3031 -0.19193350016145608
241 3046 -0.9235252599432372
242 243 -0.6867430809560517
242 257 -0.8340690355027719
242 3241 -0.79088239546768
242 3256 0.47819651377682487
242 3271 -0.5748204086099044
242 3286 -0.4699772958844481
242 3302 -0.5677763359026143
242 3317 -0.5993144224225142
242 3332 0.2044123371491531
242 3347 0.1964061754975093
242 3361 0.7321989681852844
242 3376 0.23511525551474083
242 3211 -0.5537881531511749
242 3226 -0.6203308267413332
243 258 0.1778852972293864
243 3421 0.561781735266551
243 3436 -0.38192322361064684
243 3451 -0.12951755255260672
243 3466 -0.48140699183558067
243 3482 -0.15344483534763603
243 3497 0.6966779241355289
243 3512 0.5063325482689628
243 3527 0.005643210693616593
243 3391 0.02941431610541697
243 3406 0.5721022706631628
256 257 -0.05393726330060991
256 3061 0.6599833775298161
256 3076 0.06990862699396201
256 3091 -0.07188912982121727
256 3106 -0.32878431118188856
256 3122 0.29379644249053355
256 3137 0.02972000867573073
256 3152 0.27646321129243456
256 3167 -0.47822253063900755
256 3181 0.7405586976179243
256 3196 1.0
256 3031 -0.057835681598336505
256 3046 0.615907688548755
257 258 -0.5497399233801568
257 3241 0.8639064179257548
257 3256 -0.1993185160591217
257 3271 0.07897823650639933
257 3286 -0.1346314227415861
257 3302 0.17720679598256187
257 3317 0.2443619355397809
257 3332 1.0
257 3347 -0.2567969955615324
257 3361 -0.40340451795625426
257 3376 -0.4714265662981861
257 3211 0.3262678605039717
257 3226 0.13005678013155103
258 3421 -0.26295591203401547
258 3436 0.5939337588075075
258 3451 -0.030598616810913498
258 3466 -1.0
258 3482 -0.12524251876665388
258 3497 0.3574261508976672
258 3512 0.15642383617218897
258 3527 0.6621370323658539
258 3391 0.276868733562306
258 3406 0.19587094239269073
271 272 0.9357075583680169
271 286 0.2470432353273033
271 3062 0.1397073427553619
271 3077 0.5085101505546071
271 3092 0.8029476936115422
271 3107 -0.46706030758440453
271 3122 -0.3807251575657146
271 3137 -0.7523940647585038
271 3152 0.21049285664210626
271 3167 -0.8435880568040769
271 3181 -0.07186872531076478
271 3196 0.6561569873930793
271 3031 0.06298457019464958
271 3046 0.5065339491725982
272 273 0.6222531919459716
272 287 0.37432834822251493
272 3242 -0.4636781728921427
272 3257 -0.3269060070640147
272 3272 -0.39043161814886085
272 3287 -0.23472485487513378
272 3302 0.3611695618241924
272 3317 -0.7534717466716292
272 3332 -0.667513469410828
272 3347 -0.411595799031876
272 3361 0.3876389850138211
272 3376 0.23264056560851024
272 3211 -0.6139301022291253
272 3226 -0.5565598864816226
273 288 0.14023498278171198
273 3422 0.5371863466561091
273 3437 -0.38898277564628436
273 3452 -0.05338758824334479
273 3467 0.16016179386391255
273 3482 0.4188414288186247
273 3497 -0.9373211496904378
273 3512 0.10341855472530377
273 3527 -0.23270808964641912
273 3391 -0.3304535963233926
273 3406 0.8385124695784634
286 287 0.34902847332643794
286 3062 0.6021196323247802
286 3077 0.065691099852678
286 3092 0.35746701651323765
286 3107 -0.6569012974835129
286 3122 0.30649939882341676
286 3137 -0.12827501758201287
286 3152 -0.19914772998920854
286 3167 0.7390642187363378
286 3181 -0.03197903490875745
286 3196 -1.0
286 3031 0.2577496389272406
286 3046 -0.19740735150096714
287 288 -0.3434833537421049
287 3242 0.2633025520515548
287 3257 -0.045555255113914436
287 3272 0.22987905638729905
287 3287 0.18357483611600625
287 3302 0.10800310030609095
287 3317 0.9606007952985844
287 3332 0.1222865035311846
287 3347 1.0
287 3361 0.7128269819543287
287 3376 -0.1282651067769673
287 3211 0.09790196198129314
287 3226 -0.019101846078727648
288 3422 0.03652826034939862
288 3437 0.19118461339854
288 3452 -0.5843938472514463
288 3467 -0.2350929629651833
288 3482 0.11017991775414236
288 3497 0.2834503591647695
288 3512 0.6106253067337566
288 3527 0.5178496950308737
288 3391 -0.05756454249853441
288 3406 0.20960415557445825
301 302 -0.8522192230705652
301 316 0.6199349956140556
301 3062 0.4475820499529906
301 3077 0.5121762370089409
301 3092 -0.5722712374333596
301 3107 0.3925052891756577
301 3122 -0.5248108743620483
301 3137 -0.6438108208287403
301 3001 0.9410645603458545
301 3016 0.42620356959741057
301 3031 0.4460167215217532
301 3046 -0.2551204468487982
302 303 -0.648627967872483
302 317 -0.5904756560708226
302 3242 -0.22123404850144307
302 3257 0.20996581319700278
302 3272 -0.4129512244687434
302 3287 0.1875963200390895
302 3302 0.6578459253510863
302 3317 -0.05291520724203844
302 3152 -0.4908617288009402
302 3167 -0.44571210943438283
302 3181 0.7995583589796524
302 3196 0.062109436886638995
302 3211 -0.46706632297464085
302 3226 0.36449126042103847
303 318 -0.08406359304432064
303 3422 -0.26694839528617254
303 3437 -0.13074847133129092
303 3452 -0.5435667493358468
303 3467 0.008002249616857532
303 3482 -0.8128634280612019
303 3497 0.38945471204326965
303 3332 0.06197759569097397
303 3347 -0.2450859238296272
303 3361 0.059681560326689295
303 3376 -0.4954078971657902
303 3391 0.5267030354564411
303 3406 -0.9041668042044674
316 317 -0.11837904680826548
316 3062 -0.17347203131392536
316 3077 -0.5163315460395973
316 3092 -0.34307881999268497
316 3107 -0.31845058523446923
316 3122 -1.0
316 3137 0.3724760853708912
316 3001 0.22006050422228657
316 3016 -0.08692579129146487
316 3031 0.4617098991626088
316 3046 -0.8784762905346764
317 318 -0.2547211355724992
317 3242 0.3757456105980961
317 3257 -0.18840986783982563
317 3272 -0.14299227829635408
317 3287 -0.03885725007448358
317 3302 -0.3202775969780416
317 3317 -0.08296929078655253
317 3152 -0.45143035449227353
317 3167 0.4154502848840741
317 3181 -0.09289021660135034
317 3196 0.2276006034544984
317 3211 0.4971408642985296
317 3226 0.11253280197813353
318 3422 0.5983603106269838
318 3437 -0.3415171377269626
318 3452 0.06475841708064346
318 3467 0.11659560713234371
318 3482 0.4762208943510497
318 3497 -0.0029206055307490365
318 3332 0.7993857508936931
318 3347 0.24813263774866723
318 3361 -0.12172804411278704
318 3376 0.320041066653114
318 3391 -0.47340923154217396
318 3406 0.13251766988928038
331 332 0.37451545030002475
331 346 -0.3512414434805121
331 3062 -0.1040069409605219
331 3077 -0.1787917301696382
331 3092 -0.5842654851642611
331 3107 0.08627218164212068
331 3122 -0.6324560945718632
331 3137 -0.01027160792391006
331 3002 -0.4982976575458342
331 3017 0.5992106669186485
331 3032 -0.29866456524789803
331 3047 -0.10999736123372034
332 333 -0.27801688666058555
332 347 -0.5101878550540353
332 3242 0.7373546055556703
332 3257 -0.22105809147505004
332 3272 0.0745701966797021
332 3287 0.05496962064101788
332 3302 -0.14245951949009097
332 3317 0.054314021618994006
332 3152 0.3972562043429868
332 3167 0.31353999010749695
332 3182 -0.31598322120345806
332 3197 0.09013073160479283
332 3212 0.3299912447523602
332 3227 0.7862307071779905
333 348 0.4127377225084736
333 3422 -0.6457217084946045
333 3437 -1.0
333 3452 -0.37765309766151933
333 3467 -0.7318674354652549
333 3482 0.018090852535110263
333 3497 0.18749168810147912
333 3332 0.26960603400408634
333 3347 -0.11715074019680682
333 3362 0.0800188970101836
333 3377 0.21799195495794255
333 3392 -0.6434253498731253
333 3407 1.0
346 347 -0.11956174767353633
346 3062 -0.020102748716529447
346 3077 0.11694870259295582
346 3092 0.5344985984515637
346 3107 -0.11541945145885645
346 3122 0.7580876162284339
346 3137 -0.3346144282698004
346 3002 0.6831490610602097
346 3017 0.1876404805441338
346 3032 0.31308072948892546
346 3047 0.37423242075420576
347 348 -0.054704174037782
347 3242 -0.12130974768827539
347 3257 0.26576907782397347
347 3272 0.2412043029157887
347 3287 0.3388252153084347
347 3302 0.684474261850418
347 3317 -0.1724287099401297
347 3152 0.45461635430198083
347 3167 0.17899755980070842
347 3182 0.09066149883095329
347 3197 0.392335503835411
347 3212 0.28763201715129494
347 3227 0.16189624415169906
348 3422 -0.43045624324025833
348 3437 -0.04174753925393906
348 3452 -0.35553961508105364
348 3467 -0.9114172114266242
348 3482 0.21407289790521547
348 3497 0.25199182156299776
348 3332 -0.5053456122285712
348 3347 0.08326937366960972
348 3362 -0.6092276089850314
348 3377 -0.309849373569977
348 3392 -0.5943234026035773
348 3407 -1.0
361 362 -0.1291506038869599
361 376 -0.25737734631030806
361 3062 0.19649570223529828
361 3077 -0.7332063804147794
361 3002 -0.07760631964319989
361 3017 0.80529163847144
361 3032 0.05613458019608944
361 3047 0.003988054870147139
362 363 -0.3039378296401729
362 377 0.09101231327221787
362 3242 -0.3236719436316268
362 3257 -0.37088550307381235
362 3092 0.4551734584989475
362 3107 -0.18134436713448598
362 3122 -0.013354411241769434
362 3137 -0.16859577484188432
362 3152 0.6655125858164631
362 3167 0.26915182086710737
362 3182 0.8326881088408965
362 3197 -0.9074148200804454
362 3212 0.3876047669321164
362 3227 0.22728589214005407
363 378 0.5365964352191546
363 3422 -0.856454076433813
363 3437 0.9112369767021714
363 3272 0.6924863569965146
363 3287 -0.18428249702483432
363 3302 -0.4198965420979195
363 3317 -0.6580364994393846
363 3332 -0.3012147254621266
363 3347 -0.4673890541353176
363 3362 -0.7728631345780047
363 3377 0.2921688843388495
363 3392 -0.1095067996479866
363 3407 0.544719104078169
376 377 0.22283512723978982
376 3062 -0.6392770204397609
376 3077 -0.5964344958210049
376 3002 0.04697056657447492
376 3017 0.5697897628157352
376 3032 -0.4834215833722938
376 3047 -1.0
377 378 -0.024097300945529466
377 3242 0.746004254763545
377 3257 0.7080465619665569
377 3092 -0.8450744544825735
377 3107 0.20771900839103902
377 3122 -0.16906133535002896
377 3137 -0.04735798287534448
377 3152 0.43325426674228285
377 3167 -0.25081059027969743
377 3182 -0.39607862607274424
377 3197 0.4843979144016981
377 3212 -0.0835858017095004
377 3227 -0.1258818098789232
378 3422 0.008282158519285144
378 3437 0.17717663114905044
378 3272 -0.8020055669716813
378 3287 1.0
378 3302 -0.8939510456716183
378 3317 0.45772651049430685
378 3332 -0.4812554505869426
378 3347 0.46348625474368665
378 3362 0.4500273400356355
378 3377 0.07167421957486433
378 3392 -0.11486102700017753
378 3407 -0.8042669201402101
391 392 -0.5239521630894647
391 406 0.5230447217265446
391 3062 0.027899877680221435
391 3077 -0.5175437520596622
391 3002 0.06726592135372335
391 3017 1.0
391 3032 -0.10053485679844638
391 3047 0.47551850191843603
392 393 -0.3015818376537093
392 407 -0.2997724176784256
392 3242 -0.15890317658820463
392 3257 0.1810470948740139
392 3092 0.30519443675417224
392 3107 -0.42849068948865293
392 3123 -0.6315266583512352
392 3138 0.8090603621642555
392 3153 -0.7100034601833543
392 3168 0.027267576293055356
392 3182 0.768746813396608
392 3197 0.015489529993933026
392 3212 0.14803067598661102
392 3227 0.10775531364518165
393 408 0.29868367010582997
393 3422 -0.3149465626925349
393 3437 0.0666625343225399
393 3272 -0.6753578619372569
393 3287 -0.3405662862709851
393 3303 0.46519691146937825
393 3318 0.10175159620540873
393 3333 0.4914677183234387
393 3348 -0.5597322272863311
393 3362 0.5608681799168413
393 3377 0.3289276117888856
393 3392 -0.21889836594566706
393 3407 0.12900197188885604
406 407 0.49464455136584073
406 3062 0.21801772063705122
406 3077 -0.5313978985597623
406 3002 -0.22431906606319774
406 3017 -0.46842871437194095
406 3032 0.5690606592753948
406 3047 -1.0
407 408 -0.38898459252570555
407 3242 -0.9390378127701283
407 3257 -0.4840051649358728
407 3092 0.540068729885365
407 3107 -0.2521158920320227
407 3123 -0.7454565585048502
407 3138 0.8547180145827405
407 3153 0.8014516643181282
407 3168 -0.7063324803347891
407 3182 0.991593002340175
407 3197 -0.0588016958880078
407 3212 0.2847648997352448
407 3227 0.1520952241428444
408 3422 0.040520109622130214
408 3437 0.32613331274290197
408 3272 1.0
408 3287 -0.25904185517315775
408 3303 0.3601459461110308
408 3318 0.7421451149646426
408 3333 0.7235142244176284
408 3348 0.02680648520061613
408 3362 0.6077614658636293
408 3377 -0.6451431994265934
408 3392 0.4698600597460895
408 3407 0.3109498604806976
421 422 0.01360080303611501
421 436 0.6005009060950706
421 3062 0.47099653455014323
421 3077 0.014713591442907688
421 3092 -0.8984762849925654
421 3107 -0.6887749298413411
421 3123 1.0
421 3138 0.00606438569192084
421 3153 0.9654441128924389
421 3168 1.0
421 3182 -0.27947929016161216
421 3197 -0.08177143652014925
421 3032 -0.1771155099911974
421 3047 0.0071255543754373245
422 423 0.36060180367946265
422 437 -0.5496328876403112
422 3242 0.3696245871676695
422 3257 -0.4088602549615513
422 3272 0.433813248127588
422 3287 -0.6939663217678274
422 3303 -0.09326273372654205
422 3318 0.5433418610344162
422 3333 -0.4454303415377383
422 3348 0.1681753807480644
422 3362 0.7140825397283371
422 3377 -0.6459521751551697
422 3212 -0.763151887340236
422 3227 -0.3944139907744969
423 438 0.037946816019730704
423 3422 0.17166941062504892
423 3437 -0.29145396697514736
423 3452 0.2554828177967544
423 3467 -0.03916510077005215
423 3483 0.005443223023120124
423 3498 0.09886687915473771
423 3513 -0.39140035699127235
423 3528 0.5840275539225838
423 3392 0.11959997991125118
423 3407 -0.15910940807493185
436 437 -0.5506776184370166
436 3062 0.14592195784931075
436 3077 -0.23587316437592173
436 3092 -0.12747654214219634
436 3107 -0.6191669643619844
436 3123 0.9755844798702921
436 3138 -0.774081256751554
436 3153 -0.18767518376453335
436 3168 -0.2759011171752638
436 3182 0.2374571969095225
436 3197 -0.15357300827159243
436 3032 0.8255696536772043
436 3047 -0.5858758763115647
437 438 0.744767094274063
437 3242 -0.6934301601368025
437 3257 -0.07787328539778815
437 3272 0.7762925457315377
437 3287 0.5807678885851086
437 3303 0.1597963155209708
437 3318 -0.11775795450536863
437 3333 0.7502405130160834
437 3348 -0.01114522702797831
437 3362 -0.21874590256419355
437 3377 -0.48269305506158844
437 3212 -0.08480974189077602
437 3227 0.2969999305855864
438 3422 0.08724868318496065
438 3437 -0.2460982826212817
438 3452 0.07691467629367069
438 3467 -0.3423298368463813
438 3483 0.26801883114317315
438 3498 -0.3015733345219069
438 3513 0.20048408565277084
438 3528 0.25911236836368506
438 3392 -0.026727942341462158
438 3407 0.631171858390534
451 452 0.24975845555414777
451 466 -0.49968301099364704
451 3063 -0.47863664531774003
451 3078 0.03366442351358905
451 3093 0.2362067837916551
451 3108 -0.02322240423880281
451 3123 -0.028533682262400842
451 3138 -0.2456655271738013
451 3153 1.0
451 3168 0.18250352762713284
451 3182 0.2222547333727252
451 3197 -0.6753828412925912
451 3032 0.13199128130899376
451 3047 0.09002056318976971
452 453 0.4800981982617134
452 467 -0.5143539742708
452 3243 0.6534791888214362
452 3258 0.754794020958322
452 3273 -0.3519197528255657
452 3288 0.3047353050436089
452 3303 0.14348868252106936
452 3318 -0.28308883865850437
452 3333 -0.48877213307639844
452 3348 0.7127772745586278
452 3362 -0.2883661315823548
452 3377 0.5221818828463458
452 3212 -0.07396687456880217
452 3227 -0.5625779230679241
453 468 0.25683109977096086
453 3423 -0.49930278177291776
453 3438 -0.4674820176347362
453 3453 0.505969080955865
453 3468 -0.23830680307437532
453 3483 -0.5008078643678449
453 3498 -1.0
453 3513 0.3972745902481605
453 3528 0.20841775708660268
453 3392 0.09109348860152905
453 3407 0.12644572098374976
466 467 0.17747682635551462
466 3063 0.079064558757954
466 3078 -0.1785294256924953
466 3093 -0.6676998286922363
466 3108 -0.7483538208921486
466 3123 -0.9429367741801635
466 3138 -0.5064536657976189
466 3153 -0.15884571144513365
466 3168 -0.11726486135792119
466 3182 -0.015798624972542977
466 3197 0.15148886994627983
466 3032 0.4124557288288952
466 3047 -0.6203034639895627
467 468 0.9055215157192681
467 3243 0.2524994397349589
467 3258 -0.4794191819299795
467 3273 -0.50502806624881
467 3288 -0.05105245258295209
467 3303 0.35176062141804254
467 3318 0.09481256202190415
467 3333 -0.12492730592521586
467 3348 0.33527687366539116
467 3362 0.08660964344906547
467 3377 -0.31297789905910034
467 3212 -0.4793500913056272
467 3227 -0.08250999659124465
468 3423 0.26283637799710213
468 3438 0.1975337684135545
468 3453 0.7829237719465436
468 3468 0.2548373016819297
468 3483 -0.07091994148070645
468 3498 -0.5838174187412449
468 3513 0.6786997214706465
468 3528 0.3086741081055784
468 3392 -0.12788878578122598
468 3407 -0.3977799872460439
481 482 -0.36547543503131474
481 496 0.13040615365551017
481 3063 -0.06427730547398945
481 3078 0.42864028672859505
481 3093 -0.16620285105352028
481 3108 0.16956164321288159
481 3123 -0.7920590851027125
481 3138 0.12894897988079773
481 3002 0.5034916830447046
481 3017 0.8156095266321185
481 3032 -0.34880668053546887
481 3047 -0.017915436230915
482 483 -1.0
482 497 -0.21953307766854638
482 3243 -0.08053609342823191
482 3258 -0.24563800889409176
482 3273 -0.0322893104462635
482 3288 0.38019640460252857
482 3303 -0.18780149126142667
482 3318 0.5108963145738938
482 3153 0.17309388740773402
482 3168 -0.7667829563861145
482 3182 -0.954890158675288
482 3197 -0.15392288316761427
482 3212 -0.311280085685893
482 3227 0.08999631607037174
483 498 -0.8387519044388271
483 3423 0.42683786165037596
483 3438 0.44723395640100044
483 3453 -0.5521663298791337
483 3468 1.0
483 3483 -0.6605664570665546
483 3498 -0.3362637816729149
483 3333 -0.10779144941185546
483 3348 0.36899706081717837
483 3362 -0.5490239217509576
483 3377 0.08005647375860336
483 3392 -0.04060578776881586
483 3407 -0.7480636346747277
496 497 -0.12807463958773474
496 3063 0.054161772781949925
496 3078 0.19786608906644637
496 3093 -0.09876950293266537
496 3108 -0.09562194873990669
496 3123 0.669311142178138
496 3138 0.14067327783089306
496 3002 -0.42961360701728013
496 3017 -0.6971555024068984
496 3032 0.7586494417528025
496 3047 0.4232571341569236
497 498 -0.22109916518606276
497 3243 -0.7450693476108101
497 3258 0.40619266606820903
497 3273 0.8122439271732748
497 3288 -0.36800106700937285
497 3303 -0.46552306600320814
497 3318 0.4862690173406958
497 3153 0.7625476382365658
497 3168 -0.6184299743613311
497 3182 -0.19688993121734608
497 3197 -0.06195624611164428
497 3212 0.04340478532684663
497 3227 -0.5402377072578652
498 3423 0.8363397351263485
498 3438 -0.23380131151046327
498 3453 -0.15654770678998367
498 3468 -0.3287923773105021
498 3483 -0.43485282511115564
498 3498 -0.48595162428901495
498 3333 -0.37573615896020374
498 3348 -0.8404843655094871
498 3362 0.6347016798652856
498 3377 0.08259116281222446
498 3392 0.19886406566698314
498 3407 -0.3270747204694043
511 512 -0.04120566281827908
511 526 0.7925641920737131
511 3063 -0.10477241649075233
511 3078 -0.25624522791351473
511 3093 -0.6412753048928719
511 3108 0.2544350771896997
511 3123 -0.508710556702076
511 3138 0.4439196691579571
511 3003 0.9080367625711978
511 3018 -0.0371011409355315
511 3033 -0.31893726663726846
511 3048 -0.4096283959274294
512 513 0.01623957325963092
512 527 -0.08365288957452853
512 3243 0.013815012901374928
512 3258 0.047784041149718
512 3273 0.2235342068687598
512 3288 -0.44970414952715015
512 3303 -0.17351154943638072
512 3318 -0.12791799294396103
512 3153 0.9280580954597477
512 3168 0.052802664307408854
512 3183 -0.056474815290794976
512 3198 -0.0008119430703132349
512 3213 0.3620605194763144
512 3228 -0.5860428146044548
513 528 -0.126462005907905
513 3423 0.03722181285047697
513 3438 -0.5456483655507837
513 3453 -0.14903184320329188
513 3468 0.3551003920509408
513 3483 0.5245693252235628
513 3498 0.5256971741863785
513 3333 -1.0
513 3348 0.18994620306985394
513 3363 -0.9207552761610049
513 3378 0.07492135572596854
513 3393 0.5489388929191759
513 3408 -0.4529537824850769
526 527 0.4987892943583532
526 3063 0.742544836681011
526 3078 -0.05700033829715041
526 3093 -0.33637627974770906
526 3108 -0.29930163501453594
526 3123 0.18706439687254853
526 3138 0.3418917157820543
526 3003 0.18569410194497882
526 3018 0.14058904162552954
526 3033 -1.0
526 3048 -0.5975976224280118
527 528 -1.0
527 3243 0.251835647161008
527 3258 0.7045949591719257
527 3273 0.32787868868043113
527 3288 -0.11279993838151496
527 3303 -0.19044278738193335
527 3318 0.2682179400960941
527 3153 -0.40916356791434166
527 3168 0.8406888441059729
527 3183 0.9242920220922605
527 3198 0.34208815036430534
527 3213 0.4889161430105943
527 3228 0.10354858534905004
528 3423 -1.0
528 3438 -0.38020924041722554
528 3453 0.017328427859138153
528 3468 0.5538114841612105
528 3483 0.9704719224216329
528 3498 -0.1865298100589017
528 3333 0.10496866528999695
528 3348 0.16707069199678454
528 3363 0.2622287392087316
528 3378 0.5983948134720424
528 3393 0.004878944150650367
528 3408 -0.26756405420993823
541 542 0.2981132340275285
541 556 0.29949110577198734
541 3063 0.19542227730450096
541 3078 -0.1750396138687945
541 3003 0.32650700817773637
541 3018 0.20126737127346173
541 3033 -1.0
541 3048 0.8381725595177024
542 543 -0.20111798153816676
542 557 0.13620751205393059
542 3243 -0.6415711252373604
542 3258 0.08346131309094419
542 3093 0.15251323088449378
542 3108 -0.0363946231567302
542 3123 0.05971236743759834
542 3138 0.0778125840791342
542 3153 0.27074584314102856
542 3168 0.22581371328155958
542 3183 0.05927989749276321
542 3198 -0.35793823962434973
542 3213 -0.23951587140631506
542 3228 0.5183933709271507
543 558 1.0
543 3423 0.36857767887244103
543 3438 -0.7168241807339951
543 3273 0.16124724900825882
543 3288 0.023472509111704107
543 3303 -0.7271717272043662
543 3318 0.9387152515564321
543 3333 -0.027203646411737697
543 3348 -0.00331760012101117
543 3363 0.5278640612603461
543 3378 -0.7043848593695109
543 3393 0.008340557176516689
543 3408 0.03213821332178097
556 557 -0.1525114417788081
556 3063 -0.08571716868560172
556 3078 0.34255519356602115
556 3003 0.018301130480358106
556 3018 -0.07390064118426376
556 3033 -0.062232639150054565
556 3048 0.23397819037796885
557 558 0.053068595224262195
557 3243 -1.0
557 3258 -0.5349949153803237
557 3093 -0.15723446554571135
557 3108 0.11442065737743504
557 3123 0.44208501027699304
557 3138 0.2324378984261337
557 3153 1.0
557 3168 -0.11671479259079912
557 3183 0.2538260309489197
557 3198 -0.0909863014579975
557 3213 0.05061329786376805
557 3228 0.2919871908992442
558 3423 0.15798848279790909
558 3438 0.06560340387068851
558 3273 0.4570789344367197
558 3288 0.05109634835269896
558 3303 -0.15825460690339713
558 3318 -0.025117004321073087
558 3333 -0.02539075307559401
558 3348 0.47979233546592026
558 3363 -0.603324512439774
558 3378 -0.21830652025005992
558 3393 -0.34633612716194184
558 3408 -0.6521468737616782
571 572 -0.4447689223745403
571 586 0.4237852726425886
571 3063 -0.3496606810461748
571 3078 0.336367254286302
571 3003 0.5167461418350023
571 3018 0.5730996156555287
571 3033 -1.0
571 3048 0.5729727201261663
572 573 0.8104994977040632
572 587 0.543086237184421
572 3243 0.2900734796734856
572 3258 -0.4980895556262605
572 3093 0.12705362149132407
572 3108 -0.6442036767962508
572 3183 0.08941644600851861
572 3198 -0.08855966724147041
572 3213 -1.0
572 3228 -0.00935265146900048
573 588 0.5935571349376778
573 3423 -0.5804665073258362
573 3438 -0.34971616123660676
573 3273 0.042565224556088514
573 3288 -0.19613829231446137
573 3363 0.06255751019680529
573 3378 0.8280107012697953
573 3393 0.2546105943538179
573 3408 -0.0856031024377106
586 587 -0.8823408913174412
586 3063 -0.33361325074814857
586 3078 0.632851514604601
586 3003 -0.13630508370743288
586 3018 0.246167693231056
586 3033 -0.2952175104958808
586 3048 -0.027807893583591075
587 588 -0.06959419018840302
587 3243 0.4903161918378232
587 3258 -0.08235053054742157
587 3093 -0.12595224716576484
587 3108 -0.562769520123213
587 3183 -0.7939751709709598
587 3198 0.4380842658466878
587 3213 0.00569718628885601
587 3228 0.30716199738404165
588 3423 -0.7344960073826513
588 3438 -0.13114876598085481
588 3273 -0.525985461984847
588 3288 0.3531302510674142
588 3363 0.3849591540111085
588 3378 0.030657819803734804
588 3393 0.6547290222749017
588 3408 0.44578200595736606
3001 3002 0.13772294318298348
3001 3016 -0.16117290534795026
3002 3003 0.34940187615503004
3002 3017 -0.7480368567579101
3003 3018 -0.0829971430863076
3016 3017 -0.4032518276855833
3017 3018 0.6904120187082946
3031 3032 -0.5487973718444338
3031 3046 0.09638991214615214
3032 3033 -0.2910615274988468
3032 3047 -0.6527228991558545
3033 3048 0.3720069199137388
3046 3047 0.1768936219588991
3047 3048 0.31782989691053865
3061 3062 -0.4286114517059952
3061 3076 0.31634121420596717
3062 3063 0.1410937531147041
3062 3077 -0.42754240030274493
3063 3078 0.25403471826377916
3076 3077 -0.4989388000254869
3077 3078 0.8034524146022419
3091 3092 -0.5137844829332368
3091 3106 -0.09905707038566436
3092 3093 -1.0
3092 3107 -0.10559055678407572
3093 3108 0.12333613886110795
3106 3107 -0.053264081559142425
3107 3108 0.26444128580987664
3121 3122 -0.5570275079712917
3121 3136 0.5058134342603549
3122 3123 0.40176669616384797
3122 3137 0.39688557140154224
3123 3138 0.202007639174068
3136 3137 0.5519940910693015
3137 3138 -0.23577404351869977
3151 3152 -0.04433493871946811
3151 3166 0.4147890117341628
3152 3153 0.40816683850043234
3152 3167 0.23102105981834747
3153 3168 0.30613394199512084
3166 3167 -0.3669703573471606
3167 3168 0.903040189403428
3181 3182 -0.6940937965451012
3181 3196 -0.8819866944915754
3182 3183 0.33003060609451546
3182 3197 0.08319811505395072
3183 3198 -0.41802185623604865
3196 3197 -0.8515483479279794
3197 3198 -0.34357135866022487
3211 3212 0.19822636674755026
3211 3226 -0.3556490859504759
3212 3213 -0.4022066898637198
3212 3227 0.6247620768451547
3213 3228 -0.4379746739328925
3226 3227 -0.2670227883641688
3227 3228 0.47405836156578635
3241 3242 0.1704157048249905
3241 3256 0.22249522652606019
3242 3243 0.7325149231184946
3242 3257 -0.1385622968121646
3243 3258 0.1650234177337381
3256 3257 -0.19121534866983916
3257 3258 -0.49509150104673033
3271 3272 0.052808819054661886
3271 3286 0.404834472328565
3272 3273 -0.453310263244405
3272 3287 -0.4201826288885085
3273 3288 0.7277253124577129
3286 3287 -0.100765680204405
3287 3288 0.2768104271571238
3301 3302 0.9485172292962103
3301 3316 -0.21334433031891134
3302 3303 0.40599152486003726
3302 3317 -0.20640840264928312
3303 3318 0.3313120553523007
3316 3317 0.34188904789589625
3317 3318 -0.17489205592584883
3331 3332 0.6531709930146918
3331 3346 0.5195973760980231
3332 3333 -0.6206605402697196
3332 3347 -0.47063105020543433
3333 3348 -0.550039094335401
3346 3347 -0.07648547271583854
3347 3348 0.23666664702567575
3361 3362 -0.1904533665987092
3361 3376 0.24947144064525856
3362 3363 0.6737929213934123
3362 3377 -0.2089301774263383
3363 3378 -0.30460827076415065
3376 3377 0.17466837166976792
3377 3378 0.48101653820416673
3391 3392 0.5541039224845858
3391 3406 0.257698752791675
3392 3393 0.07111073651251054
3392 3407 0.016216608548878367
3393 3408 0.05503908298164271
3406 3407 0.3510835644831695
3407 3408 0.2739821502535832
3421 3422 -0.4297420403792573
3421 3436 -0.3123650899645017
3422 3423 0.07043953501335452
3422 3437 0.253190823947143
3423 3438 0.08060939344336913
3436 3437 -0.6940524500332027
3437 3438 -0.015902993238061793
3451 3452 0.07558929053292644
3451 3466 -0.3722626779510479
3452 3453 1.0
3452 3467 -0.09572094378743959
3453 3468 -0.3727826538176874
3466 3467 0.7511172499684456
3467 3468 0.8425977196661356
3481 3482 0.16612979411572446
3481 3496 0.7930522674506698
3482 3483 -0.04749807515693638
3482 3497 -0.5065292526806726
3483 3498 0.08486403161058473
3496 3497 0.1932421904153135
3497 3498 -0.6534842145988093
3511 3512 0.21746583704647138
3511 3526 0.2564124951694072
3512 3513 0.6792658722407438
3512 3527 -0.8725559995751314
3513 3528 0.0028387599184525043
3526 3527 0.46229217873901884
3527 3528 0.5501681206197808
