# 
61 61 1.1179379443869002
62 62 -0.32242643217163536
63 63 2.096945464740323
76 76 0.8340741853328538
77 77 -0.2764240160075905
78 78 -0.4222240213732314
91 91 -0.23449391925341878
92 92 1.3022215236296697
93 93 -0.5923240583358038
106 106 -1.98926457575774
107 107 -1.2049264303144767
108 108 0.4778657251570609
121 121 -1.9699614860889048
122 122 0.6909437812226042
123 123 -0.6064477396059698
136 136 0.0789531493511172
137 137 0.05326103258537204
138 138 0.502024121501627
151 151 -0.5695035933896679
152 152 1.3921289605894989
153 153 0.9000809381454347
166 166 0.9395767057298884
167 167 -0.7355389748352212
168 168 -0.8843878464829108
181 181 0.2821518339793627
182 182 -1.1442645358423553
183 183 -0.5627243764085347
196 196 0.46746026386993716
197 197 -1.1514491571539271
198 198 -0.29867004657068214
211 211 -0.6293542591594325
212 212 1.5727258843296459
213 213 0.9313891149585163
226 226 -0.8870553728969051
227 227 1.4634724223142226
228 228 -2.124738797231909
241 241 -0.4375235036550478
242 242 -0.6170128091299554
243 243 -0.31040856176604864
256 256 0.8307900346871222
257 257 1.0697367559999411
258 258 -0.6042566585402582
271 271 -0.7181234178371498
272 272 1.6750203662169092
273 273 0.35820483117265367
286 286 -0.7075465088327091
287 287 -0.2242438641281798
288 288 -0.5974553575372094
301 301 0.33178489574920067
302 302 -0.6157907535285321
303 303 -1.6785122076671284
316 316 0.4435128410538364
317 317 0.5157616638151615
318 318 -0.2410949500993316
331 331 -2.1600798783285113
332 332 -1.0253405089542649
333 333 -0.17707147531055167
346 346 -0.11634579512224942
347 347 -0.8923557205000304
348 348 0.10640085083534997
361 361 2.1983429877658986
362 362 0.32332082983794425
363 363 -0.9820440203173065
376 376 1.2548519478710132
377 377 0.6371383778458762
378 378 0.2732650922644184
391 391 1.5200948776265888
392 392 -0.29613275642355763
393 393 1.002052536280993
406 406 -0.4499013980260581
407 407 0.8399998865011693
408 408 0.5281072750646986
421 421 0.37585214355925683
422 422 -1.2979781548064953
423 423 0.5696484154975092
436 436 1.0213467049378084
437 437 -0.4844456955675492
438 438 -1.7208712324200048
451 451 -0.15845698856048454
452 452 0.2902626451083847
453 453 0.23793481612179623
466 466 -1.9019514934679211
467 467 1.3916807113395748
468 468 0.6891139939135613
481 481 0.5976507388765717
482 482 -0.4915310526462088
483 483 0.21475099883211102
496 496 -0.3165228924104808
497 497 1.7029086015051211
498 498 2.3488981829814892
511 511 0.6582648918666636
512 512 0.004343849198533245
513 513 -0.7880030253526683
526 526 1.1437018701276565
527 527 -0.6104950043975412
528 528 0.48787055854050254
541 541 0.21281482698095944
542 542 -0.6780760190543617
543 543 -0.2731378770890652
556 556 0.2097474891897813
557 557 -1.1112988399261996
558 558 -1.3515562837755455
571 571 0.6944335449605977
572 572 -0.8100045818904166
573 573 1.8137322767604058
586 586 0.0947900728913719
587 587 0.45490652655058617
588 588 -0.5688892086075026
3001 3001 0.2167052642849897
3002 3002 -0.5206311527117627
3003 3003 -2.185220163745103
3016 3016 0.39553967819279773
3017 3017 2.03763785699867
3018 3018 0.3892226461700531
3031 3031 -1.2012272765936047
3032 3032 0.13562080933333429
3033 3033 0.5975851221578471
3046 3046 1.6298177861253904
3047 3047 -0.9997294590828374
3048 3048 0.5506133815344966
3061 3061 -0.13819644512015655
3062 3062 -0.9028438853884027
3063 3063 1.078747548463505
3076 3076 0.7802205194306517
3077 3077 0.12374392654929167
3078 3078 -0.2002518654636201
3091 3091 0.2564994290409359
3092 3092 -0.7173380307121416
3093 3093 0.9361611469505504
3106 3106 -1.172528849075666
3107 3107 -2.1310277600470857
3108 3108 -1.3604993670122134
3121 3121 -1.0416560558967152
3122 3122 -0.23507630509783406
3123 3123 -0.20919353279047923
3136 3136 0.5300518373355754
3137 3137 0.8162918371578904
3138 3138 1.2578465140512751
3151 3151 -2.0805526820681237
3152 3152 2.9079862718687375
3153 3153 -1.4752482691075013
3166 3166 -0.48688848526885514
3167 3167 -0.18790095931394965
3168 3168 0.2821610563406545
3181 3181 -0.3776604917298935
3182 3182 0.0745620602813345
3183 3183 -0.137246490611089
3196 3196 0.5362506051152589
3197 3197 0.43765126714543
3198 3198 2.0332205545812396
3211 3211 -1.1033496146706758
3212 3212 0.820618092409293
3213 3213 0.5036732354809496
3226 3226 0.40401852383765
3227 3227 0.6989241247448889
3228 3228 1.7291863284211832
3241 3241 1.625792842014922
3242 3242 0.4976552762111637
3243 3243 0.11687110906363249
3256 3256 0.038291048255762565
3257 3257 1.158911188555364
3258 3258 -1.7291626043482025
3271 3271 1.0956972390202162
3272 3272 0.26183077229676777
3273 3273 0.7787249565109983
3286 3286 -0.29975565278427396
3287 3287 0.9519785548721453
3288 3288 0.19734797275595395
3301 3301 0.44634729060404416
3302 3302 -2.2077331367973043
3303 3303 -2.0103681252067043
3316 3316 -0.3959559377085973
3317 3317 -0.745852226831654
3318 3318 0.8508580176500495
3331 3331 1.2374288118797758
3332 3332 0.8955545752545312
3333 3333 -0.3020445477834158
3346 3346 2.210165527426127
3347 3347 0.09047147570474985
3348 3348 -1.4375430192739675
3361 3361 0.1400748672327764
3362 3362 -0.5886596232940627
3363 3363 0.5746568774234742
3376 3376 0.46334119845436733
3377 3377 0.3115409637844639
3378 3378 -0.016571610801838853
3391 3391 0.14621131766465648
3392 3392 -1.2059557897355262
3393 3393 0.005084354893728484
3406 3406 -0.46634265831678295
3407 3407 0.43973225848706404
3408 3408 0.9948844393558979
3421 3421 0.7502508006796207
3422 3422 1.5940875515918624
3423 3423 -0.9548251452599835
3436 3436 0.5082497515118941
3437 3437 1.8402860254744888
3438 3438 -0.37354780439264335
3451 3451 0.1805418869964195
3452 3452 1.061025993150264
3453 3453 -0.018870760569382024
3466 3466 0.9356339848070606
3467 3467 0.687210733049269
3468 3468 -0.21194903778693827
3481 3481 0.6907742339353043
3482 3482 0.4343911863944621
3483 3483 1.5375045170755894
3496 3496 -1.0986195767988463
3497 3497 0.1012549546792671
3498 3498 0.7633687517671012
3511 3511 -0.30205180172297996
3512 3512 -0.8979073918536211
3513 3513 -1.2056329232754075
3526 3526 2.4631029772793416
3527 3527 0.15528134354386938
3528 3528 0.7057550261684692
61 62 0.123057540369039
61 76 -0.6843885953732254
61 3121 0.027185507539489503
61 3136 -0.25411321569746204
61 3151 0.2620794811283512
61 3166 0.4367959773078142
62 63 0.36671121796745426
62 77 -0.6616401808716733
62 3301 -0.31122623928245485
62 3316 0.018407444063366318
62 3331 -0.47207857556494737
62 3346 0.26394383332385246
63 78 0.4441740857789432
63 3481 -0.13741821766774864
63 3496 -0.07431512295757853
63 3511 -0.3383669236698149
63 3526 0.4598622160523854
76 77 0.13060587217729916
76 3121 0.3123881154588049
76 3136 -0.5102602797886245
76 3151 -0.16219654818730014
76 3166 0.8070500953448191
77 78 -0.3805516881443382
77 3301 0.34975155861953966
77 3316 0.29191442327890904
77 3331 0.5792066068572247
77 3346 -0.508339874543246
78 3481 0.327142711769394
78 3496 0.02301686209399484
78 3511 -0.41093975294226576
78 3526 0.45332873887004754
91 92 -0.10898225791731202
91 106 0.22908879222403788
91 3061 -0.4028358838875404
91 3076 -0.17120265153997222
91 3091 -0.07795936859751659
91 3106 -0.3972504871770406
91 3121 -0.7895639041001488
91 3136 -0.45984038149254136
91 3151 0.4125516125734792
91 3166 0.8398904073462005
92 93 -0.49092736928507513
92 107 0.6953821352959049
92 3241 -0.14899324873251835
92 3256 0.5170666898427672
92 3271 0.395555077214832
92 3286 0.04731576406690229
92 3301 -0.35804793675870955
92 3316 -0.3599864967217644
92 3331 -0.333557686104551
92 3346 0.2219019021195913
93 108 -0.9213545687496577
93 3421 1.0
93 3436 -0.23293038488256143
93 3451 -0.2123282685036849
93 3466 0.7115372653095047
93 3481 -0.05096033706313819
93 3496 -0.050784362700226106
93 3511 -0.1548227150979767
93 3526 -0.1494749321241545
106 107 -0.436253227575296
106 3061 -0.06129450122420854
106 3076 0.8602734448867067
106 3091 -0.45633190220031017
106 3106 -0.05405851189131153
106 3121 0.16377951466867535
106 3136 -0.8556904304205822
106 3151 0.03187471920820827
106 3166 0.07185431052484004
107 108 0.02047819279404891
107 3241 -0.05052611428725122
107 3256 -0.24763459857392847
107 3271 -0.24904937872400512
107 3286 0.036686223692323404
107 3301 0.2948824758607427
107 3316 -0.4118164313846869
107 3331 -1.0
107 3346 -0.7449676024902661
108 3421 0.008756395728889739
108 3436 0.9918741513216922
108 3451 0.018107629295586385
108 3466 -0.2738759505320878
108 3481 0.6084843483934556
108 3496 0.08584509324240586
108 3511 0.7508832610371308
108 3526 0.40153940059031384
121 122 0.4161285797913917
121 136 0.6740563906473992
121 3061 -0.027131348066603014
121 3076 0.8065539296905855
121 3091 -0.29946954636092615
121 3106 -0.16453401053392439
121 3121 0.15381451565929827
121 3136 0.5976436551586751
122 123 -0.054112683090767166
122 137 -0.06956728401376115
122 3241 -0.8034282597358392
122 3256 -0.48738533472707984
122 3271 0.0862795746177363
122 3286 0.26401622157111143
122 3301 0.19911210147246114
122 3316 0.14511173127933413
122 3151 -0.3862314664495311
122 3166 -0.37541587441107305
123 138 -0.14169432745416236
123 3421 0.7981546412656002
123 3436 -0.21792589986939406
123 3451 -0.6406360178976962
123 3466 -0.40720046690343525
123 3481 -0.28773652060428867
123 3496 -0.08472122208042496
123 3331 -0.14000462812788594
123 3346 0.8302389026073509
136 137 0.03467928360505147
136 3061 -0.03830476619666768
136 3076 -0.08247390433266996
136 3091 -0.4081728556988952
136 3106 0.23879228337851424
136 3121 -1.0
136 3136 0.24241082645786016
137 138 -0.37602132242625147
137 3241 0.2605735256325063
137 3256 0.031975783946973264
137 3271 -0.6595577522235184
137 3286 -0.745759269759942
137 3301 0.1475007543376484
137 3316 -0.604496247878141
137 3151 0.2380992563376028
137 3166 -0.2484597989226572
138 3421 0.8950054113800139
138 3436 -0.4227103180287424
138 3451 -0.058148466791382275
138 3466 -0.07568608640668381
138 3481 0.3774935735338345
138 3496 -0.38097403912446987
138 3331 0.43881775050112753
138 3346 0.04109784620309995
151 152 0.4491535712283873
151 166 -0.550923808841113
151 3061 0.2022679367554319
151 3076 -0.5333480757769615
151 3091 0.29783734007026846
151 3106 0.5806330202788674
151 3121 0.29050545112479154
151 3136 -0.19497309857355183
151 3001 -0.33271795004683985
151 3016 -0.5228471563090609
151 3031 -0.06543473614714916
151 3046 0.4513644786792521
152 153 0.43927640618962854
152 167 0.04762032846954861
152 3241 0.18957649425001324
152 3256 -0.33884548891632726
152 3271 -0.057417355149784924
152 3286 0.4374431358772917
152 3301 -0.1542584924687139
152 3316 0.5011660974142299
152 3151 -0.6760388888007453
152 3166 0.7049896672201525
152 3181 0.42122937603336336
152 3196 -0.7019193650977985
152 3211 -0.14710478418086126
152 3226 -0.07085988416250928
153 168 0.770797017405662
153 3421 -0.41444320619013947
153 3436 0.5870594092982613
153 3451 -0.16364578325853343
153 3466 0.2525868480957539
153 3481 0.816879827735951
153 3496 -0.14069389902931245
153 3331 -0.19582138257010423
153 3346 0.3719900814117869
153 3361 -0.27100070820172584
153 3376 0.08200423344112916
153 3391 1.0
153 3406 0.4805156740554667
166 167 -0.37615525752630763
166 3061 -1.0
166 3076 -0.42428893754755403
166 3091 -0.1673479212339648
166 3106 -0.1611681151541435
166 3121 -0.6754174317472564
166 3136 0.6032136805300262
166 3001 -0.18685435036542397
166 3016 0.6807617691286753
166 3031 0.36631313492148804
166 3046 0.5856323371018217
167 168 0.06715794088291187
167 3241 0.8119277522394283
167 3256 0.32393691587175416
167 3271 0.09188380738574774
167 3286 0.4657082436073547
167 3301 -0.2549541866900348
167 3316 -0.6735442534312981
167 3151 -0.31261748699099334
167 3166 0.17610848145248062
167 3181 0.3765375914526982
167 3196 0.3825745107886856
167 3211 -0.7722599484909536
167 3226 0.08476563972034182
168 3421 -0.10283644355002529
168 3436 -0.04572328117131187
168 3451 -0.049833979031478834
168 3466 1.0
168 3481 0.5097153481882183
168 3496 0.2969196880578628
168 3331 -0.174994023403884
168 3346 0.060196700731363115
168 3361 -1.0
168 3376 0.16901009021832844
168 3391 -0.2943224985844176
168 3406 -1.0
181 182 -0.27534579462968717
181 196 -0.24426193150637743
181 3061 -0.03312766934030834
181 3076 0.015835638088319157
181 3001 -0.1510345144386082
181 3016 0.40790489353534637
181 3031 0.025599066766305148
181 3046 -0.8386746781235417
182 183 -0.2592733558438581
182 197 -0.5654673860790801
182 3241 0.4929324149030815
182 3256 0.09536772526937348
182 3091 0.6855757361628653
182 3106 -0.36484821877481544
182 3121 0.14733044548200788
182 3136 -0.76609019523508
182 3151 -0.10563419534690095
182 3166 -0.35410582968031334
182 3181 -0.1893244813370093
182 3196 0.45464797657281397
182 3211 0.2701312510481327
182 3226 -0.5866709078954818
183 198 -0.04054477168359868
183 3421 0.6655817486403698
183 3436 0.5849321784056002
183 3271 -0.2499800694085721
183 3286 0.3934117832725484
183 3301 -0.4297930912232634
183 3316 0.026867941301894658
183 3331 -0.7183025662970763
183 3346 -0.22025156303817298
183 3361 0.31432347515606923
183 3376 0.2658602728003444
183 3391 -0.1967523661050825
183 3406 -0.2047967943394186
196 197 -0.6644785796007008
196 3061 -0.37737846483746934
196 3076 0.22644090939809128
196 3001 -0.08328511864311175
196 3016 0.07458889436395388
196 3031 -0.5318684615215328
196 3046 0.3642697523933553
197 198 -0.2458282443514748
197 3241 -0.30369819575663753
197 3256 -1.0
197 3091 0.0305959491101071
197 3106 0.006863996731615994
197 3121 0.00644971290848477
197 3136 0.5661772679722747
197 3151 0.11323181387301057
197 3166 0.08558313609058887
197 3181 0.32186676661859764
197 3196 0.18268430923879175
197 3211 0.11681295673215657
197 3226 0.45335562501449966
198 3421 0.15117999610475827
198 3436 -0.05397087035043121
198 3271 -1.0
198 3286 -0.5751575473440325
198 3301 -0.2090581470864796
198 3316 0.27618177724451726
198 3331 -0.4140029975380364
198 3346 -0.372811864079527
198 3361 -0.001725334175607533
198 3376 0.09982555638450358
198 3391 -0.24053260658796852
198 3406 -1.0
211 212 -0.6148814933334921
211 226 -0.36211615084908
211 3061 -0.627172144457437
211 3076 -0.09230257209098043
211 3001 0.16159928779201613
211 3016 -0.3284354217735389
211 3031 0.5725267850958248
211 3046 -0.922830135024091
212 213 0.29789098067236375
212 227 -0.5281444590121188
212 3241 -0.08516771795073907
212 3256 1.0
212 3091 0.13424863476657892
212 3106 0.847422666068064
212 3122 0.36638473534361055
212 3137 0.04293234980684724
212 3152 -0.04552571521980145
212 3167 -0.6285987551289173
212 3181 -0.5155652672792411
212 3196 0.60018603147933
212 3211 -0.40338639743144794
212 3226 -0.6654073207713728
213 228 0.247015078537493
213 3421 -0.1415931501713176
213 3436 0.5111532480783
213 3271 0.5401082060319963
213 3286 0.6444437010709534
213 3302 0.35672664798556797
213 3317 0.26957569832193246
213 3332 -0.6109059677502547
213 3347 -0.5191382203538165
213 3361 0.5803263345387045
213 3376 0.755574181119132
213 3391 0.7544870830601411
213 3406 -0.21332302538795964
226 227 0.10519600587200177
226 3061 0.5162970639861008
226 3076 0.1402306059156445
226 3001 -0.7170975512839769
226 3016 -0.513004505009487
226 3031 0.18958048117973153
226 3046 0.4796353032782481
227 228 -0.2685951484779988
227 3241 0.011291846606337344
227 3256 -0.4039644084510748
227 3091 -0.016815483765802233
227 3106 0.27937028580257317
227 3122 -0.1300395480939352
227 3137 0.1421565121725317
227 3152 0.03197440044874937
227 3167 -0.09209051815917584
227 3181 -0.7529552908590238
227 3196 -0.6284535168704903
227 3211 0.7053083882627068
227 3226 0.4345604394037019
228 3421 -0.14705907280606126
228 3436 0.19517145877463687
228 3271 0.15100569587987386
228 3286 0.5989526663446781
228 3302 -0.6311643986059938
228 3317 0.7047384148984449
228 3332 -0.7959890229417066
228 3347 -0.020880221909921955
228 3361 -0.8342004901172941
228 3376 0.5645062011044569
228 3391 -0.045388841326763414
228 3406 -0.9449549189777071
241 242 -0.28650444093792443
241 256 -0.3106705675446867
241 3061 0.15890636736130015
241 3076 -0.5129784656895571
241 3091 0.3383417663556297
241 3106 -0.49049294677275773
241 3122 -0.5092716972335988
241 3137 -0.40460386480742644
241 3152 0.4366074881400878
241 3167 -0.9034776042829324
241 3181 0.009196705477786457
241 3196 -0.4152097193896581
241 3031 -0.9609264998994655
241 3046 0.34284378578860997
242 243 0.6735953380727686
242 257 -0.4416927166523704
242 3241 0.41322889870915375
242 3256 0.0018200154821045862
242 3271 0.32088814013674044
242 3286 0.0008752525209147504
242 3302 0.6230148099670935
242 3317 0.20319404433609212
242 3332 0.36822679604841546
242 3347 -0.21437589827291653
242 3361 0.37329175109586504
242 3376 0.3470164928910882
242 3211 -0.29337460081851024
242 3226 -0.31977288972684126
243 258 0.161973829441346
243 3421 0.07530832568931227
243 3436 -0.13480556881706374
243 3451 0.21086102986391844
243 3466 0.10078790870174537
243 3482 0.5535214662858428
243 3497 0.09175514034509903
243 3512 0.06920448697277619
243 3527 -0.0914733383683871
243 3391 0.8345063798925944
243 3406 0.18952101242070998
256 257 0.25055773594168207
256 3061 -0.37089100231237776
256 3076 -0.42394483599537797
256 3091 -0.0322012596218828
256 3106 -0.4770190784566545
256 3122 -0.6203812517105582
256 3137 -0.4101016686726636
256 3152 0.7073832712691808
256 3167 -0.1331576845293249
256 3181 0.05991728822905708
256 3196 -0.42703920326909645
256 3031 0.19910857209355373
256 3046 -0.38732108638428686
257 258 0.2535251896372901
257 3241 0.21485740193612596
257 3256 0.04062741272735689
257 3271 -0.027324589934459353
257 3286 -0.6891238281428153
257 3302 0.555280586602674
257 3317 0.4551179109854077
257 3332 -0.35546356401538753
257 3347 -0.03193704250326138
257 3361 0.08282658033223833
257 3376 -0.34405016375219705
257 3211 -0.0007967561168741094
257 3226 -0.32678271450546464
258 3421 -0.5502680319731157
258 3436 -0.09174903716311153
258 3451 -0.29042560892351105
258 3466 -0.8061896460855339
258 3482 0.20512426937535497
258 3497 0.4724467213497549
258 3512 -0.9429052740876208
258 3527 -0.9177412590319212
258 3391 -0.051624949374895375
258 3406 -0.278307834507848
271 272 0.18601205791049938
271 286 -0.4433379905945463
271 3062 -0.3146131579807343
271 3077 -0.7246231720012831
271 3092 -1.0
271 3107 -0.26971975049052777
271 3122 -0.35226495231050337
271 3137 -0.6636378859907549
271 3152 -1.0
271 3167 -0.5188128096100245
271 3181 -0.7501036737427277
271 3196 0.4814069970891217
271 3031 -0.40410749514498673
271 3046 0.21141516508088773
272 273 -0.4389019832593432
272 287 0.015968394421002053
272 3242 0.022937918082411714
272 3257 0.0019655537432839826
272 3272 0.05744585066745907
272 3287 0.09918217504446995
272 3302 -0.43985415185810983
272 3317 0.35128645372667233
272 3332 0.3216442045861096
272 3347 -0.7045324050415063
272 3361 -0.007697976632005163
272 3376 0.14917488666940845
272 3211 -0.7743869628798951
272 3226 -0.6619600744130417
273 288 -0.39843067049792136
273 3422 -0.7717691875462759
273 3437 0.27011448929664866
273 3452 0.7331164495126652
273 3467 0.44624994319504363
273 3482 -0.43924842735206804
273 3497 1.0
273 3512 0.5264023668693525
273 3527 0.7401383144252419
273 3391 -0.5107365670450168
273 3406 -0.08159896222687843
286 287 -0.18629040055256257
286 3062 0.5288564440248057
286 3077 -0.09955226808091902
286 3092 0.10087766407468231
286 3107 0.3865179346699518
286 3122 -0.628216830531409
286 3137 0.18119705057541405
286 3152 -0.31639151419823297
286 3167 -0.6988143549625664
286 3181 0.42040439719956635
286 3196 -0.23062518197917298
286 3031 -0.09763823816739632
286 3046 0.3048539306670416
287 288 -0.27911056395545847
287 3242 0.5554805433291666
287 3257 -0.7151450285330427
287 3272 0.6595364035504561
287 3287 0.43323305602639517
287 3302 -0.5191858064714693
287 3317 -0.5018030337427627
287 3332 -0.5097637461226479
287 3347 -0.7701301092140987
287 3361 0.5171646325724247
287 3376 -0.25493245439889667
287 3211 -0.6990915654292214
287 3226 0.6529539299114233
288 3422 0.20649201688630076
288 3437 -0.6418869241948351
288 3452 0.9093684340648375
288 3467 -0.036273787968005566
288 3482 0.3086562227182042
288 3497 -0.20164104709470945
288 3512 -1.0
288 3527 0.04782632723261228
288 3391 0.14529522113131538
288 3406 -0.5854700814525882
301 302 0.06209263875301054
301 316 -0.1718574157578345
301 3062 0.2312285397437567
301 3077 0.14420360031743001
301 3092 -0.43747189802713826
301 3107 0.17898139903655394
301 3122 0.48241099229818946
301 3137 0.467058676586831
301 3001 0.5918546094655333
301 3016 0.291348683039369
301 3031 0.5774198494889407
301 3046 0.7150137494666682
302 303 0.4413062795939874
302 317 -0.2461548561963945
302 3242 -0.5759035277329765
302 3257 -0.03639607825418939
302 3272 -0.20613641087279613
302 3287 0.49171870115930943
302 3302 -0.21105883205084833
302 3317 -0.3918416844472528
302 3152 -0.5233433618771294
302 3167 -0.09450053466396788
302 3181 0.7752706960670545
302 3196 -1.0
302 3211 -0.5258597697947929
302 3226 0.6329002863602416
303 318 -0.4987976007884641
303 3422 0.447392953956663
303 3437 -0.6571161647511994
303 3452 -0.11817220398375337
303 3467 -0.9009318891305784
303 3482 -0.19995229886935584
303 3497 -0.032984884697801906
303 3332 -0.3449992843796305
303 3347 0.4998790358743564
303 3361 0.5888461268888513
303 3376 0.01445429501026822
303 3391 0.3594591755812389
303 3406 -0.3101833080257358
316 317 0.3659941375638391
316 3062 0.28416510055530025
316 3077 -0.25490496652063277
316 3092 0.1285248416203087
316 3107 -0.16902180717466278
316 3122 0.05527041097440945
316 3137 0.5201252596851322
316 3001 -0.41255520761680214
316 3016 0.04261415891536142
316 3031 0.4849453287807998
316 3046 0.015959976791014182
317 318 -0.379069390898375
317 3242 -0.5998246477001479
317 3257 0.19585758424199795
317 3272 0.28943065677981744
317 3287 -0.10215848526329904
317 3302 -0.22626313160476846
317 3317 -0.43526842629692386
317 3152 -0.8637871732315427
317 3167 -0.36497490275653316
317 3181 -0.27428855380164024
317 3196 -0.9550477007184692
317 3211 0.10822086870409445
317 3226 -0.34043657636331964
318 3422 0.5678113015042976
318 3437 1.0
318 3452 0.31329849100190155
318 3467 -0.1319573953092562
318 3482 -0.37338939369615004
318 3497 -0.23553105930884244
318 3332 -0.63123937128166
318 3347 -0.17555938020240722
318 3361 0.1982755329733207
318 3376 -0.4908014759802066
318 3391 -0.9044741206624529
318 3406 1.0
331 332 -0.6509783000867061
331 346 0.40935640072229923
331 3062 -0.5333109010052295
331 3077 -0.28139378823128974
331 3092 0.4916024539139068
331 3107 -0.8166548706555163
331 3122 0.17408417507137808
331 3137 0.5820356484935703
331 3002 -0.2962263846475471
331 3017 0.11448668381296725
331 3032 0.09852177483888219
331 3047 0.5537712099378922
332 333 -0.4572027970739122
332 347 -0.5976917892156736
332 3242 0.8634623295901944
332 3257 -1.0
332 3272 -1.0
332 3287 0.3000025641285302
332 3302 0.8833877880548459
332 3317 0.026237042120252272
332 3152 0.09995638335880169
332 3167 -0.10509014810532893
332 3182 0.6710379134808342
332 3197 0.5041480110512296
332 3212 0.12278365224538385
332 3227 -0.09788587829113549
333 348 -0.0732572240463467
333 3422 0.7454984797680875
333 3437 -0.10568841654900624
333 3452 -0.09666833944899933
333 3467 -0.2677517596530577
333 3482 0.6357472546959821
333 3497 0.4278577508032204
333 3332 0.19845116909801125
333 3347 -0.8161438078517165
333 3362 0.5638064784310187
333 3377 0.46126205793508107
333 3392 -0.03682212654128614
333 3407 -0.13096201881023353
346 347 -0.5242634380021431
346 3062 0.2545934495375856
346 3077 -0.4154374024315591
346 3092 -0.8110763980872104
346 3107 0.2830697473348474
346 3122 -0.1672584893590703
346 3137 -0.3003954491707887
346 3002 -0.33543828829469713
346 3017 0.16782112553041734
346 3032 0.5237904025678846
346 3047 -0.6968992743501415
347 348 -0.3935717508099413
347 3242 0.0006508251331617326
347 3257 0.4458834721981287
347 3272 -0.40771629139272797
347 3287 -0.15998267529241506
347 3302 -0.5055010126571154
347 3317 -0.006096723778012809
347 3152 0.0688447853613414
347 3167 0.47508305145542723
347 3182 -0.2832389000357055
347 3197 -0.2446503254384455
347 3212 -0.7707429006721518
347 3227 0.288145592339972
348 3422 -0.8439434483351455
348 3437 -0.7089859359925227
348 3452 -0.3427299954767662
348 3467 0.8770825287024072
348 3482 -0.1876122260848799
348 3497 -0.04816356489164245
348 3332 0.17079360356386888
348 3347 0.42202210987901
348 3362 0.022195218744849986
348 3377 -0.17230301754235738
348 3392 -0.1729749779307896
348 3407 0.32728192839181636
361 362 0.17996441224772794
361 376 0.2583917838582851
361 3062 0.17267469397770674
361 3077 -0.9025096013490449
361 3002 -0.08288438177036862
361 3017 0.034599412669665014
361 3032 -0.17665327792547983
361 3047 -0.07692010048403043
362 363 0.5209365582608922
362 377 1.0
362 3242 0.11484282180407722
362 3257 -0.7223012842081845
362 3092 -0.06096002947249337
362 3107 -0.02280598574829081
362 3122 -0.23445040024532535
362 3137 0.12437195408818415
362 3152 0.4830188814229407
362 3167 -0.47584853320985493
362 3182 -0.22361632626154057
362 3197 -0.7110889428287251
362 3212 1.0
362 3227 -0.24318614191530719
363 378 -0.33052120488210607
363 3422 -0.4856849566667067
363 3437 -0.6589854940408284
363 3272 -0.5715641889966117
363 3287 0.10198394548445695
363 3302 0.09663408271433353
363 3317 0.4774721423666898
363 3332 0.9558968143160531
363 3347 0.7275558084653214
363 3362 0.13175276300076025
363 3377 0.21246320445774539
363 3392 0.44465079292501003
363 3407 -0.015501216764013184
376 377 -0.7987978449985568
376 3062 0.7042397454163691
376 3077 0.2466652022238263
376 3002 -0.688176182230507
376 3017 0.22025576780656603
376 3032 -0.2329437273733719
376 3047 -0.4517028850016168
377 378 0.5208562185367739
377 3242 -0.08620158709172815
377 3257 0.07594464120469113
377 3092 0.48455979446297676
377 3107 -0.21040788506652314
377 3122 -0.2724499304844718
377 3137 -0.6069026916161092
377 3152 -0.4967005732309538
377 3167 0.08602605745482136
377 3182 -0.22298170698028372
377 3197 -0.04678762929599683
377 3212 -0.3821483086320415
377 3227 -0.006796360016184523
378 3422 0.4140020134592796
378 3437 -0.06335247159178957
378 3272 -0.08578917921459339
378 3287 -0.6882628032278485
378 3302 0.006552654244659902
378 3317 -0.30280963325007104
378 3332 0.6762560308257207
378 3347 -0.4319759104597184
378 3362 0.002175197395531122
378 3377 0.12268533854732237
378 3392 -0.5203151199568422
378 3407 0.09471888520871177
391 392 0.5826236027306153
391 406 0.09096180466923101
391 3062 -0.639222302588069
391 3077 0.3180895379238651
391 3002 -0.26117286282218594
391 3017 0.5330522123464937
391 3032 0.937757526013404
391 3047 0.5289709608246956
392 393 -0.5290659316766388
392 407 -0.5136556894230382
392 3242 0.13449774803598843
392 3257 -0.39453631196777617
392 3092 -0.5802344566015901
392 3107 0.48772734236426374
392 3123 0.8428680103853393
392 3138 0.503554232867124
392 3153 0.03933949260661647
392 3168 -0.38317451780231954
392 3182 -0.585164652565155
392 3197 -0.4490031907003203
392 3212 0.0927675104856433
392 3227 -0.5469604518762768
393 408 0.3518842573926063
393 3422 0.5020636663814286
393 3437 0.9852493651155632
393 3272 -0.08056968235119537
393 3287 -1.0
393 3303 -0.21211271520189195
393 3318 0.5562612964532601
393 3333 -1.0
393 3348 0.07019427708149983
393 3362 0.7409949434824071
393 3377 0.8011196706717316
393 3392 -0.08464143534607753
393 3407 0.3579729703794156
406 407 0.47027005238393094
406 3062 -0.3911378525182912
406 3077 0.2443799802899701
406 3002 1.0
406 3017 0.3426214718135321
406 3032 -0.703412774249038
406 3047 -0.1488112408737309
407 408 -0.14863831796143084
407 3242 -0.07145056933613984
407 3257 -0.34061833084967913
407 3092 -0.12542273324932726
407 3107 -0.14571717002047146
407 3123 -0.4709198656285227
407 3138 -0.25988712703224676
407 3153 0.6839608026116217
407 3168 -0.2244358676873656
407 3182 -0.46906545341778616
407 3197 -0.44774283831556433
407 3212 -0.3965007182587381
407 3227 -0.12864637013981073
408 3422 -0.0020951734150928603
408 3437 0.3827962935657394
408 3272 0.4926005990780393
408 3287 -0.4257707739466019
408 3303 -0.10170351498401509
408 3318 -0.1923809933534895
408 3333 -0.8083702210599876
408 3348 -0.15197784815826967
408 3362 -0.7314957072298431
408 3377 0.1895864777672911
408 3392 -0.17223955721692394
408 3407 -0.8192498590956885
421 422 0.5823781140012034
421 436 -0.6662192583190973
421 3062 -0.4531128646980871
421 3077 -0.38167903342746035
421 3092 0.2487787201398456
421 3107 0.15902873593481112
421 3123 0.32742548332747407
421 3138 -0.2853812343172637
421 3153 0.5630362528462506
421 3168 0.19908154254262356
421 3182 0.4011231248166386
421 3197 0.468044597245065
421 3032 0.6490395905302395
421 3047 0.6079794808419251
422 423 -0.2717894710962036
422 437 0.34334048777949
422 3242 1.0
422 3257 0.2778070659173371
422 3272 0.29476426062808897
422 3287 -0.30544627461820084
422 3303 -0.27770368660242795
422 3318 -0.3477655414673498
422 3333 0.1623507093730701
422 3348 0.1597930502659747
422 3362 -0.38824731231139004
422 3377 -0.8281677388011247
422 3212 -1.0
422 3227 -0.08506942400799887
423 438 0.35298391651417227
423 3422 0.03719324614987387
423 3437 -0.499037348680067
423 3452 0.09031184642704977
423 3467 -0.5356744127794265
423 3483 0.10101225275985695
423 3498 0.1984603498538558
423 3513 0.23697160909053458
423 3528 -0.29451744854892575
423 3392 0.37051352032484874
423 3407 0.14033515267877678
436 437 0.28146679993852436
436 3062 -0.04701990711570798
436 3077 -0.2232009736182605
436 3092 -0.4664375850310154
436 3107 -0.9231049540203821
436 3123 0.6184656166930361
436 3138 -0.4703815055617616
436 3153 -0.036135645827533085
436 3168 -0.9900986405171748
436 3182 0.041261577561098446
436 3197 -0.17467616458739002
436 3032 -0.046868020349802274
436 3047 -0.403661159002128
437 438 0.5098640393997851
437 3242 0.13730007095823538
437 3257 0.034834303403658395
437 3272 -0.22748278875867486
437 3287 -0.5875530681271962
437 3303 -0.10261169560689055
437 3318 0.9205529155771135
437 3333 -0.7267193420703679
437 3348 0.21424696889008685
437 3362 -0.5068606912027747
437 3377 -0.09852547329033959
437 3212 -0.057289819793580395
437 3227 0.12543152945295674
438 3422 -0.5397205004909095
438 3437 0.13776720179042365
438 3452 0.7621780677632327
438 3467 0.18002131078931863
438 3483 -0.46133469901568824
438 3498 -0.7834535196388429
438 3513 0.6381781551171547
438 3528 0.06731229681291456
438 3392 -0.37161596828944443
438 3407 0.22460006051175507
451 452 0.539648059024581
451 466 0.5176099803230968
451 3063 -0.10701678364423252
451 3078 -0.2504816221978399
451 3093 0.30267598245372057
451 3108 0.4185409203940488
451 3123 -0.22630397740473154
451 3138 0.19820565600507734
451 3153 -0.545440543102554
451 3168 -0.02379003092619849
451 3182 0.16721660474537828
451 3197 -0.10804148085073732
451 3032 -0.13250972812369383
451 3047 0.29631977373164814
452 453 1.0
452 467 0.0009829797046265335
452 3243 0.5672209285780757
452 3258 -0.2079118551865081
452 3273 0.09782403047275605
452 3288 0.19782555941487984
452 3303 -0.06337883430743797
452 3318 0.07951312474896081
452 3333 0.02804919834932893
452 3348 0.7049956283616697
452 3362 0.44539085865872496
452 3377 0.4867878170927025
452 3212 -0.8916752334503915
452 3227 0.27410541984856507
453 468 -0.011117150297005624
453 3423 1.0
453 3438 -0.1335316253184854
453 3453 -0.09177805827170529
453 3468 0.3575966007100104
453 3483 0.29136465032169406
453 3498 0.177890725405187
453 3513 -0.20981730881260746
453 3528 -0.6017761490590708
453 3392 0.23799554402682363
453 3407 0.9550412604831581
466 467 0.4367532139556099
466 3063 1.0
466 3078 -0.8993629753810234
466 3093 -0.23646917759524436
466 3108 -0.5336138133660447
466 3123 -0.9221048989834567
466 3138 -0.8283039405810152
466 3153 -0.3883482738729914
466 3168 -0.05399159723259734
466 3182 -0.44907516204412945
466 3197 -0.03852162514430465
466 3032 0.18915756077799353
466 3047 0.6084591693105615
467 468 0.9258993235238907
467 3243 1.0
467 3258 -0.5569561315959091
467 3273 0.04267893132588296
467 3288 0.5915885398717784
467 3303 -0.5041650054956553
467 3318 0.34093023323560506
467 3333 -0.07522688567780722
467 3348 1.0
467 3362 -0.2285145174064123
467 3377 0.11341153406495014
467 3212 -0.016348365201544257
467 3227 -0.5056267251495761
468 3423 0.9412374103052071
468 3438 0.16130393495238612
468 3453 0.06744191289612063
468 3468 -0.06755108213761442
468 3483 -0.34938683086202743
468 3498 -0.29529922957613547
468 3513 0.6509915728589366
468 3528 0.3440776473759449
468 3392 -0.31434465933820555
468 3407 0.04388365318355231
481 482 -0.5989624559668535
481 496 -0.08405019072901251
481 3063 0.07970655218115914
481 3078 -0.6358240547881568
481 3093 0.5521980176122072
481 3108 0.29047593635404345
481 3123 0.09153634850408952
481 3138 0.15008896991506548
481 3002 0.3787086240931445
481 3017 0.35217271501762987
481 3032 0.30650542556448324
481 3047 0.4922368306966646
482 483 0.19559700803884206
482 497 -0.27751871325213556
482 3243 0.3982021863534024
482 3258 0.13791649793162405
482 3273 0.07523707100266076
482 3288 -0.3154770636349064
482 3303 -0.5287824261303532
482 3318 -1.0
482 3153 0.880684774646156
482 3168 0.8230593404085601
482 3182 -0.09212273227080209
482 3197 0.07001443639873209
482 3212 0.025005902262849676
482 3227 -1.0
483 498 0.8161710485427773
483 3423 0.12270693466262812
483 3438 0.45664145987424337
483 3453 0.5097998629599707
483 3468 -0.4349269392955965
483 3483 -0.5058626851792101
483 3498 -0.6363653357241371
483 3333 -0.5806873309162521
483 3348 0.14754358458358935
483 3362 -0.12764141231225137
483 3377 1.0
483 3392 -0.0003769680379285345
483 3407 0.3142680536448108
496 497 0.9607549397177805
496 3063 0.24310608799413364
496 3078 -0.7564047326578219
496 3093 -0.5693059230296367
496 3108 0.14489561998738743
496 3123 0.4329351366744252
496 3138 -0.6987871065921855
496 3002 0.391212410230645
496 3017 -0.26335756629324003
496 3032 0.8332399416778966
496 3047 0.38543248348250175
497 498 0.5962595402017193
497 3243 0.24665605179620165
497 3258 -0.12341657267077351
497 3273 0.20208316094912537
497 3288 0.18991568391123642
497 3303 -0.0619308276513593
497 3318 0.6401838294220832
497 3153 -0.6425438747724909
497 3168 -0.040096106386514827
497 3182 -0.5353884157063417
497 3197 0.3141395665507048
497 3212 -0.654732909043
497 3227 -0.4393380854892967
498 3423 0.6176629126782529
498 3438 0.3838704896977044
498 3453 -0.6896133756198
498 3468 -1.0
498 3483 0.29603866603380635
498 3498 -0.49889519900958834
498 3333 -0.4370888895121531
498 3348 0.9546567909900068
498 3362 -0.6330935645869992
498 3377 0.18162640441639868
498 3392 -0.15706635986600603
498 3407 -0.017021678953887346
511 512 -0.08841686822003822
511 526 -0.1571418248086961
511 3063 0.2712596972218029
511 3078 -0.18854758648701048
511 3093 -0.3371658102370165
511 3108 -0.46820811949578733
511 3123 -0.27351063335917747
511 3138 0.6622197336927151
511 3003 -0.5895804919879511
511 3018 1.0
511 3033 0.1851770323482958
511 3048 0.18857296373220495
512 513 -0.29730482167481376
512 527 -0.13063424087134654
512 3243 0.5185326515621973
512 3258 -0.3393615931807783
512 3273 0.9517489871454117
512 3288 0.5623544265685267
512 3303 -0.16461445279944548
512 3318 -0.047233331160854264
512 3153 -0.3947407283309916
512 3168 -0.2309667073690453
512 3183 -0.33994942625088426
512 3198 -0.09374451187643591
512 3213 -0.0071753154232388995
512 3228 -0.6436626737014195
513 528 -1.0
513 3423 -0.24938535499099115
513 3438 -0.3221732519384405
513 3453 0.4573262888142068
513 3468 -0.09870465631088675
513 3483 -0.6872786382407766
513 3498 0.37050454675157635
513 3333 -0.27350685252803475
513 3348 -0.02103977922484273
513 3363 0.048981260850394524
513 3378 0.5330269885002287
513 3393 0.009266433651598325
513 3408 0.04661423815574766
526 527 0.870158105858294
526 3063 0.07991741331869055
526 3078 0.10560260559991419
526 3093 -0.5071304628697066
526 3108 0.6851616105959026
526 3123 -0.2526880100922595
526 3138 0.8719341284992207
526 3003 -1.0
526 3018 -0.2869146970172657
526 3033 1.0
526 3048 -0.13096967365173126
527 528 0.5231062364516111
527 3243 -0.19413435913091454
527 3258 -0.09979227767952466
527 3273 -0.18982902419980413
527 3288 0.13406441624679943
527 3303 -0.45632789409704916
527 3318 -0.3820342055761424
527 3153 0.60656443000966
527 3168 -0.19889207668719705
527 3183 0.06859400370748342
527 3198 0.837043891770289
527 3213 0.17928214227715017
527 3228 0.48438294498010065
528 3423 0.1130798224298313
528 3438 -0.15265547067910665
528 3453 -0.585617029043096
528 3468 0.05615136407497483
528 3483 -0.33761166742084164
528 3498 -0.01111517481546653
528 3333 -0.21440389521125106
528 3348 1.0
528 3363 -0.5426225158168879
528 3378 0.7382674667556501
528 3393 0.6729406525460433
528 3408 -0.43329735348266624
541 542 -0.1479034863969748
541 556 0.44362411639085614
541 3063 0.062054204158618016
541 3078 -1.0
541 3003 0.41219314261334666
541 3018 -0.19977235001730967
541 3033 0.3885418667393936
541 3048 0.866374374139787
542 543 -0.2522418604109271
542 557 1.0
542 3243 -0.04496952859015687
542 3258 -0.08787960686459219
542 3093 -0.40866103255570874
542 3108 -0.07945543908703992
542 3123 -0.2048272630203616
542 3138 0.12483788952018102
542 3153 0.3185817915590551
542 3168 0.27940200087719613
542 3183 1.0
542 3198 -0.9090203487279835
542 3213 0.727527685337893
542 3228 0.3988229827168725
543 558 0.15823613137349418
543 3423 0.4171257776295533
543 3438 -0.604666676836195
543 3273 0.19488336003468776
543 3288 0.29445811316020365
543 3303 -0.5151549709214895
543 3318 -0.5130406187149611
543 3333 -0.24560973377607442
543 3348 -0.28153101498795274
543 3363 0.49498995205149404
543 3378 -0.11537708467243797
543 3393 0.6423618763340846
543 3408 0.8642784650131619
556 557 -0.34675788453905737
556 3063 -0.2755762625372116
556 3078 0.6901514990750435
556 3003 0.43799253762300133
556 3018 0.4113788770404603
556 3033 0.18695682364555563
556 3048 0.33881637968696826
557 558 0.1745631463272206
557 3243 0.6539593875384466
557 3258 0.002443313173338135
557 3093 1.0
557 3108 0.07206725930590258
557 3123 -0.005431112126314733
557 3138 0.3005681696462526
557 3153 -0.3322277713319339
557 3168 -0.20682615358839399
557 3183 0.21918438625484135
557 3198 -0.7917501904950223
557 3213 -0.7272173208588133
557 3228 0.2676219748578668
558 3423 -0.30294540574338213
558 3438 -0.4136384602226104
558 3273 -0.7521965045183834
558 3288 -0.42431531920033294
558 3303 -0.33722126949507397
558 3318 0.3167632341988217
558 3333 -0.4441070761690406
558 3348 0.2024600512808957
558 3363 0.3129477223286848
558 3378 0.026518515108309937
558 3393 -0.4739529566131813
558 3408 -0.13386681593258914
571 572 0.1886200328913436
571 586 -0.11914041743969578
571 3063 -0.04775082028725844
571 3078 -0.3106077386761278
571 3003 -0.4973537394796056
571 3018 -0.9944800607856638
571 3033 -0.33752582481527343
571 3048 0.19028322885149923
572 573 1.0
572 587 -0.7095118102138003
572 3243 -0.8951794227253503
572 3258 0.8870416771587613
572 3093 -0.7825831892747072
572 3108 -0.18931722706606383
572 3183 -0.3766929012303587
572 3198 -0.9584890463652359
572 3213 -1.0
572 3228 0.2322014449137861
573 588 -0.08641296016453077
573 3423 -0.22592797505163376
573 3438 0.1471799598314636
573 3273 -0.3655916965702535
573 3288 -0.2580804494283754
573 3363 0.1423856253867418
573 3378 -0.20682331068820844
573 3393 0.3844097312143366
573 3408 0.40148380869794587
586 587 0.5602591880239373
586 3063 -0.4908643320722435
586 3078 -0.19131274647649124
586 3003 -0.20845187527652143
586 3018 0.2894757564572059
586 3033 -0.017255630633895132
586 3048 -0.533112794257286
587 588 -0.4012232217741023
587 3243 0.3456112489542812
587 3258 -0.028752576250739022
587 3093 0.12044897288616553
587 3108 -0.09395019708180599
587 3183 -0.5261262497902834
587 3198 -0.04814047118539986
587 3213 0.3417618087673283
587 3228 0.09085979712624538
588 3423 -0.7775868244718765
588 3438 -0.10607223731094961
588 3273 0.2620709149490516
588 3288 -0.48986414239136644
588 3363 0.545135019610634
588 3378 0.25617013774643366
588 3393 -0.21890202441920037
588 3408 0.44917924785037866
3001 3002 -0.7479809063049895
3001 3016 -0.06693140485377792
3002 3003 -0.0005027257128427177
3002 3017 -0.5296127118308659
3003 3018 -0.2534470020489135
3016 3017 -1.0
3017 3018 -0.2784910428758872
3031 3032 -0.24776110226666698
3031 3046 0.7344965284348042
3032 3033 -0.0195771574198895
3032 3047 0.6333071374423557
3033 3048 0.2526941926588695
3046 3047 0.10481340179020725
3047 3048 -0.34292744308399076
3061 3062 0.2620020927375149
3061 3076 0.6575601269869825
3062 3063 0.010783514506989958
3062 3077 0.794462891322516
3063 3078 -0.515517963171681
3076 3077 0.5330415279656677
3077 3078 0.024917714937939144
3091 3092 0.015303882599202644
3091 3106 -0.5971979833172762
3092 3093 0.16057945404237195
3092 3107 0.11725346279392959
3093 3108 -0.15644508027529716
3106 3107 0.1738793128574722
3107 3108 0.5578285994132222
3121 3122 -0.6923765306608199
3121 3136 -0.3918248967808521
3122 3123 -0.8097682811127872
3122 3137 0.5748449474268184
3123 3138 0.07301556165788577
3136 3137 -0.5904146605921771
3137 3138 0.30804316139273796
3151 3152 -0.3577021596381669
3151 3166 0.0400220205489567
3152 3153 -0.8390191146820556
3152 3167 0.14758110272603675
3153 3168 -0.1956168106712212
3166 3167 0.34953596782347196
3167 3168 0.08263825217510425
3181 3182 0.18601121305200535
3181 3196 -0.6361453656773712
3182 3183 0.40493440910162987
3182 3197 -0.3095752501841901
3183 3198 -0.04273423246439593
3196 3197 0.7252380749399869
3197 3198 -0.20751202309559694
3211 3212 1.0
3211 3226 0.4878670457060851
3212 3213 0.4308335107495986
3212 3227 -0.44072132692086624
3213 3228 -0.22524522261981356
3226 3227 -0.44302810625005223
3227 3228 -0.7076053172782373
3241 3242 -0.0031233685586262725
3241 3256 0.13867507497834378
3242 3243 0.46126240219923736
3242 3257 0.1170151367882373
3243 3258 -0.41422800634586787
3256 3257 0.16830535648324532
3257 3258 0.46265942222569173
3271 3272 0.2236953489030414
3271 3286 0.2036182758392724
3272 3273 0.02067949056035561
3272 3287 0.6183532254478327
3273 3288 -0.039891784127405676
3286 3287 0.7177080958613002
3287 3288 1.0
3301 3302 0.14058000206768648
3301 3316 0.7625418016639662
3302 3303 0.6108433762295421
3302 3317 -0.9910114446895941
3303 3318 -0.17121117921787346
3316 3317 -0.3013285386985735
3317 3318 0.21980946575206906
3331 3332 0.16788070624595203
3331 3346 0.06748334176478893
3332 3333 -0.13385835771411944
3332 3347 0.26821289809897203
3333 3348 -0.16409539171839388
3346 3347 -0.23166157359114167
3347 3348 -0.3895728731738256
3361 3362 -0.971195284632975
3361 3376 0.5439402702693874
3362 3363 0.01577300080781688
3362 3377 -1.0
3363 3378 0.27847311214607784
3376 3377 0.5395038239214867
3377 3378 -0.28908362089975537
3391 3392 -0.47842164178769064
3391 3406 -0.6837692867813643
3392 3393 0.1734451196894313
3392 3407 -0.01775114203519362
3393 3408 0.296259246677819
3406 3407 0.8253150432275592
3407 3408 0.025582418425154574
3421 3422 0.1025746577581847
3421 3436 -0.17766741288725
3422 3423 -0.19300826425269033
3422 3437 -0.6795073304370208
3423 3438 0.016255034392834895
3436 3437 0.1830107736275238
3437 3438 -0.044461305816937274
3451 3452 -0.15261901911182596
3451 3466 -0.3013949593857021
3452 3453 0.8970738681372269
3452 3467 -0.2763413572351694
3453 3468 0.23642996807599506
3466 3467 -0.7705914667884184
3467 3468 0.5800906701163995
3481 3482 0.10415949470263923
3481 3496 -0.19486087094919238
3482 3483 -0.10680058161345683
3482 3497 0.7212881838375402
3483 3498 -0.1417389634892792
3496 3497 -0.4340509172215879
3497 3498 0.20520775496595872
3511 3512 0.509174025180993
3511 3526 0.26892818211958347
3512 3513 1.0
3512 3527 -0.3644070878655382
3513 3528 -1.0
3526 3527 -0.2578368983874807
3527 3528 -0.2773885969395731
