# 
603 603 1.2168883477916013
604 604 -0.9094010944690623
605 605 -0.4500041567475866
618 618 1.1157352154412206
619 619 1.9045496432437214
620 620 -0.6536848202785716
633 633 -0.152421728637321
634 634 -0.6120122187358188
635 635 -0.20791074999684736
648 648 1.217738775209108
649 649 -0.8411239937329681
650 650 0.8193620438153897
663 663 0.8126064270610274
664 664 0.9302847113898458
665 665 0.4998940534826791
678 678 -0.013092305121696075
679 679 -0.7605809653118744
680 680 1.8557974963270116
693 693 -1.7761664362146332
694 694 1.6230149138396115
695 695 0.15757972023883082
708 708 -2.5371733396377723
709 709 0.0262996158278337
710 710 -0.37896815722885135
723 723 2.0215564109794357
724 724 -0.2164215374502482
725 725 -0.9544152826206755
738 738 -0.37217110234603773
739 739 -0.37765525310920806
740 740 -1.209542284382201
753 753 -0.6771974286412756
754 754 3.029488126210205
755 755 1.2089096780749466
768 768 -0.9611379439733374
769 769 1.0533000850339878
770 770 -1.0878182338808988
783 783 0.7839457561174991
784 784 0.004829073683831672
785 785 0.8501681241536021
798 798 -1.3243125526631678
799 799 1.135607017693307
800 800 0.8692633172425539
813 813 1.4216648190825527
814 814 -0.20301010011695933
815 815 -0.2542328093529302
828 828 -0.19354582782245788
829 829 0.9017187288456138
830 830 0.6417590313147505
843 843 -2.1179668920322254
844 844 0.1469674578144251
845 845 -0.5104818398938773
858 858 -0.39165489080478727
859 859 0.22622338933607308
860 860 0.9514982940097477
873 873 -1.2758441769435185
874 874 -1.198132690037598
875 875 1.4561789520382786
888 888 0.6232404988183436
889 889 -0.6040217909782214
890 890 1.094758010762814
903 903 -1.4660934269126524
904 904 0.9750985201411846
905 905 0.974956411527735
918 918 -0.15297605961718347
919 919 -1.4413413010219975
920 920 0.01831893220990703
933 933 -0.8204111587827547
934 934 -0.2361915817654151
935 935 -0.5122339724023447
948 948 0.30292851139550536
949 949 -1.4310576353318114
950 950 0.8818430525671963
963 963 -1.3409564101727633
964 964 -0.3471229831429544
965 965 0.027075798510038832
978 978 1.1354851874588094
979 979 0.6383070744555922
980 980 -0.3040858662932613
993 993 -1.635660561525577
994 994 1.7476582285979863
995 995 0.518020091817066
1008 1008 1.7346423178571535
1009 1009 -1.5320833375236258
1010 1010 0.29270677560857516
1023 1023 -0.3929579778363742
1024 1024 -0.0758802183387876
1025 1025 0.4410342926667612
1038 1038 0.9932441047948529
1039 1039 0.3610613918776182
1040 1040 -0.47876249243574814
1053 1053 -0.14562696362381886
1054 1054 0.17796735639249422
1055 1055 0.42250634419158695
1068 1068 -0.4475356469325
1069 1069 -0.03286606820099489
1070 1070 0.6536938301756825
1083 1083 0.8907725231679946
1084 1084 1.458575433959303
1085 1085 -0.02655531157170538
1098 1098 0.1598108738193558
1099 1099 0.8752457012729832
1100 1100 0.0005500671604687666
1113 1113 -2.0836643229982474
1114 1114 -0.412255837521778
1115 1115 0.35013416197288333
1128 1128 -1.1715872840437382
1129 1129 0.1169210580239206
1130 1130 0.05650667446951069
3364 3364 -0.4112656464826885
3365 3365 1.1577214855346696
3366 3366 0.22648425436495984
3379 3379 0.3868029727835232
3380 3380 -0.22516061672928772
3381 3381 -0.9115780699592031
3394 3394 -0.3008996672536901
3395 3395 -0.412726230615541
3396 3396 -0.518585711559914
3409 3409 0.6475174355335926
3410 3410 -1.0857916231434335
3411 3411 0.001114806176142817
3424 3424 0.7971828122762286
3425 3425 -0.13696905222200223
3426 3426 -1.025103036574529
3439 3439 0.16512326005512176
3440 3440 1.348109048824549
3441 3441 1.06057699044061
3454 3454 0.8545761300033179
3455 3455 1.0283153905593372
3456 3456 -0.2559202397334807
3469 3469 -1.6309498901568655
3470 3470 -1.9162772676797482
3471 3471 0.0401727868851604
3484 3484 -2.259491597129283
3485 3485 -1.690952855818604
3486 3486 -1.8367140976378344
3499 3499 0.27027204987137
3500 3500 -0.11167537347910993
3501 3501 0.18856185240296017
3514 3514 0.5282876053099611
3515 3515 -1.2185817962503764
3516 3516 -0.8557438971439608
3529 3529 -0.15070547595487907
3530 3530 -1.0175467468648838
3531 3531 -1.250147884616423
3544 3544 -1.911821186778348
3545 3545 0.7427846780361904
3546 3546 -0.6059753604572593
3559 3559 0.2242654225884164
3560 3560 -0.5483258385414688
3561 3561 1.3418119832796311
3574 3574 0.09962806089587485
3575 3575 0.3767058254496829
3576 3576 0.3646571908296431
3589 3589 -0.04246545694174686
3590 3590 -1.0629467034552291
3591 3591 0.8550122824394385
3604 3604 0.41741355499079896
3605 3605 -2.8031878308819427
3606 3606 1.7809578891198008
3619 3619 1.4309776808487313
3620 3620 -0.33549628647977064
3621 3621 0.8422766737549303
3634 3634 1.1304232166493526
3635 3635 -0.3971442027740937
3636 3636 -1.126826300277071
3649 3649 -1.41927054406987
3650 3650 -0.8742605826630192
3651 3651 -1.5068840906839902
3664 3664 0.7032206154077545
3665 3665 -1.1895860041521422
3666 3666 1.8690097024289187
3679 3679 0.08090374857322549
3680 3680 0.5696568205294539
3681 3681 -1.1251785812991033
3694 3694 -1.4399930431794952
3695 3695 1.3812920599547756
3696 3696 -0.8633909616276843
3709 3709 0.07119035137836018
3710 3710 -0.1619741044954088
3711 3711 0.733409663413596
3724 3724 -1.6033463312494405
3725 3725 1.418554202668536
3726 3726 -0.13558849066273465
3739 3739 -0.5999868958525237
3740 3740 0.6841928072274257
3741 3741 -0.10194287957539135
3754 3754 0.5907272506703948
3755 3755 0.4041933967503004
3756 3756 1.2130028098248387
3769 3769 0.6902377610034287
3770 3770 0.4532707218096537
3771 3771 -1.2195908418054948
3784 3784 -0.06667572616787633
3785 3785 0.23107922347478632
3786 3786 -2.0395784661950564
3799 3799 0.465119879138432
3800 3800 0.04989603939368733
3801 3801 1.6730297662603424
3814 3814 0.5957353937000114
3815 3815 -1.3586183218552124
3816 3816 -1.3676320281945797
3829 3829 -0.48311807566694714
3830 3830 -0.11428224128455412
3831 3831 -0.7764612305529849
3844 3844 2.2851244063513305
3845 3845 0.15810215135733333
3846 3846 0.10109563316034488
3859 3859 1.2288248796343884
3860 3860 2.6744875171815012
3861 3861 -0.8835152960228397
3874 3874 -0.8986989021725265
3875 3875 0.3292553079179314
3876 3876 0.10972151055196243
3889 3889 -1.9088214947168656
3890 3890 -0.8933793990873319
3891 3891 0.34682025845546555
603 604 0.20282019455581424
603 618 0.30897402342701197
603 3484 -0.7032566967315259
603 3499 0.2695020558410071
603 3514 -0.7677025046587137
603 3529 0.715186334434885
604 605 -0.4097733479079939
604 619 -0.05659678444644896
604 3664 -0.7437259416591713
604 3679 0.8000846946899961
604 3694 -0.15984788221377838
604 3709 0.2566838041043806
605 620 -0.9026953596034439
605 3844 0.030714078796104848
605 3859 -0.5043080346686303
605 3874 0.0358197390892314
605 3889 -0.37930424794356343
618 619 -0.016192282898534048
618 3484 -0.6689243241233072
618 3499 -0.1771967262773726
618 3514 -1.0
618 3529 0.6870805538784336
619 620 0.7387215207442469
619 3664 -0.024470479535334804
619 3679 -0.002762863566293677
619 3694 0.18826606006654711
619 3709 0.14791277880861053
620 3844 -0.005663961996424349
620 3859 0.4849344426205264
620 3874 0.3466312643919573
620 3889 -0.5999531522096903
633 634 0.3707318947093249
633 648 -0.20486426175036854
633 3424 -0.35455094570770634
633 3439 -0.5321265654113732
633 3454 -0.19280109622577332
633 3469 -0.18644033185371214
633 3484 0.4785941573878735
633 3499 -1.0
633 3514 0.4107897409327147
633 3529 -0.4446701928469394
634 635 -0.6630873028899766
634 649 -0.5277683012502319
634 3604 -0.6925714328091372
634 3619 0.26501291006408695
634 3634 -1.0
634 3649 0.38624283288274125
634 3664 0.525107317532805
634 3679 -0.8845030725650896
634 3694 -0.22169671714479225
634 3709 0.8328160887144099
635 650 0.4141219367315951
635 3784 0.23858893572594173
635 3799 -0.15110071964946747
635 3814 0.0015565497471188626
635 3829 -0.7195440497466495
635 3844 -1.0
635 3859 0.8320441118616737
635 3874 0.26384235015721713
635 3889 -0.14445406916276887
648 649 0.3193805382994004
648 3424 0.04019386300105468
648 3439 -0.8471301144977985
648 3454 -0.11917644997186877
648 3469 0.19940043473747313
648 3484 0.16242222759545413
648 3499 0.5644272971181469
648 3514 -0.34386384930951935
648 3529 0.233297315291318
649 650 -0.07698876553642643
649 3604 -0.1410314314339223
649 3619 0.16372082675103483
649 3634 0.14157159057100435
649 3649 -0.290954793505913
649 3664 -0.032506107623036976
649 3679 0.578608152527163
649 3694 -0.027604643852989823
649 3709 0.45861809339977166
650 3784 -0.20710738704398446
650 3799 -0.3524182688867144
650 3814 -0.29597500504060464
650 3829 -0.04828482666847067
650 3844 0.3254430782079528
650 3859 -1.0
650 3874 -0.2679945499137371
650 3889 0.6688967354424745
663 664 0.5635147150652376
663 678 -0.8532613856239236
663 3424 -0.090415492734742
663 3439 0.32142483274036454
663 3454 0.38794369129599404
663 3469 0.09357905459994588
663 3484 0.47851089072507635
663 3499 0.44385193342060775
664 665 0.41595587766797903
664 679 0.6533964972420082
664 3604 0.4639586344852154
664 3619 0.49292996519831667
664 3634 0.06628319984789792
664 3649 -0.06837642947730095
664 3664 0.13690530978344556
664 3679 0.3843690941984521
664 3514 0.6422298344987093
664 3529 0.5027604680745179
665 680 -0.2879631541535528
665 3784 -0.6445513488056996
665 3799 0.3750723889053984
665 3814 -0.057601214648399235
665 3829 0.2874951405517108
665 3844 -0.5218760912607511
665 3859 -0.7992336683820545
665 3694 0.38496555458354415
665 3709 0.5693023570913841
678 679 -0.020086573348035375
678 3424 0.09531926628073696
678 3439 0.055915445853047994
678 3454 0.08260146430424493
678 3469 -0.2360074097966563
678 3484 0.6211174796186761
678 3499 -0.529695022306674
679 680 0.8337424263349742
679 3604 0.36133886177442
679 3619 -0.23649108612893754
679 3634 0.2745011600815523
679 3649 -0.5281817720420077
679 3664 -0.31943398810718926
679 3679 -0.6134399735926162
679 3514 0.23899988513239778
679 3529 -0.39603371178762453
680 3784 0.14151324705566018
680 3799 0.5570884440039935
680 3814 -0.32598923543327907
680 3829 0.6855447944562021
680 3844 0.3273996159437383
680 3859 -0.3536009003722831
680 3694 -0.8859822116521591
680 3709 -0.6562278761319782
693 694 0.3140713258830198
693 708 -0.5054317029055011
693 3424 -0.0583771602385172
693 3439 1.0
693 3454 -0.14652742103978225
693 3469 0.025219712885197688
693 3484 -0.48122996030378
693 3499 -0.4809498217072185
693 3364 -0.05228998377925471
693 3379 -0.34305604132385825
693 3394 -0.31539318397272215
693 3409 0.3678384936606685
694 695 0.9596136792440149
694 709 -0.08500479354633404
694 3604 0.3494383802250834
694 3619 -0.02712146023929699
694 3634 -1.0
694 3649 0.034728012554332596
694 3664 0.18601800710945823
694 3679 -0.3371993207028394
694 3514 0.6046692516640961
694 3529 -0.02562962126281054
694 3544 -0.10151831249534124
694 3559 -0.5291446931966549
694 3574 0.47159706397700074
694 3589 0.6792245483075399
695 710 0.19503671738648437
695 3784 0.1721335260054384
695 3799 0.7287158052684769
695 3814 -0.6112611276420582
695 3829 1.0
695 3844 -0.731839560403955
695 3859 -0.8210809112356645
695 3694 -0.3660821577634717
695 3709 0.13128250625376292
695 3724 0.40088465073822294
695 3739 -0.6292857934155064
695 3754 -0.27720606097865336
695 3769 0.8796268715883534
708 709 -0.33501289413408514
708 3424 0.36883334075964014
708 3439 -0.4181941452365798
708 3454 0.5297756184395108
708 3469 -0.6390414855830806
708 3484 -0.7764167889488657
708 3499 -0.3860366586180833
708 3364 0.007010767368296629
708 3379 0.910179244163011
708 3394 0.2782939531067095
708 3409 0.9271713945969772
709 710 0.48008697565014713
709 3604 0.06134989900682473
709 3619 -0.4704944417794647
709 3634 0.037809587498547695
709 3649 -0.1329069792677307
709 3664 -1.0
709 3679 -0.5988477035482714
709 3514 0.07760890513311398
709 3529 -0.12302892804394575
709 3544 -0.6591285358939231
709 3559 -0.0524082287260919
709 3574 -0.4436595177817854
709 3589 -0.058271915711779185
710 3784 0.5421810348867282
710 3799 0.33281708031624146
710 3814 -0.32755161266556126
710 3829 -0.4174256553795603
710 3844 0.4208558395929623
710 3859 0.16013468305916428
710 3694 0.04128997078752549
710 3709 0.3034544482986183
710 3724 0.6146704201594969
710 3739 0.46722123308433466
710 3754 -0.1447132182893604
710 3769 0.5104889662303305
723 724 -0.5269762981689461
723 738 0.658338504358988
723 3424 0.554097180606432
723 3439 -0.1677282671374109
723 3364 0.007172852699027918
723 3379 0.4102624403947263
723 3394 0.03533911292908353
723 3409 0.3224785419596176
724 725 -0.28764443393198064
724 739 0.7054084814457418
724 3604 -0.16025100141068152
724 3619 0.2413941620867614
724 3454 -0.6652027065477211
724 3469 0.3229966229244903
724 3484 0.4697038987029536
724 3499 0.006003407809475438
724 3514 0.07023168384780441
724 3529 -0.020641858575951584
724 3544 0.42577467836859556
724 3559 -0.36622254927883957
724 3574 1.0
724 3589 0.6150502743372962
725 740 -0.1451391699833358
725 3784 -0.3063017952406366
725 3799 0.46146193256424184
725 3634 0.4141138535705168
725 3649 -0.40583252815915327
725 3664 0.9859307433791056
725 3679 0.31766254904770674
725 3694 -0.22587671712358423
725 3709 -0.4354843951481061
725 3724 0.26341864179019403
725 3739 1.0
725 3754 -0.03025573710857234
725 3769 -0.16627080071486955
738 739 0.05369006319932117
738 3424 -0.23412659200252262
738 3439 -0.45959503367385196
738 3364 0.12855186210089914
738 3379 0.36867527766041724
738 3394 -0.0015225140238648415
738 3409 0.32213194648839594
739 740 -0.14486766404425933
739 3604 0.16216877561597162
739 3619 0.6714756847150112
739 3454 0.05531674392793312
739 3469 -0.11600669657870315
739 3484 0.5798760728470976
739 3499 0.4880424412773449
739 3514 0.1646002766787835
739 3529 0.29078661606148404
739 3544 -0.15124122933765724
739 3559 0.8244258889896436
739 3574 -0.565041529625792
739 3589 0.06152346686441518
740 3784 0.23275369098783177
740 3799 0.09911767608631976
740 3634 -0.05601286453991632
740 3649 -0.20895216782075124
740 3664 0.24674760236705773
740 3679 0.5818915030185249
740 3694 0.07174344418416166
740 3709 -0.7604837331889617
740 3724 -0.28638627054501553
740 3739 0.06000892749083827
740 3754 0.01115539527328634
740 3769 0.22252064724746717
753 754 -0.16327524338538754
753 768 -0.5386736664076374
753 3424 0.14608135173843118
753 3439 -0.422537379945984
753 3364 0.09089982986847124
753 3379 0.27083696402411706
753 3394 -0.1535505412059918
753 3409 -1.0
754 755 0.30310136976880375
754 769 -0.3410224311926694
754 3604 -0.3586016023347001
754 3619 0.03531600616829112
754 3454 -0.17688353425904169
754 3469 0.30943879860224244
754 3485 0.7542087207596722
754 3500 -0.5221701448302443
754 3515 -0.09970262491071429
754 3530 -0.3825161095305355
754 3544 1.0
754 3559 0.31554426185377693
754 3574 0.9278825455055401
754 3589 0.6787953373818048
755 770 -0.4292748952074041
755 3784 -0.24356599943807208
755 3799 -0.5830864278811186
755 3634 0.2648855026252436
755 3649 0.1600324597136112
755 3665 -1.0
755 3680 0.8109663058586976
755 3695 0.10143361614372497
755 3710 0.3889084415917644
755 3724 -0.381356544456643
755 3739 -0.05438424814476777
755 3754 -0.2769316900949959
755 3769 -0.37861928400597056
768 769 -0.045968633328498085
768 3424 0.20099665731295385
768 3439 0.24812781332429873
768 3364 0.946306992948384
768 3379 -0.9990614905493449
768 3394 -0.31728530912387465
768 3409 -0.7326796889913977
769 770 -0.49956305598392553
769 3604 0.4525529741300918
769 3619 -1.0
769 3454 0.9156300561770612
769 3469 0.04385022125876944
769 3485 0.3452845905972456
769 3500 0.2865186761040852
769 3515 -0.00672915749220844
769 3530 0.5974101510001496
769 3544 -0.7297136912878732
769 3559 0.11094203084242799
769 3574 0.09217599954729903
769 3589 0.34520761627247804
770 3784 -0.8221838909166558
770 3799 0.3105711940330399
770 3634 0.15119467127647188
770 3649 -0.4129448863957259
770 3665 0.2875188518748769
770 3680 0.33565600500356385
770 3695 0.2012966964517769
770 3710 0.5156748339782107
770 3724 -0.8328367916076974
770 3739 0.06273963900196779
770 3754 0.06244306531766471
770 3769 0.43872864647576265
783 784 0.2961290252801047
783 798 0.06841320322216497
783 3424 -0.18366660427620643
783 3439 -0.14017487247275462
783 3454 0.648062835003315
783 3469 0.1023095747119731
783 3485 1.0
783 3500 -0.13878266916833013
783 3515 0.6527138828947749
783 3530 -0.01605975079447529
783 3544 -0.47666149552400916
783 3559 -0.011630471007351503
783 3394 0.2562456247643423
783 3409 0.7305208166183943
784 785 0.49210923847778915
784 799 0.773862395221042
784 3604 0.098685748122883
784 3619 -0.5902867178104428
784 3634 -0.4495110979354186
784 3649 -0.5778581435090259
784 3665 -0.6432083121937808
784 3680 -0.32979091431065927
784 3695 0.06022433009442814
784 3710 0.3181575758517918
784 3724 0.11676120871608102
784 3739 -0.3447985600842335
784 3574 0.4142564405865867
784 3589 -0.3193674127613188
785 800 -0.3620393860613392
785 3784 -0.15311029828754175
785 3799 0.9146424876435311
785 3814 -0.33614831600513045
785 3829 0.19738558422648034
785 3845 -1.0
785 3860 -0.318779875793548
785 3875 -0.27528571409632635
785 3890 -0.9249827101261411
785 3754 -0.6220963057430686
785 3769 0.006852233042100137
798 799 0.9357523000327517
798 3424 0.14114751943598447
798 3439 -0.09837978130338901
798 3454 0.17149428741324635
798 3469 1.0
798 3485 -0.10617491927340589
798 3500 -1.0
798 3515 0.025267309208231913
798 3530 0.3903013748098055
798 3544 -0.26465540176434127
798 3559 0.5829456024862261
798 3394 -0.4523138297219743
798 3409 -0.20820184283729268
799 800 0.1971196522135417
799 3604 0.34630064906114827
799 3619 -0.05630889136735034
799 3634 -0.06852845021231968
799 3649 -0.7039715920701075
799 3665 -0.38707810688132205
799 3680 -0.09302013218344267
799 3695 -0.7604598609689203
799 3710 -0.27362902415251195
799 3724 0.0284372772171349
799 3739 0.25483530168445767
799 3574 -0.6884150046514302
799 3589 -0.2239807166909531
800 3784 -0.8210554557786783
800 3799 -0.4072231528629445
800 3814 0.3928596915784383
800 3829 -0.5764912654105505
800 3845 -0.08422502172450279
800 3860 0.5753863417812537
800 3875 -0.269159218380859
800 3890 0.4709259124869912
800 3754 0.0459752111119278
800 3769 -0.3689977003025391
813 814 0.18258171653104815
813 828 0.9330484930937682
813 3425 0.8084157687817101
813 3440 0.5883863059709511
813 3455 -1.0
813 3470 0.6708282875150191
813 3485 -0.35437440640914397
813 3500 -0.07761780332608519
813 3515 -0.596168469527933
813 3530 0.5911953610635848
813 3544 0.5673157978738763
813 3559 -0.47011686333396585
813 3394 0.45288370756985635
813 3409 0.6592806016641563
814 815 -0.47608954530144165
814 829 0.07238814269607208
814 3605 0.6072077481678173
814 3620 -0.6006250157303624
814 3635 -0.3544727621702137
814 3650 0.3102042490588326
814 3665 0.7372774030116361
814 3680 0.5569308710052586
814 3695 0.7636135791629856
814 3710 -0.13071326768406383
814 3724 0.04195468976826603
814 3739 0.5529159754384171
814 3574 -0.5680138825571373
814 3589 -1.0
815 830 -0.3790388769652534
815 3785 -0.06010975634495209
815 3800 0.23565478287000896
815 3815 -0.0223918368235043
815 3830 -0.6466919143288756
815 3845 0.13781587316069838
815 3860 -0.3296541603248897
815 3875 -0.07180919183723382
815 3890 0.15003459830803909
815 3754 0.17848462074922
815 3769 0.05204110853891862
828 829 -0.16431020352898423
828 3425 -0.06708929634085867
828 3440 -0.3820043991017007
828 3455 0.1702285303289278
828 3470 -0.3891346358365001
828 3485 -0.008453550750275709
828 3500 0.3890576556315549
828 3515 0.06837068708359795
828 3530 -0.031165154478222438
828 3544 0.16009020877310295
828 3559 -0.5366790552330158
828 3394 -0.03456268586243735
828 3409 0.919683604744072
829 830 0.174328519407622
829 3605 -0.7246600055691199
829 3620 0.5551004867672187
829 3635 -0.001323639181125642
829 3650 0.15396861516925098
829 3665 0.22925708468431635
829 3680 -0.44421242049751747
829 3695 0.19377675914501735
829 3710 0.094622126169341
829 3724 -0.25958835130064206
829 3739 0.3678971835984321
829 3574 0.6100585135420803
829 3589 -0.0689682326281993
830 3785 0.28132526732709784
830 3800 0.48063604020161355
830 3815 -0.4720430465786826
830 3830 -0.44759509891685456
830 3845 0.8603595584749684
830 3860 -0.4691717187462927
830 3875 -0.1952021830494276
830 3890 -0.7314226837487512
830 3754 -0.5385004085020909
830 3769 -0.25971821372366166
843 844 0.4068985371602516
843 858 0.1867871025990362
843 3425 0.21221172414572628
843 3440 0.5415245589420389
843 3455 0.5310870312853503
843 3470 -0.4597128656320404
843 3485 0.25764436193565526
843 3500 0.46894368740670006
843 3364 -0.5909882363919782
843 3379 -0.060949576709231366
843 3394 -0.29712933007926884
843 3409 0.0717744687441371
844 845 0.16741133351469745
844 859 -0.017011551539182497
844 3605 -0.042254607171267035
844 3620 -0.2765486199660214
844 3635 0.049252175634774506
844 3650 -0.3055341014164386
844 3665 -0.03621453128305632
844 3680 -0.10024355885436421
844 3515 -0.5645454231359899
844 3530 0.29670354559270234
844 3544 0.9322896168943627
844 3559 -0.26483284072287394
844 3574 -0.23293586744475725
844 3589 0.10379320244183587
845 860 0.42238693930111615
845 3785 -0.5969984568597919
845 3800 0.06216149655853591
845 3815 -0.4498446818036741
845 3830 -0.43009917399972797
845 3845 -0.10466050896269691
845 3860 0.6148362801223778
845 3695 0.3477468666194452
845 3710 -0.30461816986191836
845 3724 -0.5065623838512858
845 3739 -0.4149044835509713
845 3754 -0.21345508991832074
845 3769 -0.09472072931391237
858 859 0.3979407371816532
858 3425 0.668822809123859
858 3440 0.6179971855220789
858 3455 -0.006126570414976969
858 3470 -0.5452194692597216
858 3485 -0.6797694457417925
858 3500 -0.12690204414882708
858 3364 0.021516703525119935
858 3379 -1.0
858 3394 -0.059442749437296064
858 3409 0.6427857652305059
859 860 1.0
859 3605 -0.07010837729349788
859 3620 -0.09029557141032658
859 3635 1.0
859 3650 0.5904617272123076
859 3665 0.22941770312706158
859 3680 0.5452092797515546
859 3515 -0.3335600909435522
859 3530 -0.1990797855529076
859 3544 -0.6196323665894106
859 3559 0.31018068714905817
859 3574 0.5616784140009667
859 3589 0.19224356883048452
860 3785 0.24468423482428195
860 3800 -0.560820832453885
860 3815 0.4794518653004889
860 3830 -0.09873556655100658
860 3845 0.25452503519123676
860 3860 1.0
860 3695 -0.18118445188827983
860 3710 -0.3668948870878193
860 3724 0.7017575664372435
860 3739 -0.7222507875075296
860 3754 0.16911386751341717
860 3769 -0.16031406750592178
873 874 0.39789557892690375
873 888 -0.25820921478028824
873 3425 -0.5395165299659183
873 3440 0.4787389872041859
873 3455 0.17499292260382823
873 3470 0.7884301423728425
873 3485 0.2419753156501369
873 3500 0.10030170052395529
873 3365 1.0
873 3380 -0.7210779435203689
873 3395 -0.10388319186136162
873 3410 -1.0
874 875 -0.46320513245388856
874 889 0.8900391680686018
874 3605 -0.651265328217702
874 3620 -0.3341287601696493
874 3635 -0.012971974527102989
874 3650 -0.4756335922224701
874 3665 0.3840279245868943
874 3680 0.7560429469299598
874 3515 -0.6491409594078712
874 3530 -0.6830232564847515
874 3545 0.4960991462020356
874 3560 -0.2925077630974483
874 3575 -0.2420917298170663
874 3590 0.44154668084138926
875 890 0.6424469767494378
875 3785 -0.4836503259240374
875 3800 0.7705539647342572
875 3815 0.014171391095669098
875 3830 -0.13431085283834515
875 3845 0.5759838437354884
875 3860 0.20259895038714568
875 3695 0.42404128793790014
875 3710 -0.6875192980702474
875 3725 -0.0022990658820368375
875 3740 0.6571545026957738
875 3755 -0.8119528991488476
875 3770 0.5304105499772687
888 889 0.14711945462927503
888 3425 -0.21016405769290564
888 3440 -0.16446195828215934
888 3455 -0.5871070909362678
888 3470 -0.4409254993813197
888 3485 -1.0
888 3500 0.11710430844367012
888 3365 0.0026676219478864146
888 3380 1.0
888 3395 0.2323779918729099
888 3410 -0.641737535490062
889 890 0.03412981082128078
889 3605 -0.12148696688308434
889 3620 -0.33524487225349847
889 3635 0.09115717690248669
889 3650 0.9406677178858891
889 3665 -0.10920702344024849
889 3680 -0.25820211034822454
889 3515 -0.052668805024634724
889 3530 -0.8791493636320294
889 3545 0.7306380784209047
889 3560 -0.0680071174493727
889 3575 -0.12154105542540274
889 3590 -0.5612297253968906
890 3785 -0.538182388744812
890 3800 0.5866950032188074
890 3815 -0.3197327714630199
890 3830 -0.668690357622487
890 3845 -0.12631228623190766
890 3860 -0.30555622844900177
890 3695 -0.7218364448773165
890 3710 0.2576029277021276
890 3725 0.2303971499633082
890 3740 -0.023815624356892853
890 3755 -0.2892564439923268
890 3770 -0.9955408695150951
903 904 -0.05459835443369149
903 918 -0.7621574730453748
903 3425 0.28382917302099775
903 3440 -0.7817319482459784
903 3365 -0.035912085115496706
903 3380 0.175632990171901
903 3395 1.0
903 3410 0.28617696027448164
904 905 -0.9950122891811978
904 919 1.0
904 3605 -0.0900352018282536
904 3620 0.2113678616472416
904 3455 0.39326080900267146
904 3470 -0.42264221444491684
904 3485 -0.04515285378518043
904 3500 0.2322000554677851
904 3515 -0.46101901062741946
904 3530 -0.5276961881786392
904 3545 0.48236142730755494
904 3560 -0.09093720462890635
904 3575 -0.4063255305044198
904 3590 -0.25635927916018825
905 920 0.1562796927819975
905 3785 -0.4591255245660801
905 3800 -0.11631594307405252
905 3635 -0.8993018505672254
905 3650 -0.18219434064937523
905 3665 -0.12101155907431102
905 3680 0.42848388659765774
905 3695 0.7699346032738559
905 3710 -0.337345337444755
905 3725 0.24250013862629688
905 3740 0.0174078314699204
905 3755 -0.3104020113654844
905 3770 0.5545474264292397
918 919 -0.8838255425464621
918 3425 0.2265877521004972
918 3440 -0.06500827234997864
918 3365 -0.49995135702932186
918 3380 1.0
918 3395 0.5326837160263443
918 3410 0.07318796197760535
919 920 0.2894129996161106
919 3605 0.32103157690640055
919 3620 -0.3355347237085366
919 3455 -0.7009018287157868
919 3470 -0.22429108697513617
919 3485 -0.17621250174062675
919 3500 0.5846705654078761
919 3515 0.11850915689099534
919 3530 0.344607133452967
919 3545 0.16581058580114275
919 3560 0.39782077420518863
919 3575 0.27338137997308065
919 3590 -0.7611944249017649
920 3785 0.1590679038157103
920 3800 -0.11714891194823196
920 3635 -0.10267662938700176
920 3650 0.8124527933606778
920 3665 0.2183779186986998
920 3680 -0.775935405137624
920 3695 -0.37659171090376226
920 3710 -0.571552620932306
920 3725 -0.047630219878998584
920 3740 -0.5541790318461065
920 3755 -0.28399131022346524
920 3770 0.37919384360797087
933 934 -0.5980936707187077
933 948 0.2917011284643509
933 3425 0.825606883187304
933 3440 -0.1544092975436718
933 3365 0.5775828531086855
933 3380 0.5902290638081717
933 3395 0.4235377714187201
933 3410 -0.33203162724522567
934 935 0.6123667509345038
934 949 -0.8325147179013285
934 3605 -0.04741582423709767
934 3620 0.3475660608365627
934 3455 0.30048468615925517
934 3470 -0.3613093691620198
934 3486 -0.24929626387066228
934 3501 0.03922120062526839
934 3516 -0.3852955504924773
934 3531 0.5227553965943365
934 3545 -0.24238011268397736
934 3560 -0.1546956117442686
934 3575 -0.1833215496161061
934 3590 -0.07473285850637681
935 950 -0.17007586929049995
935 3785 -0.32866402440245235
935 3800 0.42032316123314606
935 3635 -0.13268727845753037
935 3650 -0.8801387700460067
935 3666 -0.07788265654033533
935 3681 0.4009375252070305
935 3696 0.450713406436663
935 3711 0.2606261515376304
935 3725 0.06296396643071417
935 3740 0.7587740383708227
935 3755 0.6938645507236789
935 3770 -0.13455948124184922
948 949 0.5677587046704213
948 3425 0.5497847721013476
948 3440 -0.02049096182175394
948 3365 -0.05454248847562146
948 3380 -0.1371445999386418
948 3395 0.7935311385956598
948 3410 0.24746128525718297
949 950 0.9248390152973373
949 3605 0.03811689708447502
949 3620 0.3563802013925483
949 3455 0.6493921367956345
949 3470 -0.4950543463797734
949 3486 0.596134977420637
949 3501 0.7254950620243746
949 3516 -0.2226502617470695
949 3531 1.0
949 3545 0.06133489131617889
949 3560 0.10517099109454714
949 3575 0.11922807984413214
949 3590 -0.4140986192217087
950 3785 -0.6491051069284192
950 3800 1.0
950 3635 -0.2562282067052038
950 3650 -0.5414225465774488
950 3666 -0.6456365566569008
950 3681 0.2348181736341268
950 3696 0.436970522168028
950 3711 -0.3056579989610991
950 3725 0.2594584517214696
950 3740 0.834299356556558
950 3755 -0.253325854412734
950 3770 0.5572791158618249
963 964 -0.7285466664928862
963 978 -0.08346915033596226
963 3425 -0.29952604893176404
963 3440 0.019730444952759007
963 3455 0.12118922701085078
963 3470 -0.2038373195139218
963 3486 -0.7105514215464457
963 3501 -0.6544902332640203
963 3516 -0.360907332252717
963 3531 -0.4873679549071935
963 3545 -1.0
963 3560 -0.436582235452022
963 3395 0.21071563662055248
963 3410 0.3865464143525773
964 965 -0.5198476041149835
964 979 0.18646903754895375
964 3605 -0.20187901218786422
964 3620 0.7132746413161665
964 3635 0.4813021463298272
964 3650 -0.17604645607375335
964 3666 0.6266060712001508
964 3681 0.22572930953554463
964 3696 0.016186018628836982
964 3711 0.8578703238942814
964 3725 0.5835070670016396
964 3740 -0.3045178048968785
964 3575 0.07723216691670497
964 3590 -0.36229863798085904
965 980 0.10337394146560687
965 3785 0.4597231315614266
965 3800 -0.13855505172230007
965 3815 0.1429958050794436
965 3830 -0.023382797646532196
965 3846 -0.31266305500623703
965 3861 0.5816922792205517
965 3876 -0.6177249832689771
965 3891 -0.33132402945111783
965 3755 0.2866990020324866
965 3770 0.5041757135198063
978 979 0.14960967185215068
978 3425 -0.251247065983709
978 3440 0.0515098063342094
978 3455 -0.8066703314371043
978 3470 0.28072662216838423
978 3486 0.016480226581896837
978 3501 0.11605234994903668
978 3516 0.14531725427244882
978 3531 -0.8148721095726488
978 3545 -0.09163871485658034
978 3560 -0.4541954750132294
978 3395 0.853264946152415
978 3410 0.09420068289670165
979 980 -0.09011033047152335
979 3605 0.4473613550808099
979 3620 -0.22413195171617278
979 3635 0.3490115802623449
979 3650 0.6334218585413589
979 3666 -0.8319006553421662
979 3681 0.44695673864230784
979 3696 0.8075052810798842
979 3711 0.12432368783852298
979 3725 0.2996203023912746
979 3740 -0.0739887344439713
979 3575 -0.6766248883468247
979 3590 0.10488665892949897
980 3785 0.35234382174205137
980 3800 0.3720977864161319
980 3815 -0.9681060724959205
980 3830 -0.6508607493831434
980 3846 0.5061762427412749
980 3861 0.316917128481051
980 3876 -2.634913419828506e-05
980 3891 0.4006725030256455
980 3755 0.21183920357464878
980 3770 0.4417372501107225
993 994 -0.05423363236150906
993 1008 -0.4146984700726967
993 3426 -0.9265069050431017
993 3441 0.586816472633036
993 3456 0.9707147886306343
993 3471 0.36917466026591983
993 3486 0.9588340968564338
993 3501 0.14827083519729714
993 3516 -0.11164627776261478
993 3531 0.3223811251575801
993 3545 0.6463085636859528
993 3560 -0.2805331018795612
993 3395 0.019441703914553854
993 3410 -0.9939822905553647
994 995 0.6024431591113786
994 1009 -0.23914673856500307
994 3606 0.1731438905621594
994 3621 0.20437037666275876
994 3636 -0.7601098039810964
994 3651 0.07104213036713478
994 3666 -0.618912046631825
994 3681 -0.11734541284022976
994 3696 0.7341500085901381
994 3711 0.2975130389798309
994 3725 0.32317867313391696
994 3740 -0.13270534000063294
994 3575 -1.0
994 3590 0.07194723216013796
995 1010 0.02219414963814091
995 3786 0.017344229411003175
995 3801 -0.7717424757878152
995 3816 -0.13729842412485493
995 3831 -0.46079724109787246
995 3846 -0.41966146388632786
995 3861 -0.9177966219981645
995 3876 -0.7103284922419872
995 3891 0.17145514234479295
995 3755 -0.1752515645261098
995 3770 -0.39777565745099064
1008 1009 -0.47833068797319894
1008 3426 0.6611436895010823
1008 3441 0.46763280592438206
1008 3456 -0.43641864230420707
1008 3471 -0.03184790419328795
1008 3486 0.40537005128158354
1008 3501 -0.959807154063267
1008 3516 0.41906452143313166
1008 3531 -0.05466769420338254
1008 3545 -1.0
1008 3560 0.09340436926336163
1008 3395 0.2780396418662378
1008 3410 -0.01909547786261135
1009 1010 0.7937822502168302
1009 3606 -0.40618233758072886
1009 3621 -0.943984308381736
1009 3636 -0.2598745640186342
1009 3651 0.22987937824160745
1009 3666 0.3521592808325363
1009 3681 0.5518717880801346
1009 3696 0.8738581881255105
1009 3711 0.3316383190867012
1009 3725 0.5787250549779267
1009 3740 0.212853513983044
1009 3575 0.7199445972652291
1009 3590 0.23837463091136504
1010 3786 0.06875544324335382
1010 3801 -0.10206692319096379
1010 3816 -0.4564104733422886
1010 3831 -0.047026461767122704
1010 3846 0.2802683523529933
1010 3861 0.06003156487543887
1010 3876 0.353482320441374
1010 3891 0.19760246303892803
1010 3755 -0.2296876793249698
1010 3770 0.9112549838030275
1023 1024 -0.17807305152860237
1023 1038 0.6961475375586846
1023 3426 -0.22190461386660437
1023 3441 0.0743297041108446
1023 3456 -0.10290854096626582
1023 3471 -0.6218675542947579
1023 3486 -0.9286209703692189
1023 3501 -0.3993777958037533
1023 3365 -0.5916601514908544
1023 3380 -0.28456071321384707
1023 3395 -0.22793966117406175
1023 3410 0.8165853436841268
1024 1025 -0.2840836453460453
1024 1039 0.020268564864470734
1024 3606 -0.12667195252907773
1024 3621 0.2243823192486553
1024 3636 -0.015001228182348156
1024 3651 -0.062451131638705644
1024 3666 -0.17491849204797308
1024 3681 -0.017775186468731476
1024 3516 0.008397271564114794
1024 3531 -0.15318520109071548
1024 3545 0.20118655397158736
1024 3560 0.08829130716209609
1024 3575 0.17754825936948462
1024 3590 -0.16199398791854225
1025 1040 -0.41687710504554676
1025 3786 -0.6087856638085168
1025 3801 -0.11979322098812487
1025 3816 -0.4351097318824457
1025 3831 -0.19791387015676876
1025 3846 1.0
1025 3861 -0.42909277577650734
1025 3696 0.24831373855076103
1025 3711 0.2774787622780181
1025 3725 -0.3257853565629024
1025 3740 0.6778266271017497
1025 3755 -0.141986156118966
1025 3770 -0.37129219475055475
1038 1039 -0.7692545321379421
1038 3426 0.3709623132087959
1038 3441 -1.0
1038 3456 -0.6567271842542401
1038 3471 -0.42644712353274317
1038 3486 0.06896751914411911
1038 3501 -0.11133655148713106
1038 3365 -0.21250448751296874
1038 3380 0.2705337655638552
1038 3395 -0.2970762326803675
1038 3410 0.21536120497609576
1039 1040 0.0414871878065553
1039 3606 -1.0
1039 3621 0.1406703628325847
1039 3636 -0.26857884937843984
1039 3651 -0.1976513748972814
1039 3666 0.40479421435909113
1039 3681 -0.01482566539070645
1039 3516 -0.04467944839533252
1039 3531 -0.7727192287761744
1039 3545 -0.166617089227205
1039 3560 -0.15571512692629663
1039 3575 -0.30151309110073093
1039 3590 -0.14431518288554776
1040 3786 -0.023332157067467364
1040 3801 0.2809745006443122
1040 3816 -0.6816461766283222
1040 3831 0.820518633843209
1040 3846 -0.4259333898458348
1040 3861 -0.10553858972523521
1040 3696 -0.11036275669173115
1040 3711 0.5227939057241414
1040 3725 -0.5632783774207938
1040 3740 -0.39598127663552946
1040 3755 -0.045979389926830094
1040 3770 -0.3163424238094907
1053 1054 -0.010860510479723157
1053 1068 -0.20456121841512256
1053 3426 -0.6880123297943458
1053 3441 -0.030389724817797652
1053 3456 0.35528132497363485
1053 3471 0.2646338359748889
1053 3486 1.0
1053 3501 -0.9238370268277475
1053 3366 0.020939051356194425
1053 3381 0.12952311653746967
1053 3396 0.5601033409799422
1053 3411 0.6841912705433335
1054 1055 -0.30533936806475437
1054 1069 -0.6015191982494714
1054 3606 0.06897294447244037
1054 3621 0.11369507236727384
1054 3636 -0.772334318527391
1054 3651 -0.33574412672975473
1054 3666 0.2563055565144858
1054 3681 0.3072721791143184
1054 3516 0.35709628101362884
1054 3531 0.04908886308632182
1054 3546 0.332708525688335
1054 3561 -0.09704671412720305
1054 3576 -0.6292548028536401
1054 3591 0.19501275779257798
1055 1070 -0.5165504482382343
1055 3786 -0.7043236903025021
1055 3801 0.35673757751070917
1055 3816 0.29828417179562255
1055 3831 -0.2672506144221936
1055 3846 0.8518589558473729
1055 3861 -0.8013171981371918
1055 3696 -0.6347942972679731
1055 3711 -0.4976853526359821
1055 3726 -0.3312605427586407
1055 3741 -0.5458360563254264
1055 3756 0.3252154203904615
1055 3771 -0.5216289205246329
1068 1069 0.0024905657824676134
1068 3426 -0.6945206588076666
1068 3441 -0.12319191399866955
1068 3456 -0.7726852128783962
1068 3471 -0.05281651196751773
1068 3486 -0.5173139723721706
1068 3501 0.20135209658432435
1068 3366 0.40762168519089487
1068 3381 -0.4438284842563364
1068 3396 -0.28077498871165885
1068 3411 -0.8107570843624822
1069 1070 -0.7888914511390217
1069 3606 0.18575507004090616
1069 3621 -0.5060457847969795
1069 3636 -0.027579264953543958
1069 3651 -0.12765121495176482
1069 3666 0.2336497325469124
1069 3681 -0.1327263043534975
1069 3516 -0.578660774377643
1069 3531 0.6333709483219835
1069 3546 0.20289416763588658
1069 3561 -0.7929740633558128
1069 3576 -0.005462053221188156
1069 3591 -0.0930951416653916
1070 3786 0.05293844211074076
1070 3801 0.6415487155884094
1070 3816 0.5645986838710876
1070 3831 0.4603211745437575
1070 3846 -0.2105594625070125
1070 3861 -0.12316994810761046
1070 3696 -0.1868705876677212
1070 3711 0.030809561544597193
1070 3726 0.18935602196842594
1070 3741 -0.6211597838189076
1070 3756 0.022765309127379982
1070 3771 0.36204863026539535
1083 1084 -0.08051444811063149
1083 1098 -0.4734407716952722
1083 3426 -0.5650214809621845
1083 3441 -0.9999776167952112
1083 3366 -0.36977251506102965
1083 3381 1.0
1083 3396 -0.4109137255714731
1083 3411 0.1915430125124111
1084 1085 0.29946917751918734
1084 1099 -0.5137575620640891
1084 3606 0.25740531497374247
1084 3621 0.008382908553237863
1084 3456 0.19215794358383018
1084 3471 -0.24039625442031973
1084 3486 0.36749264673602833
1084 3501 0.7569070682503929
1084 3516 0.5182327873962889
1084 3531 0.39740130600855517
1084 3546 -0.32356865863383566
1084 3561 -0.16324980820663032
1084 3576 -0.16074276359690168
1084 3591 1.0
1085 1100 0.2832301911919598
1085 3786 0.12080419446300594
1085 3801 -1.0
1085 3636 -0.6246599965619156
1085 3651 0.2619644948476238
1085 3666 -0.2441740229917565
1085 3681 0.36805921729142127
1085 3696 -0.30486811940348685
1085 3711 -0.19940140661562386
1085 3726 0.3601215226765526
1085 3741 0.11254790825651147
1085 3756 -0.0635715151444077
1085 3771 0.6417482310738108
1098 1099 -0.1809918221522357
1098 3426 0.4798815076889218
1098 3441 -0.1827447118409795
1098 3366 -0.6987262059923061
1098 3381 0.6018554654378551
1098 3396 0.24074001934043374
1098 3411 -0.5889353917064907
1099 1100 0.2684315050375374
1099 3606 0.07979476856250244
1099 3621 0.22016304159004568
1099 3456 0.6526378091753147
1099 3471 0.2003269833563373
1099 3486 0.39156795082530227
1099 3501 0.4693095865066561
1099 3516 -0.6487358505359809
1099 3531 -0.7468151082534247
1099 3546 0.23037068469046484
1099 3561 -0.8558621634625728
1099 3576 0.607391818708601
1099 3591 0.1356461716133792
1100 3786 0.4232243058884288
1100 3801 0.43048356611285327
1100 3636 0.0037870467619300426
1100 3651 -0.5764030801646776
1100 3666 -0.3190405436842806
1100 3681 -0.21671979403451277
1100 3696 -0.7866338867982463
1100 3711 -0.5593433022861313
1100 3726 0.40112487482840975
1100 3741 0.899765310498678
1100 3756 0.25920889581019996
1100 3771 -0.17566502783454477
1113 1114 0.22225537626646355
1113 1128 0.17262704548468571
1113 3426 -0.01106296866793213
1113 3441 0.4133660908362061
1113 3366 0.2622001465309449
1113 3381 -0.5227573201922228
1113 3396 -0.307910228028846
1113 3411 0.6492198411187902
1114 1115 0.7749593831663248
1114 1129 -0.21333533822629544
1114 3606 0.30711575406723324
1114 3621 -1.0
1114 3456 0.26532541157684064
1114 3471 0.08489597916810737
1114 3546 -0.5578179968706471
1114 3561 -0.4592655429002955
1114 3576 -0.03500186713704083
1114 3591 -0.32660207240440847
1115 1130 -0.37428571016298423
1115 3786 -0.5059520218774264
1115 3801 0.38869050560458224
1115 3636 -0.7668667516153006
1115 3651 -0.9038564228531335
1115 3726 -0.36963497032288944
1115 3741 0.6359871821407223
1115 3756 -0.10778186763286271
1115 3771 0.17114653433186677
1128 1129 0.5537836831995671
1128 3426 0.03639983822221003
1128 3441 0.04884208288830795
1128 3366 0.9638680947176428
1128 3381 -0.287314091084995
1128 3396 0.12193281154626809
1128 3411 0.17999261853962525
1129 1130 -0.15742788213809547
1129 3606 -0.371631400114578
1129 3621 -0.00349778972260627
1129 3456 -0.12840005346117092
1129 3471 0.40804067261005345
1129 3546 -0.6066481703904364
1129 3561 0.060493124695911366
1129 3576 0.8709907567010619
1129 3591 -0.5313949188956202
1130 3786 0.03447555651231537
1130 3801 -1.0
1130 3636 0.35749170228760774
1130 3651 0.023552035464552156
1130 3726 -0.5246310359710388
1130 3741 0.15139729777750222
1130 3756 1.0
1130 3771 0.059740973905132555
3364 3365 0.565477586351912
3364 3379 0.03286577681134929
3365 3366 0.26291923319580324
3365 3380 -0.7077980601180818
3366 3381 -0.3410599171858455
3379 3380 -0.3150509528563109
3380 3381 0.012879023499356552
3394 3395 0.23764994662156524
3394 3409 -0.08847439698706241
3395 3396 0.169364159031363
3395 3410 -0.7489477940135146
3396 3411 0.07307115307621842
3409 3410 -0.13060735158837733
3410 3411 0.025547650501541792
3424 3425 0.7538485111971162
3424 3439 0.6763443009405363
3425 3426 -0.25277345871496937
3425 3440 -0.2171146890028966
3426 3441 0.5483110206731585
3439 3440 0.2671741373193801
3440 3441 -0.27450122402615434
3454 3455 0.2062933121911948
3454 3469 0.5515380791610521
3455 3456 0.2897782451319713
3455 3470 -0.8269900284741818
3456 3471 0.30473864869611367
3469 3470 -0.15308239494594938
3470 3471 1.0
3484 3485 -0.7480608265166447
3484 3499 -0.5688469533713982
3485 3486 0.32349653214275126
3485 3500 0.19359121010014796
3486 3501 -0.7300941196461871
3499 3500 0.5420011169567779
3500 3501 -0.18097915026193503
3514 3515 0.019646477217099095
3514 3529 0.5894743943205292
3515 3516 0.4722251084025448
3515 3530 0.3807506801661975
3516 3531 0.29584327729090204
3529 3530 -0.5579262541971894
3530 3531 -0.6052021855964037
3544 3545 -0.956058167212924
3544 3559 -0.15786387669676483
3545 3546 -0.6123654926313059
3545 3560 0.348919680725928
3546 3561 -0.5959753322280549
3559 3560 0.5825492043907975
3560 3561 0.6356097308285251
3574 3575 -0.5304792960390363
3574 3589 -0.3799418471783658
3575 3576 0.5303281912938227
3575 3590 0.09729682299038517
3576 3591 0.033446336292853714
3589 3590 0.20955719753755686
3590 3591 -0.09543522303213041
3604 3605 0.003959718010059422
3604 3619 -0.6874397023668207
3605 3606 0.22050065990151352
3605 3620 -0.16266911873212497
3606 3621 -0.4119556676106845
3619 3620 0.3082961412184202
3620 3621 0.5081987579679969
3634 3635 -0.18776964924058812
3634 3649 -0.10394141400138988
3635 3636 0.29889791138781197
3635 3650 0.4191456979044126
3636 3651 -0.2560418978598513
3649 3650 0.29571586409900713
3650 3651 0.2719825837218354
3664 3665 0.3533182432177189
3664 3679 -0.2798197776931402
3665 3666 0.16862033475906563
3665 3680 -0.6209404853677345
3666 3681 -0.16909121674207558
3679 3680 0.8033563863093706
3680 3681 0.6153920066472635
3694 3695 -0.4321563637051795
3694 3709 0.4622057251236713
3695 3696 -0.22350974484012523
3695 3710 0.4890032025448606
3696 3711 -0.3375274482825389
3709 3710 -0.3535532004837064
3710 3711 0.015413195295767367
3724 3725 0.6362536435817001
3724 3739 -1.0
3725 3726 0.4386688297518892
3725 3740 0.29998854546358045
3726 3741 -0.48628789907828446
3739 3740 0.5698826748468409
3740 3741 -0.30098548043295403
3754 3755 0.3084067500011194
3754 3769 -0.11393096722393699
3755 3756 0.17644870507830354
3755 3770 -0.4936272443943701
3756 3771 0.5002624338910885
3769 3770 0.1522324944663035
3770 3771 0.34556592067797953
3784 3785 -0.2030966217329958
3784 3799 -0.7592831098182776
3785 3786 0.47271871649188324
3785 3800 -0.7815115019925972
3786 3801 0.24091242700524212
3799 3800 -0.39858910403451603
3800 3801 -0.16072876857476903
3814 3815 -0.9307374329105098
3814 3829 -0.3831288229351711
3815 3816 0.27129335861406273
3815 3830 -1.0
3816 3831 -0.09180808751535771
3829 3830 -0.0340147607855987
3830 3831 0.021225366928139748
3844 3845 -0.697323597519253
3844 3859 -0.28754428702109625
3845 3846 0.005156931073389615
3845 3860 -0.06296159126351454
3846 3861 0.03604573956961786
3859 3860 -0.07196296964141652
3860 3861 0.6452141029677537
3874 3875 -0.2014100705234165
3874 3889 -0.44016792153294965
3875 3876 -0.2002288233493849
3875 3890 0.9582086432293848
3876 3891 -0.5870415358171157
3889 3890 0.25427777680654445
3890 3891 0.4887194296293582
