# 
61 61 0.5746479751421553
62 62 -1.016651772395743
63 63 -0.24332788259070606
76 76 -0.6980936106564675
77 77 0.06835406440623859
78 78 0.14987203829164067
91 91 -0.8484235786580739
92 92 0.12174697300446963
93 93 0.6380791207393189
106 106 -0.6092276384403337
107 107 -0.431681476279261
108 108 -0.7392378335408378
121 121 0.8625389757739623
122 122 1.528628985804439
123 123 1.6183065038843465
136 136 0.004311290281263621
137 137 0.2721920265178563
138 138 1.3550717880518541
151 151 -0.3992690401779182
152 152 0.026187706799366425
153 153 -0.24189078250739635
166 166 1.7411159961328495
167 167 -0.06606551285633037
168 168 -0.28412607853273336
181 181 0.86168996992611
182 182 2.778113916724366
183 183 -1.4349114501838505
196 196 0.4030664458382532
197 197 1.191437802502619
198 198 0.594709030301762
211 211 -1.1761336009208045
212 212 0.6560543111088223
213 213 -1.5179566925165957
226 226 -1.368621644130043
227 227 1.495474502172533
228 228 1.3510776825138695
241 241 -0.23425637299114457
242 242 -1.5412042258334435
243 243 0.3359770913045701
256 256 0.13450038930054273
257 257 1.0690043018369502
258 258 0.11528640769127632
271 271 -0.3736284705623211
272 272 -1.337476450294576
273 273 -0.2625742567443724
286 286 -1.8025426158487154
287 287 -0.16341106135124472
288 288 -0.05818716835491847
301 301 -1.6604967839720255
302 302 0.4534131209375269
303 303 0.7046979872383987
316 316 -0.69937102970258
317 317 -0.20705744346265637
318 318 -0.28736993042656017
331 331 0.3686851657297154
332 332 -1.0046652725099028
333 333 -0.6607607714768102
346 346 -1.3745472122694555
347 347 -0.4449911705154754
348 348 -0.4011696688718049
361 361 -0.43745842102273064
362 362 1.1051253369600054
363 363 0.6715009278788684
376 376 2.094246220112284
377 377 1.1112215296836354
378 378 0.7542708643999836
391 391 0.902864649091489
392 392 1.1842715600082936
393 393 -0.013656793540349472
406 406 0.5510031497488501
407 407 -0.3443652522009093
408 408 -0.02842248839678677
421 421 -0.3376701430975258
422 422 0.30414641798165815
423 423 0.4270532907227731
436 436 2.3035347579542518
437 437 0.7772328537733227
438 438 0.6951848532229663
451 451 2.7843162386229356
452 452 -0.5229887658067229
453 453 0.3148800184401577
466 466 1.5508382888892556
467 467 -0.318184928737244
468 468 0.7561777123330238
481 481 -0.5273199407257634
482 482 -1.6334665216497148
483 483 -1.5118498907099336
496 496 1.4639024900652928
497 497 -0.5124380076985666
498 498 0.6585673036842529
511 511 0.11326686746298356
512 512 -0.582301427618236
513 513 0.7116245446654456
526 526 -0.12110319260827096
527 527 -0.6838834854394366
528 528 0.23616988108766546
541 541 -0.5434708575124563
542 542 0.32351047330810806
543 543 -0.25852158564710104
556 556 -0.08748136812180661
557 557 -1.6496082931456488
558 558 0.8194960475721602
571 571 -0.7640856343621462
572 572 -0.9946205416653594
573 573 -0.0889454918621275
586 586 0.5211424783608939
587 587 -0.43049863880743905
588 588 0.9336465378454054
3001 3001 -0.8196068832978056
3002 3002 1.1927229057798343
3003 3003 0.45026678857398234
3016 3016 -0.0015520061983650588
3017 3017 0.8937879209356284
3018 3018 -0.41883843757295874
3031 3031 -0.4064674965277435
3032 3032 -1.0854430605523515
3033 3033 0.2937278540065325
3046 3046 -1.1946610803804962
3047 3047 0.49842691758046676
3048 3048 -0.2746269431433254
3061 3061 0.38586876747529814
3062 3062 -0.789524004144439
3063 3063 -0.010828503901195665
3076 3076 -0.15119693675671084
3077 3077 1.6449083090701822
3078 3078 0.7967348862045633
3091 3091 -0.8340625972538519
3092 3092 -0.37108673323257463
3093 3093 -0.07349438953484472
3106 3106 -0.23334262366285147
3107 3107 1.0355902512709962
3108 3108 0.4067059530476018
3121 3121 0.05883198514884285
3122 3122 1.4647591946232559
3123 3123 0.5579040096346138
3136 3136 -1.9957516991711908
3137 3137 -0.3321891201535543
3138 3138 0.9629974184086593
3151 3151 0.8357989549082724
3152 3152 -2.060683554768883
3153 3153 0.24428083384278484
3166 3166 0.10326644856412491
3167 3167 -0.25875653123248793
3168 3168 0.2516278071210413
3181 3181 -0.05307596785279281
3182 3182 -1.3428397353507164
3183 3183 0.2265796554431152
3196 3196 0.4401447856711192
3197 3197 0.821633393683191
3198 3198 0.2680505812500002
3211 3211 1.1661691002710761
3212 3212 -0.031047167826891865
3213 3213 1.7085440572642152
3226 3226 0.4642904357595394
3227 3227 -0.07123700902933043
3228 3228 -0.1781397074797542
3241 3241 0.46396143883061314
3242 3242 -0.30958432502413336
3243 3243 -0.41692473034012567
3256 3256 -0.08956097385031968
3257 3257 1.239553966685639
3258 3258 -0.3928911932265076
3271 3271 0.8551431305849575
3272 3272 3.0805175769952684
3273 3273 -0.5962625147462818
3286 3286 -0.674468979458794
3287 3287 -1.2044920501821532
3288 3288 -1.1169324766221957
3301 3301 -1.1701646218659596
3302 3302 0.8638828484313145
3303 3303 -0.2282380332821031
3316 3316 0.9854041192248079
3317 3317 0.3536860886027882
3318 3318 -0.8430910124422474
3331 3331 1.5318923646998326
3332 3332 -1.43872881311363
3333 3333 -2.9611475531803833
3346 3346 -0.13874675130736674
3347 3347 0.983385233031461
3348 3348 0.7466066224500125
3361 3361 0.10584438063415808
3362 3362 -1.1084528206018445
3363 3363 0.17527005295724596
3376 3376 -0.5760073448758064
3377 3377 -0.8604225559862857
3378 3378 -0.33085920649189243
3391 3391 0.14367121176455425
3392 3392 -0.693846735434754
3393 3393 -1.7835075862161305
3406 3406 0.8880432006902675
3407 3407 -0.44697350638109834
3408 3408 1.8400983841553826
3421 3421 -0.5236192557880155
3422 3422 1.848704304185682
3423 3423 0.5466769349943134
3436 3436 -1.0756401372004354
3437 3437 0.4577037578721623
3438 3438 -0.045135126279586726
3451 3451 1.151948689485185
3452 3452 -1.5774942204676605
3453 3453 0.3325094860005053
3466 3466 1.5442619826155164
3467 3467 1.6034719614959205
3468 3468 0.008271531207101572
3481 3481 -0.5113429272975326
3482 3482 1.0399573772491215
3483 3483 0.9703084520314078
3496 3496 -0.17865654901803033
3497 3497 1.1144559205871463
3498 3498 1.3494703836625437
3511 3511 -0.2891749384861122
3512 3512 1.963861042418286
3513 3513 2.242058047355915
3526 3526 -0.12619715578323673
3527 3527 -0.08785293351688431
3528 3528 1.183917995396445
61 62 -0.4592214920521775
61 76 0.007777378865345893
61 3121 -0.2857734693846383
61 3136 0.47855483105080643
61 3151 0.17258961737372316
61 3166 0.45241924268424577
62 63 -0.8401427094009121
62 77 -0.5063836787534376
62 3301 0.4324425617345726
62 3316 -0.3565928760117957
62 3331 0.03578982294093365
62 3346 -0.15261043549348371
63 78 0.17809159169653394
63 3481 -0.4006105593148387
63 3496 -0.027324327931342603
63 3511 0.543733374797366
63 3526 -0.3426464175179147
76 77 0.072927050058332
76 3121 -1.0
76 3136 0.43238330708989964
76 3151 -0.5002748783706403
76 3166 -0.5343549927285437
77 78 -0.4260796292976748
77 3301 0.04238117977004017
77 3316 0.5852779211981874
77 3331 0.2791966011702276
77 3346 -0.21541513487276306
78 3481 1.0
78 3496 0.5860759691256479
78 3511 0.05817224596251917
78 3526 -0.2870197935521264
91 92 0.4007969711204827
91 106 0.5418026487136383
91 3061 -0.1474954619837569
91 3076 0.38166567793673434
91 3091 -0.17646732086467898
91 3106 -0.4320975952382671
91 3121 0.4714974959536596
91 3136 -0.7364460148739211
91 3151 1.0
91 3166 -0.7914345044382786
92 93 -0.4871055547916067
92 107 -0.9214514103473015
92 3241 0.32460883887272196
92 3256 -0.336024238464362
92 3271 -0.24115208570209287
92 3286 0.4170425076040918
92 3301 -0.25002394181004195
92 3316 -0.19527373214409077
92 3331 0.16802724517667383
92 3346 -0.3941679661945657
93 108 0.5037539615561694
93 3421 -0.4729181654770413
93 3436 -0.9635537704719118
93 3451 0.2807167884650689
93 3466 0.013546759338325432
93 3481 0.023385142187687644
93 3496 0.37175267123173095
93 3511 -0.16672040437640218
93 3526 0.7148801396682067
106 107 -0.2999519588925116
106 3061 -0.08210740152945672
106 3076 0.26757207126234206
106 3091 0.5714976070131195
106 3106 -0.5533104284495795
106 3121 -0.038643811523570555
106 3136 0.046372280719521895
106 3151 -0.1330859612791422
106 3166 -0.9215742646187466
107 108 -0.1800437263888098
107 3241 0.42107818164753014
107 3256 -0.3092571601857739
107 3271 0.33001165283797573
107 3286 0.045852134554682615
107 3301 -0.013542131146756854
107 3316 -0.17793138672081243
107 3331 0.1292462256170438
107 3346 0.08696196832662378
108 3421 0.2713055018810975
108 3436 0.016899378055698685
108 3451 -0.45796928317439334
108 3466 0.17146013625392023
108 3481 -0.33577399102295785
108 3496 0.17204255254297726
108 3511 0.5199151230328799
108 3526 -0.36877489620147497
121 122 0.18715411142151292
121 136 1.0
121 3061 0.38405186647858996
121 3076 0.39618506277819066
121 3091 0.33441514261601113
121 3106 -0.11042385776851214
121 3121 0.21945385144984506
121 3136 -0.3982562713994634
122 123 -1.0
122 137 0.8004317531781336
122 3241 0.2749260294699107
122 3256 0.4729440161258166
122 3271 -0.26734978156989164
122 3286 -0.0791027142685111
122 3301 -0.1508635666650488
122 3316 0.05955266120377761
122 3151 0.19911368244083746
122 3166 0.895316623196714
123 138 0.6685193682437308
123 3421 -0.4311284957641353
123 3436 0.11320546671576857
123 3451 0.32214556836879105
123 3466 -0.40451324682877704
123 3481 -0.9462504541685967
123 3496 0.16413017492326917
123 3331 0.23739802938395704
123 3346 0.3742151565028382
136 137 -0.5687736812555461
136 3061 -0.5168213275288754
136 3076 0.06685690196603619
136 3091 0.20130391679566725
136 3106 0.5236432279305002
136 3121 -0.6713389225736011
136 3136 0.13227828729868418
137 138 -0.11582866721324886
137 3241 -0.18430051943638887
137 3256 0.40565848931876847
137 3271 -0.24722202450380884
137 3286 0.08657274787196788
137 3301 0.3077692661302596
137 3316 0.33520937951699
137 3151 0.2753898202098992
137 3166 -1.0
138 3421 -0.2317542970169986
138 3436 -0.2253658482469409
138 3451 -0.6280342800903798
138 3466 0.8486895996974644
138 3481 0.26378844690715003
138 3496 -0.9620254025326265
138 3331 0.25449252898580443
138 3346 0.1199892766971038
151 152 -0.8093675335123641
151 166 0.23385407648221052
151 3061 -0.2087536045246835
151 3076 -0.46469235746579546
151 3091 0.11405991418999922
151 3106 -0.03151983659326596
151 3121 0.7383790039404615
151 3136 0.10231538389535949
151 3001 0.10717403656437796
151 3016 0.4683716510339334
151 3031 -0.34655492161413226
151 3046 -1.0
152 153 -0.5611742115441447
152 167 -0.17600410634300068
152 3241 0.02231109058077728
152 3256 0.597026179435873
152 3271 0.7276287668047616
152 3286 0.10118973545630064
152 3301 0.5504392481446199
152 3316 1.0
152 3151 0.7256472718827498
152 3166 -0.003694918660634412
152 3181 -0.29311324826897955
152 3196 -0.6933755013454892
152 3211 0.4734210457812999
152 3226 -0.19098657840198693
153 168 -0.6735059271141072
153 3421 0.06640302947346625
153 3436 -0.8707091754118371
153 3451 -0.5351605006664036
153 3466 -0.8444431123874551
153 3481 0.42711462450180326
153 3496 -0.25527193031358675
153 3331 0.8863677587916734
153 3346 -0.7000555612189466
153 3361 -0.22241357140773327
153 3376 -0.13131881191690473
153 3391 -0.5654540959293484
153 3406 0.2808387633283384
166 167 -0.26927146322958556
166 3061 -0.6207917752951522
166 3076 -0.768761325597474
166 3091 0.9097737935871717
166 3106 0.15796179996924217
166 3121 -0.2557592161116332
166 3136 0.13464001026877997
166 3001 0.12224987444039871
166 3016 -0.3786577380200784
166 3031 0.4710721096077592
166 3046 -0.5780619297567333
167 168 0.25739849955317723
167 3241 -0.13851932006681364
167 3256 0.6595531750664512
167 3271 -0.5991722723122495
167 3286 -0.29216010653991237
167 3301 -0.004444677681740138
167 3316 -0.29074310201043735
167 3151 0.11301260211432998
167 3166 -0.5349584020834379
167 3181 0.3469330692228222
167 3196 -0.3289754279201835
167 3211 -0.29561531218700404
167 3226 -0.33050223430229325
168 3421 -0.3353997638661777
168 3436 -0.12230915425243089
168 3451 -0.42854873484475653
168 3466 0.21103983411929075
168 3481 -0.7384241718061471
168 3496 -0.4783494526779725
168 3331 -0.6809688520486414
168 3346 -0.0068548898401242404
168 3361 0.030183378926186707
168 3376 0.1366437623115718
168 3391 -0.52549484182838
168 3406 -0.0005262295938780994
181 182 1.0
181 196 0.07358348321789158
181 3061 0.41178443396337466
181 3076 -0.48467416357337795
181 3001 0.19432838944964845
181 3016 0.020330990864958924
181 3031 0.3139739675581402
181 3046 -0.612940338128078
182 183 -0.5321723187919838
182 197 -0.06262893832017156
182 3241 0.7468406200467348
182 3256 0.16760483302015655
182 3091 -0.32195253543219715
182 3106 -0.04463575853824675
182 3121 -0.02794832080762214
182 3136 0.23939296785131162
182 3151 0.8044640254809874
182 3166 -0.0376753825051656
182 3181 -0.24161229891687805
182 3196 0.5710498010184316
182 3211 -0.07448431002810292
182 3226 0.4784785352010302
183 198 0.029415186859330783
183 3421 -0.17816144387623523
183 3436 -0.3960676757754624
183 3271 0.15456295751076773
183 3286 -0.2038467121948822
183 3301 -0.6527068946153449
183 3316 0.5724764595940746
183 3331 0.611919466379697
183 3346 -0.2594947529534703
183 3361 -0.5142001288240606
183 3376 0.1457370505233467
183 3391 0.918216302480377
183 3406 0.0035985475903255407
196 197 0.468515605438776
196 3061 -1.0
196 3076 -0.06543619883653295
196 3001 0.46446935038093284
196 3016 0.12598090910190246
196 3031 -0.5526738794395746
196 3046 0.5634055159845407
197 198 0.29977608295823316
197 3241 0.011619283301970642
197 3256 0.3659769966516083
197 3091 0.8619496554385786
197 3106 -0.8712220424889303
197 3121 -0.24597426026790695
197 3136 -0.9226645195060906
197 3151 -0.3048674604062622
197 3166 0.04945183636115277
197 3181 -0.4732837464854883
197 3196 0.23076768627333138
197 3211 0.16484461130609657
197 3226 -0.290758895451706
198 3421 0.13648283919958748
198 3436 -0.6951576921249406
198 3271 0.792722291731475
198 3286 0.0703020790916778
198 3301 -0.5407203215096392
198 3316 0.8202666979020241
198 3331 0.4056987915642923
198 3346 -0.03677188259274608
198 3361 0.03685728810421006
198 3376 0.12306120544358483
198 3391 0.025665542335039235
198 3406 0.280091988293484
211 212 0.42293521359911124
211 226 -0.005558773978665708
211 3061 0.14505347780265132
211 3076 0.20778483666643752
211 3001 0.3659029785506118
211 3016 0.2534775455721058
211 3031 -0.26445318823598224
211 3046 0.9631613744600986
212 213 -0.19955456250009998
212 227 -0.2576383518242963
212 3241 -0.5699806426086979
212 3256 0.2728783996811801
212 3091 -0.09810742609056798
212 3106 0.8463911035064838
212 3122 0.38330667824110637
212 3137 -0.7110032369951997
212 3152 -0.6238129534548167
212 3167 -0.16661650410046186
212 3181 -0.2616688798171505
212 3196 0.1527811188685451
212 3211 -0.617011776799056
212 3226 0.12463092069085788
213 228 -0.19077849246935796
213 3421 0.3939938438616349
213 3436 0.5612968496110595
213 3271 0.6608247888601658
213 3286 -0.07799110131305063
213 3302 0.6175898941867696
213 3317 -0.5241253234208392
213 3332 -0.08074957009305879
213 3347 -0.3735178674820693
213 3361 1.0
213 3376 -0.11415563056544532
213 3391 0.15447121204809733
213 3406 -0.04519991726095202
226 227 0.23015466250021768
226 3061 -0.01069901922014464
226 3076 -1.0
226 3001 -0.055680969061347826
226 3016 0.04184499072103468
226 3031 0.23869420127217167
226 3046 1.0
227 228 -0.7697314887409273
227 3241 0.49570772534697494
227 3256 -0.42154236224115904
227 3091 -0.7515842312002421
227 3106 -0.3420986322729892
227 3122 -0.8865190273907532
227 3137 0.4841442144103805
227 3152 -0.3523595534647779
227 3167 0.44892319622998494
227 3181 -0.6869895199979233
227 3196 0.733098093339886
227 3211 0.19249109304885617
227 3226 0.14567659205364625
228 3421 0.3071783961370561
228 3436 -0.37677659818698694
228 3271 0.8537296620976838
228 3286 0.19362405939308092
228 3302 -0.09549734124108691
228 3317 0.22656478779890546
228 3332 -0.4362263267075167
228 3347 7.455983500792002e-05
228 3361 0.5020057017824124
228 3376 0.32084998627196293
228 3391 -0.4761544060384182
228 3406 0.690945359416501
241 242 0.5487488266070478
241 256 -0.37134367186067524
241 3061 -0.2211915035150599
241 3076 -0.3162904025275293
241 3091 -0.07526843043963187
241 3106 -0.13294148484970464
241 3122 0.769679920892425
241 3137 -0.7754844834773006
241 3152 0.05887238504091234
241 3167 0.01933567490921657
241 3181 -0.6697714714743608
241 3196 0.27111459584717734
241 3031 -0.6873092597586189
241 3046 -0.3172114911223756
242 243 0.04437609834267174
242 257 -0.09154958821601286
242 3241 1.0
242 3256 -0.4316136400903453
242 3271 -0.32912354645914915
242 3286 0.19291854753702073
242 3302 0.6078209793030231
242 3317 0.2575380693817466
242 3332 0.466612209231439
242 3347 -0.5584319633665883
242 3361 -0.08500198652071073
242 3376 -0.3743917764250358
242 3211 -0.37429395043088914
242 3226 -0.009734969336822503
243 258 0.7540379737511541
243 3421 0.5891776835936411
243 3436 0.48064683953846316
243 3451 -0.3199149998234898
243 3466 0.06570828953873409
243 3482 0.8309426238781522
243 3497 0.9460215020789805
243 3512 -0.7345938132405246
243 3527 -0.6098828573762969
243 3391 -0.10452111908875383
243 3406 -0.3707756548357873
256 257 0.5345504423650609
256 3061 0.3916291487708863
256 3076 1.0
256 3091 -0.3319922711088648
256 3106 -0.31143219225034696
256 3122 -0.45325439178833965
256 3137 -0.23576093678446275
256 3152 -0.7175356455562112
256 3167 -0.10276870709427324
256 3181 0.07433464533904932
256 3196 0.44881886027474327
256 3031 0.37530544236645963
256 3046 0.7813686403793307
257 258 -0.8360238736977266
257 3241 -0.753824918024636
257 3256 -0.03727006204256075
257 3271 -0.6981447098504332
257 3286 0.41896145920433764
257 3302 -0.13529510168166115
257 3317 -0.24157394052723374
257 3332 -0.027019035857935657
257 3347 0.9260271238215076
257 3361 0.2812164821913034
257 3376 0.5349519495020987
257 3211 0.04726522708514678
257 3226 -0.3284801965822387
258 3421 0.7193712197565972
258 3436 0.5231080530659107
258 3451 -0.36920223904165483
258 3466 1.0
258 3482 -0.4763530971714199
258 3497 -0.718120715729233
258 3512 -0.49094191468764603
258 3527 -0.08394241294538285
258 3391 1.0
258 3406 -0.13875116785691813
271 272 -1.0
271 286 0.3911590888004171
271 3062 -0.6986764877859297
271 3077 -0.19663384384406804
271 3092 0.2524560661326016
271 3107 -0.3670101815801543
271 3122 -0.4977678684738288
271 3137 -0.27602848242262906
271 3152 0.6313428345661922
271 3167 0.07428229822594724
271 3181 -1.0
271 3196 -0.7650603291379651
271 3031 0.3684475957010236
271 3046 -0.6034091233395812
272 273 -0.2884588593013424
272 287 -0.6348245576111049
272 3242 -0.22553179471866416
272 3257 -0.06002492750413663
272 3272 0.7488479079554314
272 3287 0.6831360644654304
272 3302 0.4643071031104474
272 3317 -0.583039517986398
272 3332 0.3140707110494356
272 3347 -0.05443333165943992
272 3361 0.12647039389224285
272 3376 -0.19835989269462034
272 3211 0.755707061676571
272 3226 0.141239354724796
273 288 0.42753429246997954
273 3422 -0.1819156783291222
273 3437 0.16573263160074828
273 3452 -0.10992300157645109
273 3467 0.08915988868690702
273 3482 -0.4919942379029377
273 3497 0.21288275182617242
273 3512 -0.038826514356238746
273 3527 0.03201096045079024
273 3391 -0.2538229109856028
273 3406 0.23248579715032205
286 287 -0.004765988071785142
286 3062 -0.12263360038968567
286 3077 -0.2405357706823828
286 3092 0.6553330657653668
286 3107 0.48917052773062597
286 3122 -0.0830426779021393
286 3137 -0.2142756813262759
286 3152 0.15413574481519957
286 3167 -0.32958703416538504
286 3181 0.2564774777930315
286 3196 0.452956512793739
286 3031 -0.48206134825161534
286 3046 -0.7884790845668492
287 288 0.6773793047534383
287 3242 0.6421056019939857
287 3257 0.18795481097264147
287 3272 -0.15429481918493737
287 3287 -0.47880980482841673
287 3302 -0.6395068342933711
287 3317 0.7821708878650924
287 3332 -0.6927342113920865
287 3347 0.44633658793769204
287 3361 0.3118038773275757
287 3376 -0.33065191218455703
287 3211 0.6940871819960851
287 3226 -0.042904150742587195
288 3422 -0.5431723072079797
288 3437 -0.3352065297843754
288 3452 0.2259407256681745
288 3467 0.8861223631046374
288 3482 0.4323000920600178
288 3497 -0.03653823968505565
288 3512 -0.05157542487276102
288 3527 0.09370974606180645
288 3391 0.10036573134824803
288 3406 0.6263595887812812
301 302 0.43275956235885826
301 316 0.6185951582531223
301 3062 0.6718569804182597
301 3077 -0.20701974728464406
301 3092 -0.6856205950442898
301 3107 0.589637609854243
301 3122 0.18173894326564857
301 3137 -1.0
301 3001 -0.1933006317908137
301 3016 -0.560914900949962
301 3031 -0.12985877821477215
301 3046 -0.2819384843265985
302 303 -0.48136898609203543
302 317 0.7060878971927518
302 3242 -0.5919901324785999
302 3257 0.42935697527889255
302 3272 0.1698402186472988
302 3287 -0.2093867875332121
302 3302 0.9190121736480525
302 3317 0.44796226671186323
302 3152 0.5803548945920088
302 3167 -0.11259744120810576
302 3181 -0.1683204024180343
302 3196 -0.7347040056555141
302 3211 0.3435066619600767
302 3226 -0.5991987198725848
303 318 0.2627053601099471
303 3422 -0.24048849164452488
303 3437 1.0
303 3452 -0.06173913704020099
303 3467 -0.5124936222547357
303 3482 -0.18858371578095068
303 3497 0.22795412785296215
303 3332 -0.15601943687494702
303 3347 0.16045359931917252
303 3361 0.2086567987328486
303 3376 0.4981049818933915
303 3391 0.8209463656597917
303 3406 -0.44559140666272956
316 317 1.0
316 3062 -0.5329454993233302
316 3077 -0.31988992921361614
316 3092 0.358903954574582
316 3107 0.4058051760163776
316 3122 -0.9299626343525478
316 3137 0.30445065762320145
316 3001 0.34304363790551146
316 3016 0.47527572542759056
316 3031 -0.27399140819303086
316 3046 0.8522159289414917
317 318 0.2482568880291667
317 3242 -0.022011857569227633
317 3257 0.526563716611914
317 3272 0.23328815905699202
317 3287 0.027439760447759875
317 3302 0.12241333525508616
317 3317 0.1743822693185993
317 3152 0.19385788926522807
317 3167 -0.5611956795771426
317 3181 -0.2408118756865074
317 3196 0.5250799086822073
317 3211 -0.4161221141599442
317 3226 -0.06524477075195781
318 3422 0.23922917512408245
318 3437 0.3468178008241496
318 3452 -0.21288957032760997
318 3467 0.5431325131748852
318 3482 -0.06190715931518006
318 3497 0.3165549463498322
318 3332 0.43815747888949985
318 3347 0.997010449763117
318 3361 -0.16804616934650993
318 3376 -0.17220551945113113
318 3391 0.32061065575223474
318 3406 -0.20740293328502024
331 332 0.035868364201778816
331 346 0.2521477373159283
331 3062 -0.9219624580828348
331 3077 0.1373349521432122
331 3092 0.25058164891705037
331 3107 0.6113728419940831
331 3122 0.9036392312148827
331 3137 0.5570729118269864
331 3002 -0.02121916772567465
331 3017 -0.20431369103238697
331 3032 -0.4001176685319547
331 3047 0.48053337376465527
332 333 -0.2738538790004466
332 347 0.9021912661436766
332 3242 -0.42378199510788156
332 3257 -0.47732767123488307
332 3272 -0.7473005310006321
332 3287 -0.4519301136786575
332 3302 -0.2318920718148637
332 3317 -0.6431166900141609
332 3152 -0.5001292148608072
332 3167 -0.4060981062699514
332 3182 0.052985313115322216
332 3197 0.25122415679365817
332 3212 -0.4776634087755378
332 3227 0.3503675731737423
333 348 0.496981828422471
333 3422 -0.27005315602888996
333 3437 -0.13031817127462986
333 3452 0.5240817954114905
333 3467 -0.6242890413391698
333 3482 -0.4982989235478468
333 3497 0.5515861269889291
333 3332 -0.3995111954451988
333 3347 1.0
333 3362 -0.2142797009203521
333 3377 -0.5571567882483358
333 3392 -0.7239215383947349
333 3407 0.2666879078202399
346 347 0.4731467626000166
346 3062 -0.09896037075117582
346 3077 1.0
346 3092 0.9134659469886689
346 3107 0.008576228561029669
346 3122 0.07794970228228118
346 3137 0.07444033535578488
346 3002 -0.06774084418215844
346 3017 -0.20967716938974731
346 3032 1.0
346 3047 -0.1457023178119872
347 348 -0.05315976193399857
347 3242 0.8647639194959229
347 3257 -0.1773169181540089
347 3272 0.10429926118394635
347 3287 0.879668831508349
347 3302 -0.16648099359749496
347 3317 -0.08041694087323883
347 3152 -0.48344381765522604
347 3167 0.08592155002042523
347 3182 0.43214249216825923
347 3197 -0.03536633605681311
347 3212 -0.4332240340073543
347 3227 -1.0
348 3422 -0.6193291850252066
348 3437 0.5513661017683752
348 3452 -0.097460346050908
348 3467 0.675340096490134
348 3482 -0.5504772645528309
348 3497 0.19899829705739105
348 3332 -0.3195113789439468
348 3347 0.24601393675846692
348 3362 -0.11185561027998306
348 3377 0.5458504477217224
348 3392 0.5952940411206736
348 3407 0.17686003773061842
361 362 0.14227840512488363
361 376 -0.3109518421253696
361 3062 0.13242078526782347
361 3077 0.5991821795720574
361 3002 0.030011374219556686
361 3017 0.1317364654030175
361 3032 0.03918454879348237
361 3047 -0.4829974569097212
362 363 -0.29306655375602486
362 377 -0.9248163515071787
362 3242 0.2181789872085008
362 3257 -0.4010275941751704
362 3092 0.9388303821726129
362 3107 -0.08037690663333225
362 3122 1.0
362 3137 0.8713845117160107
362 3152 -0.47637281608363125
362 3167 0.16565000136325198
362 3182 -0.6951322611375595
362 3197 0.059154216865530976
362 3212 -0.8002401472045352
362 3227 -1.0
363 378 -0.18986339374086936
363 3422 -0.0463647248561323
363 3437 0.1625797362481418
363 3272 -0.22859170138836718
363 3287 -1.0
363 3302 -0.7539161764539886
363 3317 -0.46394416905636093
363 3332 0.185547064955104
363 3347 0.5497353098132597
363 3362 0.15335169397773724
363 3377 0.5188774595819107
363 3392 -0.7097746859979519
363 3407 -0.09367852716959814
376 377 0.4589828644626431
376 3062 0.3729983943944563
376 3077 0.00946131689502475
376 3002 -0.28181170532192884
376 3017 0.5270420346514016
376 3032 0.6222076667856885
376 3047 -0.680172284735738
377 378 0.3513811460285353
377 3242 -0.1690487788646019
377 3257 -0.37488278149139015
377 3092 -0.013494204791338914
377 3107 0.4846825083413842
377 3122 -1.0
377 3137 -0.05708040167839076
377 3152 0.4548984330369265
377 3167 0.6149895148611155
377 3182 -0.42057029770042054
377 3197 0.5851425519467168
377 3212 -0.46471863525867335
377 3227 -0.46646624072620263
378 3422 -0.6022946617030803
378 3437 0.46768021171119456
378 3272 -0.04683323080815309
378 3287 0.09526310844216071
378 3302 0.06725513270885332
378 3317 0.10542844615980666
378 3332 0.9180766292620127
378 3347 -0.7773511964847646
378 3362 -0.45510905991157774
378 3377 -0.14212536958896424
378 3392 0.38477221410198487
378 3407 -0.6427799616124894
391 392 0.8365240327677881
391 406 -0.13885928016277577
391 3062 -0.2188470611391249
391 3077 0.314097140633846
391 3002 0.2894079778047069
391 3017 -0.45695611615208337
391 3032 0.22992819131475759
391 3047 0.08117291823656107
392 393 0.5877181284872424
392 407 0.04895669822076647
392 3242 -0.15842301165813458
392 3257 0.6801091624625429
392 3092 -0.1810131187819554
392 3107 -0.45465524553709985
392 3123 0.25328786922912006
392 3138 0.6998420969095116
392 3153 -0.15613305523933882
392 3168 0.48201024388183156
392 3182 -0.4685545155622824
392 3197 0.306777224687071
392 3212 0.192924326646583
392 3227 0.09862563299445519
393 408 0.07140561160467297
393 3422 0.7288732757412062
393 3437 1.0
393 3272 -0.5067071063114957
393 3287 0.22071287789345015
393 3303 0.40418284894620427
393 3318 0.21535631436476455
393 3333 0.3116062705255868
393 3348 -0.1767202211388394
393 3362 -0.11882055138248844
393 3377 0.07759853869222345
393 3392 0.5789378035633066
393 3407 -0.48048983587780175
406 407 0.07719205122540627
406 3062 -0.08036619802850344
406 3077 -0.21317122582324524
406 3002 -0.08114278614642317
406 3017 -0.11835821287973688
406 3032 -0.8999549535854168
406 3047 -0.6705941046859665
407 408 0.10377156357779443
407 3242 0.4209971946588755
407 3257 -0.45869848145147085
407 3092 -1.0
407 3107 -0.1626776941246104
407 3123 -1.0
407 3138 0.4367212663130152
407 3153 0.15337783515624834
407 3168 -0.4357147057706297
407 3182 0.07534584820686598
407 3197 0.37142369360751104
407 3212 0.5188425093801241
407 3227 0.8742913053225235
408 3422 0.2480138234944114
408 3437 1.0
408 3272 -0.2771789646402132
408 3287 -0.15623161496917073
408 3303 -1.0
408 3318 0.1756474452174011
408 3333 0.28401013108106643
408 3348 -1.0
408 3362 -0.11417493135361523
408 3377 -0.40621865353339304
408 3392 -0.01872965853425017
408 3407 -0.18264493629994288
421 422 0.17773268122044766
421 436 0.12409807502719758
421 3062 0.389042105807298
421 3077 0.4882245275643916
421 3092 1.0
421 3107 -0.6964189598658279
421 3123 0.06365162531421627
421 3138 0.3461243320579931
421 3153 0.43732810075936007
421 3168 -0.002884240065989907
421 3182 -0.08074503927875692
421 3197 0.30648332700219433
421 3032 -0.5391846061102445
421 3047 0.1398017320803074
422 423 -0.03724320014836508
422 437 -0.18752176603534626
422 3242 1.0
422 3257 -0.061149695266810127
422 3272 -0.3920693577048246
422 3287 0.56594833323481
422 3303 -0.029833711322663048
422 3318 0.6925672603693954
422 3333 0.09395893778903124
422 3348 0.6880808533684768
422 3362 -0.151296024556142
422 3377 -0.28792506032059456
422 3212 -0.2830287215333641
422 3227 -1.0
423 438 0.291558949276397
423 3422 -0.26974511031938164
423 3437 -0.011751882957384278
423 3452 0.22823822877036568
423 3467 1.0
423 3483 0.4287991221652801
423 3498 -0.08565139022542162
423 3513 0.582074848119663
423 3528 0.08883117757794362
423 3392 -0.5145131691152093
423 3407 0.7044102654354545
436 437 -0.28337118899091757
436 3062 0.4537532579023793
436 3077 0.759450653093324
436 3092 0.13510034809636756
436 3107 0.6276797103861058
436 3123 -0.3192175218503697
436 3138 0.32412790071136305
436 3153 0.43689670913631246
436 3168 -0.35678326006924155
436 3182 0.01387567270408884
436 3197 -0.5582511893362699
436 3032 0.031810760810071836
436 3047 -0.08713251448073599
437 438 -0.15864525301861856
437 3242 0.4831268226327711
437 3257 0.24799437553721984
437 3272 0.5161287660671086
437 3287 -0.3041258393650148
437 3303 0.9429577577268536
437 3318 -0.5009000034240141
437 3333 -0.36906985042834956
437 3348 -0.009979067595286805
437 3362 -0.7420740005402244
437 3377 0.09335236019841744
437 3212 -0.3582165634904099
437 3227 0.39729046454459227
438 3422 0.2138905112019167
438 3437 -0.3444626119397354
438 3452 0.06273549937387465
438 3467 -0.8016556099521823
438 3483 -0.23821043696000802
438 3498 -0.30396764113047814
438 3513 0.44385132283344314
438 3528 -0.03802318626923023
438 3392 0.1830888040242352
438 3407 0.23363641021812445
451 452 -0.49788016048157824
451 466 0.3053594555817333
451 3063 -0.2537434980245333
451 3078 -0.29667831650866866
451 3093 -0.7981585001717876
451 3108 -0.27198588055594586
451 3123 -0.658373437830198
451 3138 0.21634046672894555
451 3153 0.66300788484626
451 3168 0.47010368486936915
451 3182 -0.3843812370595043
451 3197 -0.3988885712839545
451 3032 -0.5103397338592917
451 3047 -0.0012129814339547045
452 453 -0.6549357069958609
452 467 -0.7228101763232229
452 3243 0.5563648275162151
452 3258 -0.10527430227372721
452 3273 0.5204863347863828
452 3288 -0.08232750967326129
452 3303 -1.0
452 3318 -0.6934076103786903
452 3333 0.3463575769904608
452 3348 0.15827871488972872
452 3362 0.45667951915097843
452 3377 -0.6561891739947255
452 3212 -0.055437446152685275
452 3227 -0.38740228151193684
453 468 0.1769583901382626
453 3423 -0.6228937186117987
453 3438 0.2544156590132134
453 3453 0.2396195233787194
453 3468 -0.007309374652285436
453 3483 -0.5117442145966737
453 3498 -0.871187538823803
453 3513 0.2563380283008269
453 3528 -0.08802756395316125
453 3392 -0.5294335441323605
453 3407 0.3303259402931938
466 467 0.7924865279708926
466 3063 -0.44612245757701763
466 3078 -0.45757315943631
466 3093 -0.614247095493224
466 3108 -0.04804054523899449
466 3123 -0.1757389726911696
466 3138 0.46833197014992595
466 3153 -0.23485493695903023
466 3168 -0.07463694102323501
466 3182 -0.4738669486019916
466 3197 -0.32354416238862843
466 3032 0.4736268701389715
466 3047 -0.7037191068440368
467 468 0.3268981116254328
467 3243 0.23966574036091753
467 3258 0.1438943908339636
467 3273 0.4979706823288846
467 3288 0.7807251289661078
467 3303 0.22998479208808942
467 3318 -0.14021721974638646
467 3333 -0.06539854383926882
467 3348 0.0914528461162829
467 3362 -0.9807561990995795
467 3377 0.10698203029313186
467 3212 -0.38399884239380894
467 3227 0.7361338716409874
468 3423 -0.19168722788761758
468 3438 -0.6398905762547858
468 3453 -0.7236491522441225
468 3468 0.6002649798133283
468 3483 0.29559030762741023
468 3498 0.5514120453974405
468 3513 -0.11180477788720003
468 3528 -0.2350823520695076
468 3392 0.505965861592355
468 3407 0.14603352562742544
481 482 0.025887727403310717
481 496 -0.2127178154423457
481 3063 -0.2539709867747511
481 3078 -0.5575931781413335
481 3093 0.265794404699491
481 3108 0.7627808520137073
481 3123 -0.07234551538698622
481 3138 0.332936043173933
481 3002 -0.13766638765675585
481 3017 -0.3525926457868097
481 3032 0.6387384772891982
481 3047 0.22421667833627815
482 483 0.09105786872112481
482 497 0.5309991048464652
482 3243 0.8865144620103048
482 3258 0.3935480963885733
482 3273 -0.17919666576438675
482 3288 -0.05496829717032204
482 3303 0.43063367306112976
482 3318 -0.766047309026948
482 3153 -0.0858765172379216
482 3168 0.019256899802553448
482 3182 -0.5510562488552521
482 3197 0.238357660266666
482 3212 0.211506769971339
482 3227 0.8782040230586061
483 498 0.5093628721855878
483 3423 0.8521453557045817
483 3438 0.3757125625836166
483 3453 -0.08177186406810505
483 3468 0.05824878947139167
483 3483 -0.586158660430758
483 3498 -0.15103970482242995
483 3333 0.1082718880556776
483 3348 -0.9648857566569131
483 3362 0.49785829620125055
483 3377 -0.5680712314265888
483 3392 0.323122557909396
483 3407 -0.7522095926783108
496 497 0.021021415999639675
496 3063 0.1137287515530475
496 3078 0.5801190566394592
496 3093 0.173954851233708
496 3108 0.5703222676304
496 3123 -0.1335184858536992
496 3138 0.15722569425882843
496 3002 0.6346659277639722
496 3017 0.5447271491928269
496 3032 0.1939808204781008
496 3047 0.35868025946866366
497 498 -0.10409034499136514
497 3243 -0.7160358215542189
497 3258 -0.31322479300763906
497 3273 0.7897812805897917
497 3288 -0.28464435500021323
497 3303 -0.28419937637361065
497 3318 -0.2649650331555604
497 3153 0.11332314182672708
497 3168 -0.5925016760974015
497 3182 0.07032049777898895
497 3197 0.3137359008546364
497 3212 0.3793142025337817
497 3227 0.04756830339705137
498 3423 -0.5962602339294543
498 3438 -0.36830279319259385
498 3453 -0.8725742666429404
498 3468 0.6103067646068913
498 3483 0.5448547207863375
498 3498 0.3514757630058588
498 3333 0.15266942522294571
498 3348 -0.44695765066280263
498 3362 -0.07011551850229633
498 3377 0.08524072583350752
498 3392 -0.8260576637006896
498 3407 0.8152830403468773
511 512 0.08083064796263592
511 526 -0.20473903485827322
511 3063 0.7836890834184802
511 3078 -0.21524081924902141
511 3093 0.4016305299471593
511 3108 -0.018777708167625844
511 3123 0.002488469046806482
511 3138 -0.19650388526633905
511 3003 -0.7864539218172131
511 3018 -0.2966077470805757
511 3033 0.34590010831107715
511 3048 -0.02720650129105586
512 513 -0.3351074980299921
512 527 0.5723938853948054
512 3243 0.20064776215764782
512 3258 -0.1347533946692502
512 3273 -0.8729793152775646
512 3288 -0.6004840459967804
512 3303 0.7665604236847544
512 3318 -0.6306359634135656
512 3153 -0.1337531889616318
512 3168 0.8871608560366261
512 3183 0.03398531004272375
512 3198 -0.3809061574477359
512 3213 -0.1392736530140143
512 3228 0.3521642676617934
513 528 0.3086326759264527
513 3423 -0.2679802180583872
513 3438 -0.6946777428005945
513 3453 -0.4840294766418877
513 3468 -0.13326251701763442
513 3483 0.8617741076821017
513 3498 -0.7116131183677593
513 3333 0.2085427494175259
513 3348 -0.2001546452537037
513 3363 -0.9619842269577826
513 3378 -0.2575421035698425
513 3393 0.2322640625050262
513 3408 0.10920069222871412
526 527 -0.5176773807853642
526 3063 -0.3545785347868187
526 3078 0.08402594287231356
526 3093 -0.5036902730605534
526 3108 -0.6587825095231552
526 3123 0.7342888156239719
526 3138 0.14709072435579765
526 3003 0.7011917998589108
526 3018 -0.4271202335780322
526 3033 -0.34594137124092655
526 3048 -0.1906883791425655
527 528 -0.7043568342028192
527 3243 0.2023909590597648
527 3258 -0.18265264045237234
527 3273 0.23021249937417715
527 3288 0.5373797293288329
527 3303 0.17967617352223564
527 3318 -0.3073631315739072
527 3153 -0.07282504438902855
527 3168 -0.7209965259676034
527 3183 -0.00048413151591121366
527 3198 -0.4861292468914363
527 3213 0.08626725195944526
527 3228 0.2054448373733924
528 3423 -0.5677585473375034
528 3438 1.0
528 3453 -0.8050650273625982
528 3468 0.26839159477674673
528 3483 0.1668460232908713
528 3498 -0.24099255998205985
528 3333 0.5131081504394248
528 3348 0.019015129607783083
528 3363 -0.051399116835165445
528 3378 -0.14618718140703332
528 3393 -0.10386780048878991
528 3408 -0.48264106561516584
541 542 -0.36935129316570997
541 556 0.22868297699720475
541 3063 0.26791000175799445
541 3078 -0.8611569257192291
541 3003 -0.9678443034725517
541 3018 0.21346620957488713
541 3033 -0.1925900457310438
541 3048 -0.44485425047256366
542 543 0.520860458436381
542 557 -0.5912265665292795
542 3243 -0.048535957401797614
542 3258 0.550666967066745
542 3093 -0.8825693638267971
542 3108 -0.09264349809093729
542 3123 -0.13392461666993244
542 3138 0.10330910477796747
542 3153 0.5260706728143545
542 3168 -1.0
542 3183 -0.0437153321893903
542 3198 0.17939571240148083
542 3213 0.6711988876059152
542 3228 -0.37571023817124927
543 558 -0.13060710326623307
543 3423 0.4892736895066619
543 3438 0.36570237594693217
543 3273 0.3525924594541496
543 3288 -0.21698085162406774
543 3303 -0.6179080703457559
543 3318 0.7097444756811495
543 3333 0.6043124251066176
543 3348 0.40468516072294686
543 3363 0.21356623649522763
543 3378 -0.24308275695437312
543 3393 0.2598300578291136
543 3408 0.048607225401517996
556 557 0.41221620723199787
556 3063 0.5465237982422739
556 3078 -0.21742113228742976
556 3003 -0.5884927548443145
556 3018 -0.20982467103123778
556 3033 0.3774028770694225
556 3048 -0.2207411155860825
557 558 -0.014112895729441024
557 3243 0.7393288058578017
557 3258 0.1429308411045028
557 3093 0.07497835003597181
557 3108 0.2148837650672766
557 3123 -1.0
557 3138 0.2793908880510867
557 3153 0.8077001915125409
557 3168 -0.30524671841065587
557 3183 0.21269098929269628
557 3198 0.5390881992758983
557 3213 -0.17116651077599618
557 3228 -0.7302929943930708
558 3423 -0.7517066929567116
558 3438 -0.23804603603316837
558 3273 -0.36306963002423587
558 3288 -0.31368427376943575
558 3303 -0.4683572606924203
558 3318 -0.39292304821485025
558 3333 -0.5020404497560483
558 3348 0.8889651290881662
558 3363 -0.3997859850931858
558 3378 0.13599904924123501
558 3393 -0.9950119008718241
558 3408 0.21171122642874535
571 572 -0.617976663346785
571 586 -0.37376146860792553
571 3063 0.8293336953017326
571 3078 0.40767869842304294
571 3003 -0.46486605131065695
571 3018 -0.20010477850635278
571 3033 -0.21755747847245913
571 3048 -0.03296074421990641
572 573 0.3333843982640906
572 587 0.642437216673969
572 3243 -0.32226571431231993
572 3258 -0.888352777467378
572 3093 -0.12917389678106708
572 3108 -0.4336974438998077
572 3183 -0.7203934754690621
572 3198 0.17214764391322745
572 3213 0.30264956609288135
572 3228 -0.5717579962004254
573 588 -0.48833805099290556
573 3423 0.060035121385227465
573 3438 0.46686491620635995
573 3273 0.015585283537343208
573 3288 -0.7765869861132125
573 3363 0.04680410711746916
573 3378 -0.6106801217379649
573 3393 0.3801971928964806
573 3408 -0.37290654048295263
586 587 0.1966036019234599
586 3063 -0.7303473381411814
586 3078 -0.3854727879545449
586 3003 0.36279208055396517
586 3018 0.07237699536017925
586 3033 -0.5577117972323419
586 3048 0.24763279214997264
587 588 0.38609516645533454
587 3243 -0.5832984161760594
587 3258 0.1341797958440684
587 3093 0.546527761089265
587 3108 -0.7911548357975463
587 3183 -0.136845201454281
587 3198 0.28201303668609806
587 3213 -0.8021064029400345
587 3228 0.2952698957624881
588 3423 0.37632024545049286
588 3438 0.854786814318008
588 3273 0.16070538827650224
588 3288 -0.24634146058214357
588 3363 0.6831857373540723
588 3378 -0.31164542586862165
588 3393 -0.28286747173798105
588 3408 -0.08363547557659473
3001 3002 0.30876724226497604
3001 3016 -0.026170824376084926
3002 3003 0.4672706264133563
3002 3017 0.1470612187585053
3003 3018 0.2587867220859022
3016 3017 -0.678016616037475
3017 3018 -0.030007169030028653
3031 3032 -0.3496993119278158
3031 3046 0.9615168253300659
3032 3033 -0.3616538431603192
3032 3047 -0.22144177659069877
3033 3048 -0.21159080942315892
3046 3047 0.5957658830230566
3047 3048 -0.2341549458454602
3061 3062 -0.3230750552081311
3061 3076 0.241581021395063
3062 3063 0.6963572270394872
3062 3077 -0.5170257314339973
3063 3078 -0.7705581090218706
3076 3077 0.1212126317889498
3077 3078 0.45970826696518213
3091 3092 -0.8540222348006872
3091 3106 -0.20614844341009927
3092 3093 -0.3950698553619469
3092 3107 0.33764720774700546
3093 3108 0.05893383325527191
3106 3107 -0.3807574353287122
3107 3108 -0.276303055737591
3121 3122 -0.12207474155533601
3121 3136 0.06877441298753108
3122 3123 0.12331831932543708
3122 3137 -0.6266097486857265
3123 3138 0.1183177686330061
3136 3137 0.09611772492462406
3137 3138 -0.361360507016124
3151 3152 0.4121612116712776
3151 3166 0.432390196853007
3152 3153 -0.15359402650428947
3152 3167 0.26769150159130495
3153 3168 0.22621922837449596
3166 3167 -0.49234371823224693
3167 3168 -0.22810686647075548
3181 3182 -0.45026544576118094
3181 3196 0.4940773400912931
3182 3183 0.3679157507616723
3182 3197 -0.41006375674220247
3183 3198 -0.5377641064566839
3196 3197 -0.16243842266131647
3197 3198 -1.0
3211 3212 0.01759520593581787
3211 3226 0.6755559900496602
3212 3213 0.0731129139931126
3212 3227 -0.10172231923202506
3213 3228 -0.13010876752225922
3226 3227 -0.005949669278492828
3227 3228 -0.3936145790959817
3241 3242 -0.4475400129049942
3241 3256 0.8589925376620938
3242 3243 -0.20046573289139907
3242 3257 -0.16621532668370986
3243 3258 0.07945072363885582
3256 3257 -0.011476569433820253
3257 3258 -0.1805591420533375
3271 3272 -0.6873741554922091
3271 3286 0.7316610835122399
3272 3273 -0.22909956846862217
3272 3287 0.1364517831721168
3273 3288 -0.09254489649286526
3286 3287 0.4662668579091092
3287 3288 0.8835353859551358
3301 3302 -1.0
3301 3316 -1.0
3302 3303 -0.32553155635185704
3302 3317 -0.6683327346553042
3303 3318 0.32755945647052626
3316 3317 -0.952707826542083
3317 3318 -0.11090937651518125
3331 3332 0.16778174632644996
3331 3346 0.0980661147297293
3332 3333 -0.356976934895392
3332 3347 0.6177731720204086
3333 3348 -0.1702941776747782
3346 3347 0.3014933810813321
3347 3348 0.19784667296770006
3361 3362 0.010507409168100081
3361 3376 -0.4972776549759549
3362 3363 0.3705838317679074
3362 3377 -0.21718921509422698
3363 3378 0.2345036545415167
3376 3377 -0.1457337569918719
3377 3378 0.006821602540304477
3391 3392 -0.17715762949210725
3391 3406 -0.7910975420535151
3392 3393 -0.9112858364689695
3392 3407 -0.3252062222718331
3393 3408 -1.0
3406 3407 0.5430942412206156
3407 3408 0.36280192276809375
3421 3422 -0.4210679748550238
3421 3436 -0.3951281393181706
3422 3423 0.29729930517649766
3422 3437 0.13546557478938923
3423 3438 -0.7187040655265875
3436 3437 0.5526533541258973
3437 3438 1.0
3451 3452 -0.7158068810088992
3451 3466 0.25236809209446925
3452 3453 -0.5382769208148513
3452 3467 -0.30245782802241333
3453 3468 -1.0
3466 3467 -0.22737449963656578
3467 3468 0.05017037817775359
3481 3482 -0.08931556466538611
3481 3496 -0.23681096935152193
3482 3483 -0.18771374722627826
3482 3497 0.1515474339354712
3483 3498 0.3872694010594368
3496 3497 -0.23640862460077977
3497 3498 -0.5622189215088756
3511 3512 -0.018307939285609375
3511 3526 0.03123931693727434
3512 3513 -0.30697903441122243
3512 3527 0.25370387161889363
3513 3528 0.8198919660337546
3526 3527 0.009786356409001324
3527 3528 0.1743105499755634
