# 
603 603 0.033160089277755704
604 604 0.6246047930611608
605 605 -0.35203171105125663
618 618 0.21884878756345844
619 619 0.20155651446815537
620 620 0.9054002883324331
633 633 1.2349649628186894
634 634 -0.10683037611706532
635 635 -0.3391146898095485
648 648 2.4925689786649783
649 649 0.37260090440725174
650 650 -0.8700076652433504
663 663 0.30273983612931277
664 664 0.3264720906839022
665 665 -0.3878073307653746
678 678 -0.4913696493710638
679 679 0.15953093130614396
680 680 -0.33452173660375356
693 693 -1.5384806863819003
694 694 -1.3949937889003756
695 695 1.58015350999346
708 708 -1.0581826203516975
709 709 -1.2287350391041745
710 710 -0.44541079127369415
723 723 0.5840458657206287
724 724 1.628863395041708
725 725 0.7607706987437823
738 738 1.158997681870856
739 739 1.6704491801130958
740 740 0.506307845003805
753 753 1.1943154859714473
754 754 -0.1976376078328783
755 755 0.6028952180959595
768 768 -0.834345435278994
769 769 -0.45104546644798726
770 770 0.7955332723373139
783 783 0.8249830715104792
784 784 -0.09902641460137881
785 785 1.546279248451781
798 798 -0.02084081820308055
799 799 -0.9550885404104782
800 800 0.6508642316028785
813 813 0.49352805069060063
814 814 -0.5552176851057775
815 815 -1.0309610652420238
828 828 -0.8511426872108985
829 829 0.5267864293652982
830 830 -0.8034662285169839
843 843 1.3310853310354835
844 844 1.8994121819180398
845 845 0.3251974727389911
858 858 0.3876831371545643
859 859 -0.5990800301940503
860 860 -1.5958704495018852
873 873 -0.5851713786460478
874 874 -1.6073778544902253
875 875 -1.0649070787016663
888 888 -1.6881696050906625
889 889 1.5982341324504579
890 890 -0.3924560378332297
903 903 -0.9998247785032948
904 904 -0.461201401992188
905 905 -0.6582307633876505
918 918 1.8709652706752464
919 919 -1.0370272970388155
920 920 0.7766748072073346
933 933 0.7397784177339916
934 934 -1.2155341653937544
935 935 -0.23711605593395202
948 948 1.475973003693489
949 949 1.2511543638199087
950 950 -1.9248116401289825
963 963 0.1905714026827007
964 964 -0.49267330866079884
965 965 0.8815370316972898
978 978 -1.174327563060464
979 979 -1.466931987741652
980 980 0.7881242787460054
993 993 0.08137885661223702
994 994 -0.8372051321046752
995 995 0.30215834236671485
1008 1008 -0.8756832480664
1009 1009 -0.38672455107737863
1010 1010 1.6205455168896046
1023 1023 0.7506386975354884
1024 1024 1.7922318372439865
1025 1025 -1.148820738987482
1038 1038 -0.27608634221779565
1039 1039 2.3967642559605356
1040 1040 -0.5751356915501508
1053 1053 1.8841336881694197
1054 1054 -0.38111995757582373
1055 1055 0.5912262873033741
1068 1068 -0.8177901393537496
1069 1069 0.24835105875587504
1070 1070 0.35216583705592974
1083 1083 0.5047370790907212
1084 1084 0.30318003870864285
1085 1085 0.016247224971372425
1098 1098 0.4779847171911374
1099 1099 0.5840808266816266
1100 1100 -0.6543654856775252
1113 1113 2.442534103619502
1114 1114 -0.4836475847557197
1115 1115 0.3174947096441055
1128 1128 0.09103722070451083
1129 1129 -0.631556742920488
1130 1130 0.6035230081705577
3364 3364 0.22459421195809057
3365 3365 -0.5451347063692779
3366 3366 1.6584821786714445
3379 3379 -1.9688247778586125
3380 3380 -0.10028203422769649
3381 3381 -0.05967170757041485
3394 3394 0.5225241585194157
3395 3395 1.4602650103957708
3396 3396 0.7519705326774395
3409 3409 -1.2215856185757628
3410 3410 -2.1565882280258273
3411 3411 -0.6732601386149532
3424 3424 1.67812066995249
3425 3425 0.5774631890198297
3426 3426 -0.8809918181094551
3439 3439 1.8016390970156193
3440 3440 1.0055725187955131
3441 3441 1.1059308609981844
3454 3454 0.7151290059568681
3455 3455 1.605077341200099
3456 3456 -2.0358566569087158
3469 3469 -0.7530346935046565
3470 3470 -0.9979220713646293
3471 3471 -0.9727627101414626
3484 3484 -0.7155736561679977
3485 3485 0.028875326342042262
3486 3486 -0.2786767483630518
3499 3499 -0.16608373037276636
3500 3500 0.15743459367307275
3501 3501 0.9344281329722307
3514 3514 -0.39999221771314586
3515 3515 1.0224129744961625
3516 3516 0.03275171873523893
3529 3529 -0.00859213829709334
3530 3530 -0.05157732448366206
3531 3531 -1.8908784955663596
3544 3544 1.2293326062588716
3545 3545 -0.03657562847140679
3546 3546 0.6022618638827716
3559 3559 0.5566132443801959
3560 3560 -1.0191056637172693
3561 3561 1.748643128756643
3574 3574 -0.2859645529013959
3575 3575 0.020611525273646666
3576 3576 -0.1850278305082834
3589 3589 1.5427074806584753
3590 3590 -0.29956442670628425
3591 3591 0.9697110514193407
3604 3604 -0.6760791207561173
3605 3605 -1.0852450684685613
3606 3606 0.11788173436645691
3619 3619 0.04471825546955694
3620 3620 0.44636765330621936
3621 3621 0.28373963732771657
3634 3634 0.6521760105004308
3635 3635 -1.4896438999537407
3636 3636 0.23793638940838335
3649 3649 -0.09489928713137563
3650 3650 0.781438181535803
3651 3651 1.062898948592376
3664 3664 1.0083397811278845
3665 3665 0.5576396061011273
3666 3666 0.45824641062663773
3679 3679 1.0902212081331444
3680 3680 1.0455712500623948
3681 3681 -0.817163445818
3694 3694 1.263106572743718
3695 3695 0.007823548597992514
3696 3696 2.9065629603285665
3709 3709 -0.9475411245826607
3710 3710 -0.7982456324038723
3711 3711 1.250778304966578
3724 3724 0.5069401098642868
3725 3725 1.256588422760444
3726 3726 0.04293906595472895
3739 3739 -0.13959777347263522
3740 3740 -0.27404717861652433
3741 3741 -0.21613718506934426
3754 3754 0.28960846750069
3755 3755 -0.14820597415437342
3756 3756 -0.498116062676795
3769 3769 0.11571402295467056
3770 3770 0.8258642733148754
3771 3771 -2.8513686063888786
3784 3784 -0.1971554628329107
3785 3785 0.4063383210241988
3786 3786 -0.6971014645339664
3799 3799 0.5857416475044884
3800 3800 0.24185676838278872
3801 3801 0.35516540610393404
3814 3814 -1.4243875426410995
3815 3815 1.9159016535210192
3816 3816 -0.269195485482874
3829 3829 -1.1793278228655872
3830 3830 1.0090771548200275
3831 3831 1.223754105790639
3844 3844 -1.323768432620015
3845 3845 -1.0309707866095768
3846 3846 0.9198868343450706
3859 3859 -1.1752924314442033
3860 3860 1.3990650539586131
3861 3861 0.9515389155923333
3874 3874 0.24340431822549388
3875 3875 1.0366851080130342
3876 3876 0.38359785735726815
3889 3889 -0.522483216230607
3890 3890 -0.8812771606014901
3891 3891 -1.3423596326629776
603 604 0.18582705736163357
603 618 -0.29593718816501846
603 3484 -0.4225058877167384
603 3499 0.578216403453581
603 3514 -0.33707588494911955
603 3529 -0.8303309721709373
604 605 0.14223142547352768
604 619 0.0973092357856563
604 3664 0.010757652161564112
604 3679 0.9478792003887739
604 3694 0.2762737690853635
604 3709 0.035042295087415
605 620 0.4611666816972173
605 3844 0.6221178641328448
605 3859 0.02898934532677033
605 3874 0.8061974694778097
605 3889 0.13142166035171768
618 619 -0.6576780518761391
618 3484 -0.9817017932645388
618 3499 0.39623507966229005
618 3514 1.0
618 3529 0.47024086850488817
619 620 -0.36692321340208356
619 3664 0.1506151279778463
619 3679 0.6923224974040342
619 3694 0.4781768287816623
619 3709 0.2589164700475847
620 3844 -0.40818000126587356
620 3859 0.8570866464620726
620 3874 -1.0
620 3889 -0.10153091682145274
633 634 0.48517453147017087
633 648 -0.42158922596474113
633 3424 -0.3781320329153313
633 3439 -0.0586553467821617
633 3454 -0.31347163519021776
633 3469 -0.7704970393074391
633 3484 0.08184862903964199
633 3499 0.5547038077300658
633 3514 0.457403775045465
633 3529 0.5895328068115403
634 635 0.10956766261941936
634 649 -0.8471223439773732
634 3604 -1.0
634 3619 -0.07026825330570105
634 3634 -0.1853907189712069
634 3649 -0.44227388918232813
634 3664 -1.0
634 3679 -0.22111058811837467
634 3694 -0.33067912121355414
634 3709 -0.30141336920203704
635 650 -0.6502506080356031
635 3784 0.6805359460014985
635 3799 -0.4192805595708456
635 3814 -0.5129492931203772
635 3829 -0.14942064676598882
635 3844 0.5420265962933102
635 3859 -0.7000119979009187
635 3874 0.2615116704940967
635 3889 0.6791309232001556
648 649 -0.46258933123425966
648 3424 0.608659773687351
648 3439 0.06840681542049427
648 3454 -0.7206051501549336
648 3469 -0.38428054514470256
648 3484 -0.07627893067815636
648 3499 -0.3335699184874568
648 3514 0.3908894233978324
648 3529 0.7968562965627595
649 650 0.10051521396045975
649 3604 0.5956746120761147
649 3619 0.5494325886264788
649 3634 -0.0696385788680417
649 3649 -0.20746119265085866
649 3664 0.3582884656320429
649 3679 0.34473050148245926
649 3694 -0.22761484997663903
649 3709 -0.49235893711268114
650 3784 0.05174756816281403
650 3799 0.6977782420185402
650 3814 -0.032474758282078804
650 3829 0.5894567280428716
650 3844 0.35039626783724914
650 3859 0.5784546924187004
650 3874 -0.2745995332260421
650 3889 -0.08571629129187046
663 664 0.5634775654855887
663 678 0.05540191942536127
663 3424 -0.7921138278149229
663 3439 0.4080482262193916
663 3454 0.42603403432895137
663 3469 -0.484876094707444
663 3484 0.3830229314112079
663 3499 0.046682482771871266
664 665 -0.007722725489625926
664 679 -0.08521301985106015
664 3604 0.5873908191730768
664 3619 -0.18012761761293214
664 3634 -0.5363193242664201
664 3649 -0.17602165427856392
664 3664 0.04172897796891992
664 3679 -0.3045257281076536
664 3514 0.2269304429292261
664 3529 -0.19792949354365102
665 680 -0.6160942830199152
665 3784 -0.25437583863380125
665 3799 -0.36442367267238523
665 3814 0.7247788239037866
665 3829 -0.2719311381459455
665 3844 0.3955726184784723
665 3859 -1.0
665 3694 0.012772121635745355
665 3709 0.49770214058094875
678 679 0.21922334494466908
678 3424 0.512488251406716
678 3439 -0.0702814852007361
678 3454 -1.0
678 3469 0.6223170527061207
678 3484 -0.3897041675322099
678 3499 -0.6174956759317103
679 680 0.4118745736594708
679 3604 -0.9548214441215828
679 3619 0.4883812579942964
679 3634 -0.3604589888521835
679 3649 -0.27395909225688553
679 3664 -0.3821783376700289
679 3679 -0.42081280195495285
679 3514 0.19757172979490734
679 3529 0.23576123849059216
680 3784 1.0
680 3799 0.5454686171990457
680 3814 0.26361402244087434
680 3829 0.18499033749060115
680 3844 -0.34515487453453736
680 3859 -0.010221319185794338
680 3694 -0.5692100013295661
680 3709 -0.10902709516725759
693 694 -0.05664967736373654
693 708 -0.8985547727448261
693 3424 -0.22234057107621552
693 3439 -0.6260756542676829
693 3454 -1.0
693 3469 -0.3488997189530458
693 3484 -0.1076728482304181
693 3499 -0.5514318342583958
693 3364 -1.0
693 3379 -0.3103748950125204
693 3394 0.27823019090389994
693 3409 -0.8513192656560971
694 695 0.5595503510811204
694 709 -0.20663533164443262
694 3604 -0.5087534438294542
694 3619 -0.2768223746415856
694 3634 -0.40693111962779693
694 3649 -0.16851608615566
694 3664 -0.5447483376487722
694 3679 0.1882841844173412
694 3514 0.20578416925896664
694 3529 -0.2462183726103081
694 3544 -0.8661261821689108
694 3559 0.2935461290543655
694 3574 0.9183998803522722
694 3589 -0.4893943280246721
695 710 -0.14091351629166066
695 3784 0.650200879223518
695 3799 0.005640486424409637
695 3814 -0.38669317974133516
695 3829 -1.0
695 3844 0.3565445110862184
695 3859 -0.02840463007995165
695 3694 0.27482118776503034
695 3709 -0.14704065771384092
695 3724 -0.7908745674738683
695 3739 -0.0730410240210586
695 3754 -0.3287225975344545
695 3769 -0.09514923228185208
708 709 -0.5707328000247278
708 3424 -0.38359187023527813
708 3439 -0.28831669419270983
708 3454 -0.014771392442631875
708 3469 -0.19134202087607385
708 3484 0.35464551469463756
708 3499 -0.4113348057979634
708 3364 0.5253997956342836
708 3379 0.06675259316686455
708 3394 -0.5357901335589359
708 3409 -0.07764678139257815
709 710 -0.7076562400798796
709 3604 0.14196704301917284
709 3619 0.3981653178989671
709 3634 -0.34972568538437054
709 3649 -0.17865950111518208
709 3664 -0.46679300792425865
709 3679 0.9278593600336322
709 3514 0.028959862875660998
709 3529 -0.46377471730570435
709 3544 -0.18617082840876265
709 3559 0.5261061825982675
709 3574 -0.7721087684882522
709 3589 -0.43047087366215714
710 3784 0.031615169684239
710 3799 -0.0038842730919938354
710 3814 -0.5923830036291332
710 3829 0.8748732739151156
710 3844 -0.5390504327361177
710 3859 -0.45487724325269885
710 3694 -0.06791095222462377
710 3709 0.26237260441790383
710 3724 0.46946355591088046
710 3739 -0.09498285880938229
710 3754 -0.03945118408620966
710 3769 1.0
723 724 -0.7466806493574857
723 738 -0.014661114471364388
723 3424 -0.032435303919438566
723 3439 0.11560560287396927
723 3364 0.5009460063408088
723 3379 -0.9231608169466503
723 3394 -0.9521384188457956
723 3409 0.5089520026766152
724 725 -0.41881654465884866
724 739 -0.051568637853289676
724 3604 -0.7705283436402401
724 3619 0.5083002204428038
724 3454 0.71021494502705
724 3469 -0.49196822153244657
724 3484 0.5453348577867829
724 3499 -1.0
724 3514 0.19133423190960835
724 3529 -0.1225399365332558
724 3544 -0.09759444390483672
724 3559 -0.2730063817645186
724 3574 -0.6989109169706337
724 3589 -0.16132660254483128
725 740 0.4257260474986829
725 3784 -0.16214480847405183
725 3799 0.052214620331530466
725 3634 -0.09022769290692435
725 3649 0.12416902919275592
725 3664 0.4912872601336355
725 3679 0.023306631758647514
725 3694 -0.5534446945880996
725 3709 0.12159672046086294
725 3724 -0.6659539701906534
725 3739 -0.1474496742045537
725 3754 0.7978112805918293
725 3769 -0.08674309508886449
738 739 -0.550915031339567
738 3424 -0.6738975029629595
738 3439 0.3853585016265291
738 3364 -0.2515339827470829
738 3379 0.17049616543299262
738 3394 0.35842139376279814
738 3409 0.29079423795639875
739 740 -0.32042558972731233
739 3604 -0.48976552194808104
739 3619 -0.36148296203595964
739 3454 -0.06665060765937643
739 3469 0.5660328959414914
739 3484 0.4645655385379554
739 3499 0.09352097724323911
739 3514 0.6692306896293342
739 3529 -0.3335052531580046
739 3544 -0.12457795988774419
739 3559 -0.5663228987547793
739 3574 0.2669325121647753
739 3589 -1.0
740 3784 -0.9773237049963736
740 3799 0.32556371282419866
740 3634 -0.3660311089491555
740 3649 -0.33250783259049715
740 3664 0.24586369055647408
740 3679 -0.4666867514733316
740 3694 0.42470425470560347
740 3709 -0.03959243302582225
740 3724 0.6461255700764448
740 3739 -0.3883831989197258
740 3754 -0.4183728090722912
740 3769 0.4744227424413891
753 754 0.31517324146338743
753 768 0.050341149769476824
753 3424 0.28588727040382256
753 3439 -0.2160811752251179
753 3364 0.3056291686916193
753 3379 -0.15457511398852408
753 3394 0.27154378345174945
753 3409 0.7649857358380128
754 755 0.7209664834607001
754 769 0.006136183256907016
754 3604 -0.13367566560074126
754 3619 0.344025259259746
754 3454 0.32551896952653964
754 3469 0.5543404262640371
754 3485 -0.7738253997188318
754 3500 -0.41171330231272457
754 3515 0.35916569398102866
754 3530 1.0
754 3544 -0.6706015066468676
754 3559 -1.0
754 3574 0.11995764767552144
754 3589 -0.9950774003626637
755 770 0.6208151923446278
755 3784 0.05169620067601197
755 3799 -0.4811369488855401
755 3634 -1.0
755 3649 -0.18611578085514438
755 3665 0.5081174499460506
755 3680 0.18634053529447922
755 3695 0.5884673487672019
755 3710 -0.31835496616269787
755 3724 1.0
755 3739 -0.3656424571587524
755 3754 0.39481073770673164
755 3769 -0.4907274277613452
768 769 -0.8087193647162423
768 3424 0.47032742338743133
768 3439 -0.23636760974361584
768 3364 0.8185868453937403
768 3379 -0.32339039927980934
768 3394 0.023015037453981122
768 3409 -0.5476174556958584
769 770 -0.05440876162591971
769 3604 0.00408689691600756
769 3619 0.26205676653769194
769 3454 0.26067041735875307
769 3469 -0.4946076469139756
769 3485 -0.018933769626024978
769 3500 -0.09780662104156312
769 3515 -0.2473328328652561
769 3530 1.0
769 3544 -0.17177551642077976
769 3559 0.056306486427806536
769 3574 0.10543040152468118
769 3589 0.17467571925132255
770 3784 -0.19489927531939338
770 3799 0.005799982590293732
770 3634 -0.6273502122684025
770 3649 0.04171969892321407
770 3665 -0.5557221384182158
770 3680 -0.3062159838536208
770 3695 0.45496347519415103
770 3710 -0.3173748505950902
770 3724 -0.2915126135374273
770 3739 0.037085490448488335
770 3754 0.5840226819183756
770 3769 -0.554985227955453
783 784 0.11922425621640956
783 798 0.03390852617824867
783 3424 0.24350085119921833
783 3439 0.22770307011980348
783 3454 0.30226091311685865
783 3469 -0.09749239716591225
783 3485 0.37442077869527934
783 3500 0.10871361286262705
783 3515 -0.2449636525363314
783 3530 0.23061392121557475
783 3544 0.2930646815523541
783 3559 0.8391790934069611
783 3394 0.41521769150447296
783 3409 -0.425968452823636
784 785 -0.2036848056458195
784 799 -0.13279843266317357
784 3604 1.0
784 3619 0.2755913337694553
784 3634 0.33325908615605976
784 3649 0.24966648875501493
784 3665 0.03817841940217695
784 3680 0.86293228861284
784 3695 -0.4534425501144843
784 3710 -0.09959377143555155
784 3724 -0.5922847680470358
784 3739 -0.8589813596118248
784 3574 0.27665462337704877
784 3589 0.3729876932479508
785 800 0.09336715017878654
785 3784 -0.3235752287257833
785 3799 0.010271999848440353
785 3814 0.10556356978850552
785 3829 -0.4595669415920519
785 3845 -0.23712706825489635
785 3860 0.3081920634673639
785 3875 0.6556884895746845
785 3890 0.8578896092278071
785 3754 -0.9359468237561098
785 3769 0.09267452648155465
798 799 -0.13049254295614943
798 3424 -0.11253416906838674
798 3439 -0.13734553489278048
798 3454 -0.26560621300823073
798 3469 -0.42383845759358313
798 3485 1.0
798 3500 0.26825746545012613
798 3515 -0.02227924232330082
798 3530 -0.07426894537954709
798 3544 -0.30054087939451085
798 3559 -0.3278248588756309
798 3394 -0.5281207635722021
798 3409 0.6053322727383665
799 800 0.3767392799798152
799 3604 0.2662822177454457
799 3619 -0.28907065296257795
799 3634 -0.3973779217901907
799 3649 1.0
799 3665 -0.28017939258125657
799 3680 1.0
799 3695 -0.7183615291366663
799 3710 -0.9216073805169407
799 3724 -0.54131639913214
799 3739 0.010113911614586083
799 3574 -1.0
799 3589 -0.7805807747919231
800 3784 -0.3409242117563458
800 3799 0.07335103481994242
800 3814 0.07045595683016934
800 3829 0.0688440844171166
800 3845 0.24965266801664504
800 3860 0.46238911582564
800 3875 0.531345792024816
800 3890 -0.14751072270441112
800 3754 -0.8249054616394356
800 3769 -0.6299069431816199
813 814 0.04809783691158738
813 828 0.5986420478690574
813 3425 -0.07798367596076594
813 3440 0.49957295230186427
813 3455 -0.3986470226181101
813 3470 0.610985889345159
813 3485 0.26672063442732785
813 3500 -0.6117364434933438
813 3515 0.13689851317837695
813 3530 -0.025035766266410606
813 3544 0.8426568286828416
813 3559 0.1473913526905945
813 3394 0.3791956059592825
813 3409 -0.45730322762847925
814 815 0.6136296969670906
814 829 -0.06772803669272807
814 3605 -1.0
814 3620 -0.17367650132365586
814 3635 0.1041200968994449
814 3650 0.8677141771312046
814 3665 -0.27689700383624904
814 3680 -0.24830269934706958
814 3695 0.19417689632118385
814 3710 -0.5839074382690513
814 3724 -1.0
814 3739 -0.5241745790873203
814 3574 0.7504365649867012
814 3589 0.20411126194581508
815 830 -0.2647873195251551
815 3785 -0.05953985430777951
815 3800 0.23238927696193537
815 3815 0.19488702322447315
815 3830 -0.9378856045339131
815 3845 0.07869737920139049
815 3860 -3.976329547868027e-05
815 3875 0.4352236918142291
815 3890 -0.15819297689774361
815 3754 0.043405170971580725
815 3769 0.6168257674663842
828 829 -0.4692250159610839
828 3425 0.022533168480669784
828 3440 -0.4892633836220891
828 3455 -0.20955650671895323
828 3470 -0.17335452031830806
828 3485 -0.27498815829414996
828 3500 -0.7137495668547391
828 3515 0.6721324350636327
828 3530 0.44949199165187337
828 3544 0.030988389501162728
828 3559 0.07594430184822198
828 3394 -0.1072175898197362
828 3409 0.7194160298422827
829 830 0.5413635423288861
829 3605 -1.0
829 3620 -0.4500479286323265
829 3635 0.37322433793739584
829 3650 -0.444141161176202
829 3665 1.0
829 3680 0.2308026188387521
829 3695 -0.08104288247023005
829 3710 -0.6090594936234127
829 3724 1.0
829 3739 -0.13327006801261013
829 3574 -0.5844104698443287
829 3589 0.10839915050297118
830 3785 -0.05851558645875899
830 3800 0.526598736891823
830 3815 0.21089468748407614
830 3830 0.5827908562326499
830 3845 0.27452950690328126
830 3860 0.736203804185342
830 3875 -0.9238658704585989
830 3890 0.34439824362512916
830 3754 0.0793013017777909
830 3769 -0.6555163692592529
843 844 0.13096019880185833
843 858 -0.6290535818164957
843 3425 -0.17381895743620715
843 3440 -0.05150021648497005
843 3455 -0.01740354612945034
843 3470 -0.2017341990006366
843 3485 -0.4431665540708313
843 3500 -0.5517965599733139
843 3364 0.09394391511131564
843 3379 -0.3191695233154175
843 3394 0.008656742198073471
843 3409 -0.3096322906016972
844 845 -0.10019527178314697
844 859 0.8289055342065912
844 3605 0.582125182845211
844 3620 -0.3848232233774716
844 3635 0.9814802985627339
844 3650 1.0
844 3665 -0.10875550831907432
844 3680 0.3259551204025592
844 3515 -0.03752142915551558
844 3530 -0.3371158408673063
844 3544 -0.28841459636190897
844 3559 0.5382171594731798
844 3574 0.08373754530988042
844 3589 0.5216026742469867
845 860 0.23955095205044225
845 3785 0.11152531834426005
845 3800 0.6054713025046232
845 3815 0.5796172294797302
845 3830 0.9114188892732146
845 3845 0.7734765041192725
845 3860 -0.5666368995431279
845 3695 -0.18655682597619774
845 3710 0.3375801492180686
845 3724 -0.5324907101431405
845 3739 -0.11273370900892483
845 3754 1.0
845 3769 -0.29721430516346836
858 859 0.04075292679612995
858 3425 -0.09508649090473281
858 3440 -0.8301971364681585
858 3455 0.4186780671778004
858 3470 -0.18402504618012236
858 3485 0.747741049346894
858 3500 -0.5887762759734267
858 3364 0.07462049972134374
858 3379 0.6754072426963528
858 3394 0.39498724622415754
858 3409 -0.07792516517766437
859 860 -0.43613971534655543
859 3605 -1.0
859 3620 0.2475046198380924
859 3635 0.1285275932389158
859 3650 -0.3173406511890717
859 3665 -0.2711489716062609
859 3680 0.22529333538426727
859 3515 1.0
859 3530 -0.5437365874387986
859 3544 0.49091156448849527
859 3559 0.09590835374518367
859 3574 -0.33790504898344703
859 3589 -0.0012168303186352587
860 3785 -0.15071532975610266
860 3800 1.0
860 3815 1.0
860 3830 0.07286196739074063
860 3845 -0.662098875590468
860 3860 -0.010783461476626356
860 3695 -0.7559383365631412
860 3710 -0.28969545903414295
860 3724 0.0010205991020123656
860 3739 0.6646089226364473
860 3754 -0.6606928705530225
860 3769 -0.21045588041717653
873 874 -0.6275146007514157
873 888 0.13380315937654222
873 3425 0.018656064936493334
873 3440 -0.09876605024083636
873 3455 -0.32739010523480705
873 3470 -0.17569068127459084
873 3485 -0.25902400617378013
873 3500 0.022983942161258947
873 3365 0.39851800927086883
873 3380 -0.29059622806570795
873 3395 -0.6724036386480151
873 3410 0.7360983546076048
874 875 -1.0
874 889 0.8314500485020151
874 3605 -0.1485390308530762
874 3620 0.06310688407448879
874 3635 0.9875847066751756
874 3650 -0.6362165960941872
874 3665 -0.06471989489835475
874 3680 0.2158667470275179
874 3515 0.07825804729615982
874 3530 -0.07336219616457844
874 3545 -0.20404808571151145
874 3560 -0.5871722924740587
874 3575 0.6574264268180353
874 3590 0.6468786611945129
875 890 0.5064713721436471
875 3785 0.8014903890752635
875 3800 -0.05755210099246058
875 3815 0.9191612612162733
875 3830 0.7243797949506138
875 3845 0.1856605219459767
875 3860 0.05743414099501566
875 3695 -0.474476326367651
875 3710 0.4284328122573022
875 3725 0.5269483042309275
875 3740 0.5710421413788072
875 3755 -0.3713976362453372
875 3770 0.2760284394695126
888 889 0.629004634003703
888 3425 -0.26991518285436134
888 3440 0.8272985815468532
888 3455 -0.9162817093124822
888 3470 0.1686953441869702
888 3485 0.045764411233504367
888 3500 0.06187556732115206
888 3365 -0.5135068442662312
888 3380 -0.088752067325057
888 3395 -1.0
888 3410 -0.329284233316915
889 890 -0.20461907223573153
889 3605 -0.3726122580595375
889 3620 0.6744756867033677
889 3635 -0.6006858288344812
889 3650 0.01859253532482762
889 3665 -0.004987476277847685
889 3680 -1.0
889 3515 -0.3600476224349155
889 3530 -0.4530566381545106
889 3545 -0.3865682669625113
889 3560 0.6998386500150832
889 3575 0.5241791421295102
889 3590 -0.0068344907418502986
890 3785 -0.28962068478786596
890 3800 -0.1680147190635973
890 3815 0.4943773928889981
890 3830 0.2937970417688417
890 3845 0.5118055868002607
890 3860 -0.2619933215577386
890 3695 -0.2669817903937824
890 3710 -0.06911070595507601
890 3725 0.5468522508752905
890 3740 0.3625122685897963
890 3755 -1.0
890 3770 0.9347390355449892
903 904 -0.29629372301148194
903 918 -1.0
903 3425 -0.2939171734321143
903 3440 0.7692455414691687
903 3365 -1.0
903 3380 -0.06684880330913322
903 3395 -0.08402146665620462
903 3410 0.20096469576629789
904 905 -0.34345598849052755
904 919 -0.35432692718804476
904 3605 0.42800238964854376
904 3620 -0.5090352293590426
904 3455 0.23559563062127978
904 3470 -1.0
904 3485 -0.4517946092481485
904 3500 -0.8248557041015163
904 3515 -0.36950661956504816
904 3530 -0.1333403808146034
904 3545 0.15518730017556745
904 3560 -1.0
904 3575 -0.429247034537799
904 3590 -0.4863321994352336
905 920 0.06621175336278079
905 3785 0.12927340995980754
905 3800 -0.14486074198304968
905 3635 1.0
905 3650 0.10417123980280386
905 3665 0.4286706808542765
905 3680 -0.32480200567180467
905 3695 0.2918142497278693
905 3710 -0.8229436557549665
905 3725 0.05176952638330865
905 3740 0.8183827128930343
905 3755 0.4464952064209385
905 3770 0.18875633657660643
918 919 -0.04663922511739959
918 3425 -0.490832099845667
918 3440 -1.0
918 3365 0.7017845997756864
918 3380 -1.0
918 3395 0.07578323743775212
918 3410 -0.5111978220534736
919 920 0.42495772506818397
919 3605 -0.3839585351520822
919 3620 0.06440878254839212
919 3455 0.47697783515145925
919 3470 0.5369483826523543
919 3485 -0.813849449595595
919 3500 0.6743932008372303
919 3515 -0.5572973097357716
919 3530 -0.016192415326564617
919 3545 0.2680691692591157
919 3560 0.26544161261528143
919 3575 -1.0
919 3590 -0.06911979886665924
920 3785 -0.48394758622478296
920 3800 -0.15033233463495133
920 3635 0.7746406911276628
920 3650 0.5943485389691268
920 3665 0.1482440818317542
920 3680 0.3820606066178377
920 3695 -0.6676567486005895
920 3710 -0.3182349428154854
920 3725 -0.11984103682957091
920 3740 0.40389375291334284
920 3755 0.3793471718715647
920 3770 -0.7255012720999486
933 934 0.3762092076818198
933 948 0.009753987192597211
933 3425 0.04485463419287925
933 3440 -0.07621168852477463
933 3365 -0.4313510357071802
933 3380 -0.8999023134774757
933 3395 -0.17167892764604387
933 3410 0.9901070796971726
934 935 0.22278394008333469
934 949 -0.5077779141856336
934 3605 0.21802612414366734
934 3620 0.10937223223230574
934 3455 -0.5821828890432809
934 3470 0.8817915474796694
934 3486 -0.8585753659897041
934 3501 -0.10403787533776712
934 3516 1.0
934 3531 0.7429248442855411
934 3545 -0.3037139854902953
934 3560 -0.029663649183114222
934 3575 0.1996996342493222
934 3590 0.21870187285870815
935 950 0.22850896332343754
935 3785 -0.012384043047076352
935 3800 -0.0011270423082720006
935 3635 -1.0
935 3650 0.9053122101801494
935 3666 0.1904247604223663
935 3681 0.17331966270146973
935 3696 0.5877704917862175
935 3711 0.39379429962778695
935 3725 -0.3422991351022954
935 3740 -0.10898309768123275
935 3755 -0.48205773827565407
935 3770 0.4148258497131538
948 949 -0.42800393427611017
948 3425 0.4266194055244395
948 3440 0.38890909327990286
948 3365 0.9959791911983781
948 3380 0.7471824057149506
948 3395 -0.5107266246609923
948 3410 -0.47840405435392347
949 950 0.2333793284101595
949 3605 -0.901509328888276
949 3620 -0.2870543878767574
949 3455 0.8035236952459581
949 3470 1.0
949 3486 -0.9531575003436089
949 3501 -0.41946740139069516
949 3516 -0.09580178100636996
949 3531 -0.5522801799297179
949 3545 0.3262441802793725
949 3560 0.018053816641590798
949 3575 0.3943362269390837
949 3590 0.29653818819098143
950 3785 0.4410111119507996
950 3800 0.697224095790125
950 3635 -0.49109911783670074
950 3650 -0.5622194263649338
950 3666 -0.09813790283288691
950 3681 0.4399052258525549
950 3696 -0.660479569040367
950 3711 -0.24130213779518314
950 3725 0.02961317593571432
950 3740 -0.8056545956736543
950 3755 0.07395319668314004
950 3770 -0.4264657608744407
963 964 0.619436311625781
963 978 0.3431196103126574
963 3425 0.3554687479503516
963 3440 0.8003988207055676
963 3455 0.23549791141178641
963 3470 0.09112250609374731
963 3486 0.5836259399000784
963 3501 0.09216422189052464
963 3516 -0.16188361238967083
963 3531 -0.2739912214603318
963 3545 -0.15268914677092904
963 3560 -0.5551075100773626
963 3395 0.9737880611740254
963 3410 -0.3878182709731077
964 965 -0.09539003286088124
964 979 -0.10564845248962583
964 3605 -0.05341122379049715
964 3620 -0.032737680975725214
964 3635 0.14064448732929577
964 3650 0.10640407418112145
964 3666 -0.15221762712050943
964 3681 -0.6285830757095864
964 3696 -0.08548655176666758
964 3711 0.4185980314040274
964 3725 -0.1633529790796978
964 3740 -0.20011273865390225
964 3575 -0.21202684729873864
964 3590 0.4418486192785589
965 980 -0.06275065693779112
965 3785 -0.7627556035248245
965 3800 -0.019853185209809256
965 3815 -0.6045720304296084
965 3830 -0.8270934807966819
965 3846 -0.21821003140595246
965 3861 0.1450715102597953
965 3876 0.4328299311484246
965 3891 -0.5606810980242825
965 3755 -0.25266982456358017
965 3770 -0.06913967784250093
978 979 0.5658129874182992
978 3425 0.6664212717197887
978 3440 -0.10055580491417483
978 3455 -0.8672843328579316
978 3470 0.13070754805885076
978 3486 0.8222266643673132
978 3501 -0.1606381635261739
978 3516 -0.47841207601944424
978 3531 0.7944945833349597
978 3545 0.4276439923923191
978 3560 0.20247966095287326
978 3395 0.22954453704902203
978 3410 -0.3878601469166674
979 980 0.12756295652294108
979 3605 -0.02931999036116524
979 3620 0.49327991291881707
979 3635 0.014240095651382532
979 3650 0.25956609228203464
979 3666 0.2521789344555405
979 3681 0.20343855512803177
979 3696 0.463100855427167
979 3711 -0.6463196777221678
979 3725 -0.42897249131327336
979 3740 -0.5903144800101111
979 3575 0.0012230501438743175
979 3590 0.36683506835875257
980 3785 -0.7019926491797893
980 3800 -0.3489950895100823
980 3815 0.25308435242038435
980 3830 -0.6056864932498096
980 3846 0.026715152637715366
980 3861 -0.5789687435987989
980 3876 -0.28307779620602386
980 3891 0.08528212387615051
980 3755 -0.06911153860120374
980 3770 -0.9882223893221823
993 994 0.7384099094674026
993 1008 0.03815805319239195
993 3426 0.6828770784772092
993 3441 0.3575433245510967
993 3456 0.01172561037352693
993 3471 0.24292731491812644
993 3486 0.45539642194335384
993 3501 -0.42939549116845493
993 3516 -0.19120048912241172
993 3531 -0.8463500038371271
993 3545 -0.730188758765098
993 3560 -0.16370097850286838
993 3395 0.6915361394632327
993 3410 -0.0029848871094874585
994 995 -0.08183006638333448
994 1009 0.10413462517854175
994 3606 0.3656968985021059
994 3621 0.5140143704149667
994 3636 -0.34454912438609114
994 3651 -0.5697182312594851
994 3666 0.12917402210042706
994 3681 0.5774147822841297
994 3696 0.20624521923116113
994 3711 -0.05221115735651081
994 3725 -0.13684033898960044
994 3740 0.32117986393268155
994 3575 0.31112553520346814
994 3590 -0.3324568498306584
995 1010 -0.021803303062053355
995 3786 -0.2453864924434033
995 3801 0.2988706059072433
995 3816 -0.3213554236462386
995 3831 0.26682795752965477
995 3846 0.8510727994407448
995 3861 -0.31058215560911745
995 3876 -0.1587678280085506
995 3891 -0.3837741454099231
995 3755 -0.38669301447341936
995 3770 -0.37135644032389886
1008 1009 0.3487221201729162
1008 3426 -0.2419733004998958
1008 3441 0.06251261384683814
1008 3456 -0.5262298975850019
1008 3471 -0.57900457299038
1008 3486 -0.20791953465562782
1008 3501 0.0057240182813451
1008 3516 -0.6858605699735534
1008 3531 -0.9231945760598583
1008 3545 -0.4224323016756551
1008 3560 -0.8085925873347547
1008 3395 -0.43990665105617205
1008 3410 0.31839811321929234
1009 1010 -0.05941303850555193
1009 3606 -0.645278273016611
1009 3621 0.920145229137548
1009 3636 -0.4304912611429681
1009 3651 0.07910766278253134
1009 3666 0.9255099311768196
1009 3681 -0.20466881103918141
1009 3696 -0.8299104773052396
1009 3711 0.7536157853297143
1009 3725 -0.6872802020070108
1009 3740 0.2183972832009171
1009 3575 0.0016329017627198627
1009 3590 -0.2183595041795537
1010 3786 0.6338998672346954
1010 3801 -0.18868521895638085
1010 3816 -0.6380930061023756
1010 3831 0.41012100139034147
1010 3846 -0.19412963649168563
1010 3861 0.0747054693849696
1010 3876 -0.22616121723945856
1010 3891 -0.5727272537917377
1010 3755 0.6901885183622332
1010 3770 0.11983928600090045
1023 1024 0.0923187763104986
1023 1038 0.08378278027145619
1023 3426 -0.3727248259332525
1023 3441 0.6363048402711119
1023 3456 -0.3740363522404714
1023 3471 -0.14768910429058663
1023 3486 -0.5391344721891709
1023 3501 -0.08854910429075426
1023 3365 0.07803579563323712
1023 3380 -0.10101282738257228
1023 3395 -0.4490895307681828
1023 3410 0.014751576880842329
1024 1025 0.5347284698647286
1024 1039 -0.2844699160384615
1024 3606 0.24752668463378708
1024 3621 0.5914567438847121
1024 3636 0.3786570375706369
1024 3651 0.04121450371839143
1024 3666 -0.502892007225087
1024 3681 0.0010757072097075035
1024 3516 -0.05242612284110402
1024 3531 0.12308701049446508
1024 3545 0.01904437453239263
1024 3560 -0.578124729262583
1024 3575 -0.7726912951636731
1024 3590 0.187223535032116
1025 1040 0.8645116327937576
1025 3786 0.5803790656870509
1025 3801 -0.05799719518056459
1025 3816 -0.21472535575702809
1025 3831 -0.2640298741852147
1025 3846 0.43048217295830093
1025 3861 -0.19482241981210638
1025 3696 -0.5525950987994026
1025 3711 0.1113434797438928
1025 3725 -0.5802193068294856
1025 3740 0.14121331404282716
1025 3755 -0.42524276003566563
1025 3770 0.059724472789890445
1038 1039 -0.04326778362638315
1038 3426 0.09518273116397527
1038 3441 -0.5057164445415976
1038 3456 0.2376952719156259
1038 3471 -0.5636525092910448
1038 3486 0.36759834330223534
1038 3501 -0.5478009996397002
1038 3365 -0.5515599783292022
1038 3380 -0.9611963531432665
1038 3395 -0.09041084118740343
1038 3410 -0.42614057782460224
1039 1040 -0.06611635344258178
1039 3606 -0.02762352630532592
1039 3621 1.0
1039 3636 0.37514802825752047
1039 3651 0.3675266749847503
1039 3666 0.18584051406870405
1039 3681 -0.008069609726772562
1039 3516 -0.6711021137324432
1039 3531 0.6140684609868327
1039 3545 0.48474415604261845
1039 3560 -0.1024081966411301
1039 3575 -0.06813328155108284
1039 3590 0.11444441703364353
1040 3786 -0.9743068460395398
1040 3801 0.09176079473222068
1040 3816 0.08415163366749435
1040 3831 0.5213432204336479
1040 3846 0.3059264128217197
1040 3861 -0.27456223328191665
1040 3696 -0.24033716735917407
1040 3711 -0.0005697259276467696
1040 3725 0.7770097887371289
1040 3740 0.4240472862161122
1040 3755 -0.7164353334155266
1040 3770 0.27401033549943005
1053 1054 -0.504448607842527
1053 1068 0.1450974047207385
1053 3426 -0.225077275437721
1053 3441 -0.790867215954548
1053 3456 0.5194699867942391
1053 3471 -0.7185864798073314
1053 3486 0.2041229796660432
1053 3501 -0.3083943431577972
1053 3366 0.0052724532068516156
1053 3381 0.4654422216048359
1053 3396 -0.1423595814267872
1053 3411 -0.6288496963653186
1054 1055 0.3905634527537277
1054 1069 -0.3201419498370449
1054 3606 -0.5204841044980159
1054 3621 -0.7083243316368641
1054 3636 0.38226933692364184
1054 3651 0.07592344837893797
1054 3666 0.11271416318751361
1054 3681 0.35104311837513075
1054 3516 -0.3829504586268814
1054 3531 0.8496919858303816
1054 3546 -0.47211385633635744
1054 3561 -0.4317138205993106
1054 3576 -0.47821803774638505
1054 3591 0.1858166542687162
1055 1070 0.18219916353895615
1055 3786 -0.08570426150768434
1055 3801 0.5382219487923317
1055 3816 0.13991018922097764
1055 3831 0.5348216425463538
1055 3846 0.1718316705401318
1055 3861 -1.0
1055 3696 -0.3052901507550281
1055 3711 0.015497804158411857
1055 3726 -0.013811680358347192
1055 3741 -0.10084311075240354
1055 3756 -0.17804507646298234
1055 3771 -0.4290775969624365
1068 1069 -0.23362453038459266
1068 3426 -0.12744728777594708
1068 3441 0.04225405735280552
1068 3456 0.22373927149464148
1068 3471 0.18789377181496053
1068 3486 0.16349553455130375
1068 3501 -0.7374694535639925
1068 3366 -0.157125782883057
1068 3381 0.35635183110532714
1068 3396 -1.0
1068 3411 -1.0
1069 1070 0.0960481414226851
1069 3606 -0.08091468284525517
1069 3621 -0.4130893936158238
1069 3636 -0.3405972637404486
1069 3651 -0.6849427345086778
1069 3666 -0.9006988009712575
1069 3681 0.6968243122667968
1069 3516 -0.78428068162179
1069 3531 0.3082908373637991
1069 3546 -0.09439950686318684
1069 3561 0.120773272086575
1069 3576 0.023452948727926807
1069 3591 -0.7203223563315712
1070 3786 0.7851493130283578
1070 3801 0.34727152549027634
1070 3816 -0.3503098884455465
1070 3831 -0.29644961436092304
1070 3846 0.11961074558613186
1070 3861 0.2673893373146299
1070 3696 -0.03934103626480923
1070 3711 0.05706275304738442
1070 3726 -0.16170609948043677
1070 3741 -0.2912816764850111
1070 3756 0.3456997631466426
1070 3771 -0.16277142674290337
1083 1084 0.8134561694683388
1083 1098 0.43212249074023
1083 3426 -0.5600897190865575
1083 3441 0.148104656699991
1083 3366 -0.3040532663873759
1083 3381 -0.2706091450294762
1083 3396 0.360745972450673
1083 3411 0.05444803446071201
1084 1085 -0.2266782863015352
1084 1099 0.6509966944477094
1084 3606 1.0
1084 3621 0.694497696443976
1084 3456 0.09028806765250136
1084 3471 -0.45142289590229967
1084 3486 0.8034862329042084
1084 3501 -0.37406261645366595
1084 3516 -0.17160219212258485
1084 3531 0.27772950714227523
1084 3546 0.02660856182536895
1084 3561 0.6369371620496198
1084 3576 -1.0
1084 3591 -1.0
1085 1100 -0.18761313891652953
1085 3786 -0.26798996784477824
1085 3801 -0.7058014191818293
1085 3636 -0.6205412725698215
1085 3651 -0.07890438452304165
1085 3666 -0.3272323471249473
1085 3681 -0.5269026791168074
1085 3696 0.10103291231501021
1085 3711 0.0967488617887951
1085 3726 -0.2635152662505315
1085 3741 0.2555065543896676
1085 3756 -0.5448270956232396
1085 3771 -0.5499544479562751
1098 1099 -0.24629146706208754
1098 3426 0.3549144737565092
1098 3441 -0.9258816420209087
1098 3366 -1.0
1098 3381 -0.8287536111423026
1098 3396 -0.24414234281678263
1098 3411 0.7401476592935722
1099 1100 -0.5617639234462178
1099 3606 1.0
1099 3621 -0.18059039365765597
1099 3456 -0.05579050599728653
1099 3471 -0.7580384124828969
1099 3486 -0.08618537614377546
1099 3501 -0.9099402011198371
1099 3516 -0.5424876415241605
1099 3531 -0.5442586382767286
1099 3546 0.39009338504608715
1099 3561 -0.8464045372048565
1099 3576 0.12853971225846123
1099 3591 0.2513824813141163
1100 3786 -0.07544286739539127
1100 3801 -0.6634332247034785
1100 3636 -0.4098760996832272
1100 3651 -1.0
1100 3666 0.4347064361283585
1100 3681 0.43275146647873863
1100 3696 0.46760851565595624
1100 3711 -0.6410483427493857
1100 3726 0.16477674087934802
1100 3741 -0.7331144116683321
1100 3756 0.8380276398684898
1100 3771 -0.05136580199450094
1113 1114 -0.8088072689077439
1113 1128 0.47982937527372566
1113 3426 0.28295452729007775
1113 3441 0.7384850682053651
1113 3366 0.7726889182123308
1113 3381 -0.27129856364412275
1113 3396 -0.23075074700014714
1113 3411 0.2809228097661503
1114 1115 -0.07809624233894664
1114 1129 0.7101529720285118
1114 3606 0.1178012639846708
1114 3621 0.706207862936193
1114 3456 -0.15797467909804672
1114 3471 -0.5663007121968929
1114 3546 -0.37854215911296674
1114 3561 0.22030468042038667
1114 3576 0.35328526390098564
1114 3591 -0.5519990262304199
1115 1130 -0.6034863393759544
1115 3786 0.2432139603271247
1115 3801 0.17322998674336124
1115 3636 0.13590140109399051
1115 3651 0.7862887185886316
1115 3726 -0.7067401898518678
1115 3741 0.30526432984583873
1115 3756 0.4193797050446138
1115 3771 -0.7266411562998107
1128 1129 -0.4467229166095027
1128 3426 0.2938316163682586
1128 3441 0.3178868291871069
1128 3366 0.04359939409510028
1128 3381 -1.0
1128 3396 0.0906940231200126
1128 3411 -0.9725798346153229
1129 1130 0.388049725331515
1129 3606 -0.6809024706635091
1129 3621 0.05160680921629465
1129 3456 -0.571488461455078
1129 3471 -0.09397463020623067
1129 3546 -0.800242253490913
1129 3561 -0.36743984972873317
1129 3576 -0.3557707607145214
1129 3591 0.06900469386224062
1130 3786 -0.5415266884441458
1130 3801 -0.3560659993932338
1130 3636 0.41481145554544435
1130 3651 0.6241438550164954
1130 3726 0.1420531205133585
1130 3741 0.45168611160844124
1130 3756 0.7618317939649764
1130 3771 0.3055726505036933
3364 3365 0.11567711162801908
3364 3379 0.20355982772557565
3365 3366 0.7680787156384913
3365 3380 0.2013776844414995
3366 3381 -0.7878802679812725
3379 3380 0.26683368102977695
3380 3381 -0.8905710630541946
3394 3395 -0.2745655298751638
3394 3409 -0.5307918214149165
3395 3396 -0.15174242069411567
3395 3410 0.7451253451112859
3396 3411 -0.30783533394393403
3409 3410 0.5261951928722652
3410 3411 -0.08790604545495004
3424 3425 -0.030759463165973538
3424 3439 -0.46461973839573567
3425 3426 0.6006397616204423
3425 3440 -0.6579291026901257
3426 3441 0.1749729821175794
3439 3440 -0.053161190091711774
3440 3441 -0.7246207082895527
3454 3455 -0.5665462742271372
3454 3469 -0.24960786566653934
3455 3456 0.7566405467284766
3455 3470 -0.14272967574253612
3456 3471 0.2945270449705625
3469 3470 0.19263569746271128
3470 3471 -0.21630665568075932
3484 3485 -0.5693719781053914
3484 3499 -0.7720794963527455
3485 3486 -0.36161783621139276
3485 3500 -0.25588828948897335
3486 3501 0.11692655880574676
3499 3500 -0.14183758481753378
3500 3501 0.7124745612186105
3514 3515 0.15502126342418118
3514 3529 0.13068156942036507
3515 3516 0.35874636751730116
3515 3530 -1.0
3516 3531 0.7014210313703159
3529 3530 -0.21390992652468568
3530 3531 -0.6608498068117288
3544 3545 0.6850711341387913
3544 3559 0.3667659073149515
3545 3546 -0.036284738034106104
3545 3560 -1.0
3546 3561 0.21884843522546316
3559 3560 -0.7038014788483252
3560 3561 0.22073348176713295
3574 3575 -0.15694335028201878
3574 3589 -0.447866635299594
3575 3576 -0.1734972003517458
3575 3590 0.4064174125795262
3576 3591 -0.4669618682668976
3589 3590 -0.3241369290067351
3590 3591 0.38303300457215606
3604 3605 0.7872063918731493
3604 3619 -0.3534502808202963
3605 3606 -1.0
3605 3620 0.37887009922763587
3606 3621 -0.20352118447376172
3619 3620 0.3222734722114964
3620 3621 -0.08031983604652289
3634 3635 -0.596052702536685
3634 3649 0.5764268670511571
3635 3636 0.029572438438706113
3635 3650 1.0
3636 3651 0.5479587542316497
3649 3650 -0.3289246338837501
3650 3651 -0.2623042414225378
3664 3665 0.7839071883467168
3664 3679 -0.4363600181905426
3665 3666 -0.48137629683992417
3665 3680 0.0795693272119182
3666 3681 -0.6764047429042779
3679 3680 -0.2964617236624179
3680 3681 0.752754658451023
3694 3695 -0.0434219095600484
3694 3709 -0.5824103699902038
3695 3696 0.1715062581271124
3695 3710 -0.24880148564677515
3696 3711 -0.08538843920731422
3709 3710 -0.3794445933014936
3710 3711 -0.0788952123602783
3724 3725 0.18112913870182695
3724 3739 -0.2977195111024883
3725 3726 -0.20152745010547998
3725 3740 0.028186011205913925
3726 3741 0.39412431133897935
3739 3740 0.1918078093213237
3740 3741 0.2565504739121535
3754 3755 -0.7018535723385119
3754 3769 -0.4779548602044049
3755 3756 -0.24649907975769203
3755 3770 -0.14062794258409558
3756 3771 -0.08273881085889112
3769 3770 0.4155057482805161
3770 3771 -1.0
3784 3785 0.22276824163706735
3784 3799 -0.005727521838925083
3785 3786 0.4451160385471288
3785 3800 0.16029642550854642
3786 3801 0.9277753362655856
3799 3800 0.8172182748820425
3800 3801 -0.558228104576648
3814 3815 -0.5307066228490467
3814 3829 -0.11162620623355564
3815 3816 0.1395175588925447
3815 3830 -0.7924646328659406
3816 3831 0.15039463435406228
3829 3830 1.0
3830 3831 -0.1700342547894959
3844 3845 0.32716018239397016
3844 3859 0.04024135741557942
3845 3846 -0.4276042714946971
3845 3860 -0.3011244257963669
3846 3861 0.8534791986369761
3859 3860 0.5414152643369521
3860 3861 0.4138950674055526
3874 3875 0.04872886501738295
3874 3889 -0.5937371046145654
3875 3876 -0.05608419374053714
3875 3890 -0.31851576880181354
3876 3891 0.5152291920218353
3889 3890 0.200165015544219
3890 3891 0.06933657722227132
