# 
61 61 1.0395339384982556
62 62 -0.6317153290903756
63 63 -0.3991631628520382
76 76 -0.7153940326583955
77 77 -0.8319169413818431
78 78 -0.2586757728218857
91 91 1.8374571871604473
92 92 0.9698629235773103
93 93 -0.7685461561641028
106 106 -1.0711679294740581
107 107 -0.7484360612468137
108 108 0.05502139249651815
121 121 1.1427514616744054
122 122 1.8667644815984512
123 123 1.311735159559736
136 136 0.6139260667306682
137 137 0.39883738227002213
138 138 -1.0990318521187437
151 151 1.1671048746977957
152 152 2.1814560289437788
153 153 0.3573119432262803
166 166 -0.06557923529219424
167 167 -0.4998201380914604
168 168 0.5779939939309962
181 181 -1.511770494730935
182 182 0.29971247673811474
183 183 -0.6001302888378434
196 196 -0.45453308641794765
197 197 -0.4567809347293667
198 198 -2.180808469642447
211 211 0.5472467793801011
212 212 -0.004485975566126676
213 213 -0.9956736600640766
226 226 -1.1745695235491038
227 227 1.9689968536163855
228 228 2.0810268414395146
241 241 -1.3502276288142059
242 242 -0.5659383790795588
243 243 -0.07122737905588689
256 256 -1.89431616259988
257 257 2.421800282816674
258 258 -0.14996490930849612
271 271 -0.388626908544512
272 272 -0.8609649326614921
273 273 0.16715217553526315
286 286 1.5042073708847628
287 287 0.33431322797914664
288 288 -0.015455276898425617
301 301 0.4670675430405792
302 302 0.7100530552130991
303 303 -0.32894861493113436
316 316 -0.88725164154762
317 317 1.408676394555464
318 318 0.028630854069820272
331 331 -1.5140035066071014
332 332 0.4125927214919852
333 333 1.2323710118081546
346 346 1.0501988622094547
347 347 0.8575108349567565
348 348 0.1483670229388022
361 361 1.301341127740494
362 362 -1.4274552670000882
363 363 -0.7294016388289277
376 376 0.5514278325493113
377 377 0.048444185151112866
378 378 -2.3835622576394964
391 391 -1.2667000201711283
392 392 2.150560154423851
393 393 0.6357014960212894
406 406 0.49850636792399977
407 407 0.3662032129895896
408 408 -0.7660121657593822
421 421 1.0443377157021423
422 422 -0.22941536589975872
423 423 0.919233261645719
436 436 0.1378306573392171
437 437 -0.977481102396064
438 438 -1.8957792117674457
451 451 -0.7931699413445081
452 452 0.37450696135971046
453 453 1.1302801585438211
466 466 2.11708950062357
467 467 1.2927396372005444
468 468 -1.0056264159462371
481 481 0.4285141874956672
482 482 -1.8093790732415456
483 483 0.4405004225484415
496 496 0.14801523795014418
497 497 0.9736819257943828
498 498 0.26573587370248797
511 511 0.10494141526989914
512 512 1.0467592703454853
513 513 0.28062149848608364
526 526 1.9675364139367266
527 527 -1.9351453605008995
528 528 -1.986007343777812
541 541 0.2193607151699409
542 542 -0.482632450476856
543 543 2.3129907655845106
556 556 0.47156963553050774
557 557 1.34227609088516
558 558 -0.30493612452543856
571 571 -2.001195248819841
572 572 -0.9827624480992848
573 573 -0.6078378076213212
586 586 0.9531679471496223
587 587 0.47227066601620316
588 588 -0.5597187397148375
3001 3001 -1.0841941188999895
3002 3002 0.5234416164730828
3003 3003 -2.1072867869386944
3016 3016 -0.42309074573053906
3017 3017 0.6538723782937446
3018 3018 0.35047258458178737
3031 3031 -1.1728521143194364
3032 3032 -1.1926673964341914
3033 3033 -0.4067252799732093
3046 3046 0.0040337688018147345
3047 3047 1.7327010836675178
3048 3048 0.7735396251499177
3061 3061 0.6888153752221534
3062 3062 -0.4077167322028681
3063 3063 0.7065652887120494
3076 3076 0.2544834071745497
3077 3077 -1.480447727919133
3078 3078 0.21651313467831776
3091 3091 -0.037822893536965864
3092 3092 0.8710552254744182
3093 3093 0.6725130235381045
3106 3106 -2.1430183729660497
3107 3107 1.7324227459116721
3108 3108 0.5404217278554204
3121 3121 -1.9948046809617095
3122 3122 0.5364837856010553
3123 3123 0.47030592478377714
3136 3136 0.6077275070816571
3137 3137 -0.4341050374658515
3138 3138 0.506406589826541
3151 3151 0.1045600311422291
3152 3152 -0.5914697059215701
3153 3153 2.7449555205957665
3166 3166 1.1718428767737703
3167 3167 -0.7670647096354656
3168 3168 -0.7299765551641916
3181 3181 -0.5098202338431312
3182 3182 0.7718513265937488
3183 3183 1.0195554558808055
3196 3196 0.28659207694604166
3197 3197 1.0378337711132701
3198 3198 -0.5506988014041185
3211 3211 -2.112338988463586
3212 3212 1.572992479246823
3213 3213 0.5027043973570797
3226 3226 0.510815242025158
3227 3227 -1.3231297097962031
3228 3228 1.3909909045793998
3241 3241 1.407660597145572
3242 3242 0.3456374098439404
3243 3243 1.187914172458735
3256 3256 0.22993095001295144
3257 3257 1.0550504531498244
3258 3258 -2.319969046719121
3271 3271 -1.7322890482858433
3272 3272 -0.24844594413146884
3273 3273 -2.3418904986605633
3286 3286 0.7319932878679728
3287 3287 -1.0198298562425372
3288 3288 -0.7856629756169281
3301 3301 0.05162632467319158
3302 3302 -0.8259053805965104
3303 3303 -0.1962453300228523
3316 3316 1.6662782983155315
3317 3317 0.7491927130442657
3318 3318 -0.14788033749750124
3331 3331 -0.5058985718658312
3332 3332 0.24940510500049004
3333 3333 -0.8014547990024685
3346 3346 -0.25729925292573425
3347 3347 0.620693731292542
3348 3348 -0.11451297979129721
3361 3361 0.8846219587662233
3362 3362 0.44816433793992416
3363 3363 -0.11325787727196483
3376 3376 -0.9007286074137453
3377 3377 -0.2557659817860272
3378 3378 0.3808386598606636
3391 3391 0.8534023749920608
3392 3392 -0.30436516770593747
3393 3393 1.575791015116697
3406 3406 0.5672334241753957
3407 3407 -0.7240185554155706
3408 3408 -0.041189860052887405
3421 3421 -0.009905551546732587
3422 3422 -0.9435218386832503
3423 3423 0.172637585138228
3436 3436 0.4311310315825073
3437 3437 0.5647827383902295
3438 3438 0.9276469258630317
3451 3451 1.5473188311357167
3452 3452 -0.8076428380833034
3453 3453 0.3431801008642171
3466 3466 0.6016642768227094
3467 3467 0.6550542247682836
3468 3468 2.0156244984239486
3481 3481 1.031192357765506
3482 3482 2.517680373017935
3483 3483 0.6642695931131137
3496 3496 -0.23555663476269012
3497 3497 -0.6870889202938552
3498 3498 -0.21973670186940195
3511 3511 1.3384900690453454
3512 3512 1.823653657210317
3513 3513 0.7825555135567911
3526 3526 0.558761865223404
3527 3527 -0.43163408575559
3528 3528 -1.3085082315023593
61 62 0.4041605457185369
61 76 -0.788389257764191
61 3121 -0.017445565381471004
61 3136 -0.3455799902301437
61 3151 0.15359569697445039
61 3166 -0.05012024619668561
62 63 -0.3163998658732768
62 77 0.05682132272046605
62 3301 0.8048841779507212
62 3316 0.611488676321724
62 3331 -0.15497292077354966
62 3346 -0.028970913023142517
63 78 0.9322882148450257
63 3481 -0.4094331494273934
63 3496 0.38834151089168434
63 3511 0.2594598470595451
63 3526 -0.37655704589991984
76 77 -1.0
76 3121 -0.4718151004094834
76 3136 0.6267221986702671
76 3151 0.11353701842342258
76 3166 0.15147183883400928
77 78 -0.7345124089838044
77 3301 0.7066090831417668
77 3316 -0.7531200785411302
77 3331 -0.7934628383853662
77 3346 -0.009442996998578037
78 3481 0.7272360800037202
78 3496 0.777095832430494
78 3511 0.343957009212498
78 3526 -1.0
91 92 0.15808401445391487
91 106 0.35255957344808864
91 3061 -0.3830221403855922
91 3076 -0.3301073901981607
91 3091 0.688438145893776
91 3106 0.33728721292515135
91 3121 0.6962723156149334
91 3136 0.4289266197973737
91 3151 0.7415901300665647
91 3166 -0.5373292941031017
92 93 -0.6920453852163261
92 107 -0.41664993189526534
92 3241 1.0
92 3256 -0.47965118988758554
92 3271 -0.7059636852275416
92 3286 -1.0
92 3301 0.3569726876169123
92 3316 0.15604388661854673
92 3331 -0.09367606586405333
92 3346 0.08220720974175667
93 108 -0.24111791673921873
93 3421 0.6128042671550794
93 3436 0.07945983376392987
93 3451 0.17714702152502437
93 3466 -0.4494457903611894
93 3481 -0.37851630639311784
93 3496 0.3808418995032935
93 3511 0.29321584866168376
93 3526 0.03535395799590559
106 107 -0.5496774333413014
106 3061 0.39168726345935045
106 3076 -0.3553160043222463
106 3091 1.0
106 3106 0.5319520527647198
106 3121 -0.501083845637063
106 3136 0.3965979519716223
106 3151 0.3537818847259484
106 3166 -0.13868706404667616
107 108 -0.5590324328147923
107 3241 0.0768610138777482
107 3256 -0.7996119314719305
107 3271 0.4272498222228908
107 3286 -0.8760636305771624
107 3301 -0.17330303228052452
107 3316 0.36590899510837327
107 3331 0.02248105936087827
107 3346 0.03174759646109839
108 3421 -0.23131426134453278
108 3436 0.24901782437114436
108 3451 -0.218629335697906
108 3466 0.9745711798111317
108 3481 -0.18801780922421824
108 3496 -0.5219550648824326
108 3511 -0.5127089836189187
108 3526 0.039299237144841855
121 122 0.04791273849890471
121 136 -0.26988060574465245
121 3061 -0.2168363870930717
121 3076 0.18468247903127943
121 3091 -0.09954766768514173
121 3106 0.3940488471997459
121 3121 0.3556295274746434
121 3136 -0.24691867579234342
122 123 -0.1049052288915197
122 137 0.5204070075433245
122 3241 0.7051659260079808
122 3256 -0.3155004529354087
122 3271 -0.06767254018995826
122 3286 -0.4203275386581802
122 3301 -0.9338562362542828
122 3316 0.11574791073959506
122 3151 0.11179008167673743
122 3166 0.2922338716573522
123 138 -0.4918781826918226
123 3421 0.9390667503690349
123 3436 0.040311965850315684
123 3451 0.38587253087107515
123 3466 -0.170686386011689
123 3481 -0.8327180540820904
123 3496 0.026096512824274744
123 3331 -0.05097010952209922
123 3346 -0.14204293917583286
136 137 -0.2025190834194888
136 3061 -0.1315891952702601
136 3076 0.5106101157230727
136 3091 -0.054719025817659174
136 3106 0.513585444197656
136 3121 0.052342814639102946
136 3136 0.478352246990808
137 138 0.20749106941096437
137 3241 0.17908737526425914
137 3256 -0.10543979585004812
137 3271 -0.3372555167660432
137 3286 0.01797044502063522
137 3301 0.4784016144356853
137 3316 0.40400858952760743
137 3151 -0.2547191922668767
137 3166 0.0679866066764961
138 3421 0.031785037324882165
138 3436 0.40244432656650936
138 3451 -0.4183437178200739
138 3466 -0.04315524706526732
138 3481 -0.11412741709681293
138 3496 0.26623282593040687
138 3331 -1.0
138 3346 -0.2691859116807968
151 152 -0.2792863563124252
151 166 -0.4927848247484303
151 3061 -0.33261067781068293
151 3076 -0.0784194086104059
151 3091 0.00845664519520448
151 3106 -0.5826676242560594
151 3121 -0.2528452041085566
151 3136 0.131150700942729
151 3001 -0.6555861079054479
151 3016 0.19490895915756246
151 3031 0.061833042566175285
151 3046 0.08104056474548751
152 153 -0.5446068840452017
152 167 -0.06830909496767627
152 3241 -0.5548504931138165
152 3256 -0.25434549853403554
152 3271 0.04513713905108535
152 3286 -0.013071907866236963
152 3301 0.4951260344019448
152 3316 0.16214885941423265
152 3151 -0.4109726474794913
152 3166 -0.1095460496966583
152 3181 0.057157410704082624
152 3196 0.21153414474456284
152 3211 -0.3619248305617834
152 3226 -0.4156702025064949
153 168 1.0
153 3421 0.08082267483466059
153 3436 0.1734862589713175
153 3451 0.39174514591504744
153 3466 -0.16206933171210225
153 3481 -0.7983562626169104
153 3496 -0.41338995289707503
153 3331 -0.13556038827636724
153 3346 -0.2399408692579154
153 3361 -0.51218684752694
153 3376 0.5644118241733846
153 3391 -0.768986523806575
153 3406 0.28552114670984347
166 167 -0.10628488824220866
166 3061 0.807493315873261
166 3076 -0.2477579541763458
166 3091 0.2742330565866293
166 3106 0.4112326715454497
166 3121 0.11238551013400778
166 3136 -0.09761482408568822
166 3001 0.3341971671107265
166 3016 0.4807097073206963
166 3031 0.1269548709933781
166 3046 -0.1607998014566153
167 168 0.3530157153826203
167 3241 -1.0
167 3256 0.279360140378733
167 3271 -0.47397404651614705
167 3286 -0.46831195480116977
167 3301 0.23092558503705876
167 3316 -0.7301738570387202
167 3151 0.01983784164892067
167 3166 0.012290892694202853
167 3181 -0.006264932072559584
167 3196 0.196154851368649
167 3211 0.6751834876352243
167 3226 0.1039555409446301
168 3421 -0.07848949687432974
168 3436 -0.5112225208142493
168 3451 -0.7443784289545011
168 3466 0.3431683719448627
168 3481 -0.1305528231578043
168 3496 -0.29960682309069375
168 3331 -1.0
168 3346 -0.8571652385222593
168 3361 0.9463705517161741
168 3376 -0.5142547057136226
168 3391 -0.39131445021967304
168 3406 0.2808161540618224
181 182 -0.12395199881387417
181 196 -0.7556649929648761
181 3061 -0.4846604176088902
181 3076 -0.7178661688947113
181 3001 -0.321723354950672
181 3016 0.6295456942066211
181 3031 -0.0748206290395874
181 3046 -0.5417049794386183
182 183 -0.8260574322315956
182 197 0.6026242294173572
182 3241 -0.43131395169145076
182 3256 -0.652446900811755
182 3091 0.4907817823061116
182 3106 -0.18250130065183276
182 3121 -0.2587468860527456
182 3136 -0.7149553108203835
182 3151 -0.3755381199298245
182 3166 0.1907428659863529
182 3181 0.34437945839768774
182 3196 0.04693587240613596
182 3211 0.3355708397962955
182 3226 0.39901012484384185
183 198 0.012637469646039953
183 3421 0.5387464586808416
183 3436 -0.6824028020306477
183 3271 -0.38828307451812194
183 3286 -0.15858039678890973
183 3301 -0.560921020620165
183 3316 -0.14214627916883235
183 3331 -0.42887169399731384
183 3346 -0.35342213024418745
183 3361 -0.09528602735915319
183 3376 -0.8446508608098587
183 3391 0.46165586704888306
183 3406 -0.6381485621661374
196 197 0.5480996969904763
196 3061 -0.11644294530803109
196 3076 0.4377428925215731
196 3001 1.0
196 3016 0.5539400253539712
196 3031 0.319093269272193
196 3046 -0.48805339277842835
197 198 1.0
197 3241 -0.31607266191923766
197 3256 0.17763448497452594
197 3091 0.36691893777614576
197 3106 0.2538951933476873
197 3121 -0.6198514524423875
197 3136 0.621839912373162
197 3151 -0.19949985601879336
197 3166 0.2992480004366504
197 3181 -0.217984115549825
197 3196 0.5933226296818294
197 3211 0.062090374441216456
197 3226 0.46087098717181524
198 3421 0.25284057112755925
198 3436 0.4087406288466166
198 3271 -0.2282781141910538
198 3286 -0.050898717358401305
198 3301 -0.13205840443564398
198 3316 -0.02840357758553013
198 3331 -0.007933082502109728
198 3346 -0.08676120191325487
198 3361 -0.1158911284631425
198 3376 -0.21586573227654646
198 3391 0.13338919070375624
198 3406 0.5956720035696891
211 212 0.2989927352176577
211 226 0.04777948561368983
211 3061 -0.5655971910964716
211 3076 0.6756766086726478
211 3001 0.007255744459587817
211 3016 0.6258623822371082
211 3031 -0.03584283464320841
211 3046 0.030716417523409412
212 213 0.5722250725432368
212 227 -0.06274689912994819
212 3241 -0.06680796153320126
212 3256 0.42761317972597446
212 3091 -0.005141493549447656
212 3106 0.4727836550348205
212 3122 -0.012007879531013935
212 3137 0.6249248034532882
212 3152 0.5937826877239737
212 3167 -0.6877066796879613
212 3181 0.8756685758495819
212 3196 0.02831130993398136
212 3211 -0.3341274869367785
212 3226 -0.10995183232473252
213 228 0.25361454737717115
213 3421 0.05893598193286374
213 3436 -0.25742314810656813
213 3271 0.3552438632002811
213 3286 -0.5277068715155241
213 3302 0.7754402815008676
213 3317 -0.7620559474994855
213 3332 0.04346774117406814
213 3347 -0.30355838300547877
213 3361 0.3918011681027868
213 3376 -1.0
213 3391 0.14723439185228632
213 3406 -0.5717023519916622
226 227 -0.40182274928761946
226 3061 -0.27974862104314924
226 3076 -0.2914074695178019
226 3001 0.08727054839947139
226 3016 -0.2912410574864261
226 3031 0.19796985128300443
226 3046 0.5371321669335604
227 228 -0.009387069130328204
227 3241 1.0
227 3256 0.6391142123599165
227 3091 0.24200435659346586
227 3106 -0.8801460821379237
227 3122 0.9159346270714234
227 3137 0.5173498510960934
227 3152 -0.5578512273554068
227 3167 -0.1449039121480609
227 3181 -0.6277831445148754
227 3196 -0.6236102696050334
227 3211 -0.4552122734853758
227 3226 -0.5642176147425277
228 3421 -0.07991540251112463
228 3436 0.3561640886200227
228 3271 0.36650660965440107
228 3286 0.49629086323966537
228 3302 0.5899283739502263
228 3317 -0.31581977814174544
228 3332 -0.22029029162573718
228 3347 0.4175666632404277
228 3361 -0.2967697856012513
228 3376 0.03442349360908694
228 3391 -0.24810212168104778
228 3406 -0.6997274828791138
241 242 0.16509850386183791
241 256 0.4884864170829369
241 3061 -0.5639944561878326
241 3076 -0.5118330017019469
241 3091 -0.3237362774260259
241 3106 -0.4629659624166235
241 3122 -0.3248392983607832
241 3137 0.8247676949782772
241 3152 -0.050566098941525583
241 3167 -0.5149005573323719
241 3181 -0.8171065376213884
241 3196 0.10477295346363893
241 3031 0.14814528300324847
241 3046 -0.37165917417554234
242 243 0.40175352846140283
242 257 -1.0
242 3241 -0.7504129349667313
242 3256 0.3426742335758427
242 3271 -0.10554436753507832
242 3286 0.5234303002407363
242 3302 -0.685005437284854
242 3317 0.29274672881677194
242 3332 -0.12226820207132529
242 3347 0.22882568541701556
242 3361 0.06977821392721428
242 3376 0.012840631016541908
242 3211 -0.2779144116569973
242 3226 -0.06919058487561713
243 258 -0.38657994047330546
243 3421 0.13035404775172652
243 3436 -0.2658363473701378
243 3451 -0.2961154708854768
243 3466 -0.2934033065979378
243 3482 0.446875501449681
243 3497 0.3713583103472428
243 3512 0.07283896194223498
243 3527 -0.5088682412745773
243 3391 1.0
243 3406 0.07962923468611678
256 257 -0.34634979587173725
256 3061 -0.36818311290272615
256 3076 0.3539148015618165
256 3091 0.4764906208556912
256 3106 -0.5391001507254926
256 3122 0.05179460960019017
256 3137 0.6664802825749233
256 3152 -0.012544166463196817
256 3167 0.10724402755713532
256 3181 0.5948791678011266
256 3196 0.30322379489248713
256 3031 0.44629868266199874
256 3046 0.5886134609672344
257 258 -0.5187139206844729
257 3241 -0.9660247148623928
257 3256 -0.5397222611726132
257 3271 0.34793357576727096
257 3286 0.14865560726508584
257 3302 0.2988574533878009
257 3317 -0.2583850413591534
257 3332 0.9422457066998056
257 3347 1.0
257 3361 -1.0
257 3376 0.024389755702095006
257 3211 0.4225378807482361
257 3226 -0.2926376775156731
258 3421 0.7243091462921564
258 3436 0.8937283714033832
258 3451 -0.3753101877663514
258 3466 -0.1806880382785857
258 3482 -0.2424475287754915
258 3497 -0.060744527597203966
258 3512 0.5783222582672627
258 3527 -0.24427324111257578
258 3391 0.15596827865928645
258 3406 0.35864885962596327
271 272 -0.21658064829720472
271 286 -0.17340173855796717
271 3062 -0.6561861755676938
271 3077 -0.4521897103860853
271 3092 -0.4583959430089529
271 3107 0.6476310288252123
271 3122 0.7718898484279455
271 3137 -0.006484286409009282
271 3152 -0.3057306958473001
271 3167 -0.07773383074647462
271 3181 0.33821297208250767
271 3196 0.4411046453553361
271 3031 -0.42781643841805994
271 3046 0.8537028477060881
272 273 0.49152759908979254
272 287 1.0
272 3242 -0.05172595555285808
272 3257 0.16604213354691993
272 3272 -0.07293107304996126
272 3287 1.0
272 3302 0.86356038398553
272 3317 0.6274528782098235
272 3332 0.8064072585863148
272 3347 -0.3543072946525529
272 3361 0.02642325271810561
272 3376 0.38528286913046667
272 3211 -0.006726220658768928
272 3226 0.4067922353639449
273 288 -0.2366134070672499
273 3422 0.0443473946465402
273 3437 0.5111641137922447
273 3452 0.20742041520551396
273 3467 -1.0
273 3482 0.11007472071891289
273 3497 1.0
273 3512 -0.024424091691043436
273 3527 0.013216778839249156
273 3391 -0.24110115988312525
273 3406 0.5669378264123134
286 287 -0.3595034485906643
286 3062 1.0
286 3077 0.2046500436285089
286 3092 -0.1492427326473984
286 3107 -0.1404760080729175
286 3122 0.12605935394840218
286 3137 0.28408692657833123
286 3152 -0.5307883315252165
286 3167 -0.058227032806455636
286 3181 -0.7777833780684816
286 3196 0.16401131601035487
286 3031 -0.32185191370232946
286 3046 0.26336937093310353
287 288 0.5053622239404089
287 3242 0.22429791057128132
287 3257 0.13208698290571944
287 3272 0.34788344387034875
287 3287 -0.7421775113127949
287 3302 -0.027032279085357047
287 3317 0.3788737835528718
287 3332 -0.10093931717162431
287 3347 -0.6483160781418558
287 3361 -0.11858053216263016
287 3376 0.41760576409916095
287 3211 -0.828374858304524
287 3226 -0.18542232776566753
288 3422 -0.2826348741731092
288 3437 -0.46648711316459135
288 3452 0.48965414888347353
288 3467 -0.34589149269516634
288 3482 -0.6958512365961412
288 3497 -0.39370616483053666
288 3512 -0.5679860030316624
288 3527 0.2368893050813622
288 3391 -0.07975893455617546
288 3406 -1.0
301 302 -0.12666567103749035
301 316 -0.6878548220656028
301 3062 0.049769423556200634
301 3077 -0.5811124737251989
301 3092 0.17670987565333116
301 3107 -0.46655209692162614
301 3122 -0.10469619504758886
301 3137 -0.3165196089351617
301 3001 -0.5692103935378227
301 3016 0.13244019049443653
301 3031 -0.4149872675887748
301 3046 0.37884548108017235
302 303 0.16980088846759936
302 317 0.0025965916346633554
302 3242 0.5832454292628245
302 3257 -0.6162008712313441
302 3272 -0.4044417492146399
302 3287 0.4322539236156589
302 3302 0.1253257381915351
302 3317 0.1972499077378205
302 3152 0.15111017896549217
302 3167 0.3437824651686152
302 3181 -0.5252206484784806
302 3196 -0.10659517550890926
302 3211 0.57140998899056
302 3226 0.25509073334829613
303 318 0.38189525573119754
303 3422 0.37226257376411387
303 3437 -0.29660026847679033
303 3452 0.5470561073925596
303 3467 -0.15875212513432327
303 3482 0.18737152288589076
303 3497 -0.14746221655851965
303 3332 -0.04247089588757132
303 3347 0.7768992200247791
303 3361 -0.07554622642960968
303 3376 -0.635828754784191
303 3391 0.15030454112597905
303 3406 -0.6839893881663133
316 317 -0.3572014052628282
316 3062 -1.0
316 3077 0.3469032766754132
316 3092 -0.22661464389628377
316 3107 -0.6290539610761272
316 3122 0.03517767967293138
316 3137 -0.20047980248034156
316 3001 -0.13834234326786524
316 3016 0.5775692826804535
316 3031 0.21505180107686156
316 3046 -0.005091217927178964
317 318 -0.04748080143064272
317 3242 0.32949317469340683
317 3257 -0.3119681809005805
317 3272 0.8522008288730101
317 3287 0.1936196109736277
317 3302 -0.38582587994121104
317 3317 -0.4716198628796976
317 3152 0.533286657785848
317 3167 -0.19304565108152577
317 3181 -0.31740657991801835
317 3196 -0.4222369174612516
317 3211 0.5127108531058492
317 3226 0.4954972541490269
318 3422 0.862907447169417
318 3437 0.17500756983256177
318 3452 0.42762991451088656
318 3467 0.3599426864388662
318 3482 0.0777459620404367
318 3497 0.6434005840504101
318 3332 0.7256792891738235
318 3347 -0.2141085062473354
318 3361 -0.6411559294811228
318 3376 -0.47132596796418424
318 3391 -0.18656390398301914
318 3406 1.0
331 332 -0.7304710453176296
331 346 0.47877344179639875
331 3062 -0.26354620048526584
331 3077 0.23095594485327206
331 3092 -0.12130614745351036
331 3107 0.3696278918378299
331 3122 0.22766180451433318
331 3137 0.18097727452748003
331 3002 -0.32963195009040785
331 3017 0.49855787112586525
331 3032 -0.5103360241317025
331 3047 -0.3052187954414588
332 333 -0.30481707711046535
332 347 -0.9820388251943765
332 3242 0.02542794698987354
332 3257 -0.34303878844567764
332 3272 -0.25983101157271915
332 3287 1.0
332 3302 -0.07739118818320542
332 3317 0.06453107613135488
332 3152 -0.4957390128632087
332 3167 0.3357119773286389
332 3182 0.37851929499782666
332 3197 0.2944217591639466
332 3212 -0.32678456957264834
332 3227 -0.31204976015061464
333 348 0.6380811787171138
333 3422 -0.04262006340115493
333 3437 0.46676521613580113
333 3452 -0.220545077025046
333 3467 0.3340884074247173
333 3482 0.356264568635595
333 3497 -0.16101111676257254
333 3332 -0.012133781856401403
333 3347 0.12348927987400596
333 3362 0.14362957347242727
333 3377 0.44888182099383
333 3392 0.26910767812419967
333 3407 0.8312028185285663
346 347 -0.642350871240114
346 3062 -0.07325026497885036
346 3077 0.7804926728141124
346 3092 -0.2262996155122256
346 3107 0.11606058518760147
346 3122 0.1447653772157499
346 3137 -0.32970247408147235
346 3002 -0.2531216591932818
346 3017 -0.37947989991665243
346 3032 0.052894744780167334
346 3047 1.0
347 348 0.9017004662101282
347 3242 0.7180467403130059
347 3257 0.18208542842851733
347 3272 -0.37430690183891535
347 3287 0.07828036037574988
347 3302 0.47622990218090144
347 3317 0.9752794190412403
347 3152 -0.03865661558422296
347 3167 -0.11803797232719465
347 3182 0.40343627217943184
347 3197 0.2634003019436893
347 3212 -0.5255314097434788
347 3227 -0.2798441642173569
348 3422 -0.4737449333384845
348 3437 -0.21739798009329694
348 3452 0.3396444127671462
348 3467 0.24784627979828394
348 3482 -0.036735987068788174
348 3497 -0.13576108978293963
348 3332 0.3553418442863384
348 3347 0.38107947038031653
348 3362 -0.5217546105762887
348 3377 -0.1839057200597126
348 3392 -0.8922526139657574
348 3407 -0.06478271171433549
361 362 -0.9322774215783495
361 376 -0.24936886727000693
361 3062 0.39062597578683617
361 3077 -0.3978167530337344
361 3002 -0.8975114855152405
361 3017 0.1780367923318015
361 3032 0.06148526014070069
361 3047 -0.2921648392442642
362 363 0.30507020507270893
362 377 -0.1942952472581558
362 3242 -0.2505953446020825
362 3257 0.09237774704440412
362 3092 0.3011069634081643
362 3107 0.032721351547031284
362 3122 0.37477873221414043
362 3137 -0.6331629944302746
362 3152 -0.7571441665851355
362 3167 0.04171310779520368
362 3182 0.4516573230079065
362 3197 -0.1742660021368819
362 3212 -0.30661705622156565
362 3227 0.29488408364235036
363 378 0.4365973323575162
363 3422 -0.7249753615040885
363 3437 0.3673390572109322
363 3272 -0.4297942645684837
363 3287 -0.09301864845391093
363 3302 0.47294999085295886
363 3317 -0.14179807814750306
363 3332 -0.9383540839134866
363 3347 0.213638455601564
363 3362 -0.06090585044870724
363 3377 -0.18364673085149366
363 3392 -0.6321527931908612
363 3407 0.3023330702936492
376 377 0.5980572150379688
376 3062 -0.4416880995214034
376 3077 -0.5944743273109564
376 3002 -0.08205628529909753
376 3017 -0.03104133963603784
376 3032 0.22427952513064156
376 3047 0.24773505713618052
377 378 -0.6659135965303647
377 3242 0.510987612462163
377 3257 0.04547721574021932
377 3092 0.13389564909321372
377 3107 -0.028415253220695876
377 3122 -0.0595993332867412
377 3137 0.2878354953700575
377 3152 0.47861289560720804
377 3167 0.4413354835785433
377 3182 0.412751690669325
377 3197 0.5259417590140134
377 3212 -0.303655299325312
377 3227 0.42070900573250575
378 3422 0.8821161419582793
378 3437 -0.12417503182049475
378 3272 0.4279718481851167
378 3287 -0.06165154215123038
378 3302 -0.5615120770964576
378 3317 -0.13812405545733694
378 3332 -0.22681868651498224
378 3347 0.264592774789087
378 3362 -0.36307254671267
378 3377 -0.04457843559355606
378 3392 -0.47225019777220284
378 3407 -0.35178592287451604
391 392 0.5197518593508165
391 406 -0.2630489726242947
391 3062 -0.19601334803663023
391 3077 0.3748301122399809
391 3002 -0.5069601592369403
391 3017 -0.7620825572026286
391 3032 0.15822240985158273
391 3047 -0.8339979383562031
392 393 -0.5879289508538389
392 407 0.2633281686445509
392 3242 -0.27767594397941947
392 3257 -0.38407970969630323
392 3092 -0.15362226697264522
392 3107 -1.0
392 3123 0.4900268759066688
392 3138 -0.25950904833588423
392 3153 -0.889637963227762
392 3168 -0.3050172141229805
392 3182 -0.7929957756638304
392 3197 0.20186226182258862
392 3212 0.16727040701755205
392 3227 -0.9918559050768744
393 408 0.6850235866446952
393 3422 -0.19372858943441507
393 3437 -0.04527374660706586
393 3272 0.1859684057351389
393 3287 0.34594957711113644
393 3303 -0.41011539450772716
393 3318 0.16810261155634507
393 3333 0.6591375415961684
393 3348 0.05195316415235477
393 3362 -0.1659196582338412
393 3377 0.78996265547854
393 3392 -0.1306240738063715
393 3407 0.18975100316734111
406 407 0.12943024859640098
406 3062 1.0
406 3077 0.21944155812851085
406 3002 -0.1678670188571822
406 3017 0.2241365166461225
406 3032 -0.42063840611653686
406 3047 1.0
407 408 0.553380562141426
407 3242 0.38475493566232594
407 3257 0.14761755528599688
407 3092 0.12484074367443304
407 3107 0.01852621888976437
407 3123 -0.43067840961586257
407 3138 0.5379670461325315
407 3153 -0.3240259033639861
407 3168 -0.2811107516686826
407 3182 0.3664523413467846
407 3197 -0.14324790781821892
407 3212 0.24388823602577245
407 3227 0.5020833333396834
408 3422 0.21601212813288057
408 3437 0.55461266247781
408 3272 0.12851720266107403
408 3287 0.2809800681485152
408 3303 -0.29771605088473474
408 3318 0.5985014469785364
408 3333 -0.2834216586827497
408 3348 0.011958087126249345
408 3362 -0.21858714725665457
408 3377 -0.7102322859264188
408 3392 1.0
408 3407 0.4117235259447661
421 422 -0.017497555664320003
421 436 0.5739739107153932
421 3062 0.38702458645114074
421 3077 -0.3688740128001376
421 3092 -0.2339957218494488
421 3107 0.27881351510501823
421 3123 0.5881473009860971
421 3138 0.5644248038359874
421 3153 -0.34010876805680695
421 3168 -0.05911379119216588
421 3182 -0.2503356181202625
421 3197 -0.10381940726733668
421 3032 -0.03625434928683381
421 3047 0.19794956465895044
422 423 0.4774335046006852
422 437 0.1990391884024878
422 3242 -0.035171788470605564
422 3257 0.17100826484324633
422 3272 -1.0
422 3287 0.6402946648704035
422 3303 0.01592971710494136
422 3318 0.3669415838045477
422 3333 0.34496975019609116
422 3348 -0.5789083668555604
422 3362 0.24732484733923057
422 3377 -0.49794475513784675
422 3212 -0.8481803004944201
422 3227 -0.3415616557048323
423 438 0.3853805311565434
423 3422 -0.3706223202368552
423 3437 0.26264765290489583
423 3452 -0.17185608374313396
423 3467 0.13331191472938098
423 3483 0.3473496757092434
423 3498 0.2888784181699659
423 3513 -0.5089896207502538
423 3528 -0.1483459062751235
423 3392 -0.2514420665686104
423 3407 0.1362027894886697
436 437 0.5151717343583576
436 3062 -0.5593733531606637
436 3077 0.8712785195729331
436 3092 0.005882888985519592
436 3107 0.6107440223962045
436 3123 0.42505456802476904
436 3138 0.3058302614176942
436 3153 -0.34961092326475685
436 3168 -0.1664084583470911
436 3182 -0.27950391155026416
436 3197 -0.2340026652465077
436 3032 -0.2716876116807139
436 3047 -0.02556853368824167
437 438 -0.3175167150096685
437 3242 -0.158645693007706
437 3257 -0.4417595609189542
437 3272 -0.616301533884901
437 3287 -0.054299938840183644
437 3303 -0.20926553837523978
437 3318 0.45338122762823246
437 3333 -0.8884782052589751
437 3348 -0.022128807046293622
437 3362 0.7514408985131718
437 3377 0.8614229766109169
437 3212 -0.15307116040765995
437 3227 -0.17172721925205828
438 3422 -0.293355960444268
438 3437 0.17791793696742636
438 3452 0.37295988227646587
438 3467 0.23178376469061207
438 3483 0.1699304164967963
438 3498 0.9995132658828245
438 3513 -0.13985707724788363
438 3528 -0.5469500882977016
438 3392 -0.7777889736708938
438 3407 0.3207257198686408
451 452 -0.2121256219124572
451 466 -0.19052855937273172
451 3063 -0.32050018145571724
451 3078 0.5595726224224223
451 3093 -0.4114651682025626
451 3108 0.31603894411516653
451 3123 0.45442774463400915
451 3138 -0.26537476005581906
451 3153 -0.3572747779942702
451 3168 0.0377768156588372
451 3182 -0.473260940693607
451 3197 -0.9549759243319991
451 3032 -0.8869171967955725
451 3047 0.3930178384511485
452 453 -0.2961528390381253
452 467 -0.35292086153378
452 3243 -0.3286289964452864
452 3258 -1.0
452 3273 -0.5444062283748823
452 3288 0.10440145173366099
452 3303 0.16038942502892417
452 3318 0.5741712347027155
452 3333 -0.14049875362214573
452 3348 -0.0889876399440315
452 3362 -0.3101362224029711
452 3377 -0.43560165214294067
452 3212 -0.6676369633804342
452 3227 -1.0
453 468 -0.26693981535196765
453 3423 0.0031314927078619943
453 3438 -0.7809828177360651
453 3453 0.19336521370224585
453 3468 -1.0
453 3483 0.4072952430190935
453 3498 0.3027045916779116
453 3513 -0.5870552866442655
453 3528 0.29252516874911644
453 3392 -0.1991852217997877
453 3407 0.6035486003393437
466 467 -0.2976021290671089
466 3063 -0.6239039234587452
466 3078 0.3213203288090681
466 3093 -0.5581270053736401
466 3108 -0.9316690973109149
466 3123 0.03164973309263476
466 3138 -0.5836397628987177
466 3153 0.6089940575626942
466 3168 -0.8250153617333363
466 3182 0.18473303103019453
466 3197 -0.28065555835049594
466 3032 -0.2381861053651944
466 3047 -0.11927218332356909
467 468 0.2504681047223896
467 3243 0.19594994467545163
467 3258 1.0
467 3273 -0.012111067744414956
467 3288 -1.0
467 3303 0.4126551316779975
467 3318 0.3977869571841068
467 3333 0.3090665605193104
467 3348 -0.11388765719987921
467 3362 0.4674367324142386
467 3377 -0.8445596380819503
467 3212 0.2726667809387077
467 3227 0.6188320567341155
468 3423 0.34439187947042915
468 3438 -0.03373728046552316
468 3453 -1.0
468 3468 0.5217878853663361
468 3483 0.5407297814298082
468 3498 -1.0
468 3513 -0.010792002629266134
468 3528 -1.0
468 3392 -0.331241049832104
468 3407 0.5390388107605942
481 482 -0.027905853437739915
481 496 -0.9852337491345806
481 3063 -0.28115283947839137
481 3078 -0.38800286273668566
481 3093 -0.5455212893460349
481 3108 0.2732701957023479
481 3123 -0.20956850131463067
481 3138 -0.5826374212102157
481 3002 -0.1901601328865513
481 3017 0.14259641823175617
481 3032 0.34707296938618487
481 3047 -0.3854906436563087
482 483 -0.09612024666976487
482 497 0.2801692766656308
482 3243 0.20990586937639474
482 3258 0.38018428754976585
482 3273 -0.8861035727727619
482 3288 -0.1410064608389356
482 3303 0.4459703837624447
482 3318 -0.40468612555505934
482 3153 0.3147645394491959
482 3168 -0.5550876279576545
482 3182 0.45972160150126884
482 3197 0.7422282864669525
482 3212 0.8406972734076288
482 3227 0.09954048987772215
483 498 0.2912376083116975
483 3423 -0.35293332187810805
483 3438 -0.162016737475185
483 3453 -0.4784268266216878
483 3468 -0.11574138339688732
483 3483 0.793559985063744
483 3498 0.6212544837963921
483 3333 -0.453061425265656
483 3348 -0.07276563924800561
483 3362 0.41732087749678926
483 3377 -0.7378203631846199
483 3392 -0.4346770022263763
483 3407 0.3157783464777595
496 497 0.5140223785346038
496 3063 -0.29595089144476205
496 3078 0.7956637804980277
496 3093 1.0
496 3108 -0.5147221319661245
496 3123 -0.7958698988668665
496 3138 0.5544833158257266
496 3002 0.5048249258958265
496 3017 -0.7486821418701519
496 3032 -0.24108608997944642
496 3047 -0.44444758734010475
497 498 0.29243123525497544
497 3243 0.2315622559580431
497 3258 0.6002781326549194
497 3273 -0.18149384810983116
497 3288 -0.5560853559095973
497 3303 0.6387152018546668
497 3318 -0.9042062601539607
497 3153 -0.9570261997817725
497 3168 0.19267870653024155
497 3182 0.023014924434429103
497 3197 -0.5413815714262087
497 3212 0.28297545998786333
497 3227 -0.21153079498874416
498 3423 0.5856651673456288
498 3438 -0.18514278335487652
498 3453 0.45414318821918137
498 3468 -0.059601371917412195
498 3483 -0.1009772701506965
498 3498 -0.3148282539101193
498 3333 0.286916100388664
498 3348 0.3271140860157835
498 3362 -0.3914663840062237
498 3377 -0.7902151992465303
498 3392 0.6072355859666693
498 3407 -0.1642013222660481
511 512 0.31299198470263195
511 526 -0.0255605015716428
511 3063 -0.48776557983731617
511 3078 0.1419351783427473
511 3093 -0.10848727828077784
511 3108 -0.37575749312012197
511 3123 -0.3634143962417302
511 3138 0.07073477848359931
511 3003 0.40952605058776187
511 3018 0.026705881493414105
511 3033 0.18365987100992853
511 3048 0.557122504641299
512 513 -0.05306852340085522
512 527 -0.3780684986662807
512 3243 0.40964657063031457
512 3258 -0.26582571238319186
512 3273 -1.0
512 3288 -1.0
512 3303 0.06546141235014785
512 3318 0.7606777643218976
512 3153 0.4751992216461331
512 3168 0.5735518724530687
512 3183 -0.5065642400844601
512 3198 -0.18477633193540638
512 3213 0.1355936093543657
512 3228 0.42733002375014817
513 528 -0.7636732888843605
513 3423 0.6112486801250769
513 3438 0.5900579629003299
513 3453 0.0034359267356964965
513 3468 -0.2150683502583136
513 3483 -0.37708123005027633
513 3498 -0.33283443526877876
513 3333 0.21691675880001543
513 3348 0.1196232866003364
513 3363 0.11818224829080197
513 3378 0.2821913597103132
513 3393 -0.04949237903372988
513 3408 0.21874161423281982
526 527 -0.0410034310594533
526 3063 0.3869215559778135
526 3078 0.13469031753695138
526 3093 -0.7362265702194022
526 3108 0.8475970174267736
526 3123 -0.09576148133138161
526 3138 -0.2105487483713136
526 3003 -0.32059811229446417
526 3018 0.12924736600899392
526 3033 0.12175609592688728
526 3048 0.3828656636661163
527 528 0.1781725378434405
527 3243 0.06664690828807207
527 3258 0.3301758366999779
527 3273 0.2477550708711945
527 3288 0.05804738724543268
527 3303 -0.5273405118028061
527 3318 -0.22928573730182225
527 3153 0.5470603725240797
527 3168 -0.6041570123637808
527 3183 -0.8054055731231173
527 3198 -0.06376050028767452
527 3213 0.033473845400867105
527 3228 -0.5602308377365827
528 3423 -0.24579020966079862
528 3438 -0.4991229296830831
528 3453 0.5814886065996158
528 3468 0.1589896405252958
528 3483 -0.5942049447818496
528 3498 -0.09240979246514384
528 3333 0.8644074979094332
528 3348 -0.3160359926989163
528 3363 0.04960934690182558
528 3378 0.326693467745522
528 3393 0.3502743934161239
528 3408 -0.0092172656136325
541 542 -1.0
541 556 0.25740547583926854
541 3063 -0.45784554079044804
541 3078 -0.5355305193774191
541 3003 -0.5677639820449958
541 3018 -0.45550304907213457
541 3033 -0.36192253965879567
541 3048 0.11082500878036125
542 543 -0.310943613692294
542 557 -0.341491462446909
542 3243 -0.854254465977457
542 3258 -0.07730913323816525
542 3093 0.43335680076374544
542 3108 0.0709520786752026
542 3123 -0.4110265103092106
542 3138 -0.8908882101007353
542 3153 -0.31031516567670886
542 3168 -0.6200508854226779
542 3183 0.5970436007266883
542 3198 -1.0
542 3213 -0.10657974292063657
542 3228 0.4797240271283425
543 558 0.5097927100351007
543 3423 -0.11710023878378985
543 3438 0.13384446133264635
543 3273 -0.39809180377807823
543 3288 -0.25189844829908536
543 3303 -0.46929445413646725
543 3318 -0.7611073517817655
543 3333 -0.5724934543090098
543 3348 -0.12011347672479057
543 3363 0.6349670382180901
543 3378 0.1190552846818346
543 3393 0.020860208162156363
543 3408 0.1448702613559186
556 557 0.47313011068683497
556 3063 -0.5037861273580223
556 3078 0.7021357486984812
556 3003 0.004851036375523642
556 3018 -0.2341378238623328
556 3033 0.048719471905419184
556 3048 0.4056956269893669
557 558 0.17330020836410825
557 3243 -0.035292595040291835
557 3258 -0.07142962293074802
557 3093 0.6914615335138942
557 3108 -0.5236378106571793
557 3123 0.404956537609784
557 3138 -0.49518772206108835
557 3153 -0.4823187335025808
557 3168 -0.46875460211853465
557 3183 0.09477644792896008
557 3198 0.3879132122107443
557 3213 -0.0070350668432071165
557 3228 1.0
558 3423 0.7642830954231875
558 3438 0.508492367315163
558 3273 -0.2240613333137127
558 3288 -0.5680202857374971
558 3303 -0.6626694658690816
558 3318 0.09265256841437931
558 3333 -0.65822001495737
558 3348 -0.7363098322527588
558 3363 0.6713188668212025
558 3378 -0.7556475890665308
558 3393 0.44904038626803744
558 3408 -0.2185545227645296
571 572 -0.09682932160802785
571 586 0.03278271856441458
571 3063 -0.46645582403343966
571 3078 1.0
571 3003 1.0
571 3018 1.0
571 3033 0.5173821052745328
571 3048 0.4896419670704637
572 573 -0.09491257452794352
572 587 -0.3392776788842249
572 3243 0.22527352451781207
572 3258 -0.12776817841338534
572 3093 -0.11225405969952602
572 3108 -1.0
572 3183 -0.303695820694353
572 3198 -0.44719967344635625
572 3213 0.022949886302752517
572 3228 0.34679584947678427
573 588 -0.04674168881357972
573 3423 0.21686487197272014
573 3438 -1.0
573 3273 -0.6066370713980829
573 3288 -0.25500135648043415
573 3363 0.2955483589421584
573 3378 -0.04597831500874992
573 3393 -0.9161048606031934
573 3408 0.318288005615705
586 587 0.7425081532561141
586 3063 0.6731904557790146
586 3078 -0.5558808492570783
586 3003 0.16415289312507525
586 3018 -0.752824948704399
586 3033 -0.35098531716101566
586 3048 0.1275879465669456
587 588 -0.43211916946440226
587 3243 -0.028000349191573758
587 3258 -0.5587130148347289
587 3093 -0.2703270658300906
587 3108 0.9116313876320706
587 3183 -0.09329255568539103
587 3198 -0.16770193046579582
587 3213 -0.2699188676922572
587 3228 0.3445018947350262
588 3423 0.17671583007612707
588 3438 -0.26097860992445926
588 3273 0.22226026326971415
588 3288 -0.21202520528013485
588 3363 -0.14142514839978573
588 3378 -0.41581820643282724
588 3393 -0.011416873405734005
588 3408 0.925220031843949
3001 3002 -1.0
3001 3016 -0.2406206297658834
3002 3003 -0.0029967342556169118
3002 3017 0.01206423933327147
3003 3018 -0.5666426300431806
3016 3017 -0.17769569540470287
3017 3018 -0.18999979146157364
3031 3032 -0.12506971298914368
3031 3046 -0.03777482270073437
3032 3033 0.8456413149128316
3032 3047 0.19475413750765685
3033 3048 0.5105068124522879
3046 3047 -0.7364895477420634
3047 3048 0.7704872010064923
3061 3062 0.0743216966961326
3061 3076 0.06507207279606828
3062 3063 1.0
3062 3077 0.02995411015617296
3063 3078 0.9500160959130715
3076 3077 0.38607532399806366
3077 3078 0.05513359589404754
3091 3092 0.4229439846088957
3091 3106 0.384099175324046
3092 3093 0.08878455374431905
3092 3107 0.48610792172279726
3093 3108 0.22595400518640138
3106 3107 -0.26047699691990756
3107 3108 0.3723795771752284
3121 3122 0.6550326721586641
3121 3136 -0.2709825740103229
3122 3123 0.19397970322630087
3122 3137 0.6780082139795394
3123 3138 0.21261544398252089
3136 3137 0.5134628640516791
3137 3138 -0.20724923028144787
3151 3152 -0.3024336233370035
3151 3166 0.8500808614352827
3152 3153 -0.28877239510499453
3152 3167 -0.12338409253158833
3153 3168 0.5517526369627932
3166 3167 -0.14662817773359246
3167 3168 -0.7152927705977112
3181 3182 0.46908227740412173
3181 3196 -1.0
3182 3183 -0.013079192231498627
3182 3197 0.45476486281385914
3183 3198 -0.734576995435688
3196 3197 0.20103331342803502
3197 3198 0.1786984036040128
3211 3212 -0.24556204970182552
3211 3226 0.7386779683428379
3212 3213 0.09450135603120838
3212 3227 -0.7053020714407457
3213 3228 -0.1450298142955653
3226 3227 0.748633816066481
3227 3228 -0.2594026023139016
3241 3242 0.38923670084160467
3241 3256 0.08682983192018895
3242 3243 0.47227162142422363
3242 3257 0.15095550847490743
3243 3258 -0.04345202219288985
3256 3257 0.3115356532521904
3257 3258 0.453661866034597
3271 3272 0.8470602154740476
3271 3286 0.06404789786191288
3272 3273 -0.1722173721245273
3272 3287 0.22705379810298212
3273 3288 -0.0969486851659697
3286 3287 0.3614631784113072
3287 3288 0.5822867568026191
3301 3302 0.18115570727867036
3301 3316 0.577729946742911
3302 3303 0.03167832584084916
3302 3317 -0.21677586369623145
3303 3318 0.1770440118789953
3316 3317 0.4659445367535594
3317 3318 0.9950694390195309
3331 3332 0.03886730128824564
3331 3346 -0.05093735480274813
3332 3333 0.7015398115658401
3332 3347 0.05541798720312746
3333 3348 -0.13574375416878057
3346 3347 -0.1715936777393711
3347 3348 0.18045926658066375
3361 3362 0.29581393777679493
3361 3376 -0.3153611512061532
3362 3363 0.43292958931269193
3362 3377 0.19668253946910924
3363 3378 -0.43117957316385885
3376 3377 0.0523030142173134
3377 3378 -0.3774417471600752
3391 3392 0.5868285814169452
3391 3406 1.0
3392 3393 -0.15046016963743097
3392 3407 -0.09857043883302388
3393 3408 0.18554678874758854
3406 3407 -0.4933631420184361
3407 3408 -0.8190367522045925
3421 3422 -0.4812722906557494
3421 3436 0.44357665726234746
3422 3423 0.5130633650023693
3422 3437 0.37183358362353397
3423 3438 0.3309313504207078
3436 3437 0.09877224055115763
3437 3438 -0.12137491277591345
3451 3452 -0.060597201266275075
3451 3466 0.2762980275346855
3452 3453 -0.6762799064002125
3452 3467 0.7022001426161856
3453 3468 -0.7058146674748332
3466 3467 -0.620123298098787
3467 3468 0.25370983772200745
3481 3482 -0.14893773714068842
3481 3496 -0.31396713648314933
3482 3483 -0.37431812777276907
3482 3497 -0.22207355874904533
3483 3498 0.1101250924736866
3496 3497 0.035629147642496486
3497 3498 -0.4170708546043026
3511 3512 0.06721139833920095
3511 3526 -0.10752261063514662
3512 3513 -0.057373512150214405
3512 3527 0.07882546577615557
3513 3528 -0.4109858629856455
3526 3527 -0.2842824352660839
3527 3528 0.3565903330426166
