# 
603 603 -0.3495863548642696
604 604 -0.037226228684263375
605 605 -0.8555850867331039
618 618 0.40096998423874886
619 619 1.2055847401230597
620 620 -0.8343524354229143
633 633 -1.728613083793315
634 634 -0.01882126395081243
635 635 0.23045523543605267
648 648 -0.5984492310323843
649 649 0.8176155682511722
650 650 0.4185684495449618
663 663 0.808756381837038
664 664 -1.305494988277356
665 665 -0.725656256685073
678 678 -1.59385383483219
679 679 -0.059008528137342385
680 680 -0.35245015019134357
693 693 -0.26782502829357385
694 694 -1.393274927839451
695 695 -0.167580514015053
708 708 -0.08960466258648
709 709 1.3908571331494868
710 710 0.9489551040802098
723 723 0.887033988590817
724 724 0.5000703099646279
725 725 -0.34523008923014037
738 738 -2.0262589236381663
739 739 0.05508508907397367
740 740 -1.4841167447870773
753 753 -0.6209797566472334
754 754 -2.162781512577535
755 755 1.74874853235793
768 768 0.8777655045142215
769 769 -1.0835623003816641
770 770 -0.6258458164898787
783 783 -1.3699425930123286
784 784 2.3097828464935466
785 785 -0.3506142759238863
798 798 -1.0227473388609636
799 799 0.5261051169918431
800 800 1.2600135098003091
813 813 0.15473101756545748
814 814 -1.2898985829394998
815 815 0.4636539452895862
828 828 -1.572477631853499
829 829 -0.048455216512123436
830 830 -1.8735759162646302
843 843 -0.5313947713942577
844 844 1.5220887603905495
845 845 0.002991953806257962
858 858 -0.08304116220804322
859 859 -0.2426500176133339
860 860 -0.1127679410514357
873 873 -0.7829158596794916
874 874 -1.2823379995686572
875 875 -0.9098549305888294
888 888 0.319298165828031
889 889 -1.2026583643609738
890 890 1.167972296072216
903 903 -0.7694343627422935
904 904 0.37996354960795303
905 905 -0.9542073727596758
918 918 0.03021284409581301
919 919 0.5555350650694857
920 920 -0.701544820045942
933 933 -1.0423602565764905
934 934 2.070480998705935
935 935 -0.2916152000644282
948 948 -0.45025060408999734
949 949 -0.008994165776776758
950 950 0.4898416845029588
963 963 -0.7937484512923569
964 964 -0.7054763662668471
965 965 0.30718459528649433
978 978 -0.8580379621705334
979 979 0.1454739746193769
980 980 -0.4302956436169524
993 993 0.05628583717463371
994 994 0.000600468221639686
995 995 0.6309531778964511
1008 1008 -1.2418634029670828
1009 1009 0.0888438708775271
1010 1010 0.5460460728470958
1023 1023 0.004390178146570678
1024 1024 -0.29375407956676336
1025 1025 -0.4143406331832223
1038 1038 0.6707303062259581
1039 1039 -0.9849794222536737
1040 1040 -0.018136799994919597
1053 1053 -0.5812851075600334
1054 1054 1.9262035520238168
1055 1055 -0.14753009611809273
1068 1068 -0.7093896889269138
1069 1069 2.224707351496747
1070 1070 0.308653714318031
1083 1083 -0.7082229361487715
1084 1084 -0.7825332772416325
1085 1085 -0.48841617106602514
1098 1098 0.2656550859220929
1099 1099 -2.0175325673900537
1100 1100 0.12172610272125013
1113 1113 -0.3369159413636954
1114 1114 -0.9654091200970402
1115 1115 1.0145130490251026
1128 1128 0.35779315824244545
1129 1129 0.8499984940518365
1130 1130 -2.8321776407931134
3364 3364 -0.4135258477581477
3365 3365 0.17928687856599163
3366 3366 -0.5511864349523746
3379 3379 -0.13841127941450382
3380 3380 -1.2108995806640275
3381 3381 -0.7243719263513854
3394 3394 -0.6093306036315616
3395 3395 0.17357538407507475
3396 3396 0.3904149732607004
3409 3409 -0.8987405647033553
3410 3410 -0.6502071592031012
3411 3411 1.4649836338449387
3424 3424 -0.2575088065893638
3425 3425 -0.6343577375830582
3426 3426 -1.4659413452527805
3439 3439 -1.2996599315754265
3440 3440 -1.1296464143992502
3441 3441 -1.1547626037695835
3454 3454 -1.171862171201782
3455 3455 1.4124823710519256
3456 3456 1.8478062963788058
3469 3469 0.4465243089202058
3470 3470 -1.575078653426592
3471 3471 -1.0724936514345993
3484 3484 -0.9538199647325424
3485 3485 0.008380020703439822
3486 3486 1.6373144452764423
3499 3499 -1.3697384043999885
3500 3500 -0.06221538166126816
3501 3501 0.35923016437919
3514 3514 -1.1205208087158478
3515 3515 -0.3319720848979895
3516 3516 -0.657563985206797
3529 3529 0.6636147918373348
3530 3530 0.892894636042729
3531 3531 -0.653265420087812
3544 3544 0.5891441314419797
3545 3545 1.0747845533569738
3546 3546 1.4288980131898343
3559 3559 -1.7291042078023364
3560 3560 1.5076319023448663
3561 3561 0.15908901430105582
3574 3574 0.04249175404262722
3575 3575 -0.365345785386155
3576 3576 0.45662152886910773
3589 3589 -0.034109430517329176
3590 3590 0.14796178286781464
3591 3591 -0.10951277813955337
3604 3604 -1.9686128088279815
3605 3605 1.313244480667656
3606 3606 0.7236458021498804
3619 3619 -1.0544586494703545
3620 3620 2.015787984475433
3621 3621 -1.187669227049456
3634 3634 0.31134360199159195
3635 3635 -0.8027959639951343
3636 3636 -0.4644731125359832
3649 3649 -2.1576098367730934
3650 3650 -0.9712093361084487
3651 3651 1.2065043410062906
3664 3664 1.565857376875176
3665 3665 -0.4601459955900774
3666 3666 -0.45842743057907787
3679 3679 0.20277090938674883
3680 3680 0.46452116462776405
3681 3681 0.08006006511572213
3694 3694 1.118028360309402
3695 3695 -0.6416647789098557
3696 3696 -2.179490978306679
3709 3709 -0.8214768436218586
3710 3710 1.0464482195494094
3711 3711 -0.21787272498864294
3724 3724 -0.9550332904311954
3725 3725 0.12333585137056641
3726 3726 -1.1945678851635728
3739 3739 -0.7426648717285247
3740 3740 -0.36719980576806405
3741 3741 -2.233495488722488
3754 3754 0.18278132136826772
3755 3755 -1.547172201409858
3756 3756 0.43529122320664415
3769 3769 -1.0294580079093187
3770 3770 2.355516258997938
3771 3771 0.7187141282803917
3784 3784 -0.5741582119616634
3785 3785 1.5049938184481666
3786 3786 -1.592723294346944
3799 3799 1.2619997815870174
3800 3800 1.7177730272978096
3801 3801 0.16158130848330146
3814 3814 -1.172980663539233
3815 3815 -0.9027842487821808
3816 3816 -0.8461695049883994
3829 3829 -0.8264679810327554
3830 3830 -0.16614167795036355
3831 3831 -1.4139261657597586
3844 3844 0.2039247811892834
3845 3845 -0.4642449799588717
3846 3846 1.120028193335702
3859 3859 0.13843236539706386
3860 3860 0.7516607989486315
3861 3861 1.4009533409723784
3874 3874 -0.10370817155693161
3875 3875 0.927096997958721
3876 3876 0.28976490060660176
3889 3889 -0.3578895004668429
3890 3890 0.7633057444749288
3891 3891 -1.8099132802474405
603 604 0.20396617380927642
603 618 1.0
603 3484 -0.1525343311506629
603 3499 0.0614898615597257
603 3514 -0.23084869387435747
603 3529 0.4840111993340104
604 605 1.0
604 619 -0.4880379373450876
604 3664 -0.019105413002285992
604 3679 0.016920092176940123
604 3694 -0.03519575962333308
604 3709 -0.10425796876493969
605 620 -0.3474545798679135
605 3844 0.13066604827825656
605 3859 0.001002561981401957
605 3874 -0.3292665852967128
605 3889 -0.29950330810648845
618 619 -0.19215475884540362
618 3484 -0.28805134913961156
618 3499 0.028902109560481486
618 3514 -0.035425576511476306
618 3529 -0.0288660652649629
619 620 -0.3443307978697585
619 3664 0.0774694882687761
619 3679 -0.6530462580678458
619 3694 0.2445143853359794
619 3709 0.5270311273800434
620 3844 0.31290637616099704
620 3859 -0.9153983857209103
620 3874 0.42029304271961154
620 3889 -0.5179933054330811
633 634 -0.027310127449995253
633 648 0.3492703767050946
633 3424 -0.9178388520467491
633 3439 -0.3196545127072403
633 3454 0.2976067636352914
633 3469 -1.0
633 3484 0.406364754751814
633 3499 -0.1951513690961455
633 3514 -0.7907640959439877
633 3529 -0.20729093087042416
634 635 0.1618079397772047
634 649 0.7784732101590381
634 3604 0.03386354034278746
634 3619 0.49239182089898925
634 3634 0.5862055058643596
634 3649 0.22801284698350016
634 3664 -0.4433554411415003
634 3679 0.12593807143571017
634 3694 0.29156898043720586
634 3709 0.8827318251995905
635 650 0.6082277663304981
635 3784 -0.3402555855397319
635 3799 -0.4273099125982449
635 3814 0.5532282792452954
635 3829 -0.14030803070150635
635 3844 -0.5118582624860708
635 3859 -0.08296705482225117
635 3874 -0.5606069369434438
635 3889 -0.11030475196604464
648 649 -0.5970282914506019
648 3424 -0.46183925311620655
648 3439 -0.4722926290310783
648 3454 0.41592988532062447
648 3469 1.0
648 3484 -0.5181642795510732
648 3499 0.3002797585944474
648 3514 -0.49014452186999624
648 3529 -0.5843445087086407
649 650 0.6969056753042768
649 3604 -0.11358688242273451
649 3619 -0.2356703694625867
649 3634 0.07596848488268763
649 3649 -0.30282492581709225
649 3664 -0.2646114253241695
649 3679 -0.306361467738871
649 3694 0.6651638408337885
649 3709 -0.3319499637340628
650 3784 0.440658954341833
650 3799 0.2965241445274967
650 3814 0.3564358243182149
650 3829 -0.0944367325511324
650 3844 0.589743274299073
650 3859 -0.4980427117376885
650 3874 0.15260839122129669
650 3889 -0.7093999131008356
663 664 0.32339357691794485
663 678 -0.03454847728533804
663 3424 0.7216337590743213
663 3439 0.7983760389534493
663 3454 -0.19006507885781568
663 3469 0.12188433956900871
663 3484 0.5402763804784909
663 3499 0.11590947203556723
664 665 -0.24328499335446155
664 679 -0.549487146252536
664 3604 -0.3465252434826995
664 3619 -0.481932050549102
664 3634 -0.47494981368840594
664 3649 0.44624888193463025
664 3664 -0.24608568257350347
664 3679 -0.2537105104264202
664 3514 0.1047336376137713
664 3529 0.2828491260237671
665 680 -0.26302617385458504
665 3784 -0.33636276180338986
665 3799 -0.7599136671509058
665 3814 -0.16773099228077556
665 3829 -0.7389777404963463
665 3844 0.5391398511488776
665 3859 0.3792148960315433
665 3694 -0.27186431851133247
665 3709 0.043681120248913956
678 679 -0.645451298651746
678 3424 -0.1529340670731226
678 3439 -0.01731430937402608
678 3454 -0.7047798686100818
678 3469 -0.1367337022895889
678 3484 -0.08696219925097325
678 3499 0.35165369060556356
679 680 -0.5156399020977308
679 3604 -0.04103365078781401
679 3619 -0.711622851876845
679 3634 -0.022735372497805936
679 3649 -0.4639950376532358
679 3664 0.7438441768820793
679 3679 0.17538522434529785
679 3514 -0.40523944692977226
679 3529 0.6709731033896494
680 3784 0.18360106066267112
680 3799 0.8062944496444876
680 3814 -0.3297270892370341
680 3829 -0.7806812017570459
680 3844 0.063822993727969
680 3859 -0.16804917570485398
680 3694 0.29404629292029266
680 3709 0.167623976530672
693 694 -0.2445044509124649
693 708 0.41698983291864655
693 3424 0.34362502029801867
693 3439 0.26642036127983976
693 3454 0.30984153013637816
693 3469 0.5331610203634974
693 3484 0.4535818278977492
693 3499 -0.5312315211588203
693 3364 -0.5000260407646345
693 3379 0.17656571370440244
693 3394 0.8684842566252045
693 3409 -0.44598037119040645
694 695 0.9187118806506716
694 709 0.08683851778447818
694 3604 0.5764090086127651
694 3619 0.4577527673017745
694 3634 -0.2837036516241507
694 3649 0.5529322071570996
694 3664 0.5157787352410413
694 3679 -0.5025998795543963
694 3514 -0.8606034931476534
694 3529 -0.08528125778371864
694 3544 0.9844858569416435
694 3559 -0.23909042999613347
694 3574 -0.18546375669024706
694 3589 -0.025426658145368517
695 710 0.6317450003362892
695 3784 0.16180756114470143
695 3799 0.12861644273919393
695 3814 -0.16204524280118687
695 3829 0.49408236284826484
695 3844 -0.17948297028607865
695 3859 0.34086779657984634
695 3694 -0.023893634212352046
695 3709 0.5275669884564487
695 3724 0.13376389387900137
695 3739 -0.0011597476461151365
695 3754 0.32585579450381963
695 3769 -0.1130084919143523
708 709 -0.2026439030728357
708 3424 -0.34494860509258374
708 3439 0.46293473250900496
708 3454 0.7045662648213178
708 3469 -0.15188019873818853
708 3484 -0.12119733522219782
708 3499 0.4583823502396568
708 3364 -0.7845798818014178
708 3379 -0.03534475621853336
708 3394 -0.2034903417397539
708 3409 -0.7898086541681912
709 710 0.5894969732376486
709 3604 -0.47176587597488734
709 3619 -0.12216457105609875
709 3634 0.04706014902479668
709 3649 -0.16590420733331954
709 3664 0.052009890864461214
709 3679 -0.37564255412938785
709 3514 -0.1318849293308263
709 3529 -0.32085047097974434
709 3544 -0.4878229144851093
709 3559 0.6360613608279979
709 3574 1.0
709 3589 0.23075433634631012
710 3784 -0.9660254475313497
710 3799 0.3806047551109534
710 3814 1.0
710 3829 -0.3835232704907691
710 3844 -0.9916931188622073
710 3859 0.45747820521035365
710 3694 0.4278467999382585
710 3709 1.0
710 3724 -0.2534381482318009
710 3739 0.41904202669940094
710 3754 -0.34953120924003733
710 3769 0.34786674717227056
723 724 0.26743342554161337
723 738 0.5343274686894003
723 3424 -0.15890094317402648
723 3439 -1.0
723 3364 1.0
723 3379 0.9943594912808815
723 3394 0.007616675373755747
723 3409 0.9704503868435915
724 725 -0.0936606108108506
724 739 0.24681434243138198
724 3604 -0.6449131335070997
724 3619 0.5787472801055078
724 3454 -0.5469994549431065
724 3469 -1.0
724 3484 -0.20780030158630403
724 3499 1.0
724 3514 -1.0
724 3529 0.14353589526696703
724 3544 0.21854853657871284
724 3559 -0.5569803269748327
724 3574 0.2954887360323002
724 3589 -0.5171706840261587
725 740 0.22831172313687656
725 3784 0.11667295529842907
725 3799 0.5080198227118614
725 3634 -0.39388709960310064
725 3649 -0.04809935664373475
725 3664 -0.015981856206154273
725 3679 0.06412429300169054
725 3694 -0.27380025234425764
725 3709 0.3410071267995061
725 3724 -0.37714178606044285
725 3739 0.30721676551796395
725 3754 -0.6133164129176634
725 3769 -0.4633965480646538
738 739 -0.7870676241948584
738 3424 0.25145884522298145
738 3439 -0.1594555532968222
738 3364 -0.9203083331161592
738 3379 0.346819380451502
738 3394 -0.5544186254098877
738 3409 0.3915348201055131
739 740 -0.7873465483922414
739 3604 0.29726988475611954
739 3619 -0.34387633137759194
739 3454 0.9268442854482617
739 3469 -0.5894460300834506
739 3484 -0.261419221106092
739 3499 -0.1580515384719325
739 3514 0.3282061157934321
739 3529 -0.00783346608162784
739 3544 -0.7085131806902982
739 3559 -0.6409814861162351
739 3574 0.607040884740985
739 3589 -0.15300924532885912
740 3784 -0.7062503595119205
740 3799 -0.4969218828158705
740 3634 -0.4902029835012119
740 3649 -0.11281232989905476
740 3664 -0.04694675045827036
740 3679 0.586469950634369
740 3694 -0.7545909815495143
740 3709 0.015392519939514515
740 3724 -0.46075853156978164
740 3739 -0.8086243688004743
740 3754 -0.2362079554361097
740 3769 0.5957376863012076
753 754 -0.3157642511251119
753 768 -0.06150479115229253
753 3424 0.13370735967820224
753 3439 -0.4012287005769992
753 3364 0.5358766991025625
753 3379 -0.5091959489210811
753 3394 -0.03984969627944541
753 3409 0.5001530608997773
754 755 0.20545948125667934
754 769 0.9248158400499836
754 3604 0.22406048093666803
754 3619 0.504870465807208
754 3454 0.9042968203299443
754 3469 0.13518074335759062
754 3485 0.05128798942701772
754 3500 -0.1651714033873512
754 3515 -0.004540082555945408
754 3530 0.40987251521000345
754 3544 0.6706338956875806
754 3559 -0.4560299009930837
754 3574 0.00034231316931165445
754 3589 -0.5616823312325606
755 770 0.4802543321717873
755 3784 -0.10447725622210031
755 3799 -0.3236353660927624
755 3634 0.11415072283101076
755 3649 -0.28816362607252505
755 3665 0.44933992975262554
755 3680 0.658405952759596
755 3695 0.16073986830342668
755 3710 0.034579915446653404
755 3724 -0.45598023944082966
755 3739 0.7029341218897037
755 3754 -0.14302304384809553
755 3769 -0.7192494239245809
768 769 0.5476586922301455
768 3424 -0.4935231962937192
768 3439 0.5776961942755002
768 3364 0.4780400122029008
768 3379 0.28851708536253023
768 3394 -0.4382982686028214
768 3409 0.09759918310733641
769 770 0.2988025947429574
769 3604 0.35344782135762914
769 3619 0.04835779159976987
769 3454 -0.11145845637990258
769 3469 -0.009787815474808887
769 3485 -0.02312714407780989
769 3500 0.3520270580899964
769 3515 0.3424692696558472
769 3530 -0.7819099199601559
769 3544 -0.11757470588606637
769 3559 0.8551522557948354
769 3574 0.2848357307369439
769 3589 0.022150658212507904
770 3784 -0.6021148341077004
770 3799 0.34109133280119
770 3634 -0.1485044017686503
770 3649 0.2807342547338205
770 3665 0.3932028809367249
770 3680 0.01581077517695453
770 3695 0.19798181812083265
770 3710 0.02359652505685846
770 3724 0.813440660677358
770 3739 -0.3058964064018454
770 3754 -0.06645555686706471
770 3769 0.3365183169325107
783 784 -0.9784020018908144
783 798 0.24986398897079623
783 3424 0.21504102285771612
783 3439 0.8654239994131329
783 3454 -1.0
783 3469 -0.29389118064281267
783 3485 -0.00027358624640576236
783 3500 0.461988115602273
783 3515 -0.8785872253422772
783 3530 -0.08548411678853686
783 3544 0.13245541126644583
783 3559 -0.8479944093680275
783 3394 -0.14841614673999282
783 3409 0.14030811260618634
784 785 -0.5493891228812322
784 799 0.13801244073212793
784 3604 -0.18334262241571905
784 3619 0.5377966084631882
784 3634 0.1796022969068659
784 3649 -0.2646418771067112
784 3665 0.2202017214520029
784 3680 0.8036698323237768
784 3695 -0.018128323306985442
784 3710 -0.9249116477859922
784 3724 0.27559487632442736
784 3739 0.5461422575826518
784 3574 0.22010915070173762
784 3589 -0.15177776033734838
785 800 -0.9294915063234132
785 3784 -0.7910768538282986
785 3799 -0.553345772482662
785 3814 0.6605896559133183
785 3829 0.45757298233690974
785 3845 -0.0437184584488067
785 3860 -0.4099696267357943
785 3875 -0.13005018984299704
785 3890 0.04421846972683434
785 3754 0.8336191964144004
785 3769 -0.03825350680040593
798 799 0.18012019743054214
798 3424 -0.8781204089629524
798 3439 -0.04988163982112744
798 3454 -0.07113791772281254
798 3469 -0.3147132551240802
798 3485 -0.12171128721391197
798 3500 0.35062358786261644
798 3515 -1.0
798 3530 -0.038957417658854715
798 3544 0.23580596188445804
798 3559 -0.429347127405385
798 3394 -0.42745452340560536
798 3409 -0.9449638944536013
799 800 0.8096017397394637
799 3604 0.199844437919232
799 3619 -0.059957282623852505
799 3634 0.18637970198276826
799 3649 -0.1608968523731252
799 3665 -0.32941191280787746
799 3680 0.23983446438351155
799 3695 0.26938969306930705
799 3710 0.34619402464938137
799 3724 0.33614915159142494
799 3739 -0.41452287489776796
799 3574 -0.10045902191557915
799 3589 -0.2239856269955211
800 3784 0.5327831566038487
800 3799 0.47712920490048677
800 3814 0.24182777679724665
800 3829 -0.4018945737654691
800 3845 -0.004289571415740691
800 3860 -0.5131356996548047
800 3875 0.5594201036659842
800 3890 -0.2579377462831074
800 3754 -0.10771062780167233
800 3769 -0.06575928149687459
813 814 0.03962596149110285
813 828 -0.1529949453173226
813 3425 0.28878903242321996
813 3440 -1.0
813 3455 -0.27237600717578064
813 3470 -0.1863270832666832
813 3485 0.1424328851449985
813 3500 0.7853028618113593
813 3515 -0.29249415944294266
813 3530 0.5466112140304863
813 3544 -0.15245683950213446
813 3559 0.36739090981772504
813 3394 0.8869325778456713
813 3409 0.5718232606119021
814 815 0.042328344412364466
814 829 0.27261972137926693
814 3605 0.35882484656866304
814 3620 -0.5630226343681622
814 3635 0.12541526829197694
814 3650 -0.15141129881641238
814 3665 -0.605291464540691
814 3680 0.4451608940579041
814 3695 0.19960063389273142
814 3710 0.3477722301242607
814 3724 0.18364382015724365
814 3739 -0.6858324732095666
814 3574 0.04062918864782865
814 3589 -0.036550583432780136
815 830 -0.11885317996660107
815 3785 0.3988869977554238
815 3800 -0.4846841532146721
815 3815 0.42287213741323104
815 3830 -0.2823430303036487
815 3845 0.5853755528909964
815 3860 -0.6353724284195685
815 3875 1.0
815 3890 1.0
815 3754 0.4540673035158542
815 3769 1.0
828 829 0.558312158405106
828 3425 -0.22202287566358817
828 3440 0.8138743873597735
828 3455 1.0
828 3470 0.39579907857262087
828 3485 -0.47898744106844515
828 3500 0.5115770279154709
828 3515 0.013321301852970242
828 3530 -0.33455469001875593
828 3544 -0.4203905699266778
828 3559 0.4384102663815669
828 3394 0.3057573785767065
828 3409 0.4806503900428371
829 830 0.32082000565967145
829 3605 0.23709783167615006
829 3620 -0.4664625667944776
829 3635 0.5710024255417462
829 3650 0.8003382236786847
829 3665 0.07236882735319915
829 3680 0.8361990589747123
829 3695 -0.8276028484706021
829 3710 -0.08909290881045182
829 3724 0.5738420855729526
829 3739 -0.42025962121804733
829 3574 -0.1798417859247227
829 3589 0.6510153737453801
830 3785 -0.2528789790721637
830 3800 -1.0
830 3815 0.2665785562063517
830 3830 -0.8552600766475781
830 3845 0.5824242678148563
830 3860 -0.23480363220104003
830 3875 -0.06339291370119855
830 3890 0.7587168832083756
830 3754 0.43914307163429317
830 3769 -0.3623970528478725
843 844 0.23063406818328383
843 858 0.5510586046162812
843 3425 -0.13405309049955158
843 3440 -0.6211413422251348
843 3455 0.6028418606525427
843 3470 -0.24481699267822424
843 3485 -0.8186781154641979
843 3500 0.3770218607690532
843 3364 0.7147289187851354
843 3379 0.4885950756164988
843 3394 -0.37990409183607987
843 3409 -0.8943364449403659
844 845 -1.0
844 859 0.6432671308248487
844 3605 -1.0
844 3620 0.2228909962049638
844 3635 -1.0
844 3650 -0.19588299230931808
844 3665 0.18789806537245796
844 3680 0.22235109227096625
844 3515 -1.0
844 3530 0.8035508923182254
844 3544 -0.24769251833031347
844 3559 -0.8254289775520725
844 3574 -0.16814566284968263
844 3589 0.04241815040020182
845 860 -0.20775333334575447
845 3785 0.5615715172712639
845 3800 0.5367566541905494
845 3815 -0.30124082506277683
845 3830 -0.5145512722918572
845 3845 1.0
845 3860 0.4512285335445564
845 3695 0.9350914131437253
845 3710 -0.7465889833083643
845 3724 -0.3865249263522727
845 3739 -0.016015957569264855
845 3754 0.4012152403605201
845 3769 -0.48814898659913264
858 859 0.34940933852603656
858 3425 1.0
858 3440 -0.16071421284978657
858 3455 -0.20419957437937367
858 3470 -0.6781066271318292
858 3485 0.001834051643052727
858 3500 0.017175288167817365
858 3364 0.5083663949166884
858 3379 -0.6593511646124245
858 3394 -0.039026466225067884
858 3409 0.33438435152646384
859 860 -0.24166220691852439
859 3605 -0.7797295840135521
859 3620 -0.11920064736358571
859 3635 0.614868631299229
859 3650 -0.26083353075651555
859 3665 0.20676973022379133
859 3680 -0.5191082444210822
859 3515 0.43497729627393783
859 3530 0.47103489122985726
859 3544 0.148307857600867
859 3559 -0.15912993871808384
859 3574 -0.3842618026123944
859 3589 -0.09676717189860506
860 3785 -1.0
860 3800 1.0
860 3815 0.08321116683798833
860 3830 0.8397240649116031
860 3845 0.5337595341576189
860 3860 -0.0750369379758645
860 3695 0.21647303774305435
860 3710 -0.5363697627674123
860 3724 0.0689037422865155
860 3739 -1.0
860 3754 0.44121863617552254
860 3769 -0.0956576829804169
873 874 0.27795446614048175
873 888 -0.12389235234148288
873 3425 0.28655043758569526
873 3440 0.17901603089724938
873 3455 0.38917260693773653
873 3470 -1.0
873 3485 0.9500375172132282
873 3500 0.28308112712585054
873 3365 -0.4535234409762081
873 3380 -0.334994716782868
873 3395 -0.10798829605295383
873 3410 0.3941359010788056
874 875 -0.034610667683823516
874 889 -0.46651482327629673
874 3605 -0.08997724295135848
874 3620 0.4174161622834589
874 3635 0.5126611367308704
874 3650 -0.10464952219118463
874 3665 0.6145115524954512
874 3680 0.8444818619688589
874 3515 -0.05581750163359512
874 3530 -0.31629994773222514
874 3545 -0.06906754002842712
874 3560 0.650752765520421
874 3575 0.3037266078023895
874 3590 0.3992974533800219
875 890 0.002903517631266273
875 3785 0.06750978365431134
875 3800 -0.08396081843798622
875 3815 0.4587058081033587
875 3830 -0.8445945510148827
875 3845 0.21642888821873635
875 3860 0.33955156194005787
875 3695 -0.64720264874882
875 3710 -0.24915649921210864
875 3725 0.2710402035390363
875 3740 -0.46950672257659803
875 3755 -0.566866205713246
875 3770 0.11574061915351673
888 889 0.9409671599332986
888 3425 0.4901585302281676
888 3440 0.13208813751626183
888 3455 0.2756579471321557
888 3470 0.19714130880041736
888 3485 -0.06334506059193053
888 3500 0.5679605545257413
888 3365 0.24243225479113312
888 3380 0.34662668371307487
888 3395 -0.2450399876843344
888 3410 -0.24200558408956865
889 890 -1.0
889 3605 -0.8159358058167764
889 3620 0.23172916817425493
889 3635 0.18889627774876888
889 3650 -0.3874477579514479
889 3665 0.9583396150638345
889 3680 -0.45100367157584037
889 3515 -0.3294564461382366
889 3530 -0.4493215514387105
889 3545 0.9457814613755158
889 3560 0.1648070274559846
889 3575 -0.2319327946807801
889 3590 0.25367220197515694
890 3785 0.07219632467366133
890 3800 -0.8788793173918498
890 3815 -0.36813514928427943
890 3830 -0.08460056572918552
890 3845 0.2151719567674121
890 3860 0.1309364492347596
890 3695 -0.18127958331935456
890 3710 0.5540523113038617
890 3725 0.023165438629266233
890 3740 0.9537699812238895
890 3755 0.06762653100656892
890 3770 -0.39825354136611335
903 904 -0.37287869615541075
903 918 -0.5124521418016801
903 3425 -0.2744908019533156
903 3440 -0.9019603781665407
903 3365 0.9697857501853262
903 3380 0.33096512347296897
903 3395 0.2231104291200916
903 3410 -0.638411320812957
904 905 0.04971215812813345
904 919 0.17571557095740786
904 3605 -0.12944516643166495
904 3620 -0.29413195290963573
904 3455 -0.11018162735489473
904 3470 -0.052784631539002334
904 3485 0.39087093853150023
904 3500 -0.3071418831135918
904 3515 0.013767669400083086
904 3530 -0.37994292134637664
904 3545 0.13596246519847505
904 3560 -0.6141496328017315
904 3575 0.9765421976200291
904 3590 -0.23339198701314343
905 920 0.5742861017424967
905 3785 0.3180324378753059
905 3800 -0.7187585529683874
905 3635 0.628036292287087
905 3650 -0.04069994678343615
905 3665 -0.4869771604882516
905 3680 0.9795518841259904
905 3695 -0.39519875993250214
905 3710 0.19067241820042122
905 3725 -0.4809206608551183
905 3740 0.6654618331118929
905 3755 0.37015966235829345
905 3770 0.2926308544578978
918 919 -0.2899566041610584
918 3425 0.09938126590861773
918 3440 0.002964983160604798
918 3365 -0.13536744837460885
918 3380 -0.8644576406704215
918 3395 -0.15011827357862695
918 3410 -0.6007448880122568
919 920 0.6452267073822587
919 3605 0.12710202970678686
919 3620 0.19391208020587034
919 3455 -0.32118773033325515
919 3470 -0.45112326316952467
919 3485 0.41298714176438817
919 3500 -0.3713573891462922
919 3515 -0.25599126360220903
919 3530 -0.10062285592729472
919 3545 -0.10855697130011602
919 3560 -0.19669381421154294
919 3575 -1.0
919 3590 -0.3055577138392039
920 3785 0.6549270347567546
920 3800 -0.6223225565946258
920 3635 0.043325064835986346
920 3650 0.5396239948906155
920 3665 1.0
920 3680 -0.5269519033496639
920 3695 0.10696176166477735
920 3710 0.47455224513200867
920 3725 -0.7424012902763609
920 3740 0.29216239215287654
920 3755 0.0736507257451224
920 3770 0.10084876494293647
933 934 -0.19838357615806923
933 948 0.5642235205707011
933 3425 0.11966779474481826
933 3440 -0.07746354288911193
933 3365 -0.36841442362024673
933 3380 -0.30342272192625147
933 3395 0.06122550493032443
933 3410 0.34153895162093717
934 935 0.5319129599336123
934 949 0.025605022498527554
934 3605 0.45788907006672336
934 3620 -0.8353224926056768
934 3455 -0.6194961137751622
934 3470 0.028986988652991746
934 3486 0.5257301697169182
934 3501 -0.23484497915080657
934 3516 0.23172349405988066
934 3531 -0.9546382682406396
934 3545 0.594824236109745
934 3560 -0.22475871701830186
934 3575 0.4586159058511159
934 3590 0.014875679895726978
935 950 -0.0457213665010449
935 3785 -0.01760884175273317
935 3800 -0.06784036112997664
935 3635 0.474188745987564
935 3650 1.0
935 3666 -0.08809236637014795
935 3681 -0.06987786927061966
935 3696 0.25717109288877804
935 3711 -0.40221358855809475
935 3725 0.7034863943951094
935 3740 0.8786336261457033
935 3755 0.20774434410646106
935 3770 -0.8933487258587058
948 949 -0.3285376518696122
948 3425 0.7331102373466101
948 3440 -0.14157218303308858
948 3365 0.09739729432799375
948 3380 0.2627454364174811
948 3395 -0.5668731423587468
948 3410 -0.11427499859742818
949 950 -0.05344074753601961
949 3605 0.2961962097244312
949 3620 0.7797339114524093
949 3455 -0.658357241454882
949 3470 -0.5521826013722543
949 3486 -0.23722939819031238
949 3501 -1.0
949 3516 -0.5344859671805561
949 3531 0.5834245803011058
949 3545 -0.06658892600350995
949 3560 -0.5598157766622469
949 3575 -0.8602972116280689
949 3590 -0.4080466772423671
950 3785 0.34177961478586366
950 3800 0.8563231778553931
950 3635 -0.05060930757657418
950 3650 0.36522504695499014
950 3666 -0.09581092403487904
950 3681 -0.19644517353234678
950 3696 -0.037269761620228055
950 3711 -0.30290194213072036
950 3725 -0.29953420422024657
950 3740 -0.4829418670939428
950 3755 -0.5992369746055862
950 3770 0.0781118105568803
963 964 0.34322597891100676
963 978 0.3263616548355118
963 3425 0.00675091506789842
963 3440 -0.6444135334471195
963 3455 -0.6152101999959289
963 3470 -0.0860020494448059
963 3486 0.4136797284590575
963 3501 0.9322077783829319
963 3516 -0.1723609439878611
963 3531 1.0
963 3545 0.14718964860812678
963 3560 -0.6998106526141196
963 3395 0.023301569024877414
963 3410 -0.4279301307240741
964 965 0.2355535460136841
964 979 -0.3220991937051585
964 3605 -0.4145885430180239
964 3620 -0.02524213088559474
964 3635 -0.23507332566988431
964 3650 0.16310880767472372
964 3666 0.2610513853484265
964 3681 0.5132595385186801
964 3696 0.22343326356159787
964 3711 0.4342468578166846
964 3725 -0.051259850794688706
964 3740 0.038408950652297276
964 3575 0.7820986226554167
964 3590 0.29602702562794037
965 980 0.43995526406144253
965 3785 0.6610495502027623
965 3800 -0.29940519719412045
965 3815 0.24776544324839506
965 3830 -0.6895786996381876
965 3846 0.4068338596838093
965 3861 -0.6919051114503836
965 3876 -0.09562601669872921
965 3891 -0.3684285136328452
965 3755 -0.547137559353679
965 3770 -0.9680343761874607
978 979 -0.12658227685350112
978 3425 0.6012049964967858
978 3440 0.3388323762643326
978 3455 -0.5234524856482062
978 3470 -0.17967151413561697
978 3486 -0.15143555350144597
978 3501 0.17590477213717282
978 3516 0.32601962176560023
978 3531 0.38707554241388087
978 3545 -0.6247419115293928
978 3560 0.14241119476745076
978 3395 0.044412517322375174
978 3410 -0.2682586054731981
979 980 -0.02358214694228603
979 3605 0.32117395624254036
979 3620 0.11611276079747682
979 3635 -0.22500127526273278
979 3650 0.6982128670366882
979 3666 -0.40099014295469576
979 3681 1.0
979 3696 -0.58469619995799
979 3711 -0.3816448713139459
979 3725 0.04660541010055997
979 3740 0.44526438662171675
979 3575 0.4638811866802546
979 3590 0.5737274873966769
980 3785 0.6486582165799957
980 3800 -0.05016206984090913
980 3815 0.3749834621900931
980 3830 -0.016004088940264793
980 3846 0.6524173749213391
980 3861 -0.6910900781429168
980 3876 -0.08740575524859459
980 3891 0.41541817455181107
980 3755 0.20668024931311899
980 3770 -0.31714578256363735
993 994 0.40291959186232995
993 1008 -0.24209940902733104
993 3426 0.09053021017987284
993 3441 -0.2617683304589751
993 3456 -0.09770760313883496
993 3471 0.700456396900832
993 3486 0.184775261266149
993 3501 0.27249751529983357
993 3516 -1.0
993 3531 -0.17367869238580988
993 3545 0.19093967939363266
993 3560 -0.32320498994461855
993 3395 -0.0321154224527455
993 3410 0.06552200998462826
994 995 0.2823560246900207
994 1009 0.37874642331428077
994 3606 -0.300060953809816
994 3621 0.07875313835409153
994 3636 0.34553579999777134
994 3651 0.26277786187729685
994 3666 0.24860892562133305
994 3681 -0.523093162935074
994 3696 -0.4826518677716097
994 3711 0.1281659197463378
994 3725 0.11499722127264186
994 3740 -0.5057338509882311
994 3575 0.30171316856722735
994 3590 -0.057868021269373
995 1010 0.8152859003953207
995 3786 -0.5890472742322261
995 3801 0.9986122562754411
995 3816 0.058533493612630924
995 3831 -0.012233859776318329
995 3846 -0.1660371371045776
995 3861 -0.5400315687524567
995 3876 0.20480585419326677
995 3891 0.5165731383275408
995 3755 -0.5648072169938422
995 3770 -0.5836575172207352
1008 1009 0.3201733465575083
1008 3426 0.48196481797409846
1008 3441 -0.10413251771774903
1008 3456 -0.10926298285295094
1008 3471 0.027217151214498206
1008 3486 0.24606307842529537
1008 3501 -0.11300193507625321
1008 3516 -0.02424919597910054
1008 3531 -0.3264086977804982
1008 3545 0.2569146726975767
1008 3560 -0.07980077885273748
1008 3395 -0.39789700317908905
1008 3410 1.0
1009 1010 -0.8553311269634508
1009 3606 0.4318465425505336
1009 3621 -0.23627399060727663
1009 3636 0.8409909514863729
1009 3651 -0.02342695135653565
1009 3666 -0.2609845898659399
1009 3681 0.544979557675465
1009 3696 0.9468327618514311
1009 3711 0.7615848861144584
1009 3725 -0.054716444623301934
1009 3740 0.34680191070674854
1009 3575 0.20674723108019802
1009 3590 -0.1822987213636431
1010 3786 -0.012934077297919937
1010 3801 -0.8705918821495644
1010 3816 0.42033473674793415
1010 3831 -0.2498180145251471
1010 3846 0.02754671523443074
1010 3861 -0.3214853351235634
1010 3876 -0.10686567393505517
1010 3891 0.09915383990205882
1010 3755 0.3551339039594412
1010 3770 -1.0
1023 1024 0.09646284501357925
1023 1038 0.13517043504041515
1023 3426 -0.40442363235250217
1023 3441 -0.5622626137724264
1023 3456 -0.8544353316830319
1023 3471 -0.1708924502712471
1023 3486 -0.144761665830786
1023 3501 -0.3383458261430716
1023 3365 0.2612057619967422
1023 3380 0.34452702653522005
1023 3395 -0.06483792445906623
1023 3410 -0.11784973250871439
1024 1025 0.29149689590324807
1024 1039 -0.256139585878595
1024 3606 0.20840481492028196
1024 3621 -0.1861690453274181
1024 3636 0.2792180307831823
1024 3651 1.0
1024 3666 0.33821713293836336
1024 3681 -0.7949777178169145
1024 3516 -0.22421716287429344
1024 3531 0.2027587166387163
1024 3545 0.12857156080606316
1024 3560 -0.4612314031086039
1024 3575 0.6803226699219057
1024 3590 0.21892681727461363
1025 1040 0.19403525118271953
1025 3786 -0.1379943942535846
1025 3801 0.09366705410234652
1025 3816 -0.6927497505869532
1025 3831 -1.0
1025 3846 0.4182077867366989
1025 3861 -0.9473316950767742
1025 3696 0.28836083026898907
1025 3711 0.7725875139884858
1025 3725 0.6663616447263454
1025 3740 0.04399218288717936
1025 3755 -0.5772207091423075
1025 3770 -0.10009092336559564
1038 1039 0.5652903275471443
1038 3426 0.5760664702944657
1038 3441 0.5192423167316917
1038 3456 -0.21005636103333034
1038 3471 -0.05788944151397234
1038 3486 0.1281585439299799
1038 3501 0.04218441586375051
1038 3365 0.3025369075657116
1038 3380 0.4213757105397367
1038 3395 0.3067839932418902
1038 3410 -0.09653407718772457
1039 1040 -0.7465550860238079
1039 3606 0.6085347716990195
1039 3621 0.41269233533315464
1039 3636 -0.3472873551241593
1039 3651 0.4888328588838371
1039 3666 -0.8833404473093853
1039 3681 0.6867644311896757
1039 3516 0.5702658403567565
1039 3531 -0.13294563580874788
1039 3545 0.24118934221909033
1039 3560 0.9492064118843094
1039 3575 -0.5777108943342384
1039 3590 0.3528945924787406
1040 3786 0.15346371452223867
1040 3801 0.028580164633181537
1040 3816 -0.25819169432198513
1040 3831 0.665601048229702
1040 3846 -0.21756749285667312
1040 3861 -0.3413045703701383
1040 3696 -0.03487191177843961
1040 3711 -0.4156623495817908
1040 3725 -0.2802378225899799
1040 3740 0.2515138741325016
1040 3755 0.3319939165380874
1040 3770 -0.7974007637622621
1053 1054 -0.652710099684052
1053 1068 0.219718207754115
1053 3426 0.17481642636828004
1053 3441 0.26016992982911297
1053 3456 -0.7961046974710102
1053 3471 0.8355192408004705
1053 3486 -0.9785329638572524
1053 3501 0.13878443179206565
1053 3366 -0.39964325371374243
1053 3381 -0.5265655470787235
1053 3396 -1.0
1053 3411 0.5661541213699128
1054 1055 -0.49595561682293177
1054 1069 -0.5850970680677163
1054 3606 -0.23649386880655615
1054 3621 0.11277322146342944
1054 3636 -0.2923647362349439
1054 3651 0.21055019001176659
1054 3666 -0.3792871224690112
1054 3681 0.1705437972950123
1054 3516 0.15415498299116642
1054 3531 -0.5693232170284004
1054 3546 -0.29047973163602814
1054 3561 0.2427935139602594
1054 3576 -0.4974920503465244
1054 3591 0.0964691182675143
1055 1070 -0.2501409311539959
1055 3786 -0.23357122235180255
1055 3801 0.374671898069662
1055 3816 -0.6357478500722896
1055 3831 -0.01569191421864572
1055 3846 -0.20960355786286786
1055 3861 0.08599949107069893
1055 3696 0.02146995052206731
1055 3711 -0.7667402040731978
1055 3726 -0.10765870316086584
1055 3741 -0.18647162144269477
1055 3756 -0.18630810581559756
1055 3771 -1.0
1068 1069 -0.6296322871171877
1068 3426 -0.8979374154800429
1068 3441 -0.08188752456884636
1068 3456 -0.46236640979607047
1068 3471 0.9020010056401594
1068 3486 0.32175857328423685
1068 3501 0.19251445700784414
1068 3366 -0.4695491811697697
1068 3381 -0.18504917382557529
1068 3396 0.24333254681940358
1068 3411 -0.09620005738277376
1069 1070 0.4455116907093305
1069 3606 0.12433510512735697
1069 3621 0.19489254483753193
1069 3636 0.4798657594060286
1069 3651 0.4205704007133202
1069 3666 0.6771333259232929
1069 3681 0.1814740282924837
1069 3516 0.6907628310309593
1069 3531 0.30343286870323827
1069 3546 0.04958205306476555
1069 3561 0.2985014092917345
1069 3576 -0.28597777966150995
1069 3591 0.734496693552889
1070 3786 -0.7633696839777921
1070 3801 -0.4267912360534059
1070 3816 -0.6561807679800176
1070 3831 -0.0899645821817301
1070 3846 0.9006194730934627
1070 3861 -0.7539954535755179
1070 3696 -0.183344902902297
1070 3711 -0.443937362954895
1070 3726 0.13364942838168617
1070 3741 0.3830309060089054
1070 3756 0.6551943627423018
1070 3771 -0.29345831032213526
1083 1084 -0.9562062324192587
1083 1098 0.8883846752746334
1083 3426 0.19741149553468368
1083 3441 -0.42089447686045584
1083 3366 0.9728766676184246
1083 3381 0.2322231461760553
1083 3396 -0.8446766977764828
1083 3411 -0.1433573136132056
1084 1085 0.031644256389494016
1084 1099 -0.6163473959488025
1084 3606 -0.4963789865383888
1084 3621 0.5841071538586011
1084 3456 0.40162830830010104
1084 3471 -1.0
1084 3486 0.29652018256464874
1084 3501 0.3527793766839191
1084 3516 0.36110759729904285
1084 3531 -0.4573558949009384
1084 3546 -0.233490224617281
1084 3561 -0.20170416825320717
1084 3576 -0.1585364428592433
1084 3591 -0.4592137708981608
1085 1100 0.6484201819642769
1085 3786 -0.04786422371695139
1085 3801 -0.7564485814340174
1085 3636 -0.08270622934413964
1085 3651 0.46576559229561854
1085 3666 0.40152939450133207
1085 3681 0.6940014300260238
1085 3696 0.11487896409054262
1085 3711 0.1516461350538859
1085 3726 0.5990932984990298
1085 3741 -0.4888152313539035
1085 3756 0.8600905289441806
1085 3771 -0.5665832754134686
1098 1099 -0.2684348482992921
1098 3426 -0.2828052486754068
1098 3441 0.014384001258211711
1098 3366 -0.24777775155615533
1098 3381 -0.08667233816150698
1098 3396 -0.8127314604237323
1098 3411 -0.45353731263828545
1099 1100 0.34335761220367444
1099 3606 -0.5583253533370439
1099 3621 -0.9877494392615473
1099 3456 0.1627758665966782
1099 3471 -0.3555712598975784
1099 3486 0.6416035779700461
1099 3501 0.11045553641450442
1099 3516 -0.21249431365026847
1099 3531 0.13439680862332837
1099 3546 -0.5072477089200124
1099 3561 -0.41315209215601595
1099 3576 -1.0
1099 3591 0.1427823519467843
1100 3786 -0.30239049320475003
1100 3801 0.7960076061730509
1100 3636 0.30356625001428655
1100 3651 0.10249280977296574
1100 3666 -0.2706393128924946
1100 3681 -0.015133981824984618
1100 3696 0.12994305240486523
1100 3711 0.5650343133549804
1100 3726 -0.16323814260415356
1100 3741 0.008985271372010419
1100 3756 0.44203253521158486
1100 3771 0.22768649087034515
1113 1114 0.4945756113101434
1113 1128 0.0427339108383904
1113 3426 -0.02919587106300109
1113 3441 -0.18716888961841585
1113 3366 0.8883332433446537
1113 3381 0.1878640759171058
1113 3396 0.19379515198994526
1113 3411 0.03581703509155618
1114 1115 -0.09005481398996015
1114 1129 1.0
1114 3606 0.9173350703646366
1114 3621 0.6475931064403471
1114 3456 -1.0
1114 3471 0.8461330440870228
1114 3546 0.40976012190153976
1114 3561 -0.9883288778759988
1114 3576 0.5686536520659974
1114 3591 0.4882738749424452
1115 1130 -0.34972487137825076
1115 3786 0.15391746571836007
1115 3801 0.27451084443678103
1115 3636 -0.01349070268334955
1115 3651 -0.006933908084232518
1115 3726 0.7173722807717172
1115 3741 -0.362508972130009
1115 3756 0.1999590216988893
1115 3771 -0.15117690191728844
1128 1129 -0.4996651459486854
1128 3426 0.2534698983375756
1128 3441 -0.0511912630639049
1128 3366 0.6856205984118564
1128 3381 1.0
1128 3396 -0.38997081056864574
1128 3411 0.7789309612495781
1129 1130 0.369385365338008
1129 3606 -0.34266681170665153
1129 3621 0.3948076330740897
1129 3456 -0.17785640553223414
1129 3471 -0.11570030073168787
1129 3546 0.019821544227606798
1129 3561 0.4585197313316811
1129 3576 -0.47727288493551956
1129 3591 -0.10142986010153836
1130 3786 -0.42962908483862056
1130 3801 -0.752347478707321
1130 3636 -0.05931707985103872
1130 3651 0.07768920984642054
1130 3726 -0.04733770029838176
1130 3741 0.656589891135489
1130 3756 0.23965265906245636
1130 3771 0.30676670996813954
3364 3365 0.37544875226372837
3364 3379 0.9775646952777387
3365 3366 -0.1549549052717936
3365 3380 -0.5169008476105029
3366 3381 0.2416318529782829
3379 3380 -0.45563718941560183
3380 3381 -0.10145038810668641
3394 3395 -0.454110390040593
3394 3409 -0.1622618388088977
3395 3396 0.48642592564220727
3395 3410 0.6997503494298415
3396 3411 0.5005860192629356
3409 3410 0.8829011444129427
3410 3411 0.18533839362634555
3424 3425 0.0680205555257912
3424 3439 0.381005992289635
3425 3426 0.39826654152696855
3425 3440 -0.7186466294269199
3426 3441 -0.9293633895188946
3439 3440 -0.7486147309688044
3440 3441 0.3866623256531831
3454 3455 -0.43911144422098747
3454 3469 0.007599626870831205
3455 3456 0.31723072562066024
3455 3470 -0.253543449835198
3456 3471 0.16029562921809565
3469 3470 0.019506530364897003
3470 3471 0.11239621966163355
3484 3485 0.9239273871188898
3484 3499 -0.654827134872452
3485 3486 -1.0
3485 3500 -0.2998341574499777
3486 3501 0.05344294912499465
3499 3500 1.0
3500 3501 -0.5552454540924303
3514 3515 0.28264176568407884
3514 3529 0.25394693063730733
3515 3516 0.5014280966934457
3515 3530 0.7099011725725395
3516 3531 -0.26259321148651654
3529 3530 -0.0002789140179405307
3530 3531 -0.06822739152594362
3544 3545 -0.045667089764563545
3544 3559 -0.8545505202254973
3545 3546 -0.24069241665361435
3545 3560 -0.9054032019099663
3546 3561 0.5970103026994374
3559 3560 -0.6758938237909862
3560 3561 0.49944116407087574
3574 3575 0.7902341708889478
3574 3589 -0.014307332742742004
3575 3576 0.058612792073902686
3575 3590 0.6574280981820559
3576 3591 -0.14828305681623558
3589 3590 -0.8433570612810732
3590 3591 0.6507211086988341
3604 3605 -0.07053538960410376
3604 3619 0.21211818639532498
3605 3606 -0.15029412101176035
3605 3620 0.1578670296429363
3606 3621 -1.0
3619 3620 0.014171217660281454
3620 3621 0.4166629086510605
3634 3635 0.18148540449712428
3634 3649 0.975926967287311
3635 3636 -0.9759361619505176
3635 3650 -0.4506798914412369
3636 3651 0.4365700474757433
3649 3650 0.6015104502771608
3650 3651 -0.07188160389942251
3664 3665 -0.14992736413268767
3664 3679 0.11782662617124565
3665 3666 -0.2705747549006831
3665 3680 -0.24591925847857765
3666 3681 0.5369920529964185
3679 3680 0.04194473835501247
3680 3681 0.35229279231389776
3694 3695 -0.32106252065342816
3694 3709 0.34977720414297836
3695 3696 -0.47105888343328167
3695 3710 0.03761622352841076
3696 3711 -0.047212013605329464
3709 3710 0.16969404934649718
3710 3711 -0.21897881301768893
3724 3725 0.28396344024191483
3724 3739 0.02616660932441278
3725 3726 -0.02437090875432248
3725 3740 -0.2640691967985276
3726 3741 -0.06493979332598085
3739 3740 -0.4052994024091528
3740 3741 -1.0
3754 3755 0.11846899062650368
3754 3769 -0.3459141983441506
3755 3756 1.0
3755 3770 0.3616738361545045
3756 3771 -0.8337125459347207
3769 3770 0.48385855525950877
3770 3771 0.2890211841854637
3784 3785 -0.1953954914250865
3784 3799 -0.4417139917327238
3785 3786 0.727739265262708
3785 3800 -0.7989211169220689
3786 3801 0.5528433825502297
3799 3800 -0.23942407058358345
3800 3801 0.24368448244513788
3814 3815 1.0
3814 3829 -0.0009441976278647279
3815 3816 0.4163402063368544
3815 3830 -0.4077740688048384
3816 3831 -0.573886378887415
3829 3830 0.26726941613421806
3830 3831 0.34040211031610224
3844 3845 -1.0
3844 3859 -0.18661274329438268
3845 3846 0.7751247088640164
3845 3860 -0.33215287374928293
3846 3861 0.8179501978731253
3859 3860 -0.3753672942455838
3860 3861 0.5234287245922828
3874 3875 -0.38547522441934035
3874 3889 0.019081901455706256
3875 3876 -0.20310984599896775
3875 3890 -0.5047990963013417
3876 3891 0.7097433332305619
3889 3890 -0.7366022019201107
3890 3891 0.8902078067175314
