# 
603 603 -0.7890112269988385
604 604 0.22158302621084425
605 605 0.7367131620621591
618 618 -1.7499387944937717
619 619 -0.5939626150816464
620 620 1.3654229346966362
633 633 0.8365284668487345
634 634 -1.1099763932931634
635 635 -0.5985661048353675
648 648 -0.6764556493132854
649 649 0.7065949358484721
650 650 1.2028921537482125
663 663 1.3653198902039854
664 664 0.4135716805401966
665 665 0.1153462569464898
678 678 -0.006531265602539883
679 679 2.0694156591434334
680 680 0.7707804978556907
693 693 0.8321532939651521
694 694 -0.44634519651712035
695 695 -1.9274004052569467
708 708 -0.6182877089154992
709 709 -2.5397821573709045
710 710 0.47724556668553686
723 723 -0.8493951066515847
724 724 -1.1183084803844132
725 725 -0.39466313824911325
738 738 -0.4436386782619288
739 739 -0.8292735538888536
740 740 -0.9699457211834188
753 753 1.099116827093918
754 754 0.18649733001215968
755 755 -1.5718028966157767
768 768 1.6672877820609813
769 769 -1.0839214481503998
770 770 -0.9172626968951021
783 783 -1.4671919642239222
784 784 1.2023382955281448
785 785 -0.9484424199938517
798 798 -1.2475257604558718
799 799 1.447432941101603
800 800 -0.32461002391173094
813 813 -0.31209066472826796
814 814 0.457633473256345
815 815 0.11199731331482612
828 828 -0.2471389576308581
829 829 -0.17151404696178496
830 830 0.7732152709384864
843 843 1.229564717346869
844 844 -0.5966136976346581
845 845 -0.6072568555825814
858 858 -2.2350168384118163
859 859 -0.39808466213130306
860 860 0.6762656511584045
873 873 0.21297252328407598
874 874 0.5906908405116128
875 875 -2.0578873036939305
888 888 0.7869554367476391
889 889 -0.2188124062255127
890 890 -0.3900270426741743
903 903 1.4754047182603505
904 904 0.08683592140887844
905 905 0.8472614660264493
918 918 1.410735517964666
919 919 -0.890127720407913
920 920 0.30582880259904155
933 933 0.8365915696738198
934 934 0.5140500682516582
935 935 1.2183033280706421
948 948 2.275818848988998
949 949 1.2317414295011035
950 950 0.5337777332808676
963 963 1.4485446602154095
964 964 -0.40200590605643843
965 965 0.6305365894847103
978 978 0.12807688648316076
979 979 -0.1790220656296974
980 980 -0.023125012414645537
993 993 1.1879812450676526
994 994 1.6928894854411305
995 995 -1.2882882186368514
1008 1008 1.3409551561110662
1009 1009 -0.22002479857081125
1010 1010 0.1205462467431403
1023 1023 0.14295510203034764
1024 1024 -0.023983450867316198
1025 1025 0.2387086477327434
1038 1038 0.7059958337543935
1039 1039 -1.5155821209148264
1040 1040 -1.1148590056060648
1053 1053 -0.3494303149444701
1054 1054 2.792053113703179
1055 1055 -1.5166045330915487
1068 1068 -0.011100052888499483
1069 1069 1.0369336921948262
1070 1070 -1.152682816625194
1083 1083 -0.8653510579034039
1084 1084 -1.177996710198946
1085 1085 1.005289140296044
1098 1098 -0.715018280076641
1099 1099 1.3096413717027415
1100 1100 0.9117589733506295
1113 1113 -0.3066818529248332
1114 1114 -0.2843390652793223
1115 1115 0.548108884763779
1128 1128 0.3880051401112069
1129 1129 -0.05802122682958667
1130 1130 -0.22805443388023094
3364 3364 0.4580232451158182
3365 3365 -0.13141020778157747
3366 3366 0.12163730738497522
3379 3379 0.03124220822605599
3380 3380 -2.1400146421429165
3381 3381 0.3920375031889111
3394 3394 0.42910155611463613
3395 3395 -1.8962251389106735
3396 3396 1.0687630310088179
3409 3409 -1.7640759587944475
3410 3410 -1.6926719026559842
3411 3411 -1.7444209973608082
3424 3424 -0.04124833064567698
3425 3425 -1.660525266372969
3426 3426 -0.3388163536788841
3439 3439 0.45578087835605113
3440 3440 -1.6681236272867135
3441 3441 -1.2275142704829118
3454 3454 0.19390808211719135
3455 3455 -0.3994703670436316
3456 3456 1.4345218214076363
3469 3469 1.5082894385162495
3470 3470 -0.8344761298672527
3471 3471 0.8845589543345759
3484 3484 -0.30819044017716996
3485 3485 -0.851150176745659
3486 3486 0.18153083550369362
3499 3499 0.10007164606812853
3500 3500 -0.8850907943573757
3501 3501 -0.32427826852235286
3514 3514 -0.5249857196090655
3515 3515 1.518493151037405
3516 3516 -0.13650385037483628
3529 3529 0.5597165947197641
3530 3530 -0.2590795435731299
3531 3531 -1.8777285962483616
3544 3544 -0.4080981165941338
3545 3545 -0.6754623754955059
3546 3546 -0.7758865431428117
3559 3559 -0.06887784756166054
3560 3560 1.5194483873220344
3561 3561 -2.762461712271662
3574 3574 -0.4710669461277258
3575 3575 0.1195438659165929
3576 3576 -1.1333002822638152
3589 3589 -0.5720286899698358
3590 3590 -0.17718088957976902
3591 3591 1.3014097190730711
3604 3604 -2.1886897895902
3605 3605 0.5142664884785659
3606 3606 -0.6269988897550539
3619 3619 1.7831420032507892
3620 3620 -0.4664020989001194
3621 3621 0.00920680063387237
3634 3634 0.7156889993868197
3635 3635 0.26468488035935206
3636 3636 0.5461380980937324
3649 3649 1.3170251413735299
3650 3650 0.9431084475120316
3651 3651 -0.21643005733698015
3664 3664 1.2143501355004909
3665 3665 0.3426730979250334
3666 3666 1.762293180240078
3679 3679 1.8725674951702387
3680 3680 1.0087407874458643
3681 3681 0.8769338605386245
3694 3694 -0.5031546500186352
3695 3695 -2.1726967666683152
3696 3696 0.07753555756330886
3709 3709 -0.11202111709904715
3710 3710 -0.010617617408396538
3711 3711 0.024664843058696487
3724 3724 0.43299497860384784
3725 3725 0.704096369848036
3726 3726 0.16981748305561772
3739 3739 0.713126496252721
3740 3740 0.5284835751009621
3741 3741 0.7580969519307573
3754 3754 -0.6196561147326078
3755 3755 0.15080875777502661
3756 3756 0.1520696898781276
3769 3769 0.2248233867937058
3770 3770 0.9009527723208604
3771 3771 1.1098495809100852
3784 3784 1.278742959969965
3785 3785 -0.9751338361656026
3786 3786 0.42284136244132214
3799 3799 0.8833119599019194
3800 3800 0.2733587746359625
3801 3801 -1.4560142655217165
3814 3814 -0.03207414357714941
3815 3815 -0.3058557181044964
3816 3816 0.5244972409883808
3829 3829 0.4495798873376569
3830 3830 -0.3759356833712763
3831 3831 -0.7910999305849372
3844 3844 0.3968701418829588
3845 3845 1.101032316657907
3846 3846 0.30238911251974177
3859 3859 -0.08884461272680437
3860 3860 1.859358198704702
3861 3861 0.7674526083399326
3874 3874 0.17016197197702174
3875 3875 1.2320127905409097
3876 3876 -0.3087620647011081
3889 3889 1.2526448339809098
3890 3890 1.0471321973417544
3891 3891 -0.7706777567774643
603 604 -0.003959228642523838
603 618 -0.7103812216187164
603 3484 -0.6927404658197234
603 3499 0.8401196275433198
603 3514 -0.20288550740570957
603 3529 0.719106860113972
604 605 -0.22127966101905375
604 619 0.4775449317055241
604 3664 0.35537228506263563
604 3679 1.0
604 3694 -0.41852749829925223
604 3709 -0.8246183863916088
605 620 0.21324346451110918
605 3844 0.09540716970265543
605 3859 -0.5019105527788817
605 3874 0.5843502066484507
605 3889 0.06416384013322482
618 619 -0.8000291964317892
618 3484 0.021699363788446547
618 3499 0.11944467105377828
618 3514 0.16451561117052949
618 3529 -0.46234843225602235
619 620 0.23537213444378088
619 3664 -1.0
619 3679 -0.6807051035763276
619 3694 0.23105103478711006
619 3709 1.0
620 3844 -0.33586990285473184
620 3859 0.36845002813200384
620 3874 0.1920106182271946
620 3889 -0.006792982810837022
633 634 0.8644169106965943
633 648 0.1225725863119703
633 3424 -0.5849648654615234
633 3439 -0.07124312929338673
633 3454 -0.18317189005151974
633 3469 0.3910381107699143
633 3484 -0.060740886899589466
633 3499 -0.4787844810645919
633 3514 -0.10409111332508902
633 3529 0.11620179293111263
634 635 0.340582427992553
634 649 1.0
634 3604 -0.033035955450722194
634 3619 -0.16707281295598825
634 3634 -0.3920630063699349
634 3649 -0.007213915882659583
634 3664 0.0032078938269210306
634 3679 -0.6315249302718535
634 3694 0.5787219149718591
634 3709 -0.4105399947681677
635 650 0.4842552151653765
635 3784 -0.36944200989396975
635 3799 -0.4174784701045343
635 3814 -0.14146660453561125
635 3829 -0.7855194943939163
635 3844 -0.01768918894994373
635 3859 0.13488986402207173
635 3874 0.10098437259881408
635 3889 -1.0
648 649 -0.890186521063823
648 3424 1.0
648 3439 -0.38211642701939597
648 3454 -0.26175939082924604
648 3469 0.4219456666405167
648 3484 -0.5472422582278218
648 3499 0.013442086384373992
648 3514 -0.08288372153141715
648 3529 0.266642498588605
649 650 0.5780428897403238
649 3604 0.8098232988757876
649 3619 -0.3253214079769754
649 3634 0.4703423876174983
649 3649 0.2917500974122997
649 3664 -0.7094200591278078
649 3679 0.7966438752300677
649 3694 0.2934124590433123
649 3709 0.10411068159416574
650 3784 0.6325148191328953
650 3799 -0.1823544023212502
650 3814 0.5751425744098767
650 3829 0.3643930872187267
650 3844 0.9606232028084396
650 3859 1.0
650 3874 0.5017765562798657
650 3889 -0.12308725989099718
663 664 1.0
663 678 0.5825241075180309
663 3424 -0.5200608199151796
663 3439 0.08201281402596568
663 3454 -0.1894047846377396
663 3469 -0.036475298198909566
663 3484 0.009765400177385496
663 3499 -0.0030743970986655145
664 665 -0.10879704462564072
664 679 1.0
664 3604 -0.038670296941001096
664 3619 -0.7280865894707413
664 3634 -0.9799764769732541
664 3649 0.5519433585235038
664 3664 0.11254832245214916
664 3679 -0.3302494838627836
664 3514 0.2906310649918059
664 3529 -0.7203602243985852
665 680 -0.8699639279647426
665 3784 0.6982785516029195
665 3799 1.0
665 3814 0.43653279486019275
665 3829 0.2196543091901529
665 3844 -1.0
665 3859 1.0
665 3694 -0.31430751479375074
665 3709 0.06680470707994628
678 679 -0.49388113177584864
678 3424 0.25913566830157647
678 3439 0.6996540183148707
678 3454 -0.048076622119726194
678 3469 0.8587665024832246
678 3484 0.4764058947242262
678 3499 0.14355545859745908
679 680 0.09374895868124676
679 3604 0.4986523014066796
679 3619 -1.0
679 3634 -0.003918812653418703
679 3649 -0.4989686739658668
679 3664 0.3101630080582989
679 3679 -0.6400482677626878
679 3514 -0.0006412500857497839
679 3529 0.10849601695954073
680 3784 0.23588640194125424
680 3799 -0.8324623865958309
680 3814 0.008605380312234847
680 3829 -0.2929260941689413
680 3844 0.5909530414275842
680 3859 0.6547159698523141
680 3694 0.38325917837792467
680 3709 -0.2719678926652329
693 694 0.3730234952459023
693 708 -1.0
693 3424 1.0
693 3439 -0.6783134406631489
693 3454 -0.7962483274144063
693 3469 -0.16845654166821936
693 3484 -0.8106722658658261
693 3499 0.06978342127563116
693 3364 0.2631828493809445
693 3379 -1.0
693 3394 0.6716406689307013
693 3409 0.3791726747840908
694 695 0.0023055857889554246
694 709 0.7452781065822458
694 3604 -0.5917568914084265
694 3619 -0.4635610895740045
694 3634 0.7372658458138333
694 3649 0.7405289388634296
694 3664 0.8289269737015393
694 3679 -0.2281721854162672
694 3514 -0.22642446323112547
694 3529 -0.19082197212013186
694 3544 0.9756798255580902
694 3559 0.7178444291326894
694 3574 -0.14070669877594788
694 3589 -0.4424358390562549
695 710 0.24838836314812443
695 3784 0.2559822108139421
695 3799 0.6155715709810002
695 3814 0.32527072855723854
695 3829 -0.49454647623043796
695 3844 -0.48638169495643807
695 3859 -0.6084362690156002
695 3694 0.40524862135524686
695 3709 0.9313425102870274
695 3724 1.0
695 3739 -0.14185782366518107
695 3754 -0.5182872390088794
695 3769 0.3813746951269177
708 709 -0.12832648696254875
708 3424 0.6054691971853148
708 3439 -0.8202389131243583
708 3454 0.3691381148128026
708 3469 -1.0
708 3484 -0.3705155083493644
708 3499 1.0
708 3364 -0.054081435709194416
708 3379 0.41732766885844036
708 3394 -1.0
708 3409 -0.3047826269585011
709 710 -0.11477254793530253
709 3604 0.0034765531045355237
709 3619 0.6622551071836326
709 3634 0.3438811288039745
709 3649 -0.42913207128631387
709 3664 0.5279899653094519
709 3679 0.7242411020679744
709 3514 -0.6798680884850725
709 3529 0.07570285188917612
709 3544 -0.13140209496409325
709 3559 -0.5353266591130472
709 3574 -0.011487181181631327
709 3589 -0.08446428438854582
710 3784 0.6813695191895454
710 3799 -0.49113536905074656
710 3814 -0.14624900551345024
710 3829 -0.11990563477033067
710 3844 -0.25423198780505857
710 3859 1.0
710 3694 -1.0
710 3709 -0.34482899053496535
710 3724 0.7763110071781314
710 3739 0.08564078126524241
710 3754 0.04752166300828388
710 3769 0.1100153843484588
723 724 0.843973488272448
723 738 0.4249348377024539
723 3424 -0.2526924858852704
723 3439 0.6461501889205596
723 3364 -0.29161515744633865
723 3379 0.4348001058476884
723 3394 -0.24413156010157006
723 3409 0.8188252173340284
724 725 -0.747255257738148
724 739 0.49981329356310045
724 3604 0.1620331631814824
724 3619 0.9035311828669632
724 3454 0.3326139155083721
724 3469 0.30560071887303797
724 3484 0.16803692993789504
724 3499 0.22994619741915912
724 3514 0.7177693616734354
724 3529 0.19336149805798925
724 3544 0.08946540419871508
724 3559 0.3749660889525942
724 3574 0.26662376709115904
724 3589 0.5589309990600477
725 740 0.4682570592510622
725 3784 -0.18050584128675173
725 3799 -0.7177787714908874
725 3634 0.14971778786276974
725 3649 -0.14426039303821478
725 3664 -0.13596282800741422
725 3679 0.23778739978551083
725 3694 -1.0
725 3709 0.24844983218088992
725 3724 -0.9168821554654024
725 3739 -0.7814572541593807
725 3754 -0.19345416798472062
725 3769 -0.3710616366800314
738 739 -0.011517450955614862
738 3424 -0.0069949595570913195
738 3439 -0.01454183356010387
738 3364 0.6533414771320859
738 3379 -0.020663060896449696
738 3394 -0.5573173524059688
738 3409 -0.01941028695916512
739 740 -0.3549182367145925
739 3604 0.10326171869293434
739 3619 -0.377744870325557
739 3454 0.6037964543795243
739 3469 0.4563356915033294
739 3484 0.3740128269764216
739 3499 -0.4462503032528157
739 3514 0.5690925687409559
739 3529 0.12382853630526729
739 3544 -0.1408379960078656
739 3559 -0.4941590226697677
739 3574 0.2806040906146268
739 3589 -0.03210617314091705
740 3784 0.16314484384658198
740 3799 -0.2530914805962421
740 3634 -0.9533698376765105
740 3649 -0.18308267675939702
740 3664 -0.4315054380837305
740 3679 -0.07852613852036713
740 3694 0.24500444177789354
740 3709 0.9924248036433599
740 3724 0.9134298868726969
740 3739 -0.3668249598343612
740 3754 -0.9806271373173766
740 3769 0.2659877435552101
753 754 -0.10480152505730167
753 768 0.15594505952739654
753 3424 -0.4299941937340687
753 3439 0.692534463839886
753 3364 -0.6801791768647697
753 3379 -0.2810572681781963
753 3394 -0.7572206346072844
753 3409 0.7583771663243204
754 755 -0.58244777564154
754 769 -0.24131986883993328
754 3604 -0.013542249676695376
754 3619 -0.1153496286423817
754 3454 0.2393590902106769
754 3469 0.43824080592563097
754 3485 0.08393285452067001
754 3500 0.42869395341628463
754 3515 0.32596835765264454
754 3530 0.515863026776191
754 3544 -1.0
754 3559 -0.2228071664146227
754 3574 0.5242606959978541
754 3589 0.14098975149557366
755 770 0.19067454437777948
755 3784 -0.22853050539460024
755 3799 0.5544607802787532
755 3634 0.037714217766113396
755 3649 0.7154153645957105
755 3665 0.5663891058845533
755 3680 0.05225877970948873
755 3695 0.6084999040755937
755 3710 -0.34409559824482294
755 3724 1.0
755 3739 0.19639602222690894
755 3754 0.1598075719977387
755 3769 0.2566296713622672
768 769 0.017355105629250973
768 3424 -0.2320186419761757
768 3439 -0.32001889643306686
768 3364 -0.8600883813149315
768 3379 -0.11689853831317833
768 3394 0.6033492999695175
768 3409 -0.3594235533191634
769 770 -0.3246503456947628
769 3604 0.03531911369404554
769 3619 0.5660381753418035
769 3454 0.3453081721593734
769 3469 -0.5862794062899594
769 3485 0.2358112195795514
769 3500 0.12505590873986389
769 3515 0.7845678527895721
769 3530 0.4735206231737683
769 3544 -0.04673158056254831
769 3559 -0.3574766428808317
769 3574 0.005658415167617429
769 3589 -1.0
770 3784 0.21262532977536888
770 3799 -1.0
770 3634 -0.981376964892904
770 3649 -0.31015642456094844
770 3665 0.263267623017625
770 3680 0.015337654406178793
770 3695 -0.1628663072190403
770 3710 -0.6958212935264176
770 3724 -0.37671478025291866
770 3739 0.6389045464554478
770 3754 -0.46396495183082676
770 3769 0.4887550639250494
783 784 -0.4041329086411105
783 798 0.21897117079173392
783 3424 0.7514473114534239
783 3439 0.042330636413339146
783 3454 0.13845553986199655
783 3469 -0.6128714161196525
783 3485 -0.2452944196997778
783 3500 -0.2670152501839508
783 3515 -0.17873918813724396
783 3530 -0.45226351659205033
783 3544 0.023847517396207826
783 3559 0.3388390408721514
783 3394 -0.6626526808011227
783 3409 -0.720237750664294
784 785 -0.6545385475131005
784 799 -0.4953439950352857
784 3604 0.7836782201806736
784 3619 -0.5966062714828503
784 3634 -0.20913551790005935
784 3649 0.4003306930614264
784 3665 -0.2248689767097576
784 3680 -0.06331781373414788
784 3695 -0.06453926023758778
784 3710 0.06937655647974739
784 3724 0.4312294968848034
784 3739 0.46960093994697355
784 3574 0.06749674325047879
784 3589 0.7761851340375066
785 800 0.09938425339242252
785 3784 -1.0
785 3799 0.16427512205527764
785 3814 0.20904565158226865
785 3829 -0.39307631835206885
785 3845 0.13816171837411287
785 3860 -0.3111297734798471
785 3875 -0.48338759477538007
785 3890 0.48611986206633445
785 3754 0.7328715568719598
785 3769 0.39824984356977566
798 799 -0.19960950259569166
798 3424 -0.11645754615147351
798 3439 0.2148324309677492
798 3454 -0.20697391093226267
798 3469 -0.3994191006527985
798 3485 -0.4248914861032991
798 3500 -0.2800221088866222
798 3515 -0.32578503265168385
798 3530 0.0950724420291333
798 3544 -0.11377135831650025
798 3559 -0.08694855391561929
798 3394 0.5155466907514538
798 3409 -0.4670044256521314
799 800 -0.2983910249428461
799 3604 -0.046629379703620306
799 3619 -0.20395179053457096
799 3634 -0.14615926901791737
799 3649 0.32339542015711775
799 3665 -0.3147314335525791
799 3680 0.21916683058964484
799 3695 0.14174928864687195
799 3710 0.2915573161430929
799 3724 0.30293966837892283
799 3739 -0.11768235832702181
799 3574 0.0041420126648303406
799 3589 0.06798243008540661
800 3784 -0.2998453772682022
800 3799 -0.11073941525803876
800 3814 0.9043360574406965
800 3829 -0.5485736428043656
800 3845 0.13477202577492126
800 3860 -0.07110306882365619
800 3875 -0.5910883610619136
800 3890 -0.6730104213415758
800 3754 0.33510997171318585
800 3769 -0.4022153611060721
813 814 -0.08303060306572489
813 828 -0.6015599437741664
813 3425 -0.531465551772683
813 3440 -1.0
813 3455 -0.1761912446789309
813 3470 -0.09607823018918248
813 3485 -0.42816379877174615
813 3500 -0.9406107219001797
813 3515 -0.2890572175657001
813 3530 0.14823388460521483
813 3544 -0.26725700114662826
813 3559 -0.7139268351781562
813 3394 -0.7434322739077466
813 3409 0.22156647821655656
814 815 0.5207946181799399
814 829 0.27605861620066263
814 3605 0.4425749244435637
814 3620 -0.051082103049111385
814 3635 -0.20626181762726492
814 3650 -0.6537124100219872
814 3665 0.07059816398944692
814 3680 -0.07018061621330884
814 3695 -1.0
814 3710 -0.8810126103014198
814 3724 -0.3910772101298033
814 3739 0.16334392238716938
814 3574 1.0
814 3589 1.0
815 830 -1.0
815 3785 -0.4167959129886529
815 3800 0.588856017569282
815 3815 0.0808544856123164
815 3830 -0.7830722249406843
815 3845 0.9516021147275168
815 3860 -0.28540902556870923
815 3875 -0.11720873798170227
815 3890 -0.3121735837143966
815 3754 -0.002502388703706589
815 3769 -0.955061531493414
828 829 -0.06379771500043496
828 3425 0.4079604162419589
828 3440 -0.943169417186283
828 3455 0.29783268976108335
828 3470 0.03718573900201659
828 3485 -0.2909035715739275
828 3500 -0.7270702906073702
828 3515 -0.5203955236532648
828 3530 -0.2684978555495959
828 3544 0.08937674042940857
828 3559 0.1639268678691949
828 3394 0.37485272976475004
828 3409 -0.41251436851777196
829 830 0.8893721537341787
829 3605 -0.3599207190378414
829 3620 -0.9850771563609816
829 3635 -0.17108106351846653
829 3650 -0.2265197043692606
829 3665 0.47456093977164615
829 3680 0.07813074543926775
829 3695 0.6878512693908593
829 3710 0.8265275410705897
829 3724 0.4872880464300614
829 3739 0.44307887964289394
829 3574 -0.18186549131184918
829 3589 0.781570782150832
830 3785 -0.3712820761027936
830 3800 0.6261465448380089
830 3815 0.4262335145052597
830 3830 0.6044297244363044
830 3845 0.5351136769457776
830 3860 0.02793311855796731
830 3875 -0.38513001744484726
830 3890 -0.16805746275740374
830 3754 0.20763002824065172
830 3769 -0.9944840109435762
843 844 -0.6018849577983738
843 858 -0.6560915786201115
843 3425 0.4142879984539774
843 3440 -0.30543086267478364
843 3455 0.13023494266768762
843 3470 0.7607657022538062
843 3485 0.17836284264568067
843 3500 0.06615759274922466
843 3364 -0.31749728710697467
843 3379 0.38084931107909487
843 3394 0.9878372522973035
843 3409 0.4334869901876279
844 845 -0.9249622181605998
844 859 -0.32334827401312144
844 3605 0.23352573085681094
844 3620 0.29770155848117474
844 3635 0.25943825709145835
844 3650 -0.10035682540331582
844 3665 -0.4364840798879322
844 3680 0.13310975814932444
844 3515 0.7339093874883365
844 3530 -0.0027171570722667525
844 3544 0.4377617459621789
844 3559 -0.10457204703798793
844 3574 -0.8720648752189394
844 3589 0.4487528573227611
845 860 -0.5674755339600542
845 3785 0.5728419423697955
845 3800 0.6031990741401969
845 3815 0.2120068941565477
845 3830 0.25784572967195435
845 3845 -0.09135755488845596
845 3860 -0.3692757882591113
845 3695 0.6141536238209352
845 3710 -0.1196762104064489
845 3724 0.24614540607039986
845 3739 1.0
845 3754 0.7103255456987576
845 3769 0.4746556659972146
858 859 -0.3801766199504029
858 3425 0.6897934569380042
858 3440 -0.052103618197338795
858 3455 0.07263089185895887
858 3470 -0.30011973219456917
858 3485 0.5588539836607341
858 3500 -0.2936211776744283
858 3364 0.45997073303158936
858 3379 -0.2728976189258138
858 3394 0.6024809915794322
858 3409 -0.5943896242982786
859 860 0.13068786457452963
859 3605 -0.4554058298814132
859 3620 -0.33258213808546483
859 3635 -0.5447305105876074
859 3650 -0.35669313438090094
859 3665 -0.8089366282752243
859 3680 0.463198751310554
859 3515 -0.12477976860431234
859 3530 -0.34615946532582537
859 3544 -0.3429730043233775
859 3559 0.17274035291404122
859 3574 -0.30572733254945855
859 3589 -0.7578891472896507
860 3785 0.07081960772304075
860 3800 0.11090273666071675
860 3815 -0.45176319622661154
860 3830 0.999420473180238
860 3845 0.15279724675023185
860 3860 -0.038881031553456076
860 3695 -0.11435459627287303
860 3710 -0.0236474993943038
860 3724 0.07294431492379723
860 3739 -1.0
860 3754 0.4111772220426794
860 3769 -1.0
873 874 0.30787709388358897
873 888 0.5828340689580105
873 3425 0.5990163206980048
873 3440 -0.3194875215740928
873 3455 -0.21747181935872784
873 3470 -0.9192146188168607
873 3485 1.0
873 3500 -0.36240107074917155
873 3365 -0.003422285231497492
873 3380 -0.5925675725498133
873 3395 0.2502042787247494
873 3410 0.8809668144391354
874 875 -0.38511993990421406
874 889 0.3665759063551082
874 3605 -0.09384291697793253
874 3620 0.4871985286534932
874 3635 -0.3237907602747851
874 3650 -0.02608272221054972
874 3665 -0.062231629963028584
874 3680 -0.836556534281223
874 3515 0.20747085705661378
874 3530 -0.759308205799023
874 3545 -0.4613892212282831
874 3560 1.0
874 3575 -0.16583776651017906
874 3590 0.29375708957266616
875 890 0.6163465758406795
875 3785 0.3824415629068846
875 3800 -0.3225424665892235
875 3815 -0.3574349711870675
875 3830 0.1737503533501725
875 3845 -0.16978232595323042
875 3860 0.2660521392871911
875 3695 -0.2517066548647328
875 3710 0.4645559354122038
875 3725 0.4833637103480006
875 3740 0.15202229728598982
875 3755 -0.035481399674989464
875 3770 0.0964147600884169
888 889 -0.24778353061558372
888 3425 0.32176070109659577
888 3440 -0.7013192037530054
888 3455 0.008835327588824098
888 3470 -0.38030404912963245
888 3485 0.12504960793056583
888 3500 -0.42559066761819736
888 3365 0.1709751598896752
888 3380 0.658483325924819
888 3395 -0.1562935062655564
888 3410 0.3328533158038703
889 890 0.03877796417883089
889 3605 0.38865361587647457
889 3620 0.5646570240567997
889 3635 -0.36244536478029565
889 3650 0.4219787821122442
889 3665 0.10373051902093054
889 3680 0.34104997845827534
889 3515 0.5307351423848398
889 3530 0.046468791164921704
889 3545 -0.18787607672303183
889 3560 -0.5918470714480315
889 3575 -0.006532903865328202
889 3590 -0.25415456295029254
890 3785 0.7467436404737777
890 3800 -0.02422532397859459
890 3815 -0.2057874052537923
890 3830 0.007132403682695802
890 3845 0.9080002199512341
890 3860 -0.46191654250048425
890 3695 0.08145588734798961
890 3710 0.2109235489222165
890 3725 -0.3690318517019297
890 3740 1.0
890 3755 -0.0807493539047642
890 3770 -0.5059072672288297
903 904 -0.29053621476775343
903 918 0.9808894720854187
903 3425 -0.11370341853057163
903 3440 -0.25503291717564625
903 3365 -0.5083206746558364
903 3380 -0.08667023306659843
903 3395 -0.1160423831085732
903 3410 -0.602242095163438
904 905 -0.2977867539635889
904 919 1.0
904 3605 0.06434742398992015
904 3620 0.45102984686781644
904 3455 0.9088478516862809
904 3470 -0.6823842541422214
904 3485 0.2513015891090025
904 3500 -0.23235145440051896
904 3515 0.5175697004061753
904 3530 0.5266122625382893
904 3545 -0.35168000056899085
904 3560 -0.18379458024834017
904 3575 0.2887819587923062
904 3590 0.18340816449438943
905 920 0.10314457957648764
905 3785 0.2833252638796253
905 3800 -0.11032528632015594
905 3635 0.1546845613764934
905 3650 -0.8495496720280141
905 3665 -0.17270435079297836
905 3680 0.5303336002525532
905 3695 0.06601146550042498
905 3710 -0.6359504350065793
905 3725 0.2685030575631705
905 3740 -0.05421617534981085
905 3755 0.2858620289549234
905 3770 -0.857688323063291
918 919 0.4133836675711194
918 3425 0.23482875885919816
918 3440 -0.23235937731883777
918 3365 -1.0
918 3380 0.6533818753458686
918 3395 0.6713508190448594
918 3410 0.3997643659359156
919 920 0.27794389909384776
919 3605 0.9198629454512275
919 3620 0.20451622661691074
919 3455 -0.5413339047869393
919 3470 -0.11914738287708786
919 3485 0.673837766349194
919 3500 -0.17702046117828613
919 3515 -0.5139009068878948
919 3530 0.32946203503521576
919 3545 -0.3967941781886673
919 3560 0.28678680534388856
919 3575 -0.4116948186017665
919 3590 -0.7976650258282105
920 3785 0.1199329832180158
920 3800 -0.1792813331681006
920 3635 -0.03149368263895121
920 3650 0.3497435973547325
920 3665 -0.46628962473061397
920 3680 0.5344944211495609
920 3695 -0.15158695041222803
920 3710 0.11488052619365714
920 3725 -0.42030506260298955
920 3740 0.10690882229139788
920 3755 -0.18310360290770913
920 3770 0.15020844987021925
933 934 0.1510437846635808
933 948 0.22790784135106656
933 3425 0.4733904147205207
933 3440 -0.13573249376048638
933 3365 0.3957247917673772
933 3380 0.21632812917191077
933 3395 -0.8164892542511532
933 3410 0.4257778644163557
934 935 -0.7130375900498478
934 949 0.37096248744470783
934 3605 0.10532111771334018
934 3620 -0.21891748159723395
934 3455 -0.2616965992737993
934 3470 -0.7225491252197498
934 3486 0.42355214630470617
934 3501 0.11424529157609234
934 3516 0.4825135492696493
934 3531 0.06869361415434762
934 3545 -0.0733635601847513
934 3560 -0.018675141931642214
934 3575 -0.9742671956265135
934 3590 -0.1928957562957792
935 950 -0.530885718388105
935 3785 -0.20541339252180815
935 3800 -0.5113587571294641
935 3635 -0.3025084246899847
935 3650 0.0947495075201606
935 3666 0.23720913744667682
935 3681 0.022520779715088948
935 3696 0.4912685449382311
935 3711 -0.1707853175268379
935 3725 -0.21220603728152773
935 3740 -0.34769191827503937
935 3755 0.022518455746439518
935 3770 -0.33831713242403866
948 949 -0.3966689946872961
948 3425 -1.0
948 3440 0.7636408469593604
948 3365 0.017031786930459602
948 3380 -1.0
948 3395 0.9194178537847543
948 3410 -0.7539612562103911
949 950 0.17578556008801197
949 3605 0.03613601115077836
949 3620 0.9100956046291813
949 3455 -0.4599420986868749
949 3470 -0.16141910117537378
949 3486 0.5004527071469195
949 3501 0.28028884581676256
949 3516 0.13223998487087874
949 3531 -1.0
949 3545 -0.4407948573133115
949 3560 0.014933511139779043
949 3575 0.7630641898082716
949 3590 -0.030763910172383137
950 3785 0.7981038478489
950 3800 0.2912813678660003
950 3635 -0.23689312589809014
950 3650 -0.16106023785696158
950 3666 -0.4428202219541331
950 3681 -0.649507188571714
950 3696 1.0
950 3711 -0.7975266670649258
950 3725 -0.0701996584591365
950 3740 0.5490684028923569
950 3755 0.7151021238278055
950 3770 -0.2004016928106074
963 964 0.2915380306805483
963 978 -0.5219530120157232
963 3425 0.4871242120548033
963 3440 0.5937350323446458
963 3455 -0.5908982128155047
963 3470 0.09496879433415696
963 3486 0.33677880980269914
963 3501 0.5320431820026492
963 3516 -0.1585475579019542
963 3531 -0.29562182752770094
963 3545 -0.03740237162665146
963 3560 0.34111184542700046
963 3395 -0.5220117753529303
963 3410 0.12571991439273836
964 965 0.2793169176311071
964 979 -0.20405260155960042
964 3605 -0.5288373954341238
964 3620 0.33831365110929323
964 3635 0.028020959858471677
964 3650 -0.22515815161647154
964 3666 -0.10723022635317886
964 3681 0.10998010361623886
964 3696 0.40654455150491475
964 3711 -0.3643985976009796
964 3725 -0.06591866060938607
964 3740 0.0539091791027494
964 3575 -0.2738669013331534
964 3590 -0.15933922459589023
965 980 0.37729302736570147
965 3785 -0.6917273089481727
965 3800 -0.3000641058493393
965 3815 0.6956545095657456
965 3830 -0.02226630812940063
965 3846 -0.17277699637981594
965 3861 -0.8384076640649506
965 3876 0.657504832607148
965 3891 -0.547358087427341
965 3755 -0.2812999508324887
965 3770 -0.12182860147054236
978 979 0.4296708229266885
978 3425 0.07674272129382162
978 3440 -0.25016905431269015
978 3455 0.5702847243313797
978 3470 0.05006660654975476
978 3486 0.11711108745294885
978 3501 -0.2889639275981729
978 3516 0.4297205707831591
978 3531 0.1572364843526804
978 3545 0.046968989906957734
978 3560 -0.2423533933156652
978 3395 -0.25877529990463505
978 3410 -1.0
979 980 -0.4223141648653594
979 3605 -0.16853263096503424
979 3620 0.7869723209231292
979 3635 0.28999875984964824
979 3650 -0.17006435986129187
979 3666 0.7770696429184544
979 3681 -0.2869165889325434
979 3696 -0.3303075182446436
979 3711 -0.49812603395733757
979 3725 -0.31047013305896726
979 3740 -0.14434395210240494
979 3575 1.0
979 3590 0.46947941280731914
980 3785 0.0178357121485051
980 3800 0.7713691658240043
980 3815 0.39080743072094876
980 3830 -0.4318022389532603
980 3846 0.2937125337210187
980 3861 0.5999767619701443
980 3876 -0.9223416261316212
980 3891 0.29181597659284314
980 3755 0.1868727898736072
980 3770 -0.45074758213297855
993 994 -0.6233704986959852
993 1008 -0.28140948810888067
993 3426 -0.20868106384921092
993 3441 0.5925305278313584
993 3456 -0.41798487761007375
993 3471 -0.3949937828427444
993 3486 -0.42397664613539876
993 3501 0.7555183177333932
993 3516 1.0
993 3531 0.23547355990672858
993 3545 -0.15655130908145834
993 3560 0.9255021182314734
993 3395 0.7648658568048231
993 3410 0.1318132244683957
994 995 -0.4005302216171224
994 1009 0.957813190358331
994 3606 -0.13733008650218972
994 3621 0.004392455023245593
994 3636 -0.7196304706665165
994 3651 0.052861627313284386
994 3666 0.08147686593514529
994 3681 -0.299586177665387
994 3696 -0.030366358879322885
994 3711 0.01429985889505163
994 3725 -0.15986622954145757
994 3740 0.10464364363929796
994 3575 -0.20673900341926307
994 3590 -0.14387136051334543
995 1010 0.2562303187093148
995 3786 0.04209633616273918
995 3801 -0.6735766556407792
995 3816 0.3239287500047823
995 3831 -0.4068811083190401
995 3846 -0.15858066629819778
995 3861 -0.2656416661408243
995 3876 0.19257036784306228
995 3891 0.6952021053429699
995 3755 0.1340136114582225
995 3770 0.47512498829369054
1008 1009 0.3326331123021104
1008 3426 0.36684399763634234
1008 3441 -0.6033065919495318
1008 3456 -0.6751032017273997
1008 3471 -0.25293299980488715
1008 3486 -0.10503267216854588
1008 3501 0.4296643064976391
1008 3516 -0.7197897035194138
1008 3531 -0.3910560829801915
1008 3545 -0.10695626654788512
1008 3560 0.7415608381509567
1008 3395 0.6607330301330012
1008 3410 0.8795470540364532
1009 1010 -0.3909316748910727
1009 3606 0.13955442421883757
1009 3621 -0.4745340509109499
1009 3636 -0.3446233590147586
1009 3651 -0.4755202783583493
1009 3666 -0.4755754082863869
1009 3681 -0.6451862977157401
1009 3696 -0.056972723163673925
1009 3711 -0.3630359135056375
1009 3725 0.06484605466009159
1009 3740 0.6591600396776663
1009 3575 0.2682915670241244
1009 3590 -0.38012005031768653
1010 3786 0.4021850508301226
1010 3801 -0.18798282768443286
1010 3816 0.30159793998427875
1010 3831 0.1672728500142571
1010 3846 0.13941230675472246
1010 3861 0.42966163002708985
1010 3876 0.07786057913204611
1010 3891 0.2193970839770578
1010 3755 -0.5623356822372074
1010 3770 -0.3192589278004522
1023 1024 0.2871836155109113
1023 1038 -0.1420938219762079
1023 3426 0.6240672598852214
1023 3441 -0.33168948087417927
1023 3456 0.38907541949227126
1023 3471 -0.1329342068283066
1023 3486 0.6863572100659513
1023 3501 0.2736410622191352
1023 3365 -0.053335818636233996
1023 3380 -0.22230883797745665
1023 3395 -0.08600001260244534
1023 3410 -0.18017248924029197
1024 1025 0.6690166753814449
1024 1039 -0.4714409016245674
1024 3606 0.6127390232654605
1024 3621 -0.17580723493147934
1024 3636 -1.0
1024 3651 -0.5525662601993779
1024 3666 -0.10869324789473435
1024 3681 0.023506326926369163
1024 3516 -0.1688289231226342
1024 3531 -0.48550401890960077
1024 3545 -0.7660144764597357
1024 3560 0.2133300582821886
1024 3575 -1.0
1024 3590 -0.48549920427433424
1025 1040 -0.2892959851107139
1025 3786 0.4065585893375744
1025 3801 0.3500600780856074
1025 3816 -0.04310990641587369
1025 3831 0.6572517047039474
1025 3846 -0.39816446593193905
1025 3861 0.563029554230858
1025 3696 -0.580349682772265
1025 3711 -0.09599067768966331
1025 3725 -0.07459581299864682
1025 3740 -0.8367640034273379
1025 3755 1.0
1025 3770 -0.6219982868708515
1038 1039 -0.5852035668644778
1038 3426 -0.8755428413536448
1038 3441 0.5218231711808187
1038 3456 -0.37697578042536134
1038 3471 -0.6209406464698295
1038 3486 0.489275027914325
1038 3501 -0.12143354533938604
1038 3365 -0.07301478791954025
1038 3380 0.1984410504122901
1038 3395 -0.11940356277168768
1038 3410 -0.5023247643770468
1039 1040 -0.7536630653094494
1039 3606 0.13581407153389777
1039 3621 -0.026065071875562857
1039 3636 -0.5206881606723796
1039 3651 0.09290329374336867
1039 3666 -0.31961557835799353
1039 3681 -0.030668234748987697
1039 3516 -0.07460884149637347
1039 3531 0.6470450838640035
1039 3545 -0.3656064197070024
1039 3560 0.1356015208079123
1039 3575 -1.0
1039 3590 0.0439754510279416
1040 3786 -0.4243764723218336
1040 3801 0.06772906480549795
1040 3816 -0.0010302158757030512
1040 3831 0.3618350550916269
1040 3846 -0.7322969989280105
1040 3861 0.4352049089365005
1040 3696 0.2528917552696826
1040 3711 -0.27837372599742033
1040 3725 -0.4088514083993575
1040 3740 0.041637733222086956
1040 3755 -0.18128966344848182
1040 3770 0.38877287585808934
1053 1054 0.15293031910669078
1053 1068 0.2027133911373828
1053 3426 -0.5739264507423917
1053 3441 1.0
1053 3456 -0.11461968042022222
1053 3471 0.0969337038847846
1053 3486 0.4061109273608282
1053 3501 0.20507628103361633
1053 3366 0.539581724710117
1053 3381 0.08584694973407274
1053 3396 0.7291267281856237
1053 3411 0.6114614079153544
1054 1055 -0.31878876221393665
1054 1069 0.021154875834678604
1054 3606 -0.38900072343022424
1054 3621 0.3968005518214533
1054 3636 0.02087566037998828
1054 3651 -1.0
1054 3666 0.6472131995555198
1054 3681 0.30261628507730737
1054 3516 0.14941278101593108
1054 3531 -0.3647803050456461
1054 3546 0.27199490243249896
1054 3561 0.015852722238556535
1054 3576 -0.05355895379917635
1054 3591 0.9101687593014702
1055 1070 -0.7353701768370247
1055 3786 -0.16240272968119215
1055 3801 -0.09308328067167015
1055 3816 0.09950021692337208
1055 3831 -0.5147632144276668
1055 3846 0.6684102917543939
1055 3861 0.3601211251902083
1055 3696 0.3529770758352635
1055 3711 0.012940986120902328
1055 3726 0.2714730519574353
1055 3741 0.2210996961699148
1055 3756 -0.5006340075190252
1055 3771 0.42490608400642454
1068 1069 -1.0
1068 3426 0.14643608217967827
1068 3441 -0.9201055933306063
1068 3456 0.15022925100525567
1068 3471 0.8802624769208478
1068 3486 1.0
1068 3501 0.3793796011349377
1068 3366 -0.8795873830269528
1068 3381 0.2087283564187665
1068 3396 -0.21987963261865653
1068 3411 -0.19313895561500527
1069 1070 -0.1352345301991805
1069 3606 -0.49887212620951304
1069 3621 -0.009858289149026212
1069 3636 0.09386445269098184
1069 3651 0.14708168894299117
1069 3666 -0.4315976196264924
1069 3681 -0.24646928393023101
1069 3516 -0.35635459667941427
1069 3531 0.3964961007009271
1069 3546 0.9863838712532947
1069 3561 0.2861474439664868
1069 3576 0.9193625389686733
1069 3591 0.8776405535961915
1070 3786 -0.4423828020276562
1070 3801 0.16837618244971755
1070 3816 0.03598489593654876
1070 3831 -0.3507869953195419
1070 3846 -0.05687507156012195
1070 3861 -0.9541628060624096
1070 3696 -0.07114877337239046
1070 3711 -0.16203833558893022
1070 3726 0.04341835173908567
1070 3741 0.0847920632171127
1070 3756 0.4339558551454469
1070 3771 -0.44739508457684996
1083 1084 0.34515047208490096
1083 1098 -0.2602774636809949
1083 3426 -0.19757334956225417
1083 3441 0.029691737105164945
1083 3366 -0.2622517184486095
1083 3381 0.6745527821007953
1083 3396 -0.2890323514704483
1083 3411 0.19315258845468994
1084 1085 -0.5180483021405689
1084 1099 0.8508806679154362
1084 3606 -0.22367160409496148
1084 3621 0.008117037929413207
1084 3456 -0.3900637835934939
1084 3471 0.5235484772277229
1084 3486 0.27049167117124767
1084 3501 0.41545697025609224
1084 3516 -0.21827009872653153
1084 3531 -0.0890518133477071
1084 3546 -0.2071501569661783
1084 3561 0.7418017840453156
1084 3576 -0.40625341858994396
1084 3591 0.2281901297328748
1085 1100 0.3514545482227877
1085 3786 0.36285455651751564
1085 3801 -0.15559277710421632
1085 3636 -0.42408298301687436
1085 3651 -0.48463893838996736
1085 3666 -0.6868411632182524
1085 3681 -1.0
1085 3696 0.0046543932322568645
1085 3711 0.4945438678316776
1085 3726 -0.28199107477091206
1085 3741 0.07829361560606841
1085 3756 0.2281919076933916
1085 3771 -0.842719874830508
1098 1099 -0.7877140276425925
1098 3426 0.9998328219713126
1098 3441 0.7978237688433439
1098 3366 -0.020615330363408572
1098 3381 0.09405078766204424
1098 3396 0.12148940541918789
1098 3411 -0.0722345379786603
1099 1100 0.3904248354810626
1099 3606 -0.154941189957068
1099 3621 0.04982309952610934
1099 3456 0.4413255903505243
1099 3471 -0.5016786194024533
1099 3486 -0.04166666418589847
1099 3501 0.21769039212976077
1099 3516 0.44211447270393
1099 3531 -0.31277713036804605
1099 3546 0.8588016347918864
1099 3561 -0.23041562333651133
1099 3576 -0.5125501195179499
1099 3591 0.5004251408980013
1100 3786 -0.2051296131662126
1100 3801 -0.6449171920011026
1100 3636 -0.5326595524102969
1100 3651 0.12377427029782442
1100 3666 -0.2520228165346333
1100 3681 -0.6209247838923048
1100 3696 0.08247614063382795
1100 3711 -0.05824718382239536
1100 3726 -0.29738208962607
1100 3741 0.33419016881797664
1100 3756 -0.5165327126355693
1100 3771 -0.5034745661608685
1113 1114 0.5030811440794801
1113 1128 -0.8009519368171024
1113 3426 -0.46372878109707183
1113 3441 -0.08652444334368695
1113 3366 0.2051432531525967
1113 3381 0.4290643382305785
1113 3396 -0.31694744936510794
1113 3411 0.09992194364782447
1114 1115 -0.8409651035122808
1114 1129 -0.06013819506030906
1114 3606 -0.4027569665021045
1114 3621 -0.11154154029933573
1114 3456 -0.38024626138949225
1114 3471 0.7123134546517637
1114 3546 0.735319938999489
1114 3561 -0.6848446406194031
1114 3576 -0.4774491044135052
1114 3591 0.5195851699806966
1115 1130 -0.8521453574205664
1115 3786 -0.18738659504928573
1115 3801 0.9358274194115064
1115 3636 0.4310953873552014
1115 3651 0.21028140238341422
1115 3726 0.150029545703463
1115 3741 0.09488153898418294
1115 3756 0.15471289144205191
1115 3771 1.0
1128 1129 0.3740424018368464
1128 3426 -0.5219999094086941
1128 3441 -0.7411614004973173
1128 3366 0.26281420482956547
1128 3381 0.21579522551902722
1128 3396 0.8772493132898302
1128 3411 0.4664523673990896
1129 1130 -0.07250002277952276
1129 3606 -0.056695075338397585
1129 3621 -0.3183076305152838
1129 3456 -0.5808100433513087
1129 3471 -0.16424836974908927
1129 3546 0.9576488435712746
1129 3561 0.6620833413188132
1129 3576 0.2923460302816857
1129 3591 -0.4224252237775346
1130 3786 0.6385127866680645
1130 3801 -0.5494728974896828
1130 3636 -0.16668174353138676
1130 3651 -0.18442446064954582
1130 3726 -0.7724578882431792
1130 3741 0.2535559147561296
1130 3756 0.22511058106219015
1130 3771 0.3870656605986822
3364 3365 0.7319398686991032
3364 3379 0.37543353682120323
3365 3366 0.1283234518787952
3365 3380 0.11248698275831814
3366 3381 0.17568323233808628
3379 3380 0.36523614459486975
3380 3381 0.4082693103570053
3394 3395 0.43858359451869944
3394 3409 1.0
3395 3396 0.6430767292274336
3395 3410 -0.7284989770670857
3396 3411 0.08141813853694342
3409 3410 0.5430322394283823
3410 3411 0.5504121252161098
3424 3425 0.30511786691346676
3424 3439 -0.26324926789989234
3425 3426 0.3046802790861801
3425 3440 0.7362438178508033
3426 3441 -0.47176866105042853
3439 3440 -0.12780533653454493
3440 3441 -0.18370732279026378
3454 3455 -0.3079596801360635
3454 3469 0.4060386828746884
3455 3456 -0.30098696664825936
3455 3470 0.21751780128632656
3456 3471 -0.5728023050374027
3469 3470 0.12878910016721778
3470 3471 -0.32884983708153354
3484 3485 0.05190932892172304
3484 3499 0.9098349658874498
3485 3486 0.7594215525279464
3485 3500 0.68988080369087
3486 3501 0.08663726220370255
3499 3500 -0.5897721713512204
3500 3501 1.0
3514 3515 -0.1566564656625505
3514 3529 -0.5906239071659057
3515 3516 0.44330513481853784
3515 3530 0.37565335280245366
3516 3531 -0.2633046741879864
3529 3530 0.378944651139096
3530 3531 0.08336006245189126
3544 3545 -0.21816138226839904
3544 3559 0.6125994767914271
3545 3546 -0.5939285070774234
3545 3560 -0.10825247168257626
3546 3561 -0.2279642378828394
3559 3560 -0.8364634649986997
3560 3561 0.17733292735731
3574 3575 0.9978458417969118
3574 3589 -0.29447742477416994
3575 3576 0.4056326242425951
3575 3590 0.6623190738020007
3576 3591 0.13372926777073144
3589 3590 0.3884329580347229
3590 3591 -0.12334942678077353
3604 3605 0.8003276870056792
3604 3619 -0.5055874582376053
3605 3606 -0.35964228646072915
3605 3620 -0.3154631672990034
3606 3621 -0.05526633815749161
3619 3620 0.08912393035715357
3620 3621 -0.29702463768560095
3634 3635 0.396908834804652
3634 3649 0.26213574030487785
3635 3636 -0.04725404104363205
3635 3650 -0.6361749754251502
3636 3651 -0.19305076745567945
3649 3650 0.2705703601563128
3650 3651 0.6772809586902113
3664 3665 -0.1341782748899666
3664 3679 -0.09110214039872089
3665 3666 -0.2601435682012464
3665 3680 1.0
3666 3681 0.3223979796918171
3679 3680 -0.9883565707455827
3680 3681 -0.22204710005808467
3694 3695 -0.8750163479510878
3694 3709 0.46996080629959225
3695 3696 0.5103725265248049
3695 3710 -0.43024570167555853
3696 3711 0.1447309593442127
3709 3710 -0.40548197081436355
3710 3711 -0.6988033072386705
3724 3725 -0.02519129660990599
3724 3739 0.09741817700399359
3725 3726 -0.7477019088550143
3725 3740 1.0
3726 3741 -0.8542926680820631
3739 3740 -0.36812018691954324
3740 3741 -0.8308283839584909
3754 3755 -1.0
3754 3769 0.21065783861753984
3755 3756 0.3600621643699931
3755 3770 -0.02464859337145484
3756 3771 -0.009596001070554108
3769 3770 -0.3044601182266912
3770 3771 -0.004948885756426948
3784 3785 0.44984354674032373
3784 3799 0.020658783017139578
3785 3786 0.09195871576210933
3785 3800 -0.4792349777507186
3786 3801 0.27918760756489247
3799 3800 0.20331638975262328
3800 3801 -0.1940348030583096
3814 3815 0.4701944144370029
3814 3829 -0.7404213065510736
3815 3816 0.07583445119613504
3815 3830 -0.4686718319850079
3816 3831 -0.6742415829832135
3829 3830 0.39030647801551277
3830 3831 -0.5800149312952965
3844 3845 0.7532674746830557
3844 3859 0.056209010995233614
3845 3846 0.15776831274745579
3845 3860 0.27325220187042204
3846 3861 0.5784392938279604
3859 3860 0.9702202132609719
3860 3861 -0.15345872412076927
3874 3875 -0.4389806705691356
3874 3889 -0.4241738366295293
3875 3876 -0.4828796599449415
3875 3890 -0.43187239152084594
3876 3891 -0.40907284499809854
3889 3890 0.5100894681464562
3890 3891 -0.33516930695118885
