# 
61 61 -0.7611790062283965
62 62 -0.010042766088697466
63 63 -0.5658497010943685
76 76 0.13237933124787915
77 77 -1.688755486496411
78 78 -1.0896288184911518
91 91 -0.008991923724972919
92 92 -1.657326631837952
93 93 -1.2094776148023796
106 106 -1.2996188039557408
107 107 0.01962087165301269
108 108 -0.9129753213524633
121 121 -0.12829392101396078
122 122 0.7368572015352614
123 123 -0.9303003977904466
136 136 -0.561400707760281
137 137 -1.6145190260648297
138 138 -0.6477889524602864
151 151 0.16600137091580489
152 152 0.16647323057870375
153 153 0.03618231993171612
166 166 -0.15746315850362355
167 167 1.562132496272019
168 168 0.25346918008512115
181 181 1.0493502660624838
182 182 1.3628274623020393
183 183 0.12205850461378843
196 196 0.24583929660340423
197 197 -1.0221614638857621
198 198 0.6284911167982824
211 211 1.6163659789058
212 212 -0.7745864321880274
213 213 -1.0872989675337974
226 226 0.6845665834723386
227 227 -0.30702076011636154
228 228 -0.28373647690634346
241 241 -1.567262718897455
242 242 0.1635293744954162
243 243 0.7558827523118535
256 256 2.08264847195588
257 257 -0.6230328441978701
258 258 -0.943937157539876
271 271 -0.8731780288310325
272 272 1.2841856630266515
273 273 -2.2413615367024877
286 286 -0.416879145382677
287 287 0.678858818069014
288 288 -1.1736498165059714
301 301 -1.9135079041855414
302 302 -0.16301521267028704
303 303 -0.003425180228937635
316 316 1.9879065936284046
317 317 0.8868024056474257
318 318 0.026282491949481936
331 331 1.306612249323073
332 332 1.0390867075649763
333 333 -1.0268874101708765
346 346 0.4300981544408025
347 347 -2.170374591412954
348 348 1.3546958194590246
361 361 0.618184692930544
362 362 -0.21573493325989213
363 363 2.5303046876958586
376 376 1.0117841877165672
377 377 0.03496249348624897
378 378 -2.483069886588206
391 391 1.072889116831382
392 392 1.049282310477012
393 393 -1.0554066864177418
406 406 0.9414253525211834
407 407 0.7049189902738675
408 408 0.3385165653996495
421 421 -1.1220032260911668
422 422 -0.1488642558349721
423 423 1.7510601965454982
436 436 -1.1374504592953585
437 437 1.4982625415792106
438 438 1.4313513141445726
451 451 1.1306965459496925
452 452 0.10969286393872309
453 453 -1.5081691866208977
466 466 -0.38871413338760896
467 467 -0.14731212666334942
468 468 -1.1045449980510083
481 481 -0.025250801707963115
482 482 1.9966063365298132
483 483 3.1557265194334745
496 496 1.3811266629868741
497 497 0.8132947300224127
498 498 0.4665214626639521
511 511 0.6828643995023144
512 512 -1.2958277993984415
513 513 1.6818288419722034
526 526 1.5236784032419723
527 527 -1.020912887072644
528 528 -0.6320135172243097
541 541 -0.9831608645158629
542 542 -0.9176255704425234
543 543 -2.919538234033141
556 556 0.31664917080005966
557 557 -1.5047462471569275
558 558 -0.7122782889644658
571 571 -0.48327916868847054
572 572 -2.084347988250873
573 573 -0.21252993651045637
586 586 1.4258220498218168
587 587 0.535032659407251
588 588 -1.0146782245506059
3001 3001 -0.13573867241518253
3002 3002 -0.3124298774535821
3003 3003 0.1284940368951393
3016 3016 -2.5286740977432496
3017 3017 0.7193767209564281
3018 3018 -0.39537567209731
3031 3031 -1.4091859465612868
3032 3032 0.3935933178034232
3033 3033 1.4622325019002431
3046 3046 -0.4458119919854888
3047 3047 0.5149606062736449
3048 3048 1.8652476573483086
3061 3061 0.96202759500322
3062 3062 1.503435575419699
3063 3063 1.1880137038004217
3076 3076 0.6156528189697562
3077 3077 1.0348869618389958
3078 3078 0.3367271379858903
3091 3091 -0.036526286482932324
3092 3092 1.3259166954374055
3093 3093 -0.01095607656811251
3106 3106 -0.3426252049143054
3107 3107 -0.6354565695125841
3108 3108 0.8305442648726442
3121 3121 -0.43115318087826104
3122 3122 -0.38547024236575866
3123 3123 -0.2894385798240241
3136 3136 1.1818959325224994
3137 3137 -2.165288883744203
3138 3138 0.9375554037308016
3151 3151 -0.7915249323622109
3152 3152 -2.1521571494027185
3153 3153 0.6449048358449235
3166 3166 -1.5261454197456459
3167 3167 -0.26942012100030854
3168 3168 1.6336162429421155
3181 3181 0.4515017315091307
3182 3182 -0.3138743334119413
3183 3183 -1.824703834116617
3196 3196 0.40991085004116207
3197 3197 -1.2651437157388108
3198 3198 0.6765323329655841
3211 3211 0.7293359715528018
3212 3212 -0.6662410286213911
3213 3213 -0.6293503255189015
3226 3226 -0.26958081706618087
3227 3227 -0.12522173845329104
3228 3228 0.4159750460857831
3241 3241 0.03539261031801513
3242 3242 0.2015103266643639
3243 3243 -2.4732557692581607
3256 3256 -0.4359830244637359
3257 3257 0.29537978323834524
3258 3258 1.6050453802819649
3271 3271 1.1509699834689568
3272 3272 0.0749676664209866
3273 3273 0.09980440324130824
3286 3286 -0.7223496369385795
3287 3287 2.32572522117338
3288 3288 -1.3142175075814968
3301 3301 0.38809315804514993
3302 3302 1.3300990286122736
3303 3303 -0.6771143712559696
3316 3316 -0.2602270586007908
3317 3317 -0.8886298616915786
3318 3318 0.42067316590242615
3331 3331 -0.16289564079859764
3332 3332 -1.2079776329640879
3333 3333 -0.4331550877259296
3346 3346 -0.7607731586152818
3347 3347 -1.0432998925661787
3348 3348 -1.3829803809605403
3361 3361 -0.8485500093884628
3362 3362 0.9228844298753329
3363 3363 0.13569065198109778
3376 3376 -0.1452666770885262
3377 3377 -0.8568256950727041
3378 3378 0.0036990036290518997
3391 3391 0.45935380923056424
3392 3392 0.7928468530629451
3393 3393 0.8770083600306453
3406 3406 -0.4732184979212425
3407 3407 -1.5379039239625012
3408 3408 -0.5863425248929534
3421 3421 0.7258438411064817
3422 3422 -0.3239604019699712
3423 3423 0.2565130185653333
3436 3436 -3.048625393303017
3437 3437 -1.7398786611578079
3438 3438 -1.1741454151938437
3451 3451 -0.9932386938283112
3452 3452 0.1841489969988169
3453 3453 -1.3492378871919597
3466 3466 -0.7763705158103935
3467 3467 -1.2883536131717321
3468 3468 -1.3845828005464982
3481 3481 -0.6835182689660111
3482 3482 -2.7012105900681735
3483 3483 0.9793736591806488
3496 3496 -0.28829558199908684
3497 3497 -1.6036336296454219
3498 3498 0.690802417226481
3511 3511 -0.49947954219721064
3512 3512 0.46249349216973673
3513 3513 0.42600172044676754
3526 3526 -1.0416622255561103
3527 3527 0.5195167659479327
3528 3528 -0.5151238563448333
61 62 0.592564311133693
61 76 -0.7182976746766784
61 3121 0.7243252119186392
61 3136 0.26199906486445224
61 3151 0.04001669000826134
61 3166 -1.0
62 63 -0.17619936007423181
62 77 0.13078476078168721
62 3301 -0.8102659771294364
62 3316 0.551884562042612
62 3331 0.2340165637598293
62 3346 -1.0
63 78 0.9585703597988899
63 3481 0.6529444335277561
63 3496 -0.8394222372653513
63 3511 -1.0
63 3526 0.5058820378786305
76 77 -0.026747968834830844
76 3121 0.10327051225069868
76 3136 -0.2436846779189999
76 3151 0.06529897098596131
76 3166 0.7379172365389244
77 78 -0.21127166554374724
77 3301 -0.1934423080746658
77 3316 0.4286346942377803
77 3331 1.0
77 3346 0.2375587820047399
78 3481 -0.3452102676504295
78 3496 -0.8156810430340156
78 3511 0.315067435942268
78 3526 0.2950916073131877
91 92 0.293320067103065
91 106 -0.8509963445202094
91 3061 0.3470063917800128
91 3076 0.3839630140479615
91 3091 0.24018382849127332
91 3106 0.8714365812377601
91 3121 -0.46476031293674497
91 3136 -0.3354374883629415
91 3151 0.08794759113769968
91 3166 0.36424395609913746
92 93 -0.20928289293383065
92 107 0.04410613502822142
92 3241 -0.2410682168968191
92 3256 0.6130358303269545
92 3271 -0.5250147750958581
92 3286 -0.5984564633497029
92 3301 0.2554792702389994
92 3316 0.2771790343137541
92 3331 0.4906405191498188
92 3346 0.2891538450542328
93 108 -0.18649108648660923
93 3421 -0.8484291645214653
93 3436 -0.9737011718939084
93 3451 -0.5550989132573333
93 3466 0.1274323836811838
93 3481 -0.024242560671208637
93 3496 0.030573304972992134
93 3511 -0.46528406201876793
93 3526 0.6013824311393007
106 107 -0.4430648727070649
106 3061 0.2977654352458045
106 3076 0.6605949643873829
106 3091 -0.3114133364787425
106 3106 0.8560949018321795
106 3121 -0.7146382086571246
106 3136 1.0
106 3151 0.23235450295689108
106 3166 -0.4166300617749831
107 108 -0.026917150088242255
107 3241 -0.23339112770710405
107 3256 -0.3128867291421498
107 3271 0.126323468704336
107 3286 -0.3463045459564951
107 3301 0.27033316027697596
107 3316 0.4041620828240053
107 3331 -0.45574130303634125
107 3346 0.015869681570207135
108 3421 0.10844978773208884
108 3436 0.9130261469032946
108 3451 -0.3489603096790801
108 3466 1.0
108 3481 -0.31041056070491657
108 3496 -0.44278845175951687
108 3511 0.1346214930697935
108 3526 0.12741097867265946
121 122 -0.17983734700921306
121 136 0.3296010671274214
121 3061 1.0
121 3076 -0.24502270959941727
121 3091 -0.1637734353103818
121 3106 -1.0
121 3121 0.38808540176582684
121 3136 -0.3305141229625571
122 123 1.0
122 137 -0.4736689507465802
122 3241 -0.3506365636973617
122 3256 0.249088605022594
122 3271 0.15310980392224582
122 3286 0.8624808702957996
122 3301 -0.4635187815402634
122 3316 0.4081043581140986
122 3151 -0.5880409400826349
122 3166 0.3797894554577762
123 138 0.38807391263250696
123 3421 -0.12885636495051764
123 3436 0.36940121435125445
123 3451 -0.21264543455987572
123 3466 -0.08238554681474138
123 3481 0.5604502047695752
123 3496 -0.0983327823142541
123 3331 0.32065652885057105
123 3346 0.4469564744954284
136 137 -0.29510480784524
136 3061 -0.25587115524412
136 3076 0.250963099356799
136 3091 -0.11596714511902566
136 3106 0.1828267674131518
136 3121 -0.21648826726259607
136 3136 -0.2973390163972846
137 138 0.25527225425902533
137 3241 -0.17515877301106406
137 3256 0.2175994207250179
137 3271 0.09415615735390423
137 3286 0.050486095916496415
137 3301 -0.28659062314947653
137 3316 -0.14848377165019908
137 3151 0.5362040706320433
137 3166 -0.0710939351066473
138 3421 -0.0896927191937529
138 3436 -0.11248762444699327
138 3451 0.01780804399574927
138 3466 -0.5472955005943897
138 3481 0.24969729258440224
138 3496 -0.4171262162994214
138 3331 -0.5557631243480913
138 3346 0.6362874136154326
151 152 0.4999582060303009
151 166 0.35226259271069776
151 3061 0.22289102570314936
151 3076 -0.44475419104141467
151 3091 -0.3847448504747959
151 3106 0.5000872081218009
151 3121 -0.19303391690665875
151 3136 0.03459330146285872
151 3001 -0.8128016866586053
151 3016 0.4908056037984409
151 3031 -0.7456763185515237
151 3046 0.6611810549724026
152 153 0.8667708178396588
152 167 -0.26100667437771014
152 3241 0.429048983317637
152 3256 0.28020206889240223
152 3271 -0.11330169729942201
152 3286 -0.3457383776597935
152 3301 -0.34425239660068957
152 3316 0.14763024836682073
152 3151 -0.03778156463010963
152 3166 0.4022881928720134
152 3181 0.39805635907449627
152 3196 -0.12969439763961677
152 3211 -0.025307573224847977
152 3226 0.25055525078946994
153 168 -0.26133101484385857
153 3421 0.8442374204858633
153 3436 0.12039752019425193
153 3451 0.4272583256986918
153 3466 -0.47466898167178806
153 3481 -0.5829258617698865
153 3496 -0.5561853889201955
153 3331 -0.8476421482982834
153 3346 -1.0
153 3361 0.10197793513506516
153 3376 -0.025335973010612467
153 3391 0.1318817948788569
153 3406 -0.3833744345919745
166 167 -0.017284442514612544
166 3061 -0.3597366720201158
166 3076 -0.3230340755514175
166 3091 0.1626687465430795
166 3106 -0.43151137348343116
166 3121 -0.3632339461745133
166 3136 0.2470150142202374
166 3001 0.13112005927545073
166 3016 -0.10282345316058546
166 3031 -0.12607330592605137
166 3046 0.15628609575397662
167 168 0.09774070970672462
167 3241 0.30988060550650265
167 3256 -0.20645276764048212
167 3271 0.3056293548856441
167 3286 -0.7249082008066777
167 3301 1.0
167 3316 -0.038756573601033434
167 3151 -0.4857768556699295
167 3166 0.09557342005878065
167 3181 0.4640070796213621
167 3196 -0.24610038398010065
167 3211 -0.872720245939224
167 3226 0.628053370040116
168 3421 0.7152825432325595
168 3436 -0.1912519749660778
168 3451 -0.48153240646790135
168 3466 0.17636853083090995
168 3481 -0.4850292713442256
168 3496 -0.08494905375005792
168 3331 0.29573200881181466
168 3346 -0.5062927677827982
168 3361 -0.3085206410231973
168 3376 0.24149642725210124
168 3391 0.5578357346608461
168 3406 -0.006041629414301419
181 182 -0.8847009864987279
181 196 0.1301327503632695
181 3061 0.3810730264016305
181 3076 -0.3027317304895965
181 3001 1.0
181 3016 -0.2783004845378258
181 3031 -0.29218130004250636
181 3046 0.6995404116049274
182 183 0.21810279086936749
182 197 0.20003102270315362
182 3241 -0.06331597237001352
182 3256 0.9458404433801126
182 3091 -1.0
182 3106 -0.40169769865592553
182 3121 -0.1883723167760794
182 3136 -0.3740762348636552
182 3151 0.12891958947795518
182 3166 0.7045424550377937
182 3181 -0.5382648319773629
182 3196 -0.39953967472635604
182 3211 0.9518365794156811
182 3226 0.17303948675138153
183 198 0.08390378332895408
183 3421 0.16711802220182015
183 3436 -0.32389624174833176
183 3271 -0.8172568405714309
183 3286 0.3935931883457961
183 3301 -0.7523629203194687
183 3316 -0.5600424881773577
183 3331 0.28184966411926343
183 3346 -0.3872877734361662
183 3361 -0.08572154567573281
183 3376 -0.34239630570439167
183 3391 0.13974078294160602
183 3406 0.07785048134520368
196 197 -0.4552300106896238
196 3061 0.12176966282159274
196 3076 0.560372362499642
196 3001 -0.1856468610540547
196 3016 -0.8005340002625353
196 3031 0.2662662473994648
196 3046 -0.1621522170800068
197 198 0.18884498162090563
197 3241 -0.3046516033424014
197 3256 -0.22965437262854885
197 3091 -0.7320646905258883
197 3106 0.7449895536249669
197 3121 -0.22800225581963546
197 3136 0.9968826479315391
197 3151 -1.0
197 3166 0.446097246460244
197 3181 -0.9249430001895691
197 3196 -0.13924403324361898
197 3211 -0.8650138588893234
197 3226 0.19526012910534488
198 3421 1.0
198 3436 -0.7295276854346662
198 3271 0.5868323926325808
198 3286 -0.08752770830248176
198 3301 -0.05113966190262061
198 3316 0.0033361867065660536
198 3331 -0.09963062656792337
198 3346 -0.13231390035774332
198 3361 -0.8929293196183862
198 3376 0.4952162085965005
198 3391 -0.6566496141015202
198 3406 0.18109676365480723
211 212 -0.8307086960350631
211 226 0.35095368390380066
211 3061 0.11166415666380759
211 3076 -0.34338345046125957
211 3001 0.33474390028107376
211 3016 0.04126615428195601
211 3031 -0.455580358076909
211 3046 -0.3434791328326923
212 213 0.43650698861421955
212 227 -0.2745854094638862
212 3241 0.5313350549946861
212 3256 0.3672524065042647
212 3091 -0.5138040843568481
212 3106 0.3397383583714309
212 3122 0.05893211592883412
212 3137 0.29624665377039155
212 3152 1.0
212 3167 0.1811361892737653
212 3181 0.2978403286208836
212 3196 -0.041203427980456786
212 3211 0.35433920171653693
212 3226 -0.2953632937196362
213 228 0.18888706500901864
213 3421 0.42524900337698435
213 3436 0.6804340966363517
213 3271 0.38784295521106493
213 3286 -0.3500077382132971
213 3302 1.0
213 3317 0.20808629008107712
213 3332 -0.08563065568160319
213 3347 -0.13424459768594937
213 3361 -0.7292461545910444
213 3376 -0.14007016535662814
213 3391 -0.07603896714066505
213 3406 -0.3805652482202733
226 227 -0.7060146992548714
226 3061 -0.5104358630833219
226 3076 0.31931470212533364
226 3001 0.3103759618593629
226 3016 -0.17540269895803895
226 3031 -0.18372888100164034
226 3046 0.003127895559012398
227 228 -0.2542595443047985
227 3241 -0.16412844330163093
227 3256 -0.5379971716039013
227 3091 0.9076211085297913
227 3106 -0.2632289357654159
227 3122 0.17350468768722435
227 3137 -0.3200440556628093
227 3152 -0.7386180336375605
227 3167 -0.08649760032397588
227 3181 -0.0024051824447730488
227 3196 -0.06975144885194728
227 3211 0.3623363803649314
227 3226 0.2312883372403392
228 3421 -1.0
228 3436 -0.05616070525592862
228 3271 -0.6363889372141196
228 3286 0.06912433986709045
228 3302 -0.2448819335612309
228 3317 -0.04490907545014343
228 3332 -0.06076331260963766
228 3347 0.04894064208780556
228 3361 -0.6847951193616081
228 3376 0.43672930977546043
228 3391 -0.5851476269281874
228 3406 0.2339020223815647
241 242 -0.10423086836805583
241 256 -0.17625654505639032
241 3061 -0.37243022525361197
241 3076 -0.6623577382623608
241 3091 1.0
241 3106 0.4834985188268843
241 3122 -0.024698529024758317
241 3137 0.15141180478372074
241 3152 0.28209081486938
241 3167 0.6200283271794857
241 3181 0.09894413587148979
241 3196 0.9293051273975729
241 3031 0.4788516905762186
241 3046 0.2493455808269163
242 243 -0.39371348517959986
242 257 -0.2717261511540627
242 3241 0.13676214653493912
242 3256 -1.0
242 3271 0.04743155555596057
242 3286 0.34712669030908594
242 3302 0.006754762257287286
242 3317 -0.5553706736426265
242 3332 0.6896336776029325
242 3347 0.5355935832271342
242 3361 0.36343127942603715
242 3376 -0.30677115777732644
242 3211 -0.7915643464687276
242 3226 0.1403462009809531
243 258 -0.08094038405632706
243 3421 -0.7952311181071469
243 3436 0.1399415785934514
243 3451 0.670363696055213
243 3466 -0.9768223282558581
243 3482 0.3031897801910586
243 3497 -0.7813596686451402
243 3512 0.3819678856428035
243 3527 0.8936019890319892
243 3391 0.0785738341947405
243 3406 0.12966160535879453
256 257 0.09157705155011246
256 3061 0.6543127392572932
256 3076 0.465658136893422
256 3091 -0.4331012921210163
256 3106 -0.3354304884718178
256 3122 -0.41807244986116004
256 3137 0.3144969709508802
256 3152 0.3578769010768199
256 3167 0.24858015389232532
256 3181 -0.6240691822629628
256 3196 -0.4491884842225153
256 3031 1.0
256 3046 -0.4233632811477906
257 258 0.3141262387824673
257 3241 -0.24246288828922774
257 3256 0.597148957899553
257 3271 -0.3047969574682337
257 3286 0.417374526130081
257 3302 -1.0
257 3317 0.5899626902132065
257 3332 -0.46638006485314815
257 3347 -0.6457693620267925
257 3361 0.6748529488066807
257 3376 -0.42059260044690294
257 3211 -0.11531421877338045
257 3226 -0.019839938357628352
258 3421 -0.040265733460543414
258 3436 -0.4335517843271172
258 3451 0.6378463351186545
258 3466 0.013285021706451405
258 3482 -0.4453072839113687
258 3497 0.449094149427518
258 3512 0.08414535123590869
258 3527 -0.5146467660481112
258 3391 0.22137200574396335
258 3406 -0.637174873828281
271 272 -0.5817642949578292
271 286 -0.4181375376417001
271 3062 0.06360779224592607
271 3077 -0.38553437830405346
271 3092 -0.17679959109893703
271 3107 -0.3448144457354518
271 3122 0.16009956177936774
271 3137 -0.3939395417860248
271 3152 0.13267966087870695
271 3167 0.15423283274640306
271 3181 -0.640797616634989
271 3196 0.9580124128013776
271 3031 -0.011946925911571836
271 3046 -1.0
272 273 0.31031763091478287
272 287 -0.8703923224030744
272 3242 1.0
272 3257 0.6344393556853214
272 3272 0.3861456693250237
272 3287 0.12447636620670238
272 3302 -0.8158774344848964
272 3317 -1.0
272 3332 -0.39283303017736004
272 3347 0.04206377461033236
272 3361 -0.15463754502211888
272 3376 0.030645277141075587
272 3211 0.08932310999415644
272 3226 -0.4128262018800303
273 288 -0.30794462135217276
273 3422 -0.3669188754578554
273 3437 -0.5509232163693384
273 3452 -0.39599836859223475
273 3467 -0.3049647738936382
273 3482 0.3863654206832566
273 3497 0.09156288698351185
273 3512 0.24960265730114062
273 3527 0.1586083286076138
273 3391 -0.4116311670109982
273 3406 -0.6187682392248542
286 287 -1.0
286 3062 0.06776540133986465
286 3077 -0.8664448915701417
286 3092 0.7407942137044278
286 3107 -0.2823821226197926
286 3122 -0.3396072510317739
286 3137 0.29051009561269475
286 3152 0.8374298470074975
286 3167 1.0
286 3181 0.24425543312138415
286 3196 0.006218150479162559
286 3031 -0.6803200412885265
286 3046 -0.31218511237384033
287 288 0.060103391331356205
287 3242 0.40372233590832945
287 3257 0.19022450111670702
287 3272 -0.13692194879586533
287 3287 -0.9652102714937741
287 3302 -0.42269192080809287
287 3317 -0.10978097054012374
287 3332 -0.21237899247083084
287 3347 0.5066971570319826
287 3361 0.6569157761372709
287 3376 0.3348440233149544
287 3211 0.8281009716463775
287 3226 -0.3978145980190403
288 3422 0.523162117090222
288 3437 -0.5062531418661289
288 3452 -0.8626267773504275
288 3467 -0.34186723260379925
288 3482 -0.18301574967087775
288 3497 0.9246165580398679
288 3512 0.31191711284800766
288 3527 -0.13563402859870344
288 3391 0.4935583465935425
288 3406 1.0
301 302 -0.0938351528951847
301 316 0.4370799416698449
301 3062 -0.12159523111761254
301 3077 0.1588974747163598
301 3092 -0.4755978304410877
301 3107 0.06706126709027196
301 3122 -0.4491904328309718
301 3137 -0.145063062253037
301 3001 0.23586826573062303
301 3016 0.9182432208513992
301 3031 -0.02892005204511765
301 3046 0.5144271131344934
302 303 0.49988435766580513
302 317 0.33085368329395226
302 3242 -0.27273126659035046
302 3257 -0.047837272597093146
302 3272 0.5296766320331129
302 3287 0.12213856580334355
302 3302 -0.15525494761077843
302 3317 -0.1631670567062874
302 3152 0.13731375572090093
302 3167 -0.809580701639702
302 3181 0.6495979020416667
302 3196 0.17602780150459507
302 3211 0.30656638488522436
302 3226 0.14813613291631764
303 318 -0.2547589091477471
303 3422 0.23277947644752883
303 3437 -0.12674667604037135
303 3452 -0.47991943028937817
303 3467 -0.3228230333329288
303 3482 0.33442168891021434
303 3497 0.4547937628904498
303 3332 0.6231391671500767
303 3347 0.8025898085662272
303 3361 -0.7056589264155646
303 3376 -0.1331298122552818
303 3391 -0.554598725343813
303 3406 -0.5133754661367602
316 317 0.03608618564576655
316 3062 0.0404355929989048
316 3077 0.17717118636848186
316 3092 -0.9371633210481514
316 3107 0.24179069962786254
316 3122 0.05184692745198722
316 3137 -0.451409388889324
316 3001 -0.1927309488190493
316 3016 -0.00569756307324601
316 3031 -0.2750750226392469
316 3046 -0.37199292791022004
317 318 0.28917547188245946
317 3242 -0.18181654834668184
317 3257 -0.06059904901454971
317 3272 -0.6077558141231965
317 3287 -0.17505515446047287
317 3302 0.5015133788137719
317 3317 0.5353271626236332
317 3152 0.20185754799110928
317 3167 0.20893320963635112
317 3181 0.3068062676614222
317 3196 -0.48295131971673266
317 3211 0.3642003736639137
317 3226 -0.12671024987459817
318 3422 0.49819918100549476
318 3437 -0.6529950085991015
318 3452 -0.11723954955850231
318 3467 -0.8405551312458363
318 3482 0.2794148116657028
318 3497 0.18456740175790384
318 3332 -0.8977274262526183
318 3347 -0.9368701090395889
318 3361 -0.2670113209471924
318 3376 -0.12183987346628786
318 3391 0.1816857763271733
318 3406 -0.27646049257779953
331 332 -0.21251160774895936
331 346 0.2447823047539463
331 3062 1.0
331 3077 -0.3216213988663558
331 3092 0.42723047072186965
331 3107 0.10953845565288571
331 3122 -0.7901397617166512
331 3137 0.2810818106211594
331 3002 0.27502719664442216
331 3017 0.18709461224405788
331 3032 0.2307086353809748
331 3047 0.22417785318474417
332 333 -0.2548495553430975
332 347 -0.5182526273697496
332 3242 0.322227213709254
332 3257 -0.41436660126967045
332 3272 0.056672738151725494
332 3287 -0.7336997226144544
332 3302 0.3052629073319537
332 3317 -0.13382502808417085
332 3152 -0.3455236238306769
332 3167 -0.06220917185444235
332 3182 -1.0
332 3197 0.43005119686450133
332 3212 0.3425970947596458
332 3227 -0.4186714044851315
333 348 -0.4622108328908899
333 3422 -0.11582282620592986
333 3437 1.0
333 3452 -0.5367593075773327
333 3467 -0.23310653594072145
333 3482 -0.5006452121442944
333 3497 -0.08742195207539122
333 3332 -0.2447043050665282
333 3347 0.21783448680333178
333 3362 -0.22996804431065102
333 3377 -0.2109513585463864
333 3392 0.21832984610730086
333 3407 -0.4285737549465257
346 347 -0.05721764654032692
346 3062 -0.17349855841200196
346 3077 -0.1028698063000934
346 3092 -0.24319811213835218
346 3107 0.3377869123883365
346 3122 0.0695341523458308
346 3137 1.0
346 3002 -0.2206928079625419
346 3017 0.11167930183639581
346 3032 0.05687851025447614
346 3047 0.39575085263171883
347 348 -0.5509230306728484
347 3242 -0.1582809251532709
347 3257 0.014702290217954455
347 3272 0.3053565071477802
347 3287 0.15968604854214927
347 3302 0.15283828971046456
347 3317 1.0
347 3152 0.1355653007964219
347 3167 0.28969316586876365
347 3182 0.0845870714662068
347 3197 0.16270260139549056
347 3212 0.6882279553098649
347 3227 0.2167088148770161
348 3422 -0.7016133664718652
348 3437 0.26141431050277225
348 3452 -0.01945048690068133
348 3467 0.9137012088534505
348 3482 -0.4083506698134411
348 3497 -0.10856707423877847
348 3332 0.2106063354191828
348 3347 -0.4285384639459014
348 3362 0.04317824007292293
348 3377 0.8952519915790087
348 3392 -0.16124988229128404
348 3407 0.15462020267701448
361 362 0.8334084381382941
361 376 0.02152616832864654
361 3062 -0.41080690004374987
361 3077 0.04275614115619566
361 3002 -0.05054128565812806
361 3017 -0.2566874869610391
361 3032 0.29763778917439404
361 3047 -0.5080024398682009
362 363 0.015083089787452209
362 377 -0.013803172874679389
362 3242 -0.3038303457495939
362 3257 0.04532342567612444
362 3092 -0.6896722771149211
362 3107 -0.14065477758767322
362 3122 0.7121136479288536
362 3137 -0.015223828938613822
362 3152 -1.0
362 3167 0.3454096488823053
362 3182 0.46694026837494385
362 3197 -0.13847420284838075
362 3212 -1.0
362 3227 0.310477416822821
363 378 -0.06743455145460758
363 3422 -0.11924747443721884
363 3437 -0.11320004844440856
363 3272 0.015553689538802222
363 3287 -1.0
363 3302 0.5081875759266576
363 3317 -0.023294845035162357
363 3332 -0.24725452977366824
363 3347 -0.4486817447982818
363 3362 0.17426710478556215
363 3377 -0.5035165793284828
363 3392 -0.08250771857633958
363 3407 -0.17165654662814434
376 377 -0.1751882627257084
376 3062 0.4511754190305172
376 3077 -0.18191113486146773
376 3002 0.7938663250364212
376 3017 0.05479684631406974
376 3032 0.07997284297267103
376 3047 0.3411498176668049
377 378 -0.8368822751603566
377 3242 -0.717978796756816
377 3257 -0.5772271413936307
377 3092 0.05486228067533434
377 3107 0.20344913009265198
377 3122 0.06846017322904724
377 3137 -0.3418255482770671
377 3152 0.33210927701653975
377 3167 0.302151336986846
377 3182 -1.0
377 3197 -0.41228494909639196
377 3212 -0.22338593801661946
377 3227 0.5273478880299619
378 3422 -0.17995669454820337
378 3437 -0.1072346161181719
378 3272 0.4833679448029685
378 3287 0.2788663826387926
378 3302 0.02385388838050119
378 3317 0.19776424858668334
378 3332 0.276586116704138
378 3347 -0.08990594862794452
378 3362 -0.40651481737466444
378 3377 0.8764482302266015
378 3392 -0.30147816168937297
378 3407 1.0
391 392 -0.9249616541532317
391 406 0.3624059332458249
391 3062 1.0
391 3077 0.5834187643211564
391 3002 -1.0
391 3017 -0.14186411972197346
391 3032 0.865783619370001
391 3047 -0.33251220215490446
392 393 0.5533432212690651
392 407 0.1917889438949317
392 3242 0.34430332148519055
392 3257 0.1027419927861935
392 3092 -0.48552871837207734
392 3107 0.25361259046014184
392 3123 0.28441302276453595
392 3138 -0.25127217558533493
392 3153 0.46215844973215753
392 3168 -0.6873706219556349
392 3182 -0.19552943569164147
392 3197 0.10793316862874901
392 3212 0.6687397752900757
392 3227 -0.29255994321527745
393 408 0.15618512190988518
393 3422 -0.06806987699053806
393 3437 -0.05006572519995616
393 3272 -0.3425018641484711
393 3287 0.06662495150691311
393 3303 -0.05516861960106962
393 3318 0.6998826325062039
393 3333 0.3670302343546845
393 3348 -0.3955655933548478
393 3362 0.6568106272350195
393 3377 -0.21226271641058156
393 3392 0.45621028158614607
393 3407 -0.039767174507951614
406 407 -0.5637270951740063
406 3062 0.2506454115907351
406 3077 -0.48542063643217837
406 3002 -0.18754433441715063
406 3017 0.06558096246411761
406 3032 -0.3320235069213255
406 3047 -0.6951730015768444
407 408 0.25731573102935945
407 3242 0.27781946611614083
407 3257 -0.45270641851527516
407 3092 0.6647955590976843
407 3107 -0.013116132133151173
407 3123 -0.33025823721192743
407 3138 0.5367516015381032
407 3153 -0.1844536597404698
407 3168 0.27394767970635203
407 3182 0.10183414424578545
407 3197 0.48585288946622845
407 3212 -0.38470695215742295
407 3227 1.0
408 3422 -0.5679539350494559
408 3437 0.009302114271026235
408 3272 -0.173255308125001
408 3287 0.33958908403681964
408 3303 -0.5175657714119256
408 3318 0.34870742971463914
408 3333 0.2787940924800898
408 3348 0.4203211540317963
408 3362 1.0
408 3377 0.07587983083575416
408 3392 -0.18623423159075853
408 3407 0.14785910297321536
421 422 -0.42553125179022877
421 436 0.015619810441359546
421 3062 -0.14243549471172373
421 3077 -0.6721040078053357
421 3092 -0.1203369372222327
421 3107 0.30889514419807573
421 3123 0.9818331142727571
421 3138 0.17840933148741087
421 3153 0.3999195090766999
421 3168 0.2278174596007817
421 3182 0.05234572453052923
421 3197 0.2733498368250753
421 3032 -0.4679397499055174
421 3047 0.456848510053397
422 423 -0.5204883786388553
422 437 0.116431208308334
422 3242 0.6719450561812776
422 3257 0.6389840497455425
422 3272 0.6872601742504182
422 3287 0.5801233232315711
422 3303 0.3388677653749812
422 3318 1.0
422 3333 -1.0
422 3348 0.17951891740829048
422 3362 0.07315902784156968
422 3377 0.8676383312360366
422 3212 -0.6889473317280876
422 3227 0.25826942335454467
423 438 -0.912416079641902
423 3422 -0.5802660156266103
423 3437 -0.7432784856649175
423 3452 -0.07359558898075835
423 3467 0.7365162076165119
423 3483 -1.0
423 3498 0.8685074658455455
423 3513 -0.2531633032458461
423 3528 0.5736544640536417
423 3392 -0.8137203673380639
423 3407 0.2406329759901678
436 437 0.3034454508262198
436 3062 0.03164425798873705
436 3077 -0.1566594162440115
436 3092 1.0
436 3107 -0.1579755343484256
436 3123 -0.9485220831605187
436 3138 0.15051029838842006
436 3153 -0.6356642283219506
436 3168 -0.22695011245646204
436 3182 -0.5346314963312964
436 3197 0.40039171881828156
436 3032 0.03808487393642071
436 3047 1.0
437 438 0.5551058725158237
437 3242 -0.558496833093393
437 3257 -0.04247664801967376
437 3272 -0.01982548652532008
437 3287 0.3472969988581063
437 3303 -0.5432079292752137
437 3318 0.5994725286192983
437 3333 -0.5562419562433583
437 3348 0.5375315646030526
437 3362 -0.7152567862319535
437 3377 0.11425379656606212
437 3212 -0.5331085625201185
437 3227 0.17320346376091483
438 3422 -0.5432695642716825
438 3437 -0.5939299018723264
438 3452 -0.20396544502341557
438 3467 -0.10530297240507408
438 3483 -0.3610497563473718
438 3498 0.05755206481888556
438 3513 -0.3437658853991785
438 3528 0.2569187687574051
438 3392 0.15872152447404406
438 3407 -0.15012083865821801
451 452 0.09050072856367022
451 466 -0.6523723642820026
451 3063 0.9096922568815067
451 3078 -0.3207340381795965
451 3093 -0.4036306218975015
451 3108 0.5331811018573409
451 3123 0.40920445470978034
451 3138 0.4296498692749242
451 3153 -0.6724138618661031
451 3168 -0.3820361983916956
451 3182 0.4054511793222891
451 3197 0.38755136993155076
451 3032 0.27895957757091205
451 3047 -0.015760581121570794
452 453 0.27768452388675013
452 467 0.12292179435318881
452 3243 0.01957148147417742
452 3258 -0.010476104447273142
452 3273 -0.2107470100164669
452 3288 0.4638478345300497
452 3303 0.06935642799624368
452 3318 -0.33107382739182634
452 3333 -0.1604609357022972
452 3348 -0.12365473607976799
452 3362 0.35579937176312126
452 3377 -0.29797896408832325
452 3212 0.5760234206483239
452 3227 -0.062272979001132
453 468 0.692211920853609
453 3423 -0.7299528600937304
453 3438 0.25616723067446595
453 3453 -0.08693835991040079
453 3468 0.23478356763672423
453 3483 0.4843654448712633
453 3498 0.6990238512356083
453 3513 -0.5854390222573541
453 3528 -0.22792849278457808
453 3392 0.4759881488615229
453 3407 -0.18811023706851043
466 467 0.3171819844231448
466 3063 -1.0
466 3078 0.11194651070618981
466 3093 0.9365425614606018
466 3108 -0.42046231393666905
466 3123 0.4970609266185259
466 3138 -0.31403381704071354
466 3153 0.9614721186560448
466 3168 0.061833967520847556
466 3182 -0.17941627658363563
466 3197 -0.4431850745127759
466 3032 -0.45093001065048105
466 3047 0.027841150645820906
467 468 -0.9268617151470783
467 3243 0.5384795251889862
467 3258 0.11557230577321072
467 3273 1.0
467 3288 -0.6535361287947853
467 3303 -0.0741060854683649
467 3318 -0.3934966141059399
467 3333 0.2590748743194601
467 3348 -0.40980104935695305
467 3362 -0.24443730777116024
467 3377 0.5196362540789783
467 3212 0.5783617574864283
467 3227 -0.6640859157836059
468 3423 -0.22261991408260057
468 3438 -0.19311748291270248
468 3453 -0.3779384126013703
468 3468 -0.4051266087820791
468 3483 -1.0
468 3498 -1.0
468 3513 0.20206336093016158
468 3528 0.26949693729521923
468 3392 -0.20054981084447385
468 3407 0.09407434004680547
481 482 0.556683780992651
481 496 -1.0
481 3063 0.052524203217746875
481 3078 -0.20221237381303953
481 3093 -0.4624995021015443
481 3108 -1.0
481 3123 0.08478747655692062
481 3138 -0.4558783223609581
481 3002 -0.5338684040671609
481 3017 0.07624590464054486
481 3032 -0.40605439699341817
481 3047 -0.3007841286978962
482 483 0.8644776983799558
482 497 0.41937494788760166
482 3243 0.06927689409318837
482 3258 0.7528877943747266
482 3273 0.6238883127475074
482 3288 0.04637938662698983
482 3303 -0.1367798827730203
482 3318 0.04292506819011144
482 3153 -0.675522912076056
482 3168 -0.678991297904948
482 3182 0.3042938952969846
482 3197 -0.6516156779730617
482 3212 0.22483754456883254
482 3227 -0.016321203856438968
483 498 -0.5687659841978178
483 3423 -1.0
483 3438 0.054017738782954974
483 3453 0.2869323390112095
483 3468 0.7343387557763583
483 3483 0.06241344519754911
483 3498 -0.28738874775288253
483 3333 -0.2527504070863663
483 3348 0.27171171978606323
483 3362 -0.6339208453940138
483 3377 -0.20939623478330732
483 3392 -0.6944038265086712
483 3407 0.5939229712142798
496 497 -0.45431793883029864
496 3063 0.5454258957519111
496 3078 0.12185297209490059
496 3093 -0.7997875494234519
496 3108 0.7546068999377026
496 3123 -0.035799334179748336
496 3138 -0.2984282618100937
496 3002 -0.19372559064082945
496 3017 -0.2966117778044279
496 3032 -0.2865658765238684
496 3047 0.3132457216474168
497 498 -0.2849805861192992
497 3243 0.5654112714423707
497 3258 -0.13020261419674903
497 3273 -0.45663299827356507
497 3288 0.06903719741868146
497 3303 -0.37659691441537485
497 3318 -0.2601956828691394
497 3153 1.0
497 3168 -0.5554341978778055
497 3182 0.5991591359959366
497 3197 0.6970440187383258
497 3212 0.6699025994637674
497 3227 -0.25941591783974977
498 3423 0.2803835907730564
498 3438 0.4183464700716546
498 3453 0.1507609163886819
498 3468 -0.15454073037269184
498 3483 -0.44261252599515216
498 3498 0.6754472233565191
498 3333 -0.963013956849254
498 3348 -0.4184683567599011
498 3362 -0.016895453009329802
498 3377 0.5213416653410665
498 3392 -0.7867582896135288
498 3407 -0.40075965420661386
511 512 0.2023343960619227
511 526 0.5409496257409478
511 3063 0.19339236229944706
511 3078 -0.7978617500652403
511 3093 -0.19656019866165794
511 3108 -0.19786851191185925
511 3123 -0.9035601058253259
511 3138 -0.15930059312265116
511 3003 -1.0
511 3018 0.27588521766225665
511 3033 0.3526349285050483
511 3048 -0.9952301945480863
512 513 0.012047512753875358
512 527 -0.7380817570607175
512 3243 -0.8949349156802332
512 3258 -1.0
512 3273 0.07283247311006896
512 3288 0.1592610574143558
512 3303 0.8222961402519396
512 3318 -1.0
512 3153 -0.06473414821805086
512 3168 -0.9022776005815991
512 3183 -0.6842306828835998
512 3198 0.6390034733199857
512 3213 0.42120335536940656
512 3228 0.018740991101736527
513 528 -0.9220548097317348
513 3423 -0.039249554453380076
513 3438 -1.0
513 3453 -0.8298594634214885
513 3468 -0.5936857772017978
513 3483 0.6466337449512315
513 3498 0.35683705915019287
513 3333 0.26049406124307706
513 3348 -0.19473637266649793
513 3363 0.6670417522200041
513 3378 -1.0
513 3393 0.6538287138418434
513 3408 0.6199238550953755
526 527 -1.0
526 3063 0.7007816868926949
526 3078 0.7345624524408954
526 3093 -0.7310470685945123
526 3108 1.0
526 3123 0.27440282998027477
526 3138 0.029082184320845753
526 3003 -0.5298351699794479
526 3018 -0.24823075298471112
526 3033 0.23956532041067366
526 3048 -0.32496304974125756
527 528 0.7575594614732205
527 3243 -0.9337105484945444
527 3258 0.07517697926221951
527 3273 -0.5435404746987167
527 3288 0.7553120802692896
527 3303 1.0
527 3318 -0.07000388150903279
527 3153 0.13125014755179393
527 3168 0.11736272081897081
527 3183 0.4214236349549309
527 3198 -0.06300584788125968
527 3213 0.17204800099069525
527 3228 -0.011824561933919623
528 3423 0.12945666690891633
528 3438 0.3137023092911344
528 3453 0.6915722430090842
528 3468 0.07203363700029371
528 3483 -0.6692304787861024
528 3498 -0.12362290309301882
528 3333 1.0
528 3348 0.97897188222293
528 3363 -0.3159953057677915
528 3378 0.5931047298390792
528 3393 -0.3952595349270625
528 3408 -0.33352045985779194
541 542 0.16927765341527262
541 556 -0.27260648680058214
541 3063 -0.4274953720074689
541 3078 0.010784369988424398
541 3003 -0.6323507287592303
541 3018 -0.912161760669286
541 3033 -0.22857568399792177
541 3048 -0.21490984992135317
542 543 0.04441892096719187
542 557 0.5091363720239184
542 3243 0.33282236165659707
542 3258 -0.3922847082252349
542 3093 -0.32563067774372223
542 3108 0.6296131526200136
542 3123 0.23722476970150086
542 3138 -0.8473704978612178
542 3153 0.3855854400550914
542 3168 0.4644230445246329
542 3183 -0.13520873405439968
542 3198 -0.07354875725580128
542 3213 -0.30314989326461944
542 3228 0.4583693158904568
543 558 -0.004056043188064451
543 3423 0.18642895255601913
543 3438 -0.2910914234430288
543 3273 0.3740470025511587
543 3288 -0.948679514164829
543 3303 -0.17093020761411254
543 3318 -0.4381844337867741
543 3333 -0.5023846466964863
543 3348 0.5409383510495953
543 3363 0.3141077314943058
543 3378 -0.21786576422399534
543 3393 -0.9849033422910172
543 3408 -0.6277358360483508
556 557 -0.14260181628628163
556 3063 0.40329240237490677
556 3078 -0.09486252252285146
556 3003 -0.07554076654587559
556 3018 0.03515203995007201
556 3033 -0.26583458791935066
556 3048 -0.17319572170076744
557 558 -0.20043305586561627
557 3243 0.015497026432782885
557 3258 -0.389256984209733
557 3093 -0.6118688899193802
557 3108 -0.035473471871664
557 3123 0.6973662005157889
557 3138 -0.5498023166282001
557 3153 0.2170539922459646
557 3168 0.272365500450374
557 3183 0.10382347879919882
557 3198 -0.17042750781913824
557 3213 -0.4426770395862247
557 3228 -0.3621298081820414
558 3423 0.8096692670953509
558 3438 0.020713619215578054
558 3273 0.343562775764348
558 3288 -0.3970808246501691
558 3303 -0.27569882314718497
558 3318 0.6916933222713405
558 3333 0.5430966152767007
558 3348 0.4659409899685324
558 3363 0.37624737064597147
558 3378 -0.795520213146922
558 3393 0.40716105773573347
558 3408 0.7146930787773502
571 572 -0.7496920682055149
571 586 -0.4147981407933639
571 3063 0.44206930859528343
571 3078 -0.18247397907653773
571 3003 -0.35813713032920047
571 3018 -0.2276898058888606
571 3033 0.9833093059461945
571 3048 -0.1224179520311369
572 573 1.0
572 587 -0.4307734100337649
572 3243 -0.5274196882934196
572 3258 0.11497630464236858
572 3093 -0.1601636678806273
572 3108 0.05677453829572494
572 3183 0.740859672535677
572 3198 0.38360231976679043
572 3213 0.42584444405095584
572 3228 0.005776148349716859
573 588 0.8591921123706986
573 3423 0.3748563668882571
573 3438 -0.9029012612539432
573 3273 0.1143494910381334
573 3288 0.7807307985748418
573 3363 0.3918660445938154
573 3378 -0.34198192370016334
573 3393 -0.2834003696315955
573 3408 0.1149450698933761
586 587 0.7304088638137457
586 3063 -0.22489230930929477
586 3078 -0.06183447852255072
586 3003 0.011894573181424608
586 3018 0.2973320077158855
586 3033 -0.9851240069746277
586 3048 -0.40938608885833333
587 588 0.30712879012024513
587 3243 0.36174032891430363
587 3258 -0.10532103020231069
587 3093 -0.7928699136980798
587 3108 0.3026587147310257
587 3183 0.39193300099012646
587 3198 0.3071458532031624
587 3213 -0.4035718630060034
587 3228 -0.3880899777012728
588 3423 0.5294222899378047
588 3438 -0.11403023636467265
588 3273 0.555053467316045
588 3288 -0.0018617279134392907
588 3363 -0.6315331444341886
588 3378 -1.0
588 3393 -0.17376627652393925
588 3408 -0.39314128626047096
3001 3002 -0.11525662678656176
3001 3016 -0.01646588107431907
3002 3003 0.08851829985869449
3002 3017 -0.13257952027446207
3003 3018 -0.04521359015739031
3016 3017 -0.18811674685569074
3017 3018 0.5999249018087991
3031 3032 -0.03028800014459421
3031 3046 0.2238164464370865
3032 3033 0.1952216638554165
3032 3047 0.9570564753010986
3033 3048 0.38247215590663725
3046 3047 -0.4672201879426041
3047 3048 -0.27988194987891885
3061 3062 -0.5472990204105708
3061 3076 -0.33201110045579635
3062 3063 -0.3454198369995202
3062 3077 0.4495107509965911
3063 3078 0.013317066222538972
3076 3077 0.15984723761348846
3077 3078 -0.16348238604332843
3091 3092 0.7194722129317608
3091 3106 -0.4490427879497593
3092 3093 0.13551496338783364
3092 3107 -0.10064624149734547
3093 3108 -0.4835616065991546
3106 3107 -0.25510857291625416
3107 3108 0.4129131524704195
3121 3122 0.6204360751622513
3121 3136 0.19994446684755487
3122 3123 0.4878858730679739
3122 3137 -0.252044716997557
3123 3138 0.18332211415188918
3136 3137 0.6807595783642096
3137 3138 0.5753549517208907
3151 3152 0.44812520169782477
3151 3166 1.0
3152 3153 0.01968994637113232
3152 3167 -0.13991895530072654
3153 3168 -0.554975473862798
3166 3167 -0.5963853091824773
3167 3168 0.33571027127308245
3181 3182 0.7417736287614152
3181 3196 -0.25698576022489805
3182 3183 -0.11446387267050663
3182 3197 -0.11051221113770326
3183 3198 -0.0777150083087332
3196 3197 -0.6640553660649207
3197 3198 -0.14493924804184208
3211 3212 0.7222390833041524
3211 3226 0.19060143792283202
3212 3213 -0.30321814421634
3212 3227 0.0921125232428326
3213 3228 0.5723715822114289
3226 3227 0.35133919787867707
3227 3228 -0.44556529157028096
3241 3242 0.19886817492296593
3241 3256 -0.6409302311270003
3242 3243 -0.4670909288196003
3242 3257 -0.25304791252496656
3243 3258 -0.2230913403704494
3256 3257 -0.1701130768471813
3257 3258 -0.20361027936591197
3271 3272 -0.06002578815793238
3271 3286 -0.9329424266830738
3272 3273 0.3006459882442699
3272 3287 -0.3623561603991233
3273 3288 0.47480505673053836
3286 3287 -1.0
3287 3288 -0.6715145574774618
3301 3302 0.2438389352138435
3301 3316 0.11577773797571544
3302 3303 0.4348903538773042
3302 3317 -0.4922520673419257
3303 3318 0.4633948563961837
3316 3317 -0.7334072426593651
3317 3318 0.5643885190175757
3331 3332 0.08997265565539625
3331 3346 0.9699397360162353
3332 3333 -0.1422575536987531
3332 3347 -0.9607897076663378
3333 3348 -0.406883527542522
3346 3347 -0.8612982008291276
3347 3348 -0.0003093934084337427
3361 3362 -0.4634956681151554
3361 3376 -0.22572366321945456
3362 3363 -1.0
3362 3377 0.10904970659576076
3363 3378 0.039373614060782845
3376 3377 -0.8102142381170564
3377 3378 -0.48993350122306856
3391 3392 -0.46534974498234405
3391 3406 -0.18719541788957103
3392 3393 -0.2185509424954695
3392 3407 -0.06231764769884764
3393 3408 -1.0
3406 3407 0.49582415890897885
3407 3408 0.8948604712951272
3421 3422 0.030271093580206156
3421 3436 0.3302236714421422
3422 3423 -0.4320390390842969
3422 3437 -0.4443632242891971
3423 3438 -0.24842716035702836
3436 3437 0.04997372452729079
3437 3438 0.47402141735971076
3451 3452 -0.8347913168615988
3451 3466 0.15746579936410354
3452 3453 -0.22683861289243057
3452 3467 -0.5349053960231573
3453 3468 0.38876371748846045
3466 3467 -0.344885238315285
3467 3468 -0.5165995294597935
3481 3482 -0.6810578804910751
3481 3496 0.40554189713242045
3482 3483 0.2016353949030377
3482 3497 -0.9254869005937715
3483 3498 -0.2248382129924034
3496 3497 0.7367058061399018
3497 3498 -0.050748356409218584
3511 3512 1.0
3511 3526 0.7103797500773926
3512 3513 0.31604020493664103
3512 3527 -0.16272073569257992
3513 3528 -0.6048402200103783
3526 3527 0.6027617953552777
3527 3528 -0.04864853506069256
