# 
61 61 -0.9830354132417719
62 62 0.6640037169901188
63 63 -1.2922095111010214
76 76 -0.9978716917363659
77 77 1.6854786690982118
78 78 -0.08342023374838993
91 91 0.5462484445105739
92 92 -0.13796975900396397
93 93 0.1473711149602344
106 106 -2.253403420016794
107 107 2.9340425963515044
108 108 -2.0047636121428685
121 121 0.9587446739933029
122 122 -0.7027262440355764
123 123 0.6880943960834103
136 136 0.9848066421534494
137 137 -0.2992762467766047
138 138 1.6728492911715322
151 151 -0.25664285342027265
152 152 -0.006522056316257525
153 153 -0.21179587636239036
166 166 -1.236270239536389
167 167 -0.8271485183362053
168 168 -0.25084226514183067
181 181 -1.166405069957521
182 182 -0.35500800331166654
183 183 0.9284998751655295
196 196 -0.3338235369389663
197 197 -1.0913418721237136
198 198 -0.3300816010535577
211 211 0.42253216180909803
212 212 -0.3682902892843452
213 213 -1.2017021794494065
226 226 0.5399961026713819
227 227 -0.6187045908108709
228 228 -1.1137436831289056
241 241 0.21063796175083163
242 242 0.541067851799787
243 243 0.19068185059076906
256 256 -0.7330051714065018
257 257 0.022922922390593972
258 258 -0.9043953243685344
271 271 -0.18701706230021026
272 272 -0.5095198654900513
273 273 -0.03573895899225457
286 286 0.4911004619698763
287 287 1.9027198109786405
288 288 -0.7700412693745372
301 301 -0.15075035092617647
302 302 -0.6075905262773194
303 303 -0.6516388533304116
316 316 -0.20436973185963414
317 317 -0.45660139223756
318 318 -0.4100328489444221
331 331 -0.61394051315581
332 332 0.5016819224805241
333 333 -0.010211105270680768
346 346 -0.058278856286167156
347 347 1.5404254646147426
348 348 0.32532485649381965
361 361 1.018757971406653
362 362 1.0975892332188382
363 363 -1.006803619415078
376 376 -0.8980826726092032
377 377 -0.42219616025451295
378 378 0.6005933846524948
391 391 -0.07936580809071031
392 392 -0.8832240674714116
393 393 -0.1833282342115051
406 406 -0.8357691916628035
407 407 0.6097030545
408 408 0.9940924958695551
421 421 -1.238477032903091
422 422 -0.6833299873723515
423 423 -1.3113566136973678
436 436 1.1378222460076122
437 437 0.4633983936143795
438 438 0.2811393843149419
451 451 -0.02220321593517653
452 452 -0.6950063721315561
453 453 -0.13754205147918255
466 466 -0.01780894714107694
467 467 -0.46062773243556776
468 468 0.26202272554014805
481 481 -0.14885412542258622
482 482 1.4602143916384351
483 483 -0.6205708989376505
496 496 0.22218738161800128
497 497 -1.4614202100017637
498 498 0.47924008710252813
511 511 0.5763790922470026
512 512 -1.4355195011502278
513 513 0.07542092741196048
526 526 -0.9342099316689598
527 527 0.0372115145946124
528 528 -0.6347034833077034
541 541 1.7148124726417233
542 542 0.7228895205688581
543 543 0.6560777264911476
556 556 0.9468796457546758
557 557 0.6411562463166987
558 558 -0.22628813470290257
571 571 -1.7218536808523552
572 572 -0.4457022941594027
573 573 1.5951885194777458
586 586 -0.19344087247010183
587 587 1.7281666864866674
588 588 0.014023341948683793
3001 3001 -0.26763283377911096
3002 3002 -0.9261540287134755
3003 3003 1.6020218493723464
3016 3016 0.6711561723673256
3017 3017 -1.9946357849172667
3018 3018 -0.42061669629059933
3031 3031 -0.7956040479340977
3032 3032 0.7925875704129964
3033 3033 -0.4394925763386361
3046 3046 -0.12554688677466366
3047 3047 0.20762537405591427
3048 3048 -0.016443904162430682
3061 3061 1.4441436409757809
3062 3062 0.3104461495388978
3063 3063 0.6569821279871064
3076 3076 -0.7757122281908639
3077 3077 1.2078094067613199
3078 3078 -0.06291735995678185
3091 3091 -2.432191770667953
3092 3092 1.0175249780328706
3093 3093 0.25086229920217185
3106 3106 -0.03998444665764672
3107 3107 -1.683965286532276
3108 3108 -0.0664681527207432
3121 3121 -0.9615249355552502
3122 3122 1.078263305257934
3123 3123 0.30663891890292044
3136 3136 -1.4281101328180483
3137 3137 0.08736198337281571
3138 3138 -1.0277993897658464
3151 3151 -0.47651530327294495
3152 3152 0.5269298464178234
3153 3153 -0.6942235261899643
3166 3166 -0.29538311355681357
3167 3167 0.16831635958892394
3168 3168 0.5669377238043555
3181 3181 -0.4193893910947161
3182 3182 -0.6964248974510461
3183 3183 0.9214431323143917
3196 3196 -0.14576759129158678
3197 3197 -2.223345762833771
3198 3198 0.21760237664411586
3211 3211 -0.7902989107317674
3212 3212 1.0147047500541806
3213 3213 0.6058444070811034
3226 3226 1.6416310453672718
3227 3227 -0.7338843325466088
3228 3228 -0.49825552902590553
3241 3241 0.3676386532887293
3242 3242 0.8867791240736344
3243 3243 1.134746613968321
3256 3256 1.3151322947909423
3257 3257 -1.6400626046827278
3258 3258 0.7199956922501941
3271 3271 -0.9931511012742169
3272 3272 1.8622040596295335
3273 3273 -0.15832256119562746
3286 3286 -0.442057003005259
3287 3287 0.43797553967168706
3288 3288 -0.14437666695833107
3301 3301 0.6675665846295374
3302 3302 -0.4998118530469657
3303 3303 -0.8371610918364463
3316 3316 -1.0098580063012519
3317 3317 0.6770449207949181
3318 3318 -0.10702900417364285
3331 3331 0.2962967730088676
3332 3332 0.9791437048508731
3333 3333 -0.7188946049430771
3346 3346 -1.4769165807927247
3347 3347 1.8437794698410417
3348 3348 1.0131414753704362
3361 3361 0.0641123251327407
3362 3362 1.4570595483201527
3363 3363 0.6942887765615947
3376 3376 -0.8903400517254979
3377 3377 0.3421280985281475
3378 3378 1.5081121745123764
3391 3391 0.8068105909566404
3392 3392 1.0953949524869633
3393 3393 -0.49363253865642354
3406 3406 -0.5747025280300375
3407 3407 -1.8311144883772301
3408 3408 0.7062966170111876
3421 3421 1.5716738304636912
3422 3422 -1.1060879602778824
3423 3423 0.8129502586251788
3436 3436 -0.816616412877597
3437 3437 0.06492041531225583
3438 3438 -0.5902282262795543
3451 3451 -1.2326537534140065
3452 3452 -1.7746275614814158
3453 3453 -0.04293669207442519
3466 3466 -0.4955079474019503
3467 3467 0.5937272438262825
3468 3468 -0.40716462444270657
3481 3481 2.8295913246109334
3482 3482 0.5050044920989883
3483 3483 -0.8731643292760504
3496 3496 0.9375403271629095
3497 3497 -0.3232062596419874
3498 3498 0.5164429169241824
3511 3511 0.5984300180669653
3512 3512 -1.3122082788761267
3513 3513 -1.3583803572255306
3526 3526 -2.1055775226777755
3527 3527 0.8875117000574616
3528 3528 0.11638051275579601
61 62 0.3036643877087686
61 76 -0.22401437737929927
61 3121 0.1210046618303084
61 3136 -0.5636777138657035
61 3151 -0.1747572435961613
61 3166 0.0835148710023926
62 63 -0.7060343889884018
62 77 0.8660204598273814
62 3301 -0.31491676314311146
62 3316 0.25637471032440706
62 3331 0.43587865799944503
62 3346 0.12001828088510129
63 78 0.10583870231716387
63 3481 -0.14972996676679629
63 3496 -0.16361462803392252
63 3511 0.7472412635954365
63 3526 -0.2555788415051801
76 77 0.16797036447919259
76 3121 0.12798873502705144
76 3136 0.2777129079081265
76 3151 0.23056834317656802
76 3166 1.0
77 78 -1.0
77 3301 0.11681551084824976
77 3316 0.889360298717748
77 3331 0.8408149427503843
77 3346 0.403737390712019
78 3481 0.8928153850888505
78 3496 0.0593421500723765
78 3511 -0.07531658802167422
78 3526 -1.0
91 92 0.0935655134720451
91 106 -0.8773641940608753
91 3061 0.43531237101713827
91 3076 -0.11683927788960312
91 3091 -0.758660536265559
91 3106 -0.07029940976053603
91 3121 -1.0
91 3136 -1.0
91 3151 -0.9163773633914988
91 3166 0.08593147041662637
92 93 -0.30639570208176753
92 107 -0.45996050563983476
92 3241 -0.84892473117675
92 3256 0.6729793920934336
92 3271 -0.07921363420484671
92 3286 -0.46530014555895444
92 3301 -0.7050438684115413
92 3316 -0.23075047976623025
92 3331 -1.0
92 3346 -0.5556136601808662
93 108 -1.0
93 3421 -0.6337220571650439
93 3436 -0.8336628916053637
93 3451 0.5108475321033296
93 3466 -0.3385499500998517
93 3481 -0.11101077153691757
93 3496 0.2806985014026704
93 3511 -0.23495319061482353
93 3526 -0.019520494188369326
106 107 -0.030389597805481762
106 3061 -0.5544660804628707
106 3076 -0.18739921012480695
106 3091 -0.10568423228764055
106 3106 -0.9117903837376511
106 3121 0.43658198086957684
106 3136 -0.5077856369103455
106 3151 0.25921546610725915
106 3166 -0.21629566033021522
107 108 0.22829230958885272
107 3241 -0.09402531196353428
107 3256 -0.17631998355992773
107 3271 -1.0
107 3286 -0.478063214774091
107 3301 -0.008020659474135092
107 3316 0.08165718381611357
107 3331 -0.3258467409885112
107 3346 -0.09689507956040957
108 3421 0.03544654478637218
108 3436 -0.3432005294239784
108 3451 -0.5496089006246975
108 3466 0.42171997311845105
108 3481 0.43209588249442316
108 3496 -0.02345000539810696
108 3511 0.24816185138969876
108 3526 -0.1027322446805042
121 122 -0.35811308006805237
121 136 -0.015087876872179898
121 3061 -0.16293582392272657
121 3076 -0.1328450622835038
121 3091 0.312504710084784
121 3106 0.3025883569801119
121 3121 0.1393904993734863
121 3136 0.30253827422593405
122 123 0.1657731120153718
122 137 -0.22793959097658012
122 3241 -0.015990433064743043
122 3256 -0.3088608428060627
122 3271 0.19162872933367392
122 3286 0.06390053548961154
122 3301 0.37164666229451193
122 3316 -0.8990840130366211
122 3151 -0.08207139871619698
122 3166 0.3455582305251743
123 138 -0.35173525270215195
123 3421 0.8100205142778777
123 3436 0.1792563619109822
123 3451 0.2329033152354426
123 3466 0.5068773061055013
123 3481 -0.5403695154875764
123 3496 0.44422727784035676
123 3331 0.14251338810529976
123 3346 0.22749524293081833
136 137 -0.39929316665320846
136 3061 0.46208329829122585
136 3076 0.04965367983138176
136 3091 0.05023695490744467
136 3106 -0.02551166179361682
136 3121 1.0
136 3136 0.20567591060478416
137 138 -0.21899644112432481
137 3241 -0.18277968530341493
137 3256 0.40532121615394323
137 3271 -0.2508905207381444
137 3286 -0.317875671872979
137 3301 -0.2816598595160763
137 3316 -0.3948953570328962
137 3151 -0.4890828888258072
137 3166 -0.06136392999350655
138 3421 0.6830435848479445
138 3436 0.23912932478055382
138 3451 -0.6607398448216788
138 3466 -0.4341332803947776
138 3481 -0.4178478720073667
138 3496 0.23246413611368047
138 3331 -1.0
138 3346 -0.2175710981753548
151 152 -0.2341707799971335
151 166 -0.45968607997188343
151 3061 0.4416975278802107
151 3076 0.38265824046675995
151 3091 0.4314493233325694
151 3106 -0.26137807788314765
151 3121 -0.09925288818949937
151 3136 0.31779420677288683
151 3001 -0.9821771576318643
151 3016 -0.28984357580170694
151 3031 0.14760279242943167
151 3046 -0.29446292296222204
152 153 0.37663785285994833
152 167 -0.8054400485343473
152 3241 0.19950517033806936
152 3256 -0.48189895302376623
152 3271 -0.3523670038568373
152 3286 0.01944113076475438
152 3301 -0.08503596736420058
152 3316 -0.7456001131208289
152 3151 0.15586006922801734
152 3166 0.4504948987219632
152 3181 0.016875337469023192
152 3196 -0.11142974299743656
152 3211 -0.4372000468627394
152 3226 -0.17352092442278536
153 168 0.1939137143641149
153 3421 0.34718747042544373
153 3436 0.5724063457827141
153 3451 -0.38337357816689954
153 3466 -0.28402465174914016
153 3481 0.0006397489975633655
153 3496 -0.29190142971719774
153 3331 -0.22647654760067562
153 3346 -0.877662531996974
153 3361 0.08548713104012695
153 3376 0.5507260785826403
153 3391 0.10342417537052441
153 3406 -0.5408141539062378
166 167 0.4762815166050043
166 3061 0.5805357271231006
166 3076 0.025687086727198678
166 3091 -0.21588938893618692
166 3106 -0.19398509401890554
166 3121 0.18597505251560667
166 3136 -0.09432374245830358
166 3001 -0.4107268180517551
166 3016 0.6697502973032253
166 3031 0.20233086534541028
166 3046 -0.30288995833064764
167 168 0.6991346243795497
167 3241 0.24297649455660275
167 3256 -0.21145789599029338
167 3271 0.16599145029537404
167 3286 -0.21606870329786917
167 3301 0.09135474742334891
167 3316 -0.7395650333356077
167 3151 -0.2842176120643281
167 3166 0.21183360618618707
167 3181 0.0826012108781393
167 3196 0.3469595455098469
167 3211 -0.21909147993173866
167 3226 0.2111927174990461
168 3421 -0.20807869925335024
168 3436 0.9429059146336563
168 3451 0.3120971508292815
168 3466 0.5671587086067844
168 3481 -0.21566780520767498
168 3496 -0.6887040233634644
168 3331 0.09382490386826702
168 3346 -0.6204501822787902
168 3361 0.47015343006642085
168 3376 0.10081128322369363
168 3391 0.2974448730872038
168 3406 -0.2939248857263438
181 182 0.6792573639956107
181 196 -0.12226130747093067
181 3061 0.2440847895245245
181 3076 0.3490752891862697
181 3001 -0.30592703026281026
181 3016 -0.37845264679661816
181 3031 0.1676220257395625
181 3046 -0.009005562513793924
182 183 -0.27662137289699834
182 197 -0.35033462801443493
182 3241 0.23763585628781617
182 3256 0.5016866769075942
182 3091 1.0
182 3106 -0.14539755264299115
182 3121 1.0
182 3136 -0.41471835949685587
182 3151 0.08831918768161112
182 3166 -0.3253277637599949
182 3181 -0.16088993110971694
182 3196 0.3082169236773905
182 3211 -0.5857803054962314
182 3226 0.668311658472203
183 198 -0.3615978398311746
183 3421 0.9489016510699124
183 3436 -0.05749277496229347
183 3271 0.339655770374632
183 3286 -0.6026022155083754
183 3301 0.3166561925764306
183 3316 -0.018013581385923776
183 3331 0.401865091717899
183 3346 0.4102608170364369
183 3361 -0.023203501801401284
183 3376 -0.27642740820711625
183 3391 -0.33091254008439625
183 3406 -0.2268279764117668
196 197 0.16932700929638062
196 3061 0.48115083993798613
196 3076 0.34345373172305294
196 3001 -0.3547597894474388
196 3016 -0.8669324323473194
196 3031 -0.500499655102181
196 3046 0.39592451634148546
197 198 -0.6455804742270961
197 3241 -0.5538713219816062
197 3256 -0.14843370118937174
197 3091 0.06681509306392798
197 3106 0.30465278607609647
197 3121 0.1878989861152807
197 3136 0.7075826217314909
197 3151 0.5781285494718567
197 3166 -0.20378042599514162
197 3181 -0.5368418433986175
197 3196 0.29434993769168577
197 3211 0.2670113214977225
197 3226 0.02335773015628609
198 3421 -0.19034179124331052
198 3436 -0.42222448622891173
198 3271 0.07353181984835255
198 3286 1.0
198 3301 -0.11135092553036624
198 3316 -0.5907530664425636
198 3331 -0.07864133642433764
198 3346 -0.5374993933627233
198 3361 -0.6830844176249363
198 3376 0.2058144997327506
198 3391 0.1497537024630165
198 3406 -0.2031108870460701
211 212 -0.17659428352765894
211 226 -0.6369280480900508
211 3061 -0.5460259670674837
211 3076 -0.42337087638073595
211 3001 0.41942381510296906
211 3016 -0.2337394930158183
211 3031 -0.20191865883499688
211 3046 -0.583258838579591
212 213 -0.04553491513246346
212 227 0.9139350073811111
212 3241 0.6337604846317175
212 3256 0.20322625630356106
212 3091 -0.7066548443079159
212 3106 0.5082190325207923
212 3122 -0.5638677745014568
212 3137 -0.9205690307353729
212 3152 -1.0
212 3167 -0.41182014234876935
212 3181 -0.1807282411938401
212 3196 0.10543538374805154
212 3211 -0.5256057912223776
212 3226 -0.5754237430822936
213 228 -0.2339723865737677
213 3421 0.41393368810691344
213 3436 0.02438280281956952
213 3271 -0.39455891267296067
213 3286 0.1869193075405424
213 3302 -0.2537991893392749
213 3317 0.47277381809655844
213 3332 -0.12855367581236898
213 3347 0.4063611863860372
213 3361 -0.3591215430829248
213 3376 0.4195765554144151
213 3391 -1.0
213 3406 0.9939984324673445
226 227 -0.09991435070774071
226 3061 -0.009491967615559654
226 3076 -0.6958535499573932
226 3001 -0.21405776749764013
226 3016 0.24836894087021028
226 3031 -0.8291183320193577
226 3046 0.333701090482227
227 228 -0.02865938227889666
227 3241 0.3268067583212251
227 3256 0.0032728382351090144
227 3091 -0.44911996983671915
227 3106 0.28687506163492626
227 3122 0.5725736230564086
227 3137 0.2542787436541876
227 3152 -0.4705367584637395
227 3167 0.11336778842308701
227 3181 0.22301359169883742
227 3196 0.558237201270217
227 3211 0.28156155121231197
227 3226 0.6888662313677449
228 3421 -0.2593189745490136
228 3436 -0.13177300473196782
228 3271 0.17475209164532304
228 3286 0.49250244163379475
228 3302 0.08644335087112395
228 3317 0.31724628361256096
228 3332 0.27725490340317804
228 3347 -0.4069467293612745
228 3361 0.3969061533727346
228 3376 0.3921217448476009
228 3391 -0.3833179946601077
228 3406 0.26046813411773295
241 242 0.16512424849497773
241 256 -0.037029863266977735
241 3061 0.02507758508150605
241 3076 0.20780356133421793
241 3091 -0.33248146878810636
241 3106 0.023858729148833583
241 3122 -0.37702492865633697
241 3137 0.3427426688388624
241 3152 -0.31372863846207966
241 3167 -0.011598610501235467
241 3181 0.018059714411178287
241 3196 0.10799955246448516
241 3031 -0.6788280465277536
241 3046 -0.45587045623485833
242 243 0.22044989226454167
242 257 -0.8209219682123594
242 3241 0.2761159372594437
242 3256 -0.07043095103165055
242 3271 0.08239572106667055
242 3286 0.45217243088896547
242 3302 -0.6710339848165601
242 3317 -0.10336120965267856
242 3332 0.564602977785572
242 3347 -0.16539855889669944
242 3361 0.31435595745941497
242 3376 -0.7000554317305011
242 3211 -0.4703882874562547
242 3226 0.299448975579508
243 258 1.0
243 3421 0.1949341254347529
243 3436 -0.3923221361368018
243 3451 0.46052895755481693
243 3466 -0.5918522028022675
243 3482 0.5770031870637023
243 3497 -0.4996885769420086
243 3512 0.03947678593982328
243 3527 -0.20181668408974915
243 3391 -0.503183993637011
243 3406 0.033586347245827215
256 257 -0.7224117758685816
256 3061 -0.6117976957242467
256 3076 0.9196332888329444
256 3091 -0.35684351418811683
256 3106 0.4552382510054395
256 3122 -0.8312256206103377
256 3137 0.4097685108397166
256 3152 0.48598286163891896
256 3167 -0.20973476078842773
256 3181 -0.3751946788289398
256 3196 -0.8734390642820591
256 3031 0.7348983639090377
256 3046 -0.22285668052823526
257 258 -0.009518747945513934
257 3241 -0.3853825072704206
257 3256 0.12570013987964054
257 3271 0.6743307867964069
257 3286 -0.04767210912665097
257 3302 0.1806772500487575
257 3317 0.4721697100362454
257 3332 0.40176005485296773
257 3347 -0.5722668740811127
257 3361 0.6421020613841949
257 3376 -0.43131944925203825
257 3211 1.0
257 3226 -0.3360291788826263
258 3421 -1.0
258 3436 0.46264510938965864
258 3451 0.8051660178133843
258 3466 0.24109502365159674
258 3482 -0.48244259182804655
258 3497 0.45384959272612907
258 3512 0.25858309317101785
258 3527 0.8347583771252745
258 3391 -0.05770517861675284
258 3406 0.06269017256870342
271 272 -0.8672897523686434
271 286 0.5874208868212948
271 3062 -0.36996341837331514
271 3077 0.03709100980698663
271 3092 -0.20026391087577544
271 3107 -0.3878047429169939
271 3122 0.40597509492064443
271 3137 0.5991425724413436
271 3152 -0.08780641080153569
271 3167 -0.058439572134696284
271 3181 -0.2936241694019921
271 3196 -0.4206402806478995
271 3031 0.09120241992710212
271 3046 0.3393534940711665
272 273 -0.8687889784510785
272 287 0.06493576755978679
272 3242 -0.4638401537027792
272 3257 0.12086207195240894
272 3272 -0.13921815955686578
272 3287 0.15313020086667256
272 3302 0.12174869804622199
272 3317 -0.8175935842966927
272 3332 0.011849475221307654
272 3347 0.7091823370573693
272 3361 -0.22550865980673265
272 3376 -0.9502895034423637
272 3211 0.05868544369118015
272 3226 -1.0
273 288 0.38696069902398444
273 3422 0.609684877650075
273 3437 0.3246147294910411
273 3452 -0.14957904790456117
273 3467 0.6529501578155693
273 3482 0.37314281924728354
273 3497 -0.07495194189856803
273 3512 -0.19178241142419533
273 3527 -0.24435240486073598
273 3391 -1.0
273 3406 0.17437166277226326
286 287 0.30967407992913887
286 3062 -0.25657567683443167
286 3077 0.19296094151092566
286 3092 -0.09060922966090514
286 3107 -0.12971903966435455
286 3122 -0.5031548403401445
286 3137 -0.47231425638301416
286 3152 0.7483316467568151
286 3167 -0.022634869732226195
286 3181 0.24090612297018982
286 3196 -0.9285958860394546
286 3031 -0.01082227344543627
286 3046 0.4725325728563209
287 288 -0.38543579097964487
287 3242 0.2569440108944974
287 3257 0.43209770981136214
287 3272 0.07204992382290164
287 3287 -0.8167938100940715
287 3302 0.11659117527316383
287 3317 -0.17033773016967665
287 3332 0.4262714246081108
287 3347 0.49260018513210624
287 3361 0.011014259406779732
287 3376 -0.04558158759222504
287 3211 -0.20014112873459325
287 3226 -0.25250974727328185
288 3422 -0.00443788533726131
288 3437 0.5589094707724267
288 3452 -0.5276989619000783
288 3467 -0.4970128892619966
288 3482 0.5574098129633739
288 3497 -0.7774382622610959
288 3512 0.34366476772989807
288 3527 0.51666168140506
288 3391 0.027413873383464987
288 3406 0.07066919166395165
301 302 -0.2032779398517163
301 316 -0.48293825144916647
301 3062 0.23391137474484203
301 3077 -0.08895369703885525
301 3092 0.2368813716776201
301 3107 -0.4136116347446796
301 3122 -0.3193358964219964
301 3137 0.3057131728592561
301 3001 -0.39304950363561214
301 3016 0.1800786917382226
301 3031 0.19514623416429971
301 3046 0.5696017290635658
302 303 -0.5823166851921076
302 317 0.6659140094762407
302 3242 0.1485943267880264
302 3257 0.8255110950151034
302 3272 0.32401257830265323
302 3287 0.2818647198004161
302 3302 0.7300630108181331
302 3317 -0.5538791475420154
302 3152 0.3400413278018511
302 3167 -0.6092079633998382
302 3181 1.0
302 3196 -0.6682606471841165
302 3211 -0.3910345751300259
302 3226 0.5163761627849651
303 318 -1.0
303 3422 0.4743626783692988
303 3437 -0.09650582813807393
303 3452 -0.8793647589831478
303 3467 -0.16112284695523782
303 3482 -0.1511460878897236
303 3497 -0.9247930604119098
303 3332 -0.36904140886890546
303 3347 -0.7207969083070597
303 3361 0.0011453792709143033
303 3376 -0.05286123823226872
303 3391 0.43462545442379136
303 3406 0.752468894394285
316 317 0.2866705620091976
316 3062 -0.5128621646811755
316 3077 -0.26308318645899526
316 3092 -0.6151431801181638
316 3107 -0.44739672603674685
316 3122 -0.6168920591356237
316 3137 0.208184980605883
316 3001 0.8724135804255995
316 3016 -0.3827457840522034
316 3031 0.5587008494228204
316 3046 0.21377101836309848
317 318 -0.9042491001630364
317 3242 0.07910569857122864
317 3257 -0.07549968430163308
317 3272 0.3195884377977287
317 3287 0.017833206471251997
317 3302 0.06390877045026992
317 3317 0.8821579458287988
317 3152 -0.6200623552632586
317 3167 -0.15236429073871277
317 3181 0.38741486055515084
317 3196 -0.31948287961366867
317 3211 0.5872702972348319
317 3226 0.3710680590659871
318 3422 -0.3081641004511273
318 3437 0.42561557254652493
318 3452 -0.05423391426075178
318 3467 0.12128655762580752
318 3482 0.6886726217422484
318 3497 0.10544412888159926
318 3332 -0.5193883791002207
318 3347 -0.6095044507085592
318 3361 -0.7078420427016607
318 3376 0.029753206444886476
318 3391 0.4382633662465375
318 3406 0.5287756403237568
331 332 0.28233352702232556
331 346 0.14298511685462642
331 3062 0.15192152744461204
331 3077 -0.03470343773224012
331 3092 0.5452479988369004
331 3107 -0.7482468002530941
331 3122 -0.4506118375633215
331 3137 0.512510673797727
331 3002 -0.2357783323106416
331 3017 -0.5254540630513004
331 3032 -0.698438640600803
331 3047 0.25188487255374153
332 333 -0.13523920898915967
332 347 -0.36218788932040463
332 3242 0.49746146288534404
332 3257 0.43603953815870433
332 3272 -0.4049927597727172
332 3287 0.30917405752554006
332 3302 0.33492890200071346
332 3317 -0.9935902359612682
332 3152 0.10440418730810498
332 3167 -0.31570310936462725
332 3182 -0.1650264042738588
332 3197 0.25810199171525783
332 3212 0.5448281359928923
332 3227 -0.03071026511660189
333 348 0.021631626663490573
333 3422 0.11995979070577667
333 3437 0.1008128755972944
333 3452 -0.47410137205692443
333 3467 -0.32660316266704836
333 3482 0.0042220253048534245
333 3497 0.8010211478488705
333 3332 -0.048347353809822205
333 3347 -0.088367056802837
333 3362 0.3991853664190386
333 3377 -0.34442675798902594
333 3392 -0.27033740069979495
333 3407 0.27962313195977173
346 347 0.4822747755822982
346 3062 -0.7001715122279801
346 3077 0.7456518063197438
346 3092 0.3318366434812515
346 3107 0.6300973444540782
346 3122 0.5638701121980262
346 3137 -0.5997321935835811
346 3002 0.04793574487408847
346 3017 0.25412741078068196
346 3032 -0.718810238978858
346 3047 0.13388990560197747
347 348 -0.6248870294525206
347 3242 -0.21637938882349178
347 3257 0.6291896150030541
347 3272 0.7769135842791594
347 3287 0.23646965353725366
347 3302 -0.40270372727658044
347 3317 0.8027566123763495
347 3152 0.29996331108094987
347 3167 -0.4654280017648281
347 3182 0.1425423377868797
347 3197 0.34386571501168905
347 3212 0.6431303436075375
347 3227 -0.6832557498397407
348 3422 0.6165205209110199
348 3437 -0.3619168241278796
348 3452 -0.27164347375528014
348 3467 -0.19814735793047333
348 3482 -0.5164820145267516
348 3497 0.185390788739197
348 3332 -0.1713310123538815
348 3347 0.938905672441862
348 3362 -0.3069261935894279
348 3377 -0.7714268053670009
348 3392 -0.609619264764668
348 3407 1.0
361 362 1.0
361 376 0.16541073808494505
361 3062 0.36011434507751455
361 3077 -0.4242105302969718
361 3002 -0.21790987062310352
361 3017 0.539720495376729
361 3032 0.41448404475783496
361 3047 -0.23049942149728267
362 363 0.13946505650535698
362 377 -0.4997968802132416
362 3242 -0.29702550355159035
362 3257 0.8326433739493325
362 3092 0.017436592974440616
362 3107 0.8133278594511798
362 3122 -0.5116999840805657
362 3137 0.09418987864175998
362 3152 0.04825825592612989
362 3167 0.21648728832132566
362 3182 -0.10666625242454755
362 3197 -0.6694191953232106
362 3212 -0.32587241260222555
362 3227 -0.006150013056307577
363 378 -0.1374411075427365
363 3422 -0.09726371628698768
363 3437 0.5192740009604006
363 3272 0.23828058402234034
363 3287 -0.2516310352351792
363 3302 -0.31809531940420926
363 3317 -0.45769571280421245
363 3332 -0.5254776676769793
363 3347 0.08031446208350093
363 3362 -1.0
363 3377 0.7384048267895185
363 3392 0.754915204790224
363 3407 0.6268809867844936
376 377 0.3122486853746655
376 3062 0.41922832981954655
376 3077 -0.5129972950921321
376 3002 -0.08862435718772387
376 3017 0.536171898777144
376 3032 -0.2993229187626606
376 3047 0.5366586872701672
377 378 0.629785967010956
377 3242 -0.3626319410067025
377 3257 0.419180465393864
377 3092 -0.2744744444317937
377 3107 0.43039897078294737
377 3122 -0.48654559935951736
377 3137 0.17894103080878238
377 3152 -0.692399527850486
377 3167 -0.6246364608832926
377 3182 0.33006085513726235
377 3197 0.7844941039412502
377 3212 1.0
377 3227 0.00667093246043879
378 3422 -0.6339210489599653
378 3437 0.10231161202801493
378 3272 -0.6032517906210693
378 3287 -0.3063659793904014
378 3302 -0.8159100268444524
378 3317 0.1845847979802526
378 3332 -0.10624987052059649
378 3347 0.2694350413282455
378 3362 0.751993215242012
378 3377 0.4873357335162192
378 3392 -0.3921045109064236
378 3407 0.42436028691819055
391 392 0.32953898350988975
391 406 -0.19463505942807494
391 3062 -1.0
391 3077 0.24940328108355192
391 3002 0.4306855089856143
391 3017 -0.8371690307187606
391 3032 -0.2627982899230123
391 3047 0.3096536888939413
392 393 0.5407862804174771
392 407 0.14282936994828976
392 3242 -1.0
392 3257 -0.4551463333560471
392 3092 -0.37934147918475425
392 3107 -0.6468645565084181
392 3123 0.05594264168350298
392 3138 0.4398019304874119
392 3153 0.08388737695327031
392 3168 0.18761960689930335
392 3182 -0.0629733519353443
392 3197 0.27406371551111675
392 3212 0.42237515623169564
392 3227 -0.4953510423760257
393 408 0.7700458020206384
393 3422 -0.08460843979055342
393 3437 0.20048390053465645
393 3272 -0.4714246612957206
393 3287 0.40030895024128954
393 3303 -0.05401852355855882
393 3318 -0.08643009451751016
393 3333 -0.01311871218704057
393 3348 1.0
393 3362 0.5044310461539364
393 3377 -0.2678148508375016
393 3392 -1.0
393 3407 -0.8804181591284612
406 407 -0.1800309936576631
406 3062 0.6624036176168521
406 3077 0.23842300643352374
406 3002 0.3604354292242102
406 3017 0.8515646719692693
406 3032 0.1906940211539476
406 3047 0.11536442513206113
407 408 -0.32950722262279786
407 3242 0.2001778649982026
407 3257 0.6938446221763468
407 3092 -0.23692420099827205
407 3107 0.5684560175392487
407 3123 0.357179718387158
407 3138 -0.11327285070136867
407 3153 -0.060406466239907114
407 3168 0.18603971924385734
407 3182 0.2587479590004348
407 3197 0.12971164702106688
407 3212 -1.0
407 3227 0.5073203708806744
408 3422 -0.5524647806444585
408 3437 0.02737684503830477
408 3272 -0.6487631393198374
408 3287 0.11906128597413468
408 3303 0.23380260615591716
408 3318 0.09053140198195227
408 3333 0.2250562286780836
408 3348 0.16033956172348074
408 3362 0.010255840066519969
408 3377 0.23368283523276578
408 3392 0.04779331941092333
408 3407 -0.5885350904181854
421 422 0.16420739395932749
421 436 -0.05472097819097493
421 3062 0.14972175970531865
421 3077 -0.10791069876429508
421 3092 -0.24374152947845637
421 3107 -0.06733830735785377
421 3123 -0.34359639730695024
421 3138 -0.5803384177042095
421 3153 0.14957756674302133
421 3168 0.17959284136347167
421 3182 -0.22519999215179637
421 3197 -0.1804861826209741
421 3032 -0.03741421589342127
421 3047 -0.38929616110384774
422 423 -0.7234027964255618
422 437 0.28540362450910334
422 3242 0.05849169896738
422 3257 0.3402003566957295
422 3272 -0.45426031105779013
422 3287 -0.43873021089892617
422 3303 0.5352497443000025
422 3318 0.47981127006138563
422 3333 0.1022766483695576
422 3348 -0.23982473853526518
422 3362 0.29428427027732257
422 3377 -0.458340018075489
422 3212 0.0048754114209001165
422 3227 0.9152555301838543
423 438 -0.2230737800537769
423 3422 -1.0
423 3437 0.5373149899611379
423 3452 -0.7260562944932784
423 3467 -0.27082991636257675
423 3483 0.12746035164529604
423 3498 -0.0028718920170532816
423 3513 -0.273762043540669
423 3528 -0.32097098290702736
423 3392 -1.0
423 3407 -0.43652413283769204
436 437 0.285236998282058
436 3062 -0.06242010994803454
436 3077 -0.15838226932680763
436 3092 -0.88737193013582
436 3107 0.49685259825411066
436 3123 -0.3778271205924649
436 3138 0.05515088066192718
436 3153 -0.5796489890284943
436 3168 0.4872000039653157
436 3182 0.6899166534164063
436 3197 -1.0
436 3032 -0.5714672095960066
436 3047 0.15566556772506593
437 438 -0.9173236121401636
437 3242 -1.0
437 3257 -0.44705992434051434
437 3272 -1.0
437 3287 -0.9577135562956524
437 3303 -0.4812896617172762
437 3318 0.7507479317756124
437 3333 -0.1370372020237614
437 3348 -0.3530012220579963
437 3362 -0.711744145792672
437 3377 -0.9123510939581235
437 3212 -0.3325069985849746
437 3227 -0.4032397275277041
438 3422 0.2348915531679016
438 3437 -0.27274018374404835
438 3452 -0.22165354200356047
438 3467 -0.3867346344598268
438 3483 -0.4154647161702339
438 3498 0.40104092965380567
438 3513 -0.34925463585630595
438 3528 -0.6163463337351418
438 3392 -0.5491358874841884
438 3407 1.0
451 452 -0.3404078286215881
451 466 0.7867961216571371
451 3063 0.3081327675690254
451 3078 0.11017496522099321
451 3093 -0.5855751329113059
451 3108 1.0
451 3123 0.05235556467487923
451 3138 0.7261868775158945
451 3153 -0.03985064787116025
451 3168 0.1913699069301522
451 3182 -0.4207968966400733
451 3197 0.12013862006752142
451 3032 -0.17108487854466722
451 3047 0.02725902462540993
452 453 0.17393530795190013
452 467 0.3976750190702868
452 3243 0.19666036677745266
452 3258 -0.1207905654260846
452 3273 -0.20215092628738737
452 3288 -0.12465147878715073
452 3303 -0.2565627119635555
452 3318 -0.8156828368862384
452 3333 -0.4731296708782194
452 3348 0.10598252584443485
452 3362 0.05263716544698395
452 3377 0.36843200302753515
452 3212 0.6172595854902588
452 3227 0.2183145048375963
453 468 0.3140921677448086
453 3423 0.2928979139233981
453 3438 0.6000601692435549
453 3453 0.012528436062345766
453 3468 -0.2550865130498773
453 3483 0.14172398166807013
453 3498 0.8565455611054265
453 3513 -0.18182449221107858
453 3528 -0.4903154845573903
453 3392 0.5258736880323603
453 3407 0.6508891373620165
466 467 -0.8486135065169328
466 3063 0.07471666057096704
466 3078 0.8077496442620449
466 3093 -0.7910242964595375
466 3108 -0.04735013484351893
466 3123 0.6103465941357142
466 3138 0.09703832490589574
466 3153 1.0
466 3168 0.27328569245362455
466 3182 0.40077321070189575
466 3197 -0.26812369780036527
466 3032 0.6605210648111869
466 3047 0.21736187013351863
467 468 -0.47483967586825143
467 3243 0.326844727775572
467 3258 0.251154058332482
467 3273 0.02160619890672087
467 3288 0.07754816834955658
467 3303 -0.22430650305543634
467 3318 0.7525540171754294
467 3333 -0.3126090664836128
467 3348 0.09091548861694158
467 3362 -0.5907408709587184
467 3377 0.31465268153092985
467 3212 0.11715774336263235
467 3227 0.044804888209424784
468 3423 0.6569522011940903
468 3438 -0.1236381708406074
468 3453 0.7700577962723886
468 3468 0.14720824581822065
468 3483 0.5261874554841554
468 3498 -1.0
468 3513 0.0670465015621558
468 3528 -0.10349876449799704
468 3392 0.06040249060578887
468 3407 0.7259968782284131
481 482 -0.33655539885678576
481 496 -1.0
481 3063 0.5169718942625919
481 3078 0.7164869549093056
481 3093 -0.758997056685229
481 3108 0.3471995900557848
481 3123 -0.9606303374169295
481 3138 -0.09315733010672138
481 3002 -0.22818523129019613
481 3017 -0.11322107055175142
481 3032 -0.6958618520563973
481 3047 0.3374065403222719
482 483 0.18691168827085478
482 497 -0.4067606471589376
482 3243 -0.04249971272245521
482 3258 0.35662375842599653
482 3273 0.04623300060624973
482 3288 -0.3743018242423493
482 3303 0.539621421476646
482 3318 -0.05922000996734161
482 3153 0.05764850115616995
482 3168 -0.44482548145226064
482 3182 0.3604226012114041
482 3197 1.0
482 3212 -0.16921816668114728
482 3227 0.03663425416752481
483 498 -0.07332339444882281
483 3423 -0.6098580664215656
483 3438 0.16616716324729544
483 3453 0.2627172262526542
483 3468 0.7048411645476635
483 3483 1.0
483 3498 0.13504425968110473
483 3333 0.25219727406035647
483 3348 0.8780509034826527
483 3362 -0.16867583863073815
483 3377 0.017503888864792812
483 3392 -0.4047888556816237
483 3407 -0.20686455258960879
496 497 -0.33173632226101624
496 3063 0.5555916182490415
496 3078 0.6572687731016343
496 3093 0.047012917383951636
496 3108 -0.21700519151454875
496 3123 -0.012725688945184986
496 3138 -0.33223663661153174
496 3002 -0.5703913421059142
496 3017 -0.9719542477053822
496 3032 0.27994768504068535
496 3047 0.2776598450634291
497 498 -0.5245781838911201
497 3243 -0.020361832931191415
497 3258 -0.5139550057113011
497 3273 0.4056851794902717
497 3288 0.7047926447295056
497 3303 0.527846935484673
497 3318 0.3612657472291455
497 3153 0.024262125455493017
497 3168 -0.04887240183359381
497 3182 -0.2027222565637094
497 3197 -0.8770376871190565
497 3212 0.021813472457259692
497 3227 0.9806576632497326
498 3423 0.22536410560150377
498 3438 0.541033488985747
498 3453 -0.911521997989894
498 3468 1.0
498 3483 -0.2368684740740051
498 3498 1.0
498 3333 0.08987208241595206
498 3348 -0.03964651388598375
498 3362 0.00966056125485428
498 3377 -0.3636128858914118
498 3392 1.0
498 3407 -0.3133449261427094
511 512 0.2175611936434214
511 526 -0.5163767423728295
511 3063 -0.3792862993542794
511 3078 -0.4545132115485448
511 3093 -0.8126878315649821
511 3108 1.0
511 3123 0.6346088969462486
511 3138 -0.3636565155817653
511 3003 0.11200489665266608
511 3018 -0.22458429396048876
511 3033 -0.7254850548104176
511 3048 0.8999114294674394
512 513 0.293954922833623
512 527 0.1654875180719798
512 3243 -0.7099578852715489
512 3258 0.7186243131754223
512 3273 -0.04098684994616721
512 3288 0.336462865734721
512 3303 -0.34141471171535837
512 3318 -0.591112194542601
512 3153 -0.2766986409713402
512 3168 -0.22001086904837674
512 3183 -0.3227183575738773
512 3198 -0.8512164389822557
512 3213 0.6447444963395451
512 3228 -0.2783771521890995
513 528 -0.4917440772117831
513 3423 0.10047694758117733
513 3438 -0.39346201687502513
513 3453 0.39219603114424795
513 3468 0.7968664441684608
513 3483 0.013623822496068987
513 3498 -0.29557209119788874
513 3333 0.31804444688012484
513 3348 0.07966409133416381
513 3363 -0.38494091472308634
513 3378 -0.1437235112660564
513 3393 -0.2614210616706398
513 3408 0.7747101583308799
526 527 -0.5542017816833638
526 3063 -0.32569896088160627
526 3078 0.7002941152209698
526 3093 -0.06334554288992295
526 3108 0.7245008659804567
526 3123 -0.08528960156472638
526 3138 -0.9058471507671615
526 3003 -0.0723821408109362
526 3018 0.539341543860411
526 3033 0.3298659550377196
526 3048 -0.14631389003553225
527 528 0.05914782859377124
527 3243 1.0
527 3258 -0.8699067997324152
527 3273 0.4957211201524431
527 3288 -0.24556029365229418
527 3303 0.16491329256133413
527 3318 0.5482900276952113
527 3153 0.29885587720265044
527 3168 0.07088608052197208
527 3183 0.7611417203937195
527 3198 0.5202208352893134
527 3213 -0.19444492247850798
527 3228 0.2720664840725554
528 3423 0.1930802782578299
528 3438 0.07349041497713614
528 3453 -0.3978392436300114
528 3468 -1.0
528 3483 0.625586677110974
528 3498 -0.21221655642138235
528 3333 1.0
528 3348 -1.0
528 3363 -0.11393956278057298
528 3378 -0.058119245218215675
528 3393 -0.16013217580931777
528 3408 -0.7234563451256207
541 542 -0.28356308972095445
541 556 0.5736544269643331
541 3063 0.018364836363167592
541 3078 0.22358314063266735
541 3003 0.5858869163031587
541 3018 0.6989910439677138
541 3033 -0.5402484959792915
541 3048 0.05006086091051886
542 543 -0.049613842347805984
542 557 0.2584613310203936
542 3243 -0.7108123863475712
542 3258 -0.17365390379547266
542 3093 0.1658343509488722
542 3108 0.30848547902505496
542 3123 0.0553980040641593
542 3138 0.6875091404356085
542 3153 0.1432359584090079
542 3168 -0.04830878519007389
542 3183 -0.3726537745509732
542 3198 0.15588918009910807
542 3213 -0.39228830526031794
542 3228 -0.1850342339419273
543 558 -0.5198827887945622
543 3423 0.4040001036631084
543 3438 0.002072675451714473
543 3273 0.24632884345464529
543 3288 0.8995013655472859
543 3303 0.2772519861280146
543 3318 -0.37721367825361396
543 3333 -0.400556565744237
543 3348 0.4250166219698234
543 3363 0.13135031051610185
543 3378 0.6664768727429534
543 3393 -0.3964399164825169
543 3408 -0.2472400067474899
556 557 0.6682857855342581
556 3063 0.7286616708062412
556 3078 -0.605342840344578
556 3003 -0.13776071152420477
556 3018 -0.7305017438546871
556 3033 -0.430171680421792
556 3048 0.6145556561106826
557 558 -0.05341206528559326
557 3243 0.3793199428457848
557 3258 -0.12540420678956019
557 3093 0.17029187204078416
557 3108 -0.7283410962407931
557 3123 0.35157130107435397
557 3138 -0.3855982725405679
557 3153 0.11503098566486217
557 3168 0.286574903499043
557 3183 -0.2840667991866563
557 3198 0.5168152329871257
557 3213 -0.1094900037927046
557 3228 -0.4533826902068792
558 3423 -0.5640142825845301
558 3438 -0.757393897360158
558 3273 -0.0974999653923199
558 3288 0.17013135923247263
558 3303 -0.35448861517662206
558 3318 0.33988147975639016
558 3333 -0.0010746437187350404
558 3348 -0.33708060068100454
558 3363 0.48078199415497463
558 3378 0.3839102840724787
558 3393 0.07480249688631684
558 3408 0.22258424097872737
571 572 -0.6287189359990555
571 586 1.0
571 3063 0.3629059742066635
571 3078 0.760157334443933
571 3003 -0.13250594663428253
571 3018 0.4452347704021277
571 3033 0.34499211070572067
571 3048 -0.8036316748352587
572 573 0.51611613858011
572 587 0.2503124659987354
572 3243 -0.6824580703444831
572 3258 -0.9273034280931068
572 3093 0.6724144816537895
572 3108 -0.16433711111476154
572 3183 0.3584815553334662
572 3198 0.9296846007226544
572 3213 -0.36980329409660995
572 3228 0.3621779565917305
573 588 0.11683594214019964
573 3423 0.14676751495424262
573 3438 0.24619027479148217
573 3273 -0.5935898605478194
573 3288 -0.4569085844146203
573 3363 -0.8655394761808081
573 3378 -0.24873059460284078
573 3393 -1.0
573 3408 -0.38564005938626394
586 587 0.25922742955444444
586 3063 0.059100975354662647
586 3078 0.5045448782797812
586 3003 -0.31318078867394844
586 3018 1.0
586 3033 -0.2554460555907464
586 3048 -0.12240554472376951
587 588 0.3319826186287056
587 3243 -0.0003578606233934682
587 3258 0.9149288508175946
587 3093 -0.09609378659364769
587 3108 0.4792613350619004
587 3183 0.3141181216659859
587 3198 -0.5103769722850757
587 3213 -0.1956519221175338
587 3228 0.12293950953404884
588 3423 0.2824120675049988
588 3438 0.5110001452529342
588 3273 0.07870648176126897
588 3288 -0.2054205655890863
588 3363 0.09998221489531606
588 3378 0.2733206368428588
588 3393 -0.7840532964122783
588 3408 -0.3231827414256831
3001 3002 0.1905445842643615
3001 3016 0.4951490624418675
3002 3003 0.5985447843397452
3002 3017 -0.25569027022265023
3003 3018 -0.6430364069216036
3016 3017 0.2821232189732271
3017 3018 0.20274112754301135
3031 3032 0.09986026791996655
3031 3046 -0.40914449455727364
3032 3033 -0.19274538054717247
3032 3047 -0.0648441856574169
3033 3048 -0.34354841516421963
3046 3047 0.31453488348276104
3047 3048 -0.006483267256719444
3061 3062 -0.43534239706405053
3061 3076 0.20250040224878377
3062 3063 -0.09371859285877228
3062 3077 0.3671244376043828
3063 3078 -0.664758936656033
3076 3077 0.45566840087073457
3077 3078 -0.7407171761583896
3091 3092 0.3114243455540691
3091 3106 -0.4636533761084206
3092 3093 1.0
3092 3107 -0.9633792913544108
3093 3108 0.2899604064596414
3106 3107 -0.20442757752202093
3107 3108 0.4860048049085011
3121 3122 0.12843256505850612
3121 3136 1.0
3122 3123 -0.753397329100569
3122 3137 -0.4391723256363843
3123 3138 -0.4334383461620599
3136 3137 -0.1930896955542915
3137 3138 -1.0
3151 3152 0.6312977404020887
3151 3166 -0.007457741478240323
3152 3153 -0.7848632453332754
3152 3167 -0.6665966859504914
3153 3168 -0.3975455740769463
3166 3167 0.2950965046743527
3167 3168 -0.27902095807521576
3181 3182 -0.0913713205152932
3181 3196 -0.383104199501255
3182 3183 -0.3573963488417064
3182 3197 0.3278463271934111
3183 3198 0.5166393383701685
3196 3197 0.05518920384336018
3197 3198 1.0
3211 3212 -0.4769607430965814
3211 3226 0.1277163404641881
3212 3213 -0.11480851657810105
3212 3227 0.7780012418174153
3213 3228 -0.05188191515691264
3226 3227 -0.08529191298719381
3227 3228 -0.001312864058793704
3241 3242 0.5269459005671656
3241 3256 0.5563020350037062
3242 3243 -0.5323421303737566
3242 3257 0.41942284845752265
3243 3258 0.5418498992821578
3256 3257 -0.4108854144076809
3257 3258 -0.07580525659256801
3271 3272 0.6253291090995966
3271 3286 0.3737544135713021
3272 3273 -0.28421750726348594
3272 3287 0.3516642878086166
3273 3288 0.6019038342297323
3286 3287 -0.011051287222644996
3287 3288 -0.23935285954208266
3301 3302 -0.052402582473989524
3301 3316 -0.501399702655916
3302 3303 -0.4143298814953238
3302 3317 -0.48326519282042174
3303 3318 0.0004613132160880741
3316 3317 0.5694728716333979
3317 3318 0.47892353352910977
3331 3332 0.6807559052452089
3331 3346 0.04359577711958966
3332 3333 -0.24370022590247617
3332 3347 0.447271966476641
3333 3348 0.05896349319879469
3346 3347 -0.030229987393836755
3347 3348 -0.3412088884852102
3361 3362 0.17816728509442345
3361 3376 0.3345188084168264
3362 3363 -0.39306719397522477
3362 3377 0.49014458439550707
3363 3378 -0.35218795576017903
3376 3377 -0.1552622970652262
3377 3378 0.7397204410479941
3391 3392 -0.34777277787733346
3391 3406 0.39424798363382607
3392 3393 -0.13181708415199644
3392 3407 0.23618746203306445
3393 3408 0.2835595036533774
3406 3407 0.587819236306196
3407 3408 -0.7122469961564573
3421 3422 -0.4426485984517115
3421 3436 -0.7121849382513616
3422 3423 -0.5385332112257424
3422 3437 0.7696198270088012
3423 3438 0.0381262359829726
3436 3437 0.446725100173064
3437 3438 0.6755483588614148
3451 3452 0.9010278830529829
3451 3466 -0.7150679713695117
3452 3453 0.26890441841499707
3452 3467 0.350616325454544
3453 3468 0.188172725938619
3466 3467 0.1453376505318504
3467 3468 0.33249367949564324
3481 3482 -0.7923173897375394
3481 3496 -0.021432106890007928
3482 3483 0.2257321406782875
3482 3497 -0.6558634673929747
3483 3498 0.8431313126922994
3496 3497 -0.443087869279494
3497 3498 0.3399088991062889
3511 3512 -0.05809466435890006
3511 3526 -0.5963852147048893
3512 3513 0.6538645981017432
3512 3527 0.29091108165899243
3513 3528 0.11632485846204484
3526 3527 0.17701363102044973
3527 3528 -0.45416520300236685
