# 
61 61 1.5860271355916924
62 62 0.5334886572112487
63 63 -1.1298117513834196
76 76 0.7768987791813011
77 77 -0.1598735403220756
78 78 0.5221892798936238
91 91 1.2128109821390956
92 92 -0.42491274286309433
93 93 -0.8773626184154764
106 106 0.06644467823956228
107 107 0.38164228308935194
108 108 0.7068306662473431
121 121 -0.7808105928344451
122 122 0.10749309708649075
123 123 -0.32299146031415404
136 136 -0.6803994757953326
137 137 1.5277635071588782
138 138 -0.944044263820612
151 151 -1.0434208498668216
152 152 0.8428209353091167
153 153 -0.7370738900735617
166 166 0.7104669565332961
167 167 0.9300094328457225
168 168 0.7472318352995198
181 181 0.3305658067868882
182 182 -0.093754322390882
183 183 -0.36648115408734544
196 196 -1.891780827021975
197 197 -1.3035724625973226
198 198 0.46904459427288686
211 211 -0.057950031948791884
212 212 -1.3443811387268423
213 213 0.6196558487267194
226 226 0.2017607415574395
227 227 0.7793120590101313
228 228 1.644894229238457
241 241 -0.7598240335775693
242 242 -0.7814619896136328
243 243 0.6907753223816916
256 256 0.4447587707589127
257 257 0.09926074457552157
258 258 1.1570720992619274
271 271 -0.12642240622130604
272 272 0.9418280867040456
273 273 -1.467985705141229
286 286 1.702700195520436
287 287 -1.3136413046080238
288 288 -0.27634784223944525
301 301 -0.5107223372216754
302 302 -0.6381782580605021
303 303 -0.5872058688337933
316 316 0.4170850306061095
317 317 -0.8021805827163553
318 318 0.026566204363162472
331 331 0.8821052245853922
332 332 0.043420210919855616
333 333 1.6010730675453115
346 346 -0.7388401722678309
347 347 1.3149265791240765
348 348 1.1152976196919986
361 361 0.6522843975462367
362 362 0.25554908327092896
363 363 0.8013479171889026
376 376 -0.3320652282567331
377 377 0.00651553624051787
378 378 -0.16364686335541484
391 391 -0.4867938888359046
392 392 0.4257960714138508
393 393 -0.37353209648887525
406 406 -0.9989599625430239
407 407 -1.3766133126181745
408 408 -0.5986783098203902
421 421 -1.815812445612148
422 422 -0.3988306584072583
423 423 0.7822443755779811
436 436 -0.533231488445176
437 437 1.0215815841237186
438 438 0.7621081468199057
451 451 -0.1005195173456277
452 452 -1.8483422542920906
453 453 0.08760456839699667
466 466 1.0171950794872868
467 467 0.5184931950218657
468 468 0.48713440852647405
481 481 0.47557333367660476
482 482 -0.05525247435801282
483 483 0.15223488544503425
496 496 1.7043470682254978
497 497 1.7516719204659674
498 498 -1.3617508602039774
511 511 0.406546280135523
512 512 1.2062578691945023
513 513 0.36622156226278985
526 526 -1.8657411354087214
527 527 -0.6064283007226264
528 528 0.945620555126673
541 541 -2.3546242142014697
542 542 0.07083417881671804
543 543 -0.9994058666892781
556 556 1.5579008053019587
557 557 -0.9589666719987961
558 558 -1.4251098424871043
571 571 -1.3712940776329818
572 572 1.4306774766054395
573 573 0.8012728188296295
586 586 0.8161975174214499
587 587 0.5023293879074547
588 588 0.9533170591813263
3001 3001 -1.2656150897882428
3002 3002 -0.8592208671902994
3003 3003 1.5169508414229933
3016 3016 0.5359554759368783
3017 3017 0.627714148702276
3018 3018 -0.5457839091996235
3031 3031 1.3067010496757272
3032 3032 -1.5509387839351487
3033 3033 0.03555320364134776
3046 3046 -1.5841124203723675
3047 3047 -0.41269385360344596
3048 3048 0.5021350432798589
3061 3061 -1.89206514359385
3062 3062 -0.4409459234915254
3063 3063 -0.9090480218461628
3076 3076 -0.7863465440958615
3077 3077 0.899229938340955
3078 3078 -1.2692110812666817
3091 3091 -1.935769549684225
3092 3092 -2.4680780882523425
3093 3093 1.5067057421904824
3106 3106 0.3146767459629836
3107 3107 1.2611174666041784
3108 3108 1.4536441611544582
3121 3121 1.1440191858555053
3122 3122 0.43797476806731306
3123 3123 -0.8006330064109066
3136 3136 0.9828365138876551
3137 3137 1.6689667820198297
3138 3138 -0.2578329967980857
3151 3151 -1.771828112944636
3152 3152 0.3168434645981928
3153 3153 -0.44153350256513035
3166 3166 -0.3535100975164156
3167 3167 -0.013499221534424791
3168 3168 2.1945291342768756
3181 3181 -0.35525708727352323
3182 3182 0.8299315996961022
3183 3183 -0.8348551814952033
3196 3196 0.12600440751218447
3197 3197 -0.8022803814381466
3198 3198 -1.227151533272766
3211 3211 0.9121020258691821
3212 3212 -1.079174449532335
3213 3213 -1.506629073939148
3226 3226 0.21202285823394013
3227 3227 -1.1667945621889444
3228 3228 -0.5224948731578948
3241 3241 0.08696651855697914
3242 3242 -1.7053470657876644
3243 3243 0.35781217047417785
3256 3256 0.31926494511945713
3257 3257 -0.28371583262174205
3258 3258 0.8667110107433627
3271 3271 -0.4444457983123919
3272 3272 1.203077797879779
3273 3273 -0.1870357035613157
3286 3286 0.9007068420132596
3287 3287 0.9798985459561421
3288 3288 0.493085078818075
3301 3301 1.0492969611093732
3302 3302 -0.19235165625225406
3303 3303 1.4328644517209441
3316 3316 -2.332294736930559
3317 3317 -0.14847826517792692
3318 3318 0.3067178883145405
3331 3331 0.3529028746769207
3332 3332 0.5459219263433925
3333 3333 0.23990097237612434
3346 3346 -2.3239578211266814
3347 3347 0.6562443031851997
3348 3348 1.0022449648133682
3361 3361 -0.6841823301442962
3362 3362 -2.3671825536855216
3363 3363 -1.5195447211026383
3376 3376 0.7885948172559172
3377 3377 -0.22645752755886503
3378 3378 -1.0951547213514445
3391 3391 -1.1653109394990744
3392 3392 -0.1846112174559978
3393 3393 -0.061338583764534
3406 3406 -0.90810173196393
3407 3407 -0.7138806568161655
3408 3408 1.1173738668982192
3421 3421 0.6792417158741122
3422 3422 -0.1987618454882699
3423 3423 -0.5393466696320904
3436 3436 2.841554341962293
3437 3437 1.16853236557566
3438 3438 -0.9841713178584981
3451 3451 0.7736461388122873
3452 3452 -0.0913019691782269
3453 3453 1.8163142198605051
3466 3466 -0.9738473773817112
3467 3467 0.052541120463179124
3468 3468 0.823244333935131
3481 3481 -0.5617880284057418
3482 3482 -0.4557707384516139
3483 3483 0.11812592298992056
3496 3496 -0.7951075562038925
3497 3497 0.09731895576346147
3498 3498 0.6495210776060077
3511 3511 -1.7357814856168214
3512 3512 0.8415927728500072
3513 3513 -0.6576797468365673
3526 3526 -0.7219892516976094
3527 3527 -0.20718950032956493
3528 3528 0.2766646780802908
61 62 0.5770505080592628
61 76 -0.06597737116303876
61 3121 -0.24354274072877694
61 3136 0.4819568450847625
61 3151 0.17938061624905338
61 3166 0.03153537489384518
62 63 -0.26432618855019036
62 77 0.3089304028604572
62 3301 -0.91375790556873
62 3316 -0.1663465447291487
62 3331 -0.6282245331289082
62 3346 0.5093782869897222
63 78 -0.33074331690891523
63 3481 -0.6007269457872205
63 3496 -0.30780666573769533
63 3511 -0.43608783764959236
63 3526 -0.3128541751441355
76 77 1.0
76 3121 0.10069456007057917
76 3136 -0.9843542383778325
76 3151 0.2958720725150689
76 3166 -0.21175052987559576
77 78 0.0019620863370347617
77 3301 -0.6833951874666745
77 3316 -0.19859709199589526
77 3331 -0.02108515286020764
77 3346 0.598419135253696
78 3481 0.6649384736084383
78 3496 -0.4790860519199529
78 3511 -0.5394651483579619
78 3526 0.6596395782931767
91 92 -0.03985435495174752
91 106 0.04411188009610089
91 3061 -0.34779500261338614
91 3076 0.6909579549694937
91 3091 0.3536786571123543
91 3106 1.0
91 3121 -0.4435180049757321
91 3136 -0.8802431381014669
91 3151 -0.7875649272905162
91 3166 -0.1611645828714765
92 93 -0.6572259008539609
92 107 0.3268311102120622
92 3241 0.044885780992275505
92 3256 0.46634422028470346
92 3271 -0.5767220917604692
92 3286 0.3515596994378996
92 3301 -0.6047818378377822
92 3316 0.27106663122153907
92 3331 -0.798107001750879
92 3346 -0.24574312452962982
93 108 0.18810558493082288
93 3421 0.09588287230750583
93 3436 -0.38161803393083465
93 3451 -0.4984422254425075
93 3466 0.5100851896628045
93 3481 -0.15323191190707877
93 3496 0.6653696294049578
93 3511 -0.5870581804702454
93 3526 0.3891143337771528
106 107 0.5210022061161088
106 3061 -0.19823739243230623
106 3076 0.5950622446345132
106 3091 -0.016900703578950182
106 3106 0.09609028756198931
106 3121 -0.28100320573223597
106 3136 0.24384619783716205
106 3151 0.5610101105042415
106 3166 -0.09199452239294403
107 108 -0.17833013854804183
107 3241 -0.08525375687988453
107 3256 0.9151592479397764
107 3271 -0.1837759809552398
107 3286 -0.4821256822032539
107 3301 -0.6505884849093918
107 3316 -0.5560589751420412
107 3331 0.21968282402412842
107 3346 0.28807248858040435
108 3421 0.5340362758085262
108 3436 0.04916447867396856
108 3451 0.4705081721443588
108 3466 -0.3419272947558976
108 3481 -0.12557398715592838
108 3496 1.0
108 3511 0.14484267905472417
108 3526 -0.35403583222962026
121 122 -0.1995087336819917
121 136 -0.16707443401213898
121 3061 0.5280884379917408
121 3076 0.972597148839979
121 3091 -0.3043167185683451
121 3106 0.3716014739235023
121 3121 -0.6667649754519823
121 3136 -0.057773862653137414
122 123 0.12309735984148357
122 137 0.9131049384250102
122 3241 -0.8778773587432738
122 3256 -0.7058408698096145
122 3271 -0.2424187317479068
122 3286 -0.4316807020767414
122 3301 -1.0
122 3316 -0.6932197257458714
122 3151 0.6239308940012372
122 3166 -0.04024952260749371
123 138 0.6805364533218863
123 3421 -0.3467744208402094
123 3436 0.4062631545641629
123 3451 0.031859842979336445
123 3466 -0.09230132720690513
123 3481 0.6499217045738638
123 3496 -0.12059303911581519
123 3331 0.6584045106812797
123 3346 -0.4668465548481055
136 137 -0.6261610107612311
136 3061 0.5823179037534507
136 3076 -0.1892415110709759
136 3091 -0.47832056939337037
136 3106 0.7217924321399247
136 3121 0.6700839556496584
136 3136 -0.03445195951525436
137 138 -0.47818578648708665
137 3241 0.1489765657232068
137 3256 0.3643134931816389
137 3271 -0.15308623708260166
137 3286 0.09051115069452959
137 3301 0.12393067030071934
137 3316 0.1814135953525069
137 3151 0.40200875641203354
137 3166 0.21050083170475814
138 3421 0.46073063924990376
138 3436 0.15794857329148884
138 3451 0.5626133130548675
138 3466 0.3957259018827437
138 3481 0.8588159351358
138 3496 -0.5524635486345806
138 3331 0.16430532044285628
138 3346 0.6515103940594205
151 152 0.41676810822099863
151 166 0.616332010082268
151 3061 -0.33323506004247805
151 3076 0.44324151977658904
151 3091 -1.0
151 3106 0.42906017394503604
151 3121 0.4732714570259813
151 3136 0.1708333441017917
151 3001 0.5957738073519809
151 3016 0.8619007043640606
151 3031 -0.04426624295615931
151 3046 0.04673877394696335
152 153 1.0
152 167 -0.48461694635684055
152 3241 -0.013556427253975692
152 3256 0.18912922155477452
152 3271 0.2584175833898086
152 3286 0.6483299385791457
152 3301 0.2992264813796497
152 3316 -0.2606546344435049
152 3151 0.9120829743301067
152 3166 0.82272601463452
152 3181 -0.1719992802026985
152 3196 0.3673975029714277
152 3211 -0.4671345263627124
152 3226 0.1657650971341037
153 168 0.35892442893759163
153 3421 -0.5600615497373886
153 3436 0.2427499289477245
153 3451 1.0
153 3466 -0.49993984783036055
153 3481 -0.05191214326903215
153 3496 -0.6517908735037313
153 3331 0.4737818103175965
153 3346 0.49158461660914293
153 3361 -0.21067249278306655
153 3376 0.011730048240470975
153 3391 -0.32925003103030304
153 3406 -0.6181172647867045
166 167 -0.6365713696238402
166 3061 0.44262920723048593
166 3076 0.19042532741961044
166 3091 -0.6964153534552603
166 3106 0.13421944492785876
166 3121 -0.3898251042871615
166 3136 0.1434677983714785
166 3001 -0.21272264985359368
166 3016 -0.37324264035486254
166 3031 -0.3045742068633575
166 3046 -0.43110425624243187
167 168 0.3880255715172357
167 3241 -0.41313752092824924
167 3256 0.20865651141964747
167 3271 0.11298557642860972
167 3286 0.9301913105412106
167 3301 -0.2631037414071012
167 3316 -0.7534391025681141
167 3151 -0.27698126881148294
167 3166 -0.5192833075793308
167 3181 -0.0786407882368411
167 3196 -0.4585788967586789
167 3211 0.32879299150858843
167 3226 0.07971470816782243
168 3421 -0.4755168710645698
168 3436 0.22322215231220277
168 3451 -0.2375017971173356
168 3466 -0.5543975473067938
168 3481 -0.6228417625889661
168 3496 -0.5197218303295672
168 3331 0.6816280741077498
168 3346 0.8635397095078842
168 3361 0.990110367508587
168 3376 0.20664432819407946
168 3391 -0.7608098607850501
168 3406 0.06382268093814927
181 182 -0.5509776036814947
181 196 -0.5823066422076725
181 3061 -0.29567131622343146
181 3076 -0.46356419090117434
181 3001 1.0
181 3016 -0.18355699240436335
181 3031 -0.39977868193028704
181 3046 -1.0
182 183 -0.1177669927427341
182 197 0.42883085226847956
182 3241 -0.04227897706340667
182 3256 0.3245284643468852
182 3091 -0.5128470622607189
182 3106 -0.31438521080887455
182 3121 -0.3214682332138443
182 3136 0.09559287963324632
182 3151 0.2584920224707071
182 3166 -0.20526216244733728
182 3181 0.32093322404203545
182 3196 -1.0
182 3211 -0.8945521187235812
182 3226 0.1728244054384414
183 198 -0.519414943329082
183 3421 0.7768892793572857
183 3436 -0.09088807755217923
183 3271 -0.4733593098478702
183 3286 -0.31488274221767004
183 3301 -0.6686514578655538
183 3316 -0.46293008821015663
183 3331 -0.0026210992305887772
183 3346 1.0
183 3361 -0.07935579484648111
183 3376 0.2512144794164233
183 3391 0.16045022862096187
183 3406 -0.2286790300443734
196 197 0.7199724360204287
196 3061 0.8702448394818303
196 3076 -0.36087361482299063
196 3001 0.5979459927537695
196 3016 -1.0
196 3031 0.2333381063366348
196 3046 -0.3826139129315947
197 198 -0.29064150327266186
197 3241 1.0
197 3256 0.5827325166848035
197 3091 0.15492548089144292
197 3106 0.2762973835933677
197 3121 0.2646753029518742
197 3136 0.4413300400158495
197 3151 -0.16203378754739622
197 3166 -0.14628120171183195
197 3181 0.22514706493679196
197 3196 -0.027497890778560748
197 3211 0.79904177612243
197 3226 0.23516378342946465
198 3421 -0.7476874065936912
198 3436 0.569679070222983
198 3271 0.18838217973977642
198 3286 0.6130995695759842
198 3301 0.2583201406467625
198 3316 -1.0
198 3331 -0.5499214631865649
198 3346 -0.27316680757395867
198 3361 0.42078465274155036
198 3376 -0.0768015528730111
198 3391 -0.8162217100963001
198 3406 0.11959702894771476
211 212 -0.11006588283925808
211 226 0.45110185156722954
211 3061 -0.36604520748034775
211 3076 0.5272770593458134
211 3001 0.17239964218752837
211 3016 -0.045965537492530156
211 3031 0.31787839986345967
211 3046 -1.0
212 213 -0.3708023956688202
212 227 0.5194802430585176
212 3241 0.30803483690553807
212 3256 0.278665995742865
212 3091 -0.023294840748281573
212 3106 -0.49501919663253346
212 3122 -0.7314758926298015
212 3137 -1.0
212 3152 -1.0
212 3167 -0.3926947229178309
212 3181 0.12295328871075285
212 3196 -0.06277421837850512
212 3211 0.7549375687215873
212 3226 0.5387389203201584
213 228 0.4797215563007893
213 3421 0.7026600727933477
213 3436 -0.35071591765356835
213 3271 0.6733235257261304
213 3286 0.0014838617927722272
213 3302 0.3136797292391342
213 3317 0.15846454735715831
213 3332 0.20067047210008954
213 3347 -0.14517966258812678
213 3361 -0.4538046375767195
213 3376 -0.35880145881416314
213 3391 0.621954223400071
213 3406 -0.025442857763329493
226 227 -0.786169780298425
226 3061 -0.3396440852076278
226 3076 -0.2723247009256587
226 3001 -0.7590704894091149
226 3016 -0.9080362438246922
226 3031 -0.025652321764033887
226 3046 -0.17373664801445862
227 228 0.20870228564343257
227 3241 -0.7276987123937984
227 3256 -0.6375308568008111
227 3091 0.7169407607609174
227 3106 -0.3737133850205468
227 3122 0.1553056427469879
227 3137 0.9056504260995222
227 3152 0.22271268666619765
227 3167 -0.13568484050053486
227 3181 0.640065108284168
227 3196 0.8040417253808302
227 3211 0.031439375980036786
227 3226 -0.9972877778173972
228 3421 0.3376107939379047
228 3436 -0.17006663924943521
228 3271 0.2114664800017776
228 3286 -0.06922846114041946
228 3302 0.24001514047405204
228 3317 -0.3391094092614945
228 3332 0.5534141635973188
228 3347 0.7405012049918106
228 3361 0.18924591475030586
228 3376 -0.7066082010327499
228 3391 -0.2872812560466372
228 3406 0.03686499066716821
241 242 0.06538895296121339
241 256 -0.30989052475411627
241 3061 -0.28435326213854684
241 3076 0.6439021556271667
241 3091 0.2534890545780897
241 3106 0.6377196594929495
241 3122 -0.6891832133170819
241 3137 0.7026495389107134
241 3152 0.03915129239017451
241 3167 0.2161949916231253
241 3181 0.37820535862815247
241 3196 -0.3631767126122188
241 3031 -0.35639341259196733
241 3046 0.37379931674794237
242 243 -0.4899277277373769
242 257 0.432369058192894
242 3241 -0.4072855626558309
242 3256 -0.8927185578457395
242 3271 -0.3236408056933317
242 3286 -1.0
242 3302 -0.3239763200973931
242 3317 0.06330113318637155
242 3332 -0.9563817043135887
242 3347 -0.026541720929692675
242 3361 0.48276961115615136
242 3376 0.8653475564422968
242 3211 -0.3833331903732213
242 3226 -0.17631408362747267
243 258 -0.3707444572144672
243 3421 0.2730980665038914
243 3436 -1.0
243 3451 -0.7692719520195699
243 3466 0.7340553140790443
243 3482 -0.15530798282284497
243 3497 0.9412820042815778
243 3512 0.6524342721064554
243 3527 -0.21845189382563737
243 3391 -0.522155826400327
243 3406 -0.10609388694901332
256 257 -0.46776579171747207
256 3061 0.7392011669995937
256 3076 0.8373348548672412
256 3091 -0.034696875583466874
256 3106 0.3986360135887281
256 3122 -0.9696888934228352
256 3137 -0.6311575291613915
256 3152 -0.040303865251943134
256 3167 0.22207750315866337
256 3181 -0.7211628313139065
256 3196 -0.4002191723863098
256 3031 0.6772860963132407
256 3046 0.24536914388420897
257 258 0.49594942208599374
257 3241 -0.9993780712902822
257 3256 -1.0
257 3271 0.8430982447666766
257 3286 0.6558545376927734
257 3302 1.0
257 3317 -0.33948721830446305
257 3332 -0.4022768720302413
257 3347 0.2945993234081874
257 3361 -0.14189457589021215
257 3376 0.7787398511231429
257 3211 -0.7472132319083187
257 3226 0.2298572051485434
258 3421 -0.13982739456069382
258 3436 -0.2104633911748327
258 3451 -0.15614322141226333
258 3466 -0.3962944234170835
258 3482 -0.580699223395733
258 3497 -0.09240088861601374
258 3512 -0.3637036271913691
258 3527 0.15697542252844437
258 3391 0.41271530171940607
258 3406 -0.7192077004697081
271 272 -0.2569749482830942
271 286 0.3719010496981037
271 3062 -0.10476515898117264
271 3077 0.9335086431387254
271 3092 0.2361514561468056
271 3107 0.24740135541259303
271 3122 1.0
271 3137 -0.19604775429268922
271 3152 1.0
271 3167 -0.6481178369362108
271 3181 0.08162519212760831
271 3196 0.4186423103367294
271 3031 0.5232857188447503
271 3046 -0.2369906785464383
272 273 -0.09105350814901982
272 287 0.0007054322651168382
272 3242 0.2806092249351118
272 3257 -0.10609260602999189
272 3272 0.14457426691633274
272 3287 0.458836729003619
272 3302 0.3448587397122716
272 3317 -0.23721524804985666
272 3332 0.10023816456491454
272 3347 0.013131688557930659
272 3361 -0.4421570006172888
272 3376 1.0
272 3211 0.020032706489444652
272 3226 0.39491287317338286
273 288 -0.8715797421264593
273 3422 0.08484165031524041
273 3437 0.2954439074799816
273 3452 -0.38993699968970225
273 3467 0.019634224559139057
273 3482 -0.8237892252256322
273 3497 -0.2730931051004447
273 3512 0.20188145265883356
273 3527 -0.001335800802113302
273 3391 0.007366609648159633
273 3406 -0.6968602725104921
286 287 0.3416108165810108
286 3062 1.0
286 3077 -0.15595612342463452
286 3092 -0.5208710617291139
286 3107 -0.46047779754404095
286 3122 0.019615610827079744
286 3137 -0.3622666470750442
286 3152 0.08310119585526982
286 3167 0.10642550638196016
286 3181 -0.2200116942288895
286 3196 -0.277852120688336
286 3031 0.0015623957103803202
286 3046 -0.049410843456554714
287 288 1.0
287 3242 -1.0
287 3257 -0.38128823029615944
287 3272 1.0
287 3287 -0.09586645387301704
287 3302 -0.2792905030946989
287 3317 -0.45821774360128953
287 3332 -0.6705115061800457
287 3347 -0.7940505061134966
287 3361 0.3386235081454942
287 3376 0.3131855802748695
287 3211 -0.4210286370416862
287 3226 -0.8202826223219091
288 3422 0.26233665888577445
288 3437 0.4023027661586889
288 3452 0.819072640494685
288 3467 0.5718444760916045
288 3482 -0.08140101421133195
288 3497 0.025822458091440445
288 3512 0.5268349174360647
288 3527 -0.00850020648358479
288 3391 0.31863655694906096
288 3406 -0.7750237477582594
301 302 0.07119611073591299
301 316 0.5079510694788557
301 3062 -0.5729491225587044
301 3077 1.0
301 3092 -0.7122397604773002
301 3107 0.16391185909210518
301 3122 0.051306457069247954
301 3137 -0.16216475676040024
301 3001 -0.2867868663338212
301 3016 0.30031086901957027
301 3031 -0.24664698172542632
301 3046 0.29184349565441825
302 303 0.3855830426089197
302 317 -0.31938086985798164
302 3242 0.755841809031424
302 3257 0.6577698488236502
302 3272 0.718435687411983
302 3287 0.8240021566903692
302 3302 -0.1691484249016676
302 3317 -0.5460115464630813
302 3152 0.7578594062074452
302 3167 -0.10737763568910434
302 3181 1.0
302 3196 0.6874724778352242
302 3211 0.5409173063714952
302 3226 0.19029293525533722
303 318 -0.2556469815828233
303 3422 -0.14121451595209786
303 3437 -0.6616407444913394
303 3452 0.07821377029065255
303 3467 -0.952496800338439
303 3482 -0.1512003365384499
303 3497 -0.3375940157786845
303 3332 0.11787578938755577
303 3347 -0.18746978992929
303 3361 -0.20049962267722665
303 3376 -0.7169303280035642
303 3391 -0.15008607872338883
303 3406 -0.2944274341560339
316 317 0.5211036921774407
316 3062 -0.2853292466735066
316 3077 -0.018573945701951897
316 3092 0.7912728953399718
316 3107 -0.273220542975113
316 3122 1.0
316 3137 0.27960145747596565
316 3001 0.9002522193052647
316 3016 -0.5375868603225114
316 3031 1.0
316 3046 -0.07944532808584089
317 318 -0.6542685961513255
317 3242 -0.3964371265424728
317 3257 0.41444808621047524
317 3272 0.3705287762722143
317 3287 0.2637138863076521
317 3302 -0.04236320881467324
317 3317 -0.0027086513370917324
317 3152 -0.4170660997579511
317 3167 0.4599649199958411
317 3181 -0.4072174561845336
317 3196 -1.0
317 3211 0.3604372205252
317 3226 0.7411758762805212
318 3422 -0.2182671660801357
318 3437 -0.013089496602748739
318 3452 -0.0731300107665677
318 3467 -0.33712249515410525
318 3482 0.21648088620449724
318 3497 -0.4810783080041726
318 3332 0.8233652214818081
318 3347 1.0
318 3361 -0.18964372995759005
318 3376 0.5029808252464922
318 3391 0.21468899077329662
318 3406 0.16613405241983345
331 332 0.3695088399116377
331 346 -0.28279377238192016
331 3062 0.37227114058454414
331 3077 -0.39228195699401164
331 3092 -0.26403310178542183
331 3107 -0.32373423691993974
331 3122 0.3014943122442044
331 3137 -0.28664426265813153
331 3002 -0.3164731634782142
331 3017 0.5797062504415881
331 3032 0.49354461163951746
331 3047 -0.2171158985426789
332 333 -0.3434272174137029
332 347 6.033059217578689e-05
332 3242 0.013951536043068166
332 3257 -1.0
332 3272 -0.24468989462471352
332 3287 0.44638702255190493
332 3302 0.22899530271893673
332 3317 -0.5534896086945745
332 3152 0.1681117892945908
332 3167 -0.6437674913935769
332 3182 -0.8550405019358336
332 3197 1.0
332 3212 0.973398192547309
332 3227 0.3665058561154455
333 348 -0.6393890848771653
333 3422 0.16127565242920666
333 3437 0.4522396899444757
333 3452 -0.15356362484058125
333 3467 0.2238813914277214
333 3482 0.35204555072357985
333 3497 -0.013737015209764674
333 3332 0.657204948084092
333 3347 0.22994108848878805
333 3362 0.5103263339157968
333 3377 -0.7830119735711579
333 3392 -0.23674497563087277
333 3407 -1.0
346 347 -0.6810326562345874
346 3062 0.08794212102640654
346 3077 0.1871302897930024
346 3092 0.254241454036433
346 3107 -0.43646984695522567
346 3122 0.9808310674036355
346 3137 -0.3855280161236646
346 3002 0.6389846018798364
346 3017 -0.05186122493999047
346 3032 -0.16552633066854955
346 3047 -0.4478100750005339
347 348 -0.004777380700383072
347 3242 -0.8793467555139838
347 3257 0.40487728872474404
347 3272 0.32768299682593055
347 3287 0.1058058869653253
347 3302 0.05207098001616797
347 3317 -1.0
347 3152 0.37877030681547147
347 3167 -0.1515129260407567
347 3182 0.6903397553623982
347 3197 0.4016267792124335
347 3212 0.5839605762597919
347 3227 -0.008590260871010225
348 3422 1.0
348 3437 0.42598932135443857
348 3452 -0.2997411523842816
348 3467 -0.39368187629389817
348 3482 0.4733738680340102
348 3497 -0.19642635642385123
348 3332 -1.0
348 3347 -0.08192157973048514
348 3362 0.22639211944630475
348 3377 0.9117667655813985
348 3392 -0.7385434702187537
348 3407 -0.2577667678004199
361 362 -0.6428879918662005
361 376 -0.6502051364746317
361 3062 -0.7486685347722492
361 3077 -0.46867483870692545
361 3002 -1.0
361 3017 1.0
361 3032 -0.49081352600186756
361 3047 0.2930976358484377
362 363 -0.03829721780480327
362 377 -0.4373088178057781
362 3242 0.9431835100587266
362 3257 -1.0
362 3092 0.37005422392904785
362 3107 -0.3569379065318141
362 3122 0.3516292233813592
362 3137 -1.0
362 3152 -0.24805645992800093
362 3167 -0.2734169240635371
362 3182 0.7220470207212599
362 3197 0.0027959394823899824
362 3212 0.22678048959495695
362 3227 0.5387614429075943
363 378 -0.047428002041086666
363 3422 -0.3933237210386643
363 3437 -0.8180141393268037
363 3272 0.19903351291766516
363 3287 0.05386934708024751
363 3302 -0.6028782869536946
363 3317 0.410659142227323
363 3332 -0.31270975493338876
363 3347 -0.3094909458561058
363 3362 -0.9037482223922934
363 3377 0.8422409798399527
363 3392 1.0
363 3407 0.3838504453960011
376 377 -0.6126387062035823
376 3062 0.39635580759724937
376 3077 -0.38921757221325104
376 3002 0.3841753668039201
376 3017 -0.09961198068386856
376 3032 -0.2946282921991661
376 3047 -0.6877212079291236
377 378 -0.3499728831856309
377 3242 -0.628985824681944
377 3257 1.0
377 3092 -0.09808426187467895
377 3107 0.02861957652222095
377 3122 0.09212178140440574
377 3137 0.7817653060319693
377 3152 0.29374132571344186
377 3167 -0.3706437287767918
377 3182 -0.12504817393338505
377 3197 0.2910850660698032
377 3212 0.13005584175715565
377 3227 0.30538292999185157
378 3422 0.054108569131562895
378 3437 -1.0
378 3272 0.2706227629046827
378 3287 0.49247159613607855
378 3302 -1.0
378 3317 0.6733400534906925
378 3332 0.2212636500630144
378 3347 -0.10533774852634747
378 3362 -0.6044305511161093
378 3377 -0.14211650591981115
378 3392 -1.0
378 3407 0.052576455402322364
391 392 -0.35358545488941107
391 406 0.12450292368493064
391 3062 -0.3462896558056768
391 3077 0.024172193193612905
391 3002 -0.37110010714400726
391 3017 -0.11350966724742398
391 3032 0.028630349087401794
391 3047 3.415996934151736e-05
392 393 0.017251426627794844
392 407 -0.15436910964273212
392 3242 -0.37292194715670235
392 3257 -0.27116234984212184
392 3092 -0.04152076165761632
392 3107 -1.0
392 3123 -0.06522441570844104
392 3138 -0.009029364129162496
392 3153 -0.2621431498634439
392 3168 -0.651014665002391
392 3182 0.2619465821123244
392 3197 -0.38466042500355546
392 3212 0.6626099708845316
392 3227 -0.030736898821489972
393 408 0.27570300200569353
393 3422 0.3858547290084768
393 3437 0.3449111913518162
393 3272 0.3679855848783317
393 3287 0.6026782534294738
393 3303 -0.6979777647317885
393 3318 -0.46853420674756807
393 3333 0.24513740019927227
393 3348 -0.6110185900364288
393 3362 0.054200600661273475
393 3377 -0.24076097684456
393 3392 -0.24505401397831061
393 3407 -0.48230312883864046
406 407 -0.0751084000063349
406 3062 -0.039474234283893704
406 3077 0.18957997701295742
406 3002 0.35803490576056246
406 3017 0.10437166985779624
406 3032 -0.6995026367142487
406 3047 0.6144588907692323
407 408 -0.048551170257696105
407 3242 -0.07607909284469257
407 3257 0.24697142420980236
407 3092 0.6447993578569019
407 3107 -0.08389332147263887
407 3123 -0.6976018301261095
407 3138 0.3576307148634638
407 3153 0.41180154282084475
407 3168 0.1933336507356864
407 3182 -0.16609074250874192
407 3197 0.6064595302091652
407 3212 -0.09615533372800297
407 3227 0.5625175657428906
408 3422 -0.3288773099392627
408 3437 0.5534480275700828
408 3272 -0.36047184637168
408 3287 0.0843181970584754
408 3303 -0.2971813893604687
408 3318 -0.2429840235493943
408 3333 0.25360927535476824
408 3348 -0.255465012234943
408 3362 -0.22856418972956716
408 3377 -0.07599437634499791
408 3392 -0.2880246882284486
408 3407 0.8475266918036927
421 422 0.14269709511837544
421 436 -0.2852159701765459
421 3062 -0.7325032595781144
421 3077 -0.47901944860353884
421 3092 -0.5945246496069366
421 3107 -0.16964652425296495
421 3123 0.09491222128565106
421 3138 -0.5495429501260006
421 3153 0.007018865425198697
421 3168 -0.5503292105550711
421 3182 0.16307868860417712
421 3197 -0.3185024300932993
421 3032 0.12308487279746982
421 3047 -0.8395913003789904
422 423 -0.9010721833580365
422 437 0.15384432975017837
422 3242 0.6151297641025869
422 3257 -0.28635970974204256
422 3272 -0.524682625902946
422 3287 1.0
422 3303 0.2187664703647244
422 3318 -0.05451326794272134
422 3333 0.2566191253392033
422 3348 -0.5054569830092598
422 3362 0.3573225263723012
422 3377 -0.18841705538040082
422 3212 -0.2691450341662978
422 3227 -0.8087533939893568
423 438 0.07764504176381311
423 3422 -0.15728253522374172
423 3437 -0.03980234566224286
423 3452 -0.10657738999072643
423 3467 -0.6936690489029534
423 3483 0.5463672609171701
423 3498 0.3500439998019534
423 3513 -0.16775483667626864
423 3528 -0.0278394897594666
423 3392 -0.07906710951826774
423 3407 0.7012393387861099
436 437 0.8646623158986939
436 3062 -0.22908232104739243
436 3077 0.0018032215191865729
436 3092 0.6431214547910533
436 3107 -0.025104399505548117
436 3123 0.3361224191572602
436 3138 -0.6564474531791905
436 3153 -0.09101000430179615
436 3168 -1.0
436 3182 -0.11444538186212594
436 3197 0.03015334107157059
436 3032 -0.060882080028871424
436 3047 0.4673882723417504
437 438 0.6031331205539552
437 3242 0.20757648942130855
437 3257 -0.2638541473533276
437 3272 -0.17250528236690404
437 3287 -0.26563643966524336
437 3303 0.4769238660644011
437 3318 0.10284869619786874
437 3333 0.6852793195794417
437 3348 0.7826201990375844
437 3362 0.5539728537720594
437 3377 0.4938848559724816
437 3212 -0.18252838816432082
437 3227 -0.08837675441499507
438 3422 -0.28792125040444955
438 3437 0.01386574757329604
438 3452 -0.2631410734099244
438 3467 0.28736419926075185
438 3483 1.0
438 3498 -1.0
438 3513 -0.3366890076551375
438 3528 0.24073059702439878
438 3392 0.5989537383421955
438 3407 -0.15983795829670422
451 452 -0.020775542830470287
451 466 0.6282900412915632
451 3063 -0.8544014953241837
451 3078 0.28048738435550735
451 3093 0.3769844976415762
451 3108 -0.19556270921499577
451 3123 0.2057073525631165
451 3138 0.26905377374693784
451 3153 -0.6001333272022739
451 3168 0.7378339115768026
451 3182 0.2205799261360121
451 3197 -1.0
451 3032 -0.44788104605395535
451 3047 -1.0
452 453 -0.8810638060509622
452 467 -0.04482813042510442
452 3243 -0.5420103547227237
452 3258 -0.17402857918627257
452 3273 -0.21922448560103244
452 3288 -0.08756262018108164
452 3303 0.1414659953741172
452 3318 -0.9960758164425935
452 3333 -0.4728260714080846
452 3348 1.0
452 3362 -0.7221906518934466
452 3377 0.17964674604869116
452 3212 -0.6098911968387158
452 3227 -0.23997706921286424
453 468 0.04734883895114838
453 3423 1.0
453 3438 0.46448970111863525
453 3453 -0.5739328585773263
453 3468 -0.34574198414989105
453 3483 0.7966557905209286
453 3498 0.6864108144720263
453 3513 -0.5897074000190763
453 3528 -0.2390199691872067
453 3392 0.2977976889312497
453 3407 -0.4336390031069963
466 467 0.2590130960561847
466 3063 0.2900896162762889
466 3078 -0.5971695143524697
466 3093 0.43522794557997674
466 3108 0.7421802538063137
466 3123 1.0
466 3138 0.27245697592223495
466 3153 0.834771949718745
466 3168 0.20872682764683095
466 3182 1.0
466 3197 0.2996264279983184
466 3032 0.19982507625838727
466 3047 0.17095295433021146
467 468 -0.20530025573228713
467 3243 -0.14354894405812993
467 3258 0.16746334510259384
467 3273 0.6528619397169132
467 3288 0.15002413735295828
467 3303 -0.19221886389624032
467 3318 0.29325241662729323
467 3333 0.9154301429476944
467 3348 0.2970561931123838
467 3362 -0.26709813120212617
467 3377 -0.24490314191245813
467 3212 0.693808414462383
467 3227 0.35706943055186874
468 3423 0.0034648583331269365
468 3438 -0.18379466559097252
468 3453 -0.5302456845248251
468 3468 -0.09678759539213484
468 3483 0.24221454318996966
468 3498 0.44301599280535076
468 3513 0.39466484165878146
468 3528 -0.4230583261175218
468 3392 0.951657872839028
468 3407 0.4828179881782776
481 482 -0.01747350469383609
481 496 -0.8074463711220478
481 3063 0.45756370224078163
481 3078 -0.7859958245209786
481 3093 0.33328088431936215
481 3108 -0.5982626847978159
481 3123 -1.0
481 3138 -0.04307936925906367
481 3002 -0.4502872292875348
481 3017 -0.2597827159153059
481 3032 0.3973364279480751
481 3047 0.6244978401228074
482 483 0.11588511228339121
482 497 -0.18103211868650218
482 3243 -0.4172949848692899
482 3258 0.42582888129584767
482 3273 0.9165961806278823
482 3288 0.01395110356144579
482 3303 -0.6139802267135908
482 3318 -0.14692482486664207
482 3153 -0.24481995379271235
482 3168 0.45904993275549544
482 3182 -0.16586372731095092
482 3197 -0.6067013006840606
482 3212 -0.025737564372884523
482 3227 0.39905254353221314
483 498 0.7422796983505824
483 3423 0.467718341549489
483 3438 0.09172280166263092
483 3453 0.10616174522133005
483 3468 -0.40945517398748577
483 3483 -0.20956576773209667
483 3498 0.07213791827365237
483 3333 -0.2890500299682845
483 3348 -0.6502345548902916
483 3362 -0.5793165212406926
483 3377 -0.11317598229652076
483 3392 0.27682515506020045
483 3407 -0.36505382454619684
496 497 -0.2428809042133057
496 3063 -0.25562485240506283
496 3078 -0.1601324835695304
496 3093 1.0
496 3108 0.06250216058223927
496 3123 0.8695446177793569
496 3138 0.3830199237352228
496 3002 -0.7255022288513899
496 3017 -0.24341760902255652
496 3032 0.2810321300625084
496 3047 -0.017316131208442803
497 498 -0.7810068886216338
497 3243 -0.001532382439494555
497 3258 0.45296985306335186
497 3273 0.18653360960395463
497 3288 -0.19247312990753992
497 3303 -0.5836762728303256
497 3318 0.3779961673214945
497 3153 0.5856679469693804
497 3168 0.033934018341594936
497 3182 -0.034258111723267655
497 3197 0.9985923262804216
497 3212 -0.6460123542964883
497 3227 -1.0
498 3423 -0.19258476728641305
498 3438 0.33065930195116816
498 3453 -0.40008700070452247
498 3468 0.04494501688638761
498 3483 -0.4874973805133374
498 3498 -0.06156575259752068
498 3333 -0.5972635176410707
498 3348 0.13192153420011635
498 3362 0.512892442819276
498 3377 1.0
498 3392 -0.5238794113884052
498 3407 -0.5660343452087642
511 512 -0.034268589967425406
511 526 0.44906600543122044
511 3063 0.04708767144702679
511 3078 0.5891264402736393
511 3093 -0.6606146766103482
511 3108 -0.3294711449001539
511 3123 -0.35015925654549446
511 3138 -0.0720514312277197
511 3003 0.21070378165837586
511 3018 -0.4220419486796517
511 3033 0.32825168103999347
511 3048 0.714255212821363
512 513 -0.04611003122381753
512 527 0.28600175976212566
512 3243 -0.5655354544107586
512 3258 -0.8368179267696498
512 3273 0.14802455073707682
512 3288 -0.8523373489575551
512 3303 -0.3860407867647576
512 3318 0.11406937101137525
512 3153 0.3695824441444263
512 3168 -0.3106289438911823
512 3183 0.7377466371544683
512 3198 0.7398255454898471
512 3213 -0.5318092034300697
512 3228 0.5718266212145825
513 528 0.05889868270802623
513 3423 0.7064098121907271
513 3438 -0.42554431646328256
513 3453 0.3888011563276038
513 3468 -0.2587872345989641
513 3483 0.36956839531228974
513 3498 -0.6342643898006844
513 3333 0.7547617453750379
513 3348 0.1343292623180017
513 3363 0.3745349218720291
513 3378 -0.5660105269076812
513 3393 -1.0
513 3408 -0.26594467786615045
526 527 0.1286151336063997
526 3063 -0.51609221517308
526 3078 1.0
526 3093 0.34275786465914837
526 3108 0.5185401838721936
526 3123 0.47417715060920324
526 3138 0.39037355711454536
526 3003 -0.051128616374452034
526 3018 0.30059413941869967
526 3033 -0.628727611444602
526 3048 0.37005986874781616
527 528 0.12333747325944584
527 3243 -0.611703715067511
527 3258 -0.3851451509080409
527 3273 -0.08997089056295719
527 3288 0.017677136748191862
527 3303 -0.3882473854595861
527 3318 -0.4658903601837891
527 3153 -0.05502528665600566
527 3168 0.03587734616151752
527 3183 -0.9658178983951706
527 3198 -0.4156539202760524
527 3213 0.04877285503172041
527 3228 0.41835196152307025
528 3423 -0.11863769543780626
528 3438 0.2869747383144306
528 3453 -0.407563199612022
528 3468 -0.07512522580392633
528 3483 0.010928379425622251
528 3498 0.7159259584847916
528 3333 0.09671290452416052
528 3348 -0.35596560854498893
528 3363 0.011453464406576628
528 3378 -0.550543676889821
528 3393 -0.5680467225452731
528 3408 -0.40283689023467883
541 542 0.7056288538671668
541 556 -0.47263058788857554
541 3063 0.3795644893537078
541 3078 -0.3496558426988706
541 3003 -0.30692036805546563
541 3018 -0.22801186488884292
541 3033 0.6677363397444184
541 3048 -0.36240114901174864
542 543 0.3483238145962393
542 557 1.0
542 3243 0.42440804264930704
542 3258 -0.06496755573299452
542 3093 -0.6299772546803817
542 3108 0.47493552253008975
542 3123 -0.4798470661529135
542 3138 0.09856756975929266
542 3153 -0.20159616608049472
542 3168 0.4635542001310216
542 3183 -0.03698866648467903
542 3198 0.0632167616599465
542 3213 0.887371139522336
542 3228 -0.06211340563754062
543 558 1.0
543 3423 0.18453648120947197
543 3438 -0.14800926658877445
543 3273 0.22637942824954954
543 3288 0.1898860052305437
543 3303 0.5601307035348653
543 3318 0.4208852463758445
543 3333 0.0987553821632472
543 3348 0.43455171289750705
543 3363 0.14130516097739135
543 3378 -0.11150664282059183
543 3393 -0.7007307513125154
543 3408 0.37863267847453663
556 557 -0.08276540447565199
556 3063 -0.864826081351944
556 3078 -0.20933274155094003
556 3003 0.39590924001915506
556 3018 -0.11426923001999638
556 3033 -0.38554220798597677
556 3048 -0.4856166158243394
557 558 0.14003455650131844
557 3243 -0.6376041606243622
557 3258 -0.3674766644241983
557 3093 1.0
557 3108 -0.4862189491737203
557 3123 0.05401154646383341
557 3138 -0.5252794891802143
557 3153 0.706818021874206
557 3168 -0.39128275449272404
557 3183 -0.6559078282717159
557 3198 -0.5059226731972117
557 3213 0.38915981016092205
557 3228 -0.18229291381810775
558 3423 0.21077902913905835
558 3438 -0.2290673426968826
558 3273 -0.0067944528191304625
558 3288 -0.3878227225539928
558 3303 -0.7751935312987938
558 3318 0.2297879727093447
558 3333 0.8088340630512918
558 3348 0.28374038364551585
558 3363 0.20614079340219524
558 3378 0.3823674809919523
558 3393 -0.5411917945794095
558 3408 -0.1385795835586684
571 572 1.0
571 586 0.0350818729918691
571 3063 -0.27757463595438625
571 3078 -0.45273168246432194
571 3003 0.35700013084913473
571 3018 0.18035121181494068
571 3033 -0.33314861998062484
571 3048 0.4723673326177764
572 573 -0.02867538119773788
572 587 -0.1610024289112066
572 3243 0.021843954994613085
572 3258 0.2893647055591624
572 3093 -0.13381510809185654
572 3108 -0.12224588310296482
572 3183 -0.24139379934006885
572 3198 0.5229263262641829
572 3213 -0.06805483029400745
572 3228 -0.05755173233242393
573 588 0.090008889396232
573 3423 0.7697627991247696
573 3438 1.0
573 3273 0.009341208814702597
573 3288 -0.08392764581816287
573 3363 -0.6074218012928335
573 3378 -0.5569259755271506
573 3393 -0.7143023575676769
573 3408 -0.31413571537584994
586 587 0.609868199205223
586 3063 0.4130414177571693
586 3078 0.0006543413361112985
586 3003 -0.23818588853418177
586 3018 -0.1467235791468244
586 3033 -0.3969497088270174
586 3048 0.015687394296030447
587 588 -0.09654751575132905
587 3243 0.7319326472077193
587 3258 0.492211197251252
587 3093 0.18285518978287335
587 3108 -0.06206149750465025
587 3183 0.17105710525562937
587 3198 -0.2039763106631225
587 3213 0.4548779446335392
587 3228 -0.6170275022852577
588 3423 0.11398427543757049
588 3438 0.3552218092743005
588 3273 -0.8773075552231165
588 3288 0.48346473008230895
588 3363 -0.001725664534862984
588 3378 0.15120468430909112
588 3393 -0.16647292045579207
588 3408 -0.07268105174007153
3001 3002 -0.25820912417890074
3001 3016 0.025464269642483675
3002 3003 -0.1198496072151743
3002 3017 0.05882844560960416
3003 3018 0.7186877666250041
3016 3017 0.5959945897282762
3017 3018 0.3233876785294991
3031 3032 -0.6894668800039688
3031 3046 0.1727235369011098
3032 3033 0.3825239629568365
3032 3047 0.15732241328196783
3033 3048 0.7269395713949222
3046 3047 0.6107021508345964
3047 3048 -0.027180099610775617
3061 3062 -0.7142243861468289
3061 3076 1.0
3062 3063 0.5443696495527539
3062 3077 0.4397423170968311
3063 3078 -0.505482516503609
3076 3077 -0.007516504604827742
3077 3078 -0.6085298345267711
3091 3092 0.04680976903064948
3091 3106 0.13514799304557787
3092 3093 0.9321549449472757
3092 3107 0.22995292139812953
3093 3108 -0.3167195189582521
3106 3107 -0.04654930047356837
3107 3108 -0.6487311019478313
3121 3122 0.35995400551216167
3121 3136 0.9735852152063521
3122 3123 -0.5006579613898069
3122 3137 0.27201521989135663
3123 3138 -0.06199709071221493
3136 3137 0.13769083718332675
3137 3138 0.4210477083097316
3151 3152 -0.0920151565859787
3151 3166 -0.6706768897591
3152 3153 0.7345891983238213
3152 3167 0.9304364022009358
3153 3168 -0.04812998415276639
3166 3167 -0.13234607111793625
3167 3168 0.621880676743164
3181 3182 -0.708221730583433
3181 3196 -0.4336750188702069
3182 3183 -0.4970004887515336
3182 3197 0.3367600908117299
3183 3198 -0.3167522996230928
3196 3197 -0.6700420014104755
3197 3198 -0.2029637520169339
3211 3212 0.13292088900105486
3211 3226 -0.42499906388547853
3212 3213 -0.6438459202927361
3212 3227 0.2164913124295944
3213 3228 -0.2777361480625551
3226 3227 -0.6333217680008141
3227 3228 -0.624648634398121
3241 3242 -0.481666950130225
3241 3256 0.9318153202920183
3242 3243 0.42794425131511477
3242 3257 0.03680222436986222
3243 3258 -0.7620171089924063
3256 3257 -0.3798494228581776
3257 3258 -0.47226316871229657
3271 3272 -0.26041822334425785
3271 3286 0.0061199615432666315
3272 3273 0.5933105665497709
3272 3287 -0.4857958351021327
3273 3288 0.5607909473591934
3286 3287 1.0
3287 3288 -0.1823978260811527
3301 3302 0.020594398694482968
3301 3316 -0.4289299498139553
3302 3303 0.35824712613893017
3302 3317 0.6197770851690702
3303 3318 -0.09936092391728646
3316 3317 -0.1820215399559404
3317 3318 0.21393954982818267
3331 3332 0.3119712287819418
3331 3346 0.10931750636243727
3332 3333 -0.3937006415435894
3332 3347 0.2651010259697553
3333 3348 -0.28527499441006177
3346 3347 -0.06233499689334674
3347 3348 0.5213626167101377
3361 3362 0.27018666403827707
3361 3376 0.06174920288680129
3362 3363 0.06414711150623877
3362 3377 -0.2439825248910388
3363 3378 0.04732650796803936
3376 3377 -0.12462149303916326
3377 3378 -0.7239634221453598
3391 3392 0.1910217864891141
3391 3406 0.16351262155324497
3392 3393 0.9326972180419884
3392 3407 -0.4693467825918552
3393 3408 -0.397946184500383
3406 3407 -0.024860217071620512
3407 3408 0.05219014705117001
3421 3422 0.09737820551207707
3421 3436 -0.6036853116636913
3422 3423 0.6704521233345797
3422 3437 -0.42049056468872403
3423 3438 0.38493044655133524
3436 3437 -0.29867827592956003
3437 3438 -0.37338296843807456
3451 3452 0.1994053981770767
3451 3466 0.6524187342033196
3452 3453 0.1566820540467817
3452 3467 -0.24961703919178507
3453 3468 0.46460541076696277
3466 3467 0.004367098130013121
3467 3468 0.11016751177273834
3481 3482 0.16772079843559165
3481 3496 -0.119720320696529
3482 3483 -0.45124430522815134
3482 3497 -0.7602731874595214
3483 3498 -0.1886032612352962
3496 3497 0.025157945361272006
3497 3498 0.5100346912855022
3511 3512 -0.0005308342975495136
3511 3526 0.30258972100849246
3512 3513 0.5879167985776453
3512 3527 0.802736465877888
3513 3528 0.2782510284589424
3526 3527 -0.04705363455615478
3527 3528 -0.6040079313073532
