# 
603 603 -1.0327455563948744
604 604 0.2473703920565661
605 605 0.5443214513766197
618 618 0.08805785304109698
619 619 0.18351165436077524
620 620 -0.033460778676459066
633 633 0.4920090959222338
634 634 0.32629642003658915
635 635 0.46106075204265573
648 648 -0.46581769979211607
649 649 -1.024860271265139
650 650 0.5849265429537811
663 663 -0.8476775550940322
664 664 -0.8405786436151584
665 665 0.3772719495774057
678 678 1.365972012118187
679 679 0.21674446082911508
680 680 -1.1249849736473003
693 693 -0.6666650909298886
694 694 -0.3196782391386492
695 695 -0.6393682765260232
708 708 -1.0235282064260562
709 709 0.08420290270252137
710 710 0.7608667328897698
723 723 0.6129739261187126
724 724 0.6693777768693703
725 725 -0.037308133990543633
738 738 0.2211004098136142
739 739 -2.3906697912789636
740 740 -0.6065510726243449
753 753 0.06449278513756511
754 754 -0.44766217138711817
755 755 -0.2835499532247169
768 768 -0.012397551714076631
769 769 -2.0191895200386796
770 770 -0.008107333876900045
783 783 -0.7617565521020794
784 784 0.43051400256563743
785 785 0.5124728478980484
798 798 1.1572464363915718
799 799 -0.9100938755721241
800 800 -0.05712028040932325
813 813 -1.9554769566648469
814 814 0.21568027382553281
815 815 -0.32013775969276875
828 828 -1.8684389193765258
829 829 0.7118011732288706
830 830 -0.046016222321155
843 843 -0.18052202351480665
844 844 0.42473637814277215
845 845 -0.7711018820491651
858 858 0.21382160084794558
859 859 0.17372531080762682
860 860 -2.423187864937681
873 873 -0.45881680361511756
874 874 2.179728334144849
875 875 -0.6155099720588143
888 888 0.31266251667867273
889 889 -0.8864130729671157
890 890 1.4832059620333864
903 903 -0.1372284350794061
904 904 0.14160861505920053
905 905 0.4154754089333617
918 918 0.9808874379018003
919 919 -1.2330958835100145
920 920 1.4068313056073234
933 933 -0.04632935483600497
934 934 -1.1489880258793237
935 935 1.3750325251674143
948 948 1.2670418226831697
949 949 0.7889048542280769
950 950 -1.983867428163504
963 963 0.4130739400286573
964 964 1.1137640451641244
965 965 -1.313911115264666
978 978 2.129489566679395
979 979 -0.1418408637176268
980 980 0.6581574347538409
993 993 -1.7060093283679085
994 994 -0.6900625798445361
995 995 -0.3769702814297704
1008 1008 -0.7047854612924533
1009 1009 -0.6088399426321063
1010 1010 -0.929242436778713
1023 1023 -0.006701393688633653
1024 1024 -0.44975288144789205
1025 1025 -0.16172977723091178
1038 1038 0.20724210436248722
1039 1039 0.09644469232078652
1040 1040 -0.16536611276754323
1053 1053 -0.6572991716208091
1054 1054 1.5448800219738568
1055 1055 -0.21485663685774462
1068 1068 0.10179754733765514
1069 1069 0.634438984774457
1070 1070 0.2130638073168443
1083 1083 0.3271744196675779
1084 1084 1.9660548257213035
1085 1085 0.12981962126286997
1098 1098 -2.0609365280700813
1099 1099 0.7919711258132056
1100 1100 0.17415977165424767
1113 1113 -0.20640323615805037
1114 1114 -0.41779147768277247
1115 1115 1.9813173829773214
1128 1128 -0.06638595175678048
1129 1129 -0.9032002521844396
1130 1130 -1.0841327495832802
3364 3364 0.8642681334251812
3365 3365 0.5760687714702488
3366 3366 0.7358581788360478
3379 3379 -0.15014341685202806
3380 3380 0.46564018170807825
3381 3381 -0.804358325192737
3394 3394 0.6944087141088535
3395 3395 -1.1974925240243786
3396 3396 -1.035480428303227
3409 3409 0.044316569632750304
3410 3410 -0.6045698314599138
3411 3411 0.227096967663454
3424 3424 -0.05911892065991863
3425 3425 -0.6838477921150562
3426 3426 -0.6331799215061291
3439 3439 0.14363216702259715
3440 3440 3.483773885237662
3441 3441 -0.4167853224463421
3454 3454 -0.669223963132355
3455 3455 -0.8241535683692486
3456 3456 1.098921632689292
3469 3469 -0.36551607277177095
3470 3470 0.43567375406475617
3471 3471 0.9883291571669982
3484 3484 1.868574515666953
3485 3485 0.10680290707056232
3486 3486 -0.5987389984122345
3499 3499 0.9959707385572676
3500 3500 -0.7401716066677062
3501 3501 0.1662169094450277
3514 3514 -1.2684928182376998
3515 3515 -0.41264643685651564
3516 3516 0.3146504699421051
3529 3529 -1.230684739263127
3530 3530 0.4852738871906786
3531 3531 1.1022250792940007
3544 3544 0.058630329965388764
3545 3545 0.8700635776906297
3546 3546 -2.17186415637811
3559 3559 -0.4972128040853958
3560 3560 0.4078330265541218
3561 3561 0.8463222898141016
3574 3574 1.3195013212911255
3575 3575 0.19669495788646604
3576 3576 0.3251850904582355
3589 3589 -0.1999896750199745
3590 3590 -0.2699261999172218
3591 3591 1.88307951669431
3604 3604 0.3569653556580472
3605 3605 1.1262889313124311
3606 3606 1.6529425914624576
3619 3619 -0.8957927626935102
3620 3620 -0.2905943727573582
3621 3621 0.48121619221769074
3634 3634 0.989350862542959
3635 3635 1.7971393962558528
3636 3636 1.1473274202044161
3649 3649 0.6462721046849332
3650 3650 0.7163298284193422
3651 3651 0.39894203503287523
3664 3664 -1.3964941721809723
3665 3665 0.33941104157247065
3666 3666 0.16192126846381769
3679 3679 0.6069192069867659
3680 3680 -1.915637592138597
3681 3681 -1.9304445433281612
3694 3694 1.5686203163493466
3695 3695 0.00799373247482512
3696 3696 -1.9151710629903256
3709 3709 -0.1721985199696211
3710 3710 1.0063167494322136
3711 3711 0.11338013168248955
3724 3724 -0.5724105540729206
3725 3725 0.5755847050517479
3726 3726 0.24884963250674977
3739 3739 -1.2618548928171442
3740 3740 -0.08226393333476244
3741 3741 -2.598484140075449
3754 3754 0.4888940957097336
3755 3755 1.0795010207699287
3756 3756 -0.24019469064496551
3769 3769 1.5248739554821495
3770 3770 -0.34502389510753234
3771 3771 0.704525818642597
3784 3784 -1.2913270193516873
3785 3785 -1.3824169026017912
3786 3786 -2.1674714300127014
3799 3799 -2.2705854114356985
3800 3800 -0.557029215103661
3801 3801 -0.6094569680777242
3814 3814 0.2543987911658896
3815 3815 0.2603196847217639
3816 3816 -0.4289722877421718
3829 3829 1.2614935136148497
3830 3830 0.161365725332951
3831 3831 0.32364751485271875
3844 3844 1.7209959346514203
3845 3845 0.6909396213283466
3846 3846 -0.4115346216830907
3859 3859 -0.10954202333289921
3860 3860 -0.6605799799809138
3861 3861 -0.8723670003524928
3874 3874 0.8308414686555382
3875 3875 -0.9018865145692712
3876 3876 -0.18099218850688026
3889 3889 -0.49044791062940996
3890 3890 0.8623447802611802
3891 3891 1.4970120805243103
603 604 0.40437899489595214
603 618 0.849780813830943
603 3484 -1.0
603 3499 0.4658294809545126
603 3514 -0.4304486013810402
603 3529 0.7009028471982606
604 605 0.2547431012539486
604 619 0.4838590351549219
604 3664 -0.18789116672279405
604 3679 -0.6702123473831647
604 3694 -0.6762474002924028
604 3709 -0.16910091478078867
605 620 -0.8581089507635856
605 3844 0.16436069189141253
605 3859 0.33592854926284665
605 3874 -0.017396768692025458
605 3889 0.28637189645050076
618 619 -0.6440623888831886
618 3484 0.27177756795187935
618 3499 0.3378264823578539
618 3514 -0.8451427415927447
618 3529 1.0
619 620 -0.46482661802067865
619 3664 -0.36244502722414257
619 3679 -0.20113657876249652
619 3694 0.44978227639580487
619 3709 -0.7205521923943887
620 3844 0.374704238893849
620 3859 -0.12869789707858015
620 3874 -0.31190184602554244
620 3889 -0.6136016302433446
633 634 -0.5061074117083793
633 648 -0.1394608597861541
633 3424 -0.05376898929459645
633 3439 0.12795065084187615
633 3454 -0.7153748239595308
633 3469 0.7008863625087144
633 3484 -0.7821056099294705
633 3499 -0.40630061879405677
633 3514 -0.7229203136905354
633 3529 -0.9049115037872484
634 635 0.056482572977941535
634 649 0.42426545257105824
634 3604 -0.30875205447727233
634 3619 0.06889614845704835
634 3634 -0.7623706904236304
634 3649 -0.34244150379047306
634 3664 0.6725338092488535
634 3679 -0.7799967155831449
634 3694 -0.41816966115633103
634 3709 0.03116409817878942
635 650 -0.34591249111445843
635 3784 0.2621963713742146
635 3799 -0.9577730331432445
635 3814 0.37349390390713544
635 3829 -0.437346852376389
635 3844 -0.5428152774199229
635 3859 -0.011095216466504389
635 3874 0.013606956438058983
635 3889 0.1693331408260431
648 649 0.8086971906835319
648 3424 0.12649548294675697
648 3439 0.3832764355575459
648 3454 0.3870492743314852
648 3469 -0.12118878916012508
648 3484 0.13153245789514345
648 3499 0.9591405895757932
648 3514 -0.04498091654577994
648 3529 0.6647228884973961
649 650 0.21683423287389608
649 3604 0.10831950458868342
649 3619 0.640257703714092
649 3634 0.6285218952695517
649 3649 -0.559863660602329
649 3664 -1.0
649 3679 -0.9547985307051452
649 3694 0.030656675317735877
649 3709 0.9538950072482801
650 3784 -0.3377339852443632
650 3799 -0.04121270784089925
650 3814 0.157409095013931
650 3829 0.6349411745978302
650 3844 0.24969223967577664
650 3859 -0.2303889752688784
650 3874 0.6388224398173945
650 3889 0.6245700542212053
663 664 -0.5803721408019906
663 678 0.18813845445797242
663 3424 0.6355244569008249
663 3439 -0.23073588823038188
663 3454 0.5124340279717318
663 3469 -0.7980881280678416
663 3484 0.05731566907599632
663 3499 -0.4220480729032068
664 665 0.377205280544094
664 679 0.11422726790129643
664 3604 -1.0
664 3619 -0.38492811450903713
664 3634 0.6575799230898695
664 3649 0.6219566257753186
664 3664 0.46254979430186627
664 3679 -0.7611235661366036
664 3514 -0.6145665082943484
664 3529 0.4468355095945165
665 680 -0.9519477798358464
665 3784 -0.9543124353770835
665 3799 -0.3078689140799456
665 3814 -0.042754662384033776
665 3829 0.41115802225067
665 3844 -1.0
665 3859 0.1544402832391132
665 3694 0.1011020045002727
665 3709 0.4243787679847952
678 679 0.5649420737641366
678 3424 0.5089243920886508
678 3439 0.09601129268124178
678 3454 -0.06665447533543745
678 3469 -1.0
678 3484 0.35702948129291356
678 3499 -0.39534340449249455
679 680 0.056982844573153335
679 3604 -0.8603881449208697
679 3619 -0.2612173532089922
679 3634 -0.2024473833404342
679 3649 -1.0
679 3664 0.1972543148226133
679 3679 0.6042710818664068
679 3514 -0.04299162354890537
679 3529 -0.07051885250186037
680 3784 -0.3592569334582417
680 3799 -0.7041226080927452
680 3814 0.3531257691469843
680 3829 0.6765017030221209
680 3844 -0.2329701950898404
680 3859 -0.1944242581212342
680 3694 -0.7592877821173427
680 3709 -0.47298629949580456
693 694 -0.10518103834497304
693 708 0.7011999433168905
693 3424 0.6800613939551255
693 3439 -0.27772014061341554
693 3454 0.9563402611377927
693 3469 -0.7115156651582782
693 3484 -0.2162571822910449
693 3499 0.2352502859676686
693 3364 -0.6047264688597414
693 3379 0.18737628801579917
693 3394 0.8803313775986175
693 3409 -0.21044517980453356
694 695 -0.3354738335442043
694 709 0.5808985030663252
694 3604 -0.05680359565779222
694 3619 -0.6211341353749993
694 3634 -0.31248769252335135
694 3649 0.2572159048893597
694 3664 0.6398371426603333
694 3679 0.23798345890787911
694 3514 -0.113986404204919
694 3529 1.0
694 3544 0.3497389101531524
694 3559 0.5361246101634947
694 3574 -0.4096614804077406
694 3589 -0.1272302633208099
695 710 0.04906473396807381
695 3784 0.25832071266695333
695 3799 0.35983846303774175
695 3814 -0.7811894647386479
695 3829 -0.06367799737264272
695 3844 -1.0
695 3859 -0.36391658374833763
695 3694 -0.5451651080229301
695 3709 0.49669186280688316
695 3724 -0.490311858355633
695 3739 -0.008856520896917965
695 3754 -0.10980079849960403
695 3769 -1.0
708 709 0.02700609063866573
708 3424 -0.5512842009310583
708 3439 -0.7609617679240976
708 3454 0.023953463758278448
708 3469 -0.5222061452606821
708 3484 0.7820803408112724
708 3499 0.5541475930616697
708 3364 -0.6127964854262381
708 3379 -0.3497425636741434
708 3394 0.000769152181187586
708 3409 -0.07318845544256843
709 710 0.1412163261737258
709 3604 -0.08832733043685027
709 3619 0.20922219895360938
709 3634 0.08523839876773556
709 3649 -0.5849688566479266
709 3664 0.2161973743575531
709 3679 0.35111296906668876
709 3514 0.2402785943862608
709 3529 0.6220953397275496
709 3544 0.26733227989888625
709 3559 0.17252090004289333
709 3574 0.1391248907270117
709 3589 0.06907327295358234
710 3784 -0.26853660751390757
710 3799 -0.4728071787698074
710 3814 -0.21784844852365767
710 3829 0.3020841790175535
710 3844 0.06677311365458746
710 3859 -0.06874924832641412
710 3694 -0.004978833632782971
710 3709 -0.12423834847829364
710 3724 0.8474534950101504
710 3739 -0.35209125905988037
710 3754 -0.2988390506551888
710 3769 -0.1055073605148199
723 724 0.2542068499482603
723 738 0.05465772415274836
723 3424 -1.0
723 3439 0.1344002674743163
723 3364 -0.971742954511948
723 3379 0.0939483605819648
723 3394 -0.15642446378244212
723 3409 -0.06341693652002119
724 725 -0.1565995031179861
724 739 -0.6697261138224117
724 3604 -0.029018840784252837
724 3619 0.1823533567715345
724 3454 0.30198859053165295
724 3469 -0.5632083995874572
724 3484 -1.0
724 3499 -0.6457384290162393
724 3514 -0.027323883060075053
724 3529 1.0
724 3544 0.031178132870085206
724 3559 0.5397555260510369
724 3574 0.015894791904255016
724 3589 0.46147671592170586
725 740 0.5914167411876663
725 3784 -0.6745920319749382
725 3799 0.1106364232613933
725 3634 -0.4522891251523659
725 3649 0.717441109045072
725 3664 -0.6869601935938324
725 3679 -0.22746117329391174
725 3694 -0.19010877209422222
725 3709 0.18662697363659683
725 3724 0.48526237816600704
725 3739 0.18924078143337453
725 3754 -0.6923279026891933
725 3769 -0.19070748611737426
738 739 0.047342163506004176
738 3424 -0.14579375532768388
738 3439 0.45800909695224007
738 3364 -0.7527628954316692
738 3379 -0.052687493366987366
738 3394 0.16582950220920573
738 3409 0.14842869068422335
739 740 -0.029789872112533828
739 3604 0.21232579244864697
739 3619 1.0
739 3454 -0.1924602671745648
739 3469 0.8192183137615269
739 3484 -0.35717132508286625
739 3499 0.10706629640287829
739 3514 0.4928847195207968
739 3529 -0.3345631415500934
739 3544 0.6945559157594433
739 3559 0.08255649422846177
739 3574 0.3007094867487523
739 3589 -0.14746148336936513
740 3784 0.6388743695920847
740 3799 0.8189349006482265
740 3634 0.04956609361351599
740 3649 -0.1408061316645533
740 3664 0.5906792235617117
740 3679 -0.6217470932683066
740 3694 0.12703693251472725
740 3709 0.3291612465121671
740 3724 -0.7861698818180731
740 3739 -0.08786481900202286
740 3754 -0.12863496232217278
740 3769 0.3941394575039601
753 754 -0.05149666607579329
753 768 0.6499291132043227
753 3424 -0.43767961921339504
753 3439 -0.1165577217531773
753 3364 -0.5452370076625704
753 3379 -0.1575518052192805
753 3394 -0.3910877397710474
753 3409 -0.2803693451569674
754 755 0.2227456920878356
754 769 0.6511326448377195
754 3604 -0.20248372460117592
754 3619 -0.17460944334132658
754 3454 0.9506630963128361
754 3469 0.29623671751751546
754 3485 -0.7423418270834801
754 3500 -0.7613028535917795
754 3515 -0.02001420565318702
754 3530 0.046177494792737576
754 3544 0.030198393629875326
754 3559 -0.1618210020556525
754 3574 0.7041511686329055
754 3589 0.403229782935909
755 770 1.0
755 3784 -0.179260077354279
755 3799 0.18275197421020842
755 3634 0.8031641833014364
755 3649 -0.23298779687098142
755 3665 0.7444739409821658
755 3680 -0.7038860578835106
755 3695 0.5525010606344063
755 3710 0.4073105751394184
755 3724 0.9390952403491902
755 3739 -0.09947743458135277
755 3754 -0.8112127452251265
755 3769 -0.4939444897032299
768 769 0.18312861222598728
768 3424 -0.1811261787931277
768 3439 0.2904835743562605
768 3364 -0.5286612755345185
768 3379 -0.3140525572954261
768 3394 -0.4911821536679291
768 3409 0.3584018200097385
769 770 -0.15038965100467316
769 3604 0.016066010414186618
769 3619 -0.5013743003206601
769 3454 -0.37710213554803745
769 3469 -0.3662056293364247
769 3485 -0.42644010511729374
769 3500 -0.337453986884185
769 3515 -0.18615970803710585
769 3530 0.2528060644921625
769 3544 0.4268675480183259
769 3559 0.36558952786743665
769 3574 0.3539562546348515
769 3589 0.0566759868171761
770 3784 -0.4107880446814035
770 3799 0.4604926667130119
770 3634 -0.01189852465957465
770 3649 -0.0959428271362006
770 3665 0.058067027928400225
770 3680 -0.6297407100981345
770 3695 0.6903306524227697
770 3710 -0.39790276914282985
770 3724 -0.5167027199595644
770 3739 0.38237531261563557
770 3754 -0.019234109577710986
770 3769 -0.28667787394238503
783 784 0.41339839645115384
783 798 0.9120916757772458
783 3424 -0.4181347646156603
783 3439 0.334026180099359
783 3454 -0.13122352704814264
783 3469 0.24914424142715613
783 3485 0.4672681435737153
783 3500 -0.19306647554592685
783 3515 0.5688718326481053
783 3530 0.12350423641474148
783 3544 0.4957629006902354
783 3559 0.4723576500735064
783 3394 0.007890102238162576
783 3409 0.5215763583869034
784 785 -0.1880109585778334
784 799 0.3011484289589055
784 3604 1.0
784 3619 0.44577352726173586
784 3634 -0.2357509780970787
784 3649 -0.08173468765624847
784 3665 0.2003562944850587
784 3680 -0.7246398484630351
784 3695 -0.41325483814557457
784 3710 1.0
784 3724 0.03395418990236088
784 3739 -0.41814674838401417
784 3574 -0.16976564783217132
784 3589 0.3357969690601222
785 800 0.25878281119415264
785 3784 0.6957691479714846
785 3799 -0.2272599230990019
785 3814 -0.0008043880871939689
785 3829 0.423384775773069
785 3845 -1.0
785 3860 -0.021726740343019035
785 3875 0.7456140296662233
785 3890 0.39090936600163306
785 3754 0.6422763185566039
785 3769 0.03532262795511688
798 799 -0.594550329392865
798 3424 0.1548802602793921
798 3439 0.47206487116617324
798 3454 0.633246108361715
798 3469 -0.2442092797366983
798 3485 0.5289968462359098
798 3500 -0.5911755651356647
798 3515 -0.04772076563074581
798 3530 -0.23163664946212087
798 3544 -0.5187695548936712
798 3559 -0.2210756906844133
798 3394 -0.9288817701601939
798 3409 1.0
799 800 0.14259601123049898
799 3604 -0.07237326534777484
799 3619 0.6372186902771315
799 3634 0.16768744508874153
799 3649 -0.6711042924925901
799 3665 0.22076897531596362
799 3680 -0.26497451685664464
799 3695 0.29714911953172435
799 3710 0.25839004997627013
799 3724 -0.09768066908428422
799 3739 -0.9448660547845287
799 3574 -0.0018064754525464208
799 3589 -0.4791497551350374
800 3784 -0.29188757976074237
800 3799 0.407601706486552
800 3814 -0.5382531567478318
800 3829 0.21549919091381306
800 3845 -0.15122501037973446
800 3860 1.0
800 3875 -0.19058509744041013
800 3890 0.4298159677249289
800 3754 0.3015968058978489
800 3769 1.0
813 814 -0.3952372766040545
813 828 -0.2547956155795661
813 3425 -1.0
813 3440 0.9566924620818462
813 3455 -0.4769724093729002
813 3470 0.4078460894647767
813 3485 0.31085343312269853
813 3500 -0.0688142964235109
813 3515 0.6834223520025043
813 3530 0.06989463857475857
813 3544 -0.2682358612722663
813 3559 0.05258231726502723
813 3394 -0.622938602992366
813 3409 0.37349739759546735
814 815 -0.2956454887554081
814 829 1.0
814 3605 -0.4323080978453687
814 3620 -0.10498478847311865
814 3635 -0.7267882561117454
814 3650 0.20906996738025002
814 3665 -0.29197503383864415
814 3680 -0.30699010828159184
814 3695 0.8192090013688037
814 3710 0.7500585683846596
814 3724 -0.25884969883568854
814 3739 -0.12566165823039036
814 3574 0.23410392582851425
814 3589 1.0
815 830 -0.4571826183033116
815 3785 0.4136207353610468
815 3800 0.5699422783378584
815 3815 0.03034664405159682
815 3830 0.06334704820298434
815 3845 0.2076551890768895
815 3860 -0.26756556254376546
815 3875 -0.10713453004197906
815 3890 0.28988593471606494
815 3754 0.35662835402971627
815 3769 -0.2998126012017172
828 829 1.0
828 3425 -0.6041833829581355
828 3440 0.8795503032212416
828 3455 0.05986109937432578
828 3470 -0.5001837958318944
828 3485 -0.5990662442162072
828 3500 -1.0
828 3515 -0.181108412091176
828 3530 -0.1159780409304983
828 3544 0.8602187187120224
828 3559 0.4929803359284557
828 3394 0.8408307131298354
828 3409 -0.5671053968149458
829 830 -0.559493361519977
829 3605 0.1261812266687856
829 3620 -0.2033906743970612
829 3635 -0.4450088170118848
829 3650 0.7322564833375099
829 3665 -0.25026115045561487
829 3680 -1.0
829 3695 0.27044051077919357
829 3710 -0.40800372635654014
829 3724 0.7876316708339098
829 3739 0.16411272688497264
829 3574 -0.003775659666009035
829 3589 -0.07178938214025427
830 3785 -1.0
830 3800 -0.26735792590888485
830 3815 0.9161690099007761
830 3830 0.49228582136713667
830 3845 -0.12058137759298561
830 3860 0.00753749924922711
830 3875 0.6813530795160535
830 3890 -0.8298665188180557
830 3754 1.0
830 3769 0.2351564453774598
843 844 0.1665009367229836
843 858 0.33679167724789505
843 3425 0.15333723965933346
843 3440 0.04589442048236094
843 3455 -1.0
843 3470 -0.4379121823465028
843 3485 -0.3145392028342484
843 3500 -0.6672809077418959
843 3364 0.14662896976354223
843 3379 -0.19376738552603787
843 3394 -0.49452195058681253
843 3409 -0.37470829781558257
844 845 0.6904595452118332
844 859 -0.17083262435996427
844 3605 -0.23072407160477165
844 3620 -0.4695222837816218
844 3635 0.12937294871242644
844 3650 -0.22968309865783257
844 3665 0.3336068532032056
844 3680 0.2188647186124991
844 3515 0.17783439567861473
844 3530 1.0
844 3544 -0.6189718876981095
844 3559 0.6267980117721281
844 3574 0.008243574697465957
844 3589 -0.02169227818027627
845 860 0.38650583495576774
845 3785 0.44645466987432636
845 3800 -0.08904970971853868
845 3815 -0.0393398226771546
845 3830 0.7406401683146568
845 3845 0.3362283384873203
845 3860 0.3933839882321411
845 3695 -0.1246970420989146
845 3710 0.4470490616086567
845 3724 -0.4996600482708647
845 3739 -0.22817809355060722
845 3754 0.4773457711576379
845 3769 -0.009293239344514464
858 859 0.487534595766751
858 3425 0.05911506126303984
858 3440 -0.3346949289069023
858 3455 -0.42228625555669247
858 3470 0.25157967134634074
858 3485 0.05616335321496093
858 3500 0.46305470019139744
858 3364 0.2853443837369659
858 3379 -0.7750757596740804
858 3394 0.5113087674762176
858 3409 -0.0776065332765095
859 860 0.3693270138821254
859 3605 -1.0
859 3620 0.7912814431522731
859 3635 0.11152717901461176
859 3650 -0.5172456527171712
859 3665 -0.34654570523440537
859 3680 -0.6865981233420018
859 3515 -0.46799415411884343
859 3530 -0.49276989466514043
859 3544 -0.5422455046618646
859 3559 -0.43115048048462634
859 3574 0.5837116297626593
859 3589 0.3213311368019932
860 3785 0.23023791392123044
860 3800 0.5973621204083313
860 3815 0.818287689773574
860 3830 0.26860077373808233
860 3845 0.18825464450903662
860 3860 0.6972862793900109
860 3695 -0.5898678008216669
860 3710 0.5102873949699688
860 3724 -0.39218133969737695
860 3739 -1.0
860 3754 0.4977886088023945
860 3769 -0.5399962047141413
873 874 -0.15412567666967583
873 888 0.2922313914365364
873 3425 0.06571118111969743
873 3440 -0.6985431034660392
873 3455 0.23822589310375072
873 3470 -0.6201567460250907
873 3485 -0.4174144782067451
873 3500 -0.14738802064658127
873 3365 0.3166160402988322
873 3380 0.06105492471622947
873 3395 0.07176975535939532
873 3410 -0.321594206797891
874 875 -0.8246278725716463
874 889 1.0
874 3605 1.0
874 3620 -0.6186007963553989
874 3635 -0.1507068868573046
874 3650 -0.5028309836389088
874 3665 -0.22320472941235855
874 3680 0.8221669985808671
874 3515 -0.49819558159569366
874 3530 -0.13209877722807573
874 3545 0.04153747604956289
874 3560 -0.7132416956922534
874 3575 0.9617222388647255
874 3590 -0.5991866578941571
875 890 0.18238191252220706
875 3785 -0.7888277050118249
875 3800 -0.4337988597554729
875 3815 0.23355450851752788
875 3830 -0.020442006447601035
875 3845 0.41394706723455466
875 3860 1.0
875 3695 0.679925904390582
875 3710 0.511944675294553
875 3725 0.15242559105846232
875 3740 -0.27781851579213634
875 3755 -0.35994241379001785
875 3770 0.09457545441057134
888 889 -0.28916744411724044
888 3425 0.7804335239955132
888 3440 -0.2586269673748488
888 3455 -0.40374802437839
888 3470 -0.9011808811525054
888 3485 0.7475096454351723
888 3500 0.03134763380705296
888 3365 0.025370895170478802
888 3380 -0.23199867326455698
888 3395 0.038953291686415877
888 3410 -0.3155486678224397
889 890 0.1330505870041603
889 3605 0.01082110276719046
889 3620 0.22082803446405358
889 3635 -0.14675380637847513
889 3650 0.002869865360258698
889 3665 0.6334172768782796
889 3680 -0.14294592988656477
889 3515 0.8408928886806962
889 3530 0.27087742276632676
889 3545 -0.14925781103692126
889 3560 -0.06104839351704581
889 3575 -0.7559884260868543
889 3590 0.6263604763214113
890 3785 -0.4799436833065338
890 3800 -0.119094624491333
890 3815 0.14155497747335805
890 3830 0.0921707077784876
890 3845 0.40268931215330434
890 3860 0.47210237691992324
890 3695 0.4490916393764628
890 3710 -0.06523528914328688
890 3725 -0.0013763312659836303
890 3740 -0.8829232480162691
890 3755 -0.22552363812531573
890 3770 0.10581014399603371
903 904 -0.2001710306908107
903 918 0.0308825117900544
903 3425 0.33162208618073047
903 3440 0.30472801613138967
903 3365 -0.35735334876061536
903 3380 -0.19701375540691346
903 3395 -0.07156830057929758
903 3410 -0.556010357104188
904 905 0.28222344980858916
904 919 -0.6212137856478489
904 3605 0.18643483735906718
904 3620 0.22716380744948675
904 3455 -0.8239260112977697
904 3470 0.7012414625856005
904 3485 0.38038826922019237
904 3500 0.4276391906858839
904 3515 0.5386400175152305
904 3530 0.17217522324542353
904 3545 1.0
904 3560 0.3254541936646708
904 3575 0.6836846525780875
904 3590 0.367367849049842
905 920 0.183099017965882
905 3785 0.840335377769365
905 3800 -0.25205910764637657
905 3635 0.6762034129302862
905 3650 5.737846144019177e-05
905 3665 -0.22143060746880813
905 3680 -0.831008932478588
905 3695 -0.15153606441698345
905 3710 0.4442901027386021
905 3725 -0.17024829485897214
905 3740 -1.0
905 3755 -0.44171806087069154
905 3770 -0.29271414391995054
918 919 0.1658103073759716
918 3425 -0.3686500460778587
918 3440 0.3980543989994478
918 3365 0.675354308745662
918 3380 -0.273368851088674
918 3395 0.2645570200284185
918 3410 -0.817405978939263
919 920 -0.2828374598067853
919 3605 -0.1766671687236887
919 3620 -0.03509691163173386
919 3455 -0.2901915683196295
919 3470 0.5793494553926866
919 3485 -0.7787417576717334
919 3500 -0.6908983183831466
919 3515 0.20911691908330174
919 3530 0.5979317974540256
919 3545 -0.0958081632370409
919 3560 0.768100636254466
919 3575 -0.3397475131793053
919 3590 0.46419672956241964
920 3785 -0.15868514169835626
920 3800 0.5161003361557986
920 3635 -0.315743750988418
920 3650 0.448068387831422
920 3665 -0.3747311592908476
920 3680 -1.0
920 3695 -0.736246413891321
920 3710 -0.3016326549935957
920 3725 -0.6703457176658484
920 3740 0.02140922018052605
920 3755 -0.10952660533379088
920 3770 0.16228629479422457
933 934 -0.3227371991554634
933 948 0.10879223482443796
933 3425 0.6108127817930198
933 3440 1.0
933 3365 -0.1996195976821572
933 3380 0.0801680661705598
933 3395 0.11769669517679097
933 3410 1.0
934 935 0.5048730242681619
934 949 -0.2943135444038922
934 3605 -0.23783176437238196
934 3620 0.43769692863758564
934 3455 0.49790592654550064
934 3470 -0.057571807994132626
934 3486 0.20863425140814176
934 3501 0.17311680425897946
934 3516 -0.8219167932539535
934 3531 -0.6715799238412427
934 3545 -0.408824798997498
934 3560 -0.21558389065008282
934 3575 -0.8243480596196976
934 3590 -0.8334880115793968
935 950 -0.7397368578394806
935 3785 -0.0010367880454901198
935 3800 -0.7194437554591189
935 3635 0.03274151020563087
935 3650 -0.41664478723018133
935 3666 0.10912337963852023
935 3681 0.00695340706851044
935 3696 0.3907500018927761
935 3711 0.1913739083329718
935 3725 -0.46238161143025563
935 3740 -0.3918271722070042
935 3755 0.19976546985582477
935 3770 -0.08188023665725004
948 949 -0.997349749243784
948 3425 -0.6029845549389632
948 3440 -0.3354208418601506
948 3365 -0.04765035831694753
948 3380 -0.4294104670974776
948 3395 0.5070681254473625
948 3410 -0.23584747209672569
949 950 0.09335199434822108
949 3605 0.40265127477234697
949 3620 -0.6102324747025276
949 3455 0.1365793310650027
949 3470 -0.24548794603103447
949 3486 -0.3109733909379839
949 3501 -0.40205629007798277
949 3516 -0.00865791386983276
949 3531 -0.3600255301815909
949 3545 0.4859908282309182
949 3560 0.49005144818202473
949 3575 0.1641450362313007
949 3590 -0.19997127673482612
950 3785 -0.37129581193112504
950 3800 0.22871617730734772
950 3635 0.3438801862811308
950 3650 0.4599409970226333
950 3666 -0.13419927993347824
950 3681 -0.38768841567888473
950 3696 -0.3371155245423787
950 3711 0.069236785243022
950 3725 -0.11310485875889142
950 3740 -0.947964933382792
950 3755 0.6426666219133915
950 3770 0.6641240782239899
963 964 -0.17132850792569804
963 978 -0.0839689807780976
963 3425 -0.3957128055120127
963 3440 -0.20119067541751415
963 3455 0.5215335546887739
963 3470 0.17704845524367488
963 3486 0.006335861427507118
963 3501 -0.4063828015673718
963 3516 -0.8328670763604956
963 3531 0.05322788598798839
963 3545 0.04930198121851424
963 3560 0.09848612493490448
963 3395 0.3636778538151198
963 3410 0.19877120931744124
964 965 1.0
964 979 -1.0
964 3605 -0.20070267246324264
964 3620 0.11259467438687293
964 3635 -0.09459973572804756
964 3650 0.48114966700579176
964 3666 0.6211395934849299
964 3681 0.41365336255555774
964 3696 -0.21478720769835163
964 3711 -0.6289588690388351
964 3725 0.12310927975752516
964 3740 0.6768959814067013
964 3575 -0.1484805590237132
964 3590 0.5341667998266371
965 980 0.10377568885861851
965 3785 0.1378590699400894
965 3800 0.17461366749527818
965 3815 -0.9004370042318287
965 3830 -0.007463755759281911
965 3846 0.24510221061877027
965 3861 -0.050187590392122394
965 3876 -0.42549980157391637
965 3891 -0.6235985920959676
965 3755 0.06533648470831308
965 3770 0.1634937423195169
978 979 0.6071826585974059
978 3425 0.5557732520907618
978 3440 -0.46997941171008295
978 3455 0.7460933522036891
978 3470 0.06675851994360203
978 3486 0.2381937575006098
978 3501 -0.3097217556556616
978 3516 -0.7532931345765148
978 3531 0.11807562451197323
978 3545 0.28691950620959034
978 3560 0.17741433346017876
978 3395 0.07918975411429093
978 3410 0.11724919522337145
979 980 0.4706030020630847
979 3605 0.47261814061042073
979 3620 0.6118374358803443
979 3635 -0.1991520253841715
979 3650 -0.04497943737549307
979 3666 -0.1594958452737148
979 3681 0.3503354129092086
979 3696 -0.36304033852834355
979 3711 -0.26630615426258647
979 3725 -1.0
979 3740 -0.5478690464076049
979 3575 -0.8158487892680055
979 3590 0.06468390451121973
980 3785 0.13652551689822806
980 3800 0.678125787746485
980 3815 -0.08416645714515464
980 3830 -0.20804607993845342
980 3846 -0.40780550532866555
980 3861 -0.4026292385780072
980 3876 -0.37293267640240124
980 3891 -0.2834990003125563
980 3755 0.38248922591518536
980 3770 1.0
993 994 -0.18822076635501234
993 1008 -1.0
993 3426 0.34935519375159185
993 3441 0.24576435135564986
993 3456 0.23230440203126548
993 3471 -0.04687887246606302
993 3486 -0.09571486275495322
993 3501 -0.25240425749901946
993 3516 0.8482127274583279
993 3531 0.04168894723561651
993 3545 -0.854467991887461
993 3560 -0.17452502051989888
993 3395 0.05541088768902311
993 3410 -1.0
994 995 0.5252435218980834
994 1009 0.3378944822496118
994 3606 -0.4860920799460126
994 3621 0.3333483296036589
994 3636 1.0
994 3651 -1.0
994 3666 0.5124781408215291
994 3681 0.04379138148981632
994 3696 0.9029506251488565
994 3711 -0.34707454963432594
994 3725 0.8628902627557085
994 3740 -0.9043217056710796
994 3575 -0.06979844084935326
994 3590 -0.09245282376623948
995 1010 -0.12653478049230363
995 3786 -0.41059693139880804
995 3801 -1.0
995 3816 -0.6564035716201014
995 3831 -0.16218290275153677
995 3846 -0.11874212146284575
995 3861 -0.2576932656876623
995 3876 -0.010564783718769056
995 3891 -0.13970745397564277
995 3755 0.15117480601287345
995 3770 -0.021599652496973223
1008 1009 -0.5747399437785615
1008 3426 0.5281153980377332
1008 3441 -0.2863486760062216
1008 3456 0.06087625869161187
1008 3471 0.14965978210612793
1008 3486 0.28540126726915754
1008 3501 -0.21346920773344297
1008 3516 0.38118778428337025
1008 3531 0.33796730848745393
1008 3545 0.12849726142933066
1008 3560 0.05872794700232459
1008 3395 -0.3940857924642405
1008 3410 0.6842614187398847
1009 1010 0.8279510291953792
1009 3606 0.09813052241153487
1009 3621 -0.1617323213924315
1009 3636 0.07833447522120228
1009 3651 -0.29441025103793345
1009 3666 -0.10295046520717427
1009 3681 0.7195800749025851
1009 3696 -0.4552187014646854
1009 3711 0.032966921317542516
1009 3725 -0.14730754826858158
1009 3740 -0.15330672666108128
1009 3575 -0.40909718293968467
1009 3590 -0.27374744939578977
1010 3786 0.4963092664250048
1010 3801 -0.24697702026124008
1010 3816 -0.2125325532632429
1010 3831 -0.6426085416092343
1010 3846 0.08511107500702066
1010 3861 0.22400483875301586
1010 3876 -0.3194914310507462
1010 3891 0.6625044293574613
1010 3755 -0.10533613340327497
1010 3770 -0.5225798507937738
1023 1024 0.27884555969529895
1023 1038 -0.1548124272909549
1023 3426 -0.45649868609063793
1023 3441 -0.0025158503573395594
1023 3456 -0.6411340812350264
1023 3471 -0.9132925452720431
1023 3486 -0.35183818454726
1023 3501 -0.44933348720028027
1023 3365 0.009723866955369675
1023 3380 0.8646364652762525
1023 3395 -1.0
1023 3410 -0.03371930128273129
1024 1025 0.18053004754148735
1024 1039 -0.21292139619231254
1024 3606 -0.24555184253215015
1024 3621 0.3665802918387815
1024 3636 -1.0
1024 3651 -0.3445883547886482
1024 3666 0.10164593337735905
1024 3681 0.07384201694174015
1024 3516 0.33362387198053955
1024 3531 -0.5716614224065308
1024 3545 0.2555961191370188
1024 3560 0.2735338615208938
1024 3575 0.2540461819937384
1024 3590 0.1326155820440668
1025 1040 0.14563811709921473
1025 3786 0.73778633338721
1025 3801 -0.6827419643088154
1025 3816 -0.5227909452874362
1025 3831 0.13682683571816612
1025 3846 1.0
1025 3861 -0.21096738820225153
1025 3696 0.010503882933842459
1025 3711 -0.054799354137157426
1025 3725 0.14516925399804942
1025 3740 -0.8955333718352892
1025 3755 0.19627979627807562
1025 3770 -0.49337360294330423
1038 1039 0.27521216820310845
1038 3426 0.4995884605875299
1038 3441 -0.9514247947167187
1038 3456 0.02239968240827786
1038 3471 0.32784345904954254
1038 3486 0.6196543598502627
1038 3501 -0.19970416401587304
1038 3365 0.5164769010214875
1038 3380 1.0
1038 3395 -0.6924037861756935
1038 3410 -0.18197936757353728
1039 1040 0.3111596691723967
1039 3606 -0.3391318732668051
1039 3621 0.17085599314259683
1039 3636 -0.29980655908638526
1039 3651 -0.0153780273484889
1039 3666 0.1440295591543336
1039 3681 -0.22288156257392241
1039 3516 0.319276592594796
1039 3531 0.8117848827160083
1039 3545 0.5030033211205013
1039 3560 -0.37736044944967984
1039 3575 -0.342068648626953
1039 3590 -0.8034048157591697
1040 3786 -0.11618747390147754
1040 3801 -0.11861860886933222
1040 3816 -0.20502870498390463
1040 3831 -0.13600560421813776
1040 3846 0.28166813275965835
1040 3861 0.0395279490142785
1040 3696 -0.504809950331782
1040 3711 0.7438825269157018
1040 3725 -0.41441297632667257
1040 3740 -0.25589253530060824
1040 3755 -0.07592706672636335
1040 3770 -0.48165812829319177
1053 1054 -0.06998024626326066
1053 1068 0.04220013406693817
1053 3426 -0.25868765790943987
1053 3441 0.7958582928393649
1053 3456 -0.1770680232562099
1053 3471 -0.5678835656578611
1053 3486 0.1862413100042737
1053 3501 -0.23427661947163997
1053 3366 -0.2384506772332746
1053 3381 0.6624031181168573
1053 3396 -0.8462487743511352
1053 3411 -0.7169325773685672
1054 1055 -0.8215342480737596
1054 1069 0.48102021984415017
1054 3606 -0.8917229682091866
1054 3621 0.523511673169078
1054 3636 0.009796691374981632
1054 3651 -0.8605343488508709
1054 3666 0.2608446062761078
1054 3681 -0.5842462850235199
1054 3516 0.5724783839441958
1054 3531 -0.7453000547438258
1054 3546 0.09831553151828765
1054 3561 0.7048017419707197
1054 3576 -0.012664120886599468
1054 3591 -0.05474693311905911
1055 1070 -0.2787020598397063
1055 3786 0.6265797807625748
1055 3801 0.4752896354466797
1055 3816 -0.279861448352064
1055 3831 -0.9499046213374364
1055 3846 -0.2008361659666326
1055 3861 0.10723768479485214
1055 3696 -0.4489502523210632
1055 3711 -0.02255261181112838
1055 3726 0.3222563564499805
1055 3741 0.02995781412864148
1055 3756 0.2561755089476881
1055 3771 0.11104805742436157
1068 1069 -0.5417554720125002
1068 3426 0.05485339350202501
1068 3441 0.00553179380816496
1068 3456 -0.4610771665704779
1068 3471 -0.6226371308092244
1068 3486 -1.0
1068 3501 -0.21615534837802658
1068 3366 0.3569778229006905
1068 3381 0.7652817785249945
1068 3396 0.27132840424549215
1068 3411 -0.22871150344199492
1069 1070 -0.14007139119734818
1069 3606 0.5787528544227977
1069 3621 0.8831378364650446
1069 3636 0.7551247643424478
1069 3651 0.4610697598554312
1069 3666 0.5757350424223923
1069 3681 0.7778668835226312
1069 3516 0.0038540207298608216
1069 3531 0.5249105837382094
1069 3546 0.5755272294274686
1069 3561 0.6546270812875224
1069 3576 1.0
1069 3591 -0.2577507903794165
1070 3786 -0.5856198622416637
1070 3801 0.7764363820057614
1070 3816 -0.508131354035965
1070 3831 1.0
1070 3846 -1.0
1070 3861 -0.03634450765374063
1070 3696 -0.8212212258829708
1070 3711 -0.8116417647663025
1070 3726 0.15762764895771655
1070 3741 -0.10161658917994312
1070 3756 -0.3354719437663053
1070 3771 -0.8787186197881549
1083 1084 -0.4390491591143247
1083 1098 0.718336530004883
1083 3426 -0.1077296276700296
1083 3441 -0.5934701664079063
1083 3366 0.5669796667313166
1083 3381 -0.547630089399443
1083 3396 0.5614820502500821
1083 3411 -0.30931890198596373
1084 1085 -0.4774844451874822
1084 1099 0.3078655193055848
1084 3606 0.07768695591659226
1084 3621 0.2653557384009832
1084 3456 -0.21100606248289996
1084 3471 0.43361695561344793
1084 3486 -0.07082194573730596
1084 3501 0.4235330698093362
1084 3516 0.018940765470850662
1084 3531 -0.2549699179907633
1084 3546 0.7495024283275428
1084 3561 0.4243557214830396
1084 3576 0.044123244800125236
1084 3591 -0.4257461733224803
1085 1100 -0.6559997673928699
1085 3786 0.5401806673977506
1085 3801 0.35948989548667326
1085 3636 0.22293322789797984
1085 3651 -1.0
1085 3666 0.14027420209103159
1085 3681 0.005771165927312854
1085 3696 -0.486407507645787
1085 3711 0.30514606971274555
1085 3726 0.04665024070643711
1085 3741 0.17103305473398905
1085 3756 0.5157871139619272
1085 3771 -0.5171085116969951
1098 1099 0.5368666469302026
1098 3426 -0.692374862331012
1098 3441 -0.23023835056802083
1098 3366 0.705504076990625
1098 3381 0.28682846789558425
1098 3396 0.5248037661165665
1098 3411 -0.03616937411710021
1099 1100 -0.5591708936291435
1099 3606 -0.5365240867436352
1099 3621 0.10065725727983017
1099 3456 0.2569936425685642
1099 3471 0.3791685663865096
1099 3486 0.0144014905863454
1099 3501 0.3106253824546631
1099 3516 -0.1025702719757813
1099 3531 0.2089022289192934
1099 3546 -0.47393811868544145
1099 3561 0.65298314412811
1099 3576 0.044499511195463075
1099 3591 0.41629838011793785
1100 3786 0.41668879247318524
1100 3801 -0.5696203260938195
1100 3636 -0.3354569176238854
1100 3651 0.734502918417367
1100 3666 0.20706839689986528
1100 3681 0.5384093233768349
1100 3696 -1.0
1100 3711 0.24780631855501084
1100 3726 0.046287155246761885
1100 3741 -0.15655164096055804
1100 3756 -1.0
1100 3771 0.4417323329035407
1113 1114 0.2252619350957465
1113 1128 -0.4723934898741405
1113 3426 0.31048545502968555
1113 3441 0.009171508219848721
1113 3366 0.09472091790072261
1113 3381 0.2941153943911944
1113 3396 0.24339094241300874
1113 3411 -0.8712991638505996
1114 1115 -0.35891125740967533
1114 1129 -0.5448985027367733
1114 3606 -0.11490809284968133
1114 3621 0.0910504490262238
1114 3456 -0.13501172838282413
1114 3471 -0.5423060914034564
1114 3546 -0.05997626714393893
1114 3561 0.564281452992754
1114 3576 0.11253949595257152
1114 3591 0.02794139039854144
1115 1130 0.3004379217567662
1115 3786 0.36032113249539294
1115 3801 -0.0014373223786257276
1115 3636 -0.2438151920018509
1115 3651 -0.052337927754614724
1115 3726 0.6528960785014903
1115 3741 -0.2610683560072268
1115 3756 1.0
1115 3771 0.4358584689329664
1128 1129 -0.6137098606922349
1128 3426 -0.5876367085382203
1128 3441 0.6188799148653592
1128 3366 0.45846144720096005
1128 3381 0.29159703760190503
1128 3396 -0.1706540763228084
1128 3411 0.40613018505971704
1129 1130 0.11512374095483517
1129 3606 -0.07108728663753729
1129 3621 -0.7589005601126835
1129 3456 -0.09981651364718633
1129 3471 0.6929911902305106
1129 3546 -0.37896009391231494
1129 3561 0.5768555318706843
1129 3576 0.04780594066250615
1129 3591 -0.016666926847570863
1130 3786 0.4184978778273439
1130 3801 0.5605149347781887
1130 3636 0.28019508618012884
1130 3651 0.4706067151547517
1130 3726 0.375200084758688
1130 3741 -0.7034748161808803
1130 3756 0.34369934255413215
1130 3771 0.1844149163100242
3364 3365 0.28168705286525186
3364 3379 -1.0
3365 3366 0.6772133267440632
3365 3380 -0.10447251973616488
3366 3381 -0.3000344155874192
3379 3380 -0.12499494413063918
3380 3381 1.0
3394 3395 -0.44891805937312135
3394 3409 0.23930634553147762
3395 3396 -0.23749085593355207
3395 3410 -0.4826368884004112
3396 3411 0.5361151545716403
3409 3410 0.007883444629788012
3410 3411 0.0606437591879135
3424 3425 -1.0
3424 3439 -0.3284877865774446
3425 3426 -0.7876077389797569
3425 3440 -0.10559179912563192
3426 3441 -0.7941465096415301
3439 3440 0.808177135788672
3440 3441 -0.020465544433723885
3454 3455 -0.0022231874861725646
3454 3469 -0.3180973120223557
3455 3456 0.8301010662076653
3455 3470 0.35957762325403403
3456 3471 0.2663688689195941
3469 3470 0.2426289117933778
3470 3471 0.1757152147641507
3484 3485 -0.33633921622241225
3484 3499 -0.749725191622367
3485 3486 0.3562165568625545
3485 3500 -0.5243586015430983
3486 3501 -0.2201428806592473
3499 3500 -0.3969003749455361
3500 3501 0.06824366300861175
3514 3515 0.35105567814885613
3514 3529 -0.3517875845906432
3515 3516 -0.4348351844828752
3515 3530 -0.2022147021316185
3516 3531 0.849113337178696
3529 3530 0.17425403856298236
3530 3531 0.2847595196109584
3544 3545 0.6399473033138682
3544 3559 0.7993299956388447
3545 3546 -0.062269866263964364
3545 3560 -0.020492737962681088
3546 3561 -0.3756920293122464
3559 3560 -0.6652618200034754
3560 3561 -0.2812002760250683
3574 3575 -0.7352575581229805
3574 3589 -0.0074972141617887745
3575 3576 0.5344696448283451
3575 3590 0.3393360649168479
3576 3591 -0.17369288841177397
3589 3590 -0.7376758157302291
3590 3591 -0.22194270599648658
3604 3605 0.4759167692059776
3604 3619 -0.21381189793679112
3605 3606 0.6455372064178062
3605 3620 -0.09268148507318091
3606 3621 0.4793892393087514
3619 3620 0.43025788989653363
3620 3621 -0.3385839251666529
3634 3635 -0.42679070644261546
3634 3649 -0.5606468662842984
3635 3636 1.0
3635 3650 0.005296708351128507
3636 3651 0.2756811397463565
3649 3650 0.8624799850336057
3650 3651 0.015762216054873417
3664 3665 -0.17476806002075457
3664 3679 0.07235238196362422
3665 3666 0.6416777375290487
3665 3680 0.2269912175539027
3666 3681 -0.24929870669980686
3679 3680 -0.23528495781744174
3680 3681 -0.7588097080770495
3694 3695 -0.38386445695348576
3694 3709 0.5104310766940438
3695 3696 0.4426326185836929
3695 3710 -0.03689835679984778
3696 3711 0.3916800173333326
3709 3710 1.0
3710 3711 0.8030818703093773
3724 3725 -0.5232244517118191
3724 3739 -1.0
3725 3726 0.14128132419520056
3725 3740 0.595588883150781
3726 3741 -0.39997506338880834
3739 3740 0.27532947856606443
3740 3741 -0.4761521821772229
3754 3755 0.2163016086956562
3754 3769 -0.5855573202733253
3755 3756 -0.012392903718603089
3755 3770 -0.1507893928916368
3756 3771 0.41594606096052994
3769 3770 -0.6705981221037016
3770 3771 0.4584217706568303
3784 3785 0.23582575802555483
3784 3799 0.0025236588931307766
3785 3786 -0.284507867036493
3785 3800 0.5427413572843613
3786 3801 -0.2567447615916947
3799 3800 -0.15071106094827624
3800 3801 -0.9385639996969156
3814 3815 0.02608261869355506
3814 3829 1.0
3815 3816 -0.3174108936651588
3815 3830 -0.09919389360901697
3816 3831 -0.06727427282901718
3829 3830 0.47699538390476126
3830 3831 0.4706274908234567
3844 3845 0.3957045074525379
3844 3859 0.8163658951818278
3845 3846 -0.03597349691689271
3845 3860 0.0076205016898317655
3846 3861 0.38287748598959537
3859 3860 0.026817841154170113
3860 3861 0.4704551339808045
3874 3875 1.0
3874 3889 0.5218889904268886
3875 3876 0.12442086682047694
3875 3890 -0.38207640866779546
3876 3891 0.9267264273422675
3889 3890 -0.10097155904191125
3890 3891 0.40341418781865324
