# 
61 61 -1.1904030594817379
62 62 0.14957027489349994
63 63 -1.0258488230385046
76 76 0.716294321525243
77 77 0.4747548954851682
78 78 1.1314702954904643
91 91 0.6149180485049144
92 92 -1.3594751409026598
93 93 0.07744383670384744
106 106 0.07773741782987857
107 107 0.018107681086875407
108 108 -1.1556596771479155
121 121 0.7938020151375138
122 122 -2.336524143312606
123 123 0.3731683871577717
136 136 -0.07518148478310546
137 137 -0.20752262262606178
138 138 -0.004005465971811139
151 151 1.5267224050045425
152 152 0.8724297904974715
153 153 -0.6856885269108117
166 166 -0.3377130484522902
167 167 -0.03857436555204493
168 168 -0.7622012692243745
181 181 0.5400670362238771
182 182 0.8432772838573391
183 183 1.3592586398876647
196 196 1.5415838156398958
197 197 -0.012646287714364199
198 198 -0.8003688217399304
211 211 0.9815861970551749
212 212 -0.9465692135609789
213 213 0.003131658851211282
226 226 -0.5241398393205746
227 227 0.008447379410065311
228 228 1.217423965057947
241 241 -1.1811636160246275
242 242 0.7656072388905419
243 243 -1.289234056441367
256 256 1.7045509715935567
257 257 0.42936991830286314
258 258 0.978234564481783
271 271 0.7442194748458746
272 272 -0.387122104525236
273 273 0.1951550158724247
286 286 -0.7629597706846373
287 287 0.1520150884829653
288 288 -0.43522613741986177
301 301 -0.2678050356493475
302 302 -0.7668111024359261
303 303 1.6733975870638433
316 316 -1.1543490795185882
317 317 0.6579874907555499
318 318 -0.9572809438939404
331 331 -0.34319903865638174
332 332 -0.6965748569787907
333 333 1.1771304030322274
346 346 1.699667008562007
347 347 -0.6257839521308657
348 348 -0.25107561219709046
361 361 1.2320980522911122
362 362 -1.8253196277013979
363 363 0.33307939780014384
376 376 0.3936730129699623
377 377 -1.5396119586638266
378 378 -2.4978942949743206
391 391 -2.0039821298345633
392 392 0.05029769911680065
393 393 -0.6223707446342029
406 406 -0.33009623407316013
407 407 0.09452824799154018
408 408 -0.17165442269813805
421 421 0.5784314192183106
422 422 1.8559011057365296
423 423 1.600244277926094
436 436 0.5071186404634201
437 437 -0.8310291963262046
438 438 0.4186246226381173
451 451 -0.5080331130936292
452 452 -0.6682492548709852
453 453 -0.956335529567677
466 466 -0.5611020500164884
467 467 0.9925765148991572
468 468 -1.6343663737112155
481 481 -0.6782426142096881
482 482 -0.5877199779645071
483 483 -0.3575002447547928
496 496 1.425414133770695
497 497 -1.9657171905274062
498 498 1.1026327898713995
511 511 -0.474886382095076
512 512 1.096158600486876
513 513 1.1208257796353265
526 526 -0.038862122245040424
527 527 0.036051167908207477
528 528 2.6410903212103474
541 541 -1.3966776129646308
542 542 0.08664996687157885
543 543 -0.11825188579301468
556 556 -0.6797585070295562
557 557 2.008529183238662
558 558 0.8597759609976693
571 571 -0.33293624828832913
572 572 -1.175954973840798
573 573 -1.500939784076397
586 586 1.139657972253175
587 587 -0.5673177732936356
588 588 -0.19445936356887056
3001 3001 -0.7576046136181157
3002 3002 1.3957417151110225
3003 3003 -0.16756984350882972
3016 3016 0.043843127127846604
3017 3017 0.3602164429502425
3018 3018 -0.5481988994956251
3031 3031 1.5775204037143016
3032 3032 1.9942996752485957
3033 3033 1.2671743320652489
3046 3046 0.31343124469303935
3047 3047 1.057607990003171
3048 3048 -1.859313189584994
3061 3061 -2.4258606862110637
3062 3062 0.24833579128234223
3063 3063 -0.6861606994101275
3076 3076 -0.5873331664884095
3077 3077 -0.32763122979770537
3078 3078 -1.4771788813390456
3091 3091 -0.6675491035606563
3092 3092 -0.231334258044521
3093 3093 0.7516975585149187
3106 3106 0.024599274773367107
3107 3107 -0.00314850385979276
3108 3108 -0.5882576267254784
3121 3121 0.4703415611862122
3122 3122 1.4332163743562538
3123 3123 -0.06814587306066548
3136 3136 0.6603839972247252
3137 3137 -0.6633232222555476
3138 3138 -1.8584590830045244
3151 3151 -1.0981430426291945
3152 3152 -0.15773300195809647
3153 3153 0.49329829177833057
3166 3166 0.2175653809523566
3167 3167 -0.32922292390279856
3168 3168 1.8173875516237135
3181 3181 -0.687707050339852
3182 3182 0.05191561197863798
3183 3183 -1.6397626160032719
3196 3196 0.560127171221365
3197 3197 -0.21306525106553528
3198 3198 0.9647656523813342
3211 3211 -0.9508560640446873
3212 3212 -0.18246332158894327
3213 3213 0.11130121503351367
3226 3226 -1.1353867587050346
3227 3227 -1.5462666002999692
3228 3228 -1.1136430091123857
3241 3241 -1.3213985364738678
3242 3242 0.17520519185394584
3243 3243 -0.1938963220960144
3256 3256 1.2605619517480426
3257 3257 -0.08078996541222612
3258 3258 2.038091312211132
3271 3271 -0.5124195329096898
3272 3272 -0.4167594899846213
3273 3273 0.7840677677029209
3286 3286 -0.5265188955654729
3287 3287 -1.23144474927161
3288 3288 -1.0379538832202515
3301 3301 -0.8732895427876854
3302 3302 -0.7221123837872239
3303 3303 1.6386392102682297
3316 3316 0.20047356262280383
3317 3317 0.9790500716862726
3318 3318 -0.3005286209605176
3331 3331 -0.8956503071318234
3332 3332 0.3651674157318148
3333 3333 -0.3324925842256015
3346 3346 1.0551720255960322
3347 3347 0.46958179198203964
3348 3348 0.48681443543256836
3361 3361 -3.0458033546612433
3362 3362 0.7482229109632325
3363 3363 -1.0755705900870105
3376 3376 0.39688854105212756
3377 3377 1.1725368014062785
3378 3378 -0.37845749736636397
3391 3391 1.5985930030245226
3392 3392 0.1550785124528127
3393 3393 0.1872514241649767
3406 3406 0.7554182139944519
3407 3407 -1.491380579849521
3408 3408 0.640543201487316
3421 3421 0.6697258213055677
3422 3422 0.28930076778059544
3423 3423 -0.5600424483127773
3436 3436 0.9472754199678275
3437 3437 -0.2751733516060331
3438 3438 -0.2676220073900015
3451 3451 -1.8898796919414327
3452 3452 0.060230218756363564
3453 3453 -1.980523223640985
3466 3466 -1.4736387287001316
3467 3467 -1.3603490830034972
3468 3468 0.36137492682081296
3481 3481 -0.2999381268480599
3482 3482 0.5872791118478752
3483 3483 0.628233942436925
3496 3496 0.1196301322091106
3497 3497 -0.4426526000163033
3498 3498 -0.700762269927293
3511 3511 1.2940447346666086
3512 3512 -0.3150866200439948
3513 3513 -0.45271251270900187
3526 3526 0.5669645967739992
3527 3527 -1.1332902311628965
3528 3528 -2.0097182837953964
61 62 -0.5753897143546958
61 76 0.0424704644065409
61 3121 1.0
61 3136 -0.40547304474265505
61 3151 0.8372081127916776
61 3166 0.044010878867265076
62 63 -0.9913731476825942
62 77 -0.9492089362067169
62 3301 0.8802152707579936
62 3316 0.5492824124026149
62 3331 -0.2101092956390753
62 3346 -0.02752528143406792
63 78 0.04644087739482832
63 3481 0.3400881293857258
63 3496 -0.29479908591873344
63 3511 0.6498487623743779
63 3526 0.14582046121840286
76 77 0.30027218833957486
76 3121 -0.25936515819756634
76 3136 -0.15377723757774284
76 3151 0.25411273175189714
76 3166 -0.05488958541709457
77 78 -0.1817002338237714
77 3301 0.3570559385395968
77 3316 -0.21003588889384223
77 3331 -0.37822356354382636
77 3346 0.05866369208633421
78 3481 0.20241584267325777
78 3496 -0.747116232670481
78 3511 -0.16829370296191243
78 3526 1.0
91 92 -0.16620084682494576
91 106 -0.4193402538445138
91 3061 0.25035816509014336
91 3076 0.09887522278191721
91 3091 0.40064236300517087
91 3106 0.7295219368269733
91 3121 0.6196547325272059
91 3136 0.32451187303344875
91 3151 -0.167692881281196
91 3166 -0.36438619858912935
92 93 1.0
92 107 0.22749439120044757
92 3241 -0.09575328608540369
92 3256 0.28991937978110827
92 3271 0.33850823594428653
92 3286 -0.014069764780551369
92 3301 0.8715732656130584
92 3316 -0.7892116595506574
92 3331 0.43170136764911565
92 3346 -0.10146774521827064
93 108 0.043082565446719845
93 3421 0.5758845266890443
93 3436 -0.22776325168662792
93 3451 -0.08800699659600507
93 3466 -0.14518577834146218
93 3481 -0.08972903279763399
93 3496 -0.067374375917003
93 3511 -0.0766669585405466
93 3526 0.8719801664018502
106 107 0.20275394534662183
106 3061 0.35468084589739257
106 3076 0.03644392196457738
106 3091 -0.04003580364698715
106 3106 0.49036549617221237
106 3121 0.7415720327713126
106 3136 -0.8357973512042555
106 3151 0.28464978529245066
106 3166 0.48573104441488885
107 108 0.12136763302780627
107 3241 0.29363657066196625
107 3256 -0.1308953492431386
107 3271 -0.595819854953192
107 3286 -0.5032364395304413
107 3301 -0.24122957316885665
107 3316 -0.6662390867650719
107 3331 0.20433970845306823
107 3346 -0.34094491114283265
108 3421 -0.8909204075832192
108 3436 0.22625869385703043
108 3451 -0.07036583455628141
108 3466 -0.024415394518898195
108 3481 -0.5557418257960214
108 3496 0.1438550431638149
108 3511 -0.37485993367026715
108 3526 0.13764088499962268
121 122 0.02745518973099096
121 136 0.7672033424508269
121 3061 0.7684680347661059
121 3076 -0.15768972711991722
121 3091 0.6703015972294378
121 3106 -1.0
121 3121 -0.4610254032626975
121 3136 0.05255548020413169
122 123 -1.0
122 137 -0.39888169448154903
122 3241 0.06559493089157618
122 3256 -0.549674264568173
122 3271 0.6984598173090091
122 3286 0.08382112788612062
122 3301 0.5649040041277142
122 3316 -0.18060043803244744
122 3151 0.007978859261915676
122 3166 0.5666762720612556
123 138 -0.8195721262945068
123 3421 0.7074670301216589
123 3436 0.19954312458353202
123 3451 0.5133266799602121
123 3466 -0.4629566072039817
123 3481 0.19909894343971976
123 3496 -0.3933111417983609
123 3331 0.07038730928881841
123 3346 -0.5455558231831026
136 137 -0.11655406941447394
136 3061 0.4136667064099507
136 3076 0.3308966074639875
136 3091 -0.7334722856693779
136 3106 0.247905916567233
136 3121 -0.08217923014776621
136 3136 0.11989225705543541
137 138 -0.27348189231265785
137 3241 0.053680554903574304
137 3256 -0.14338600961772957
137 3271 -0.6318228939652614
137 3286 -0.40997647828986794
137 3301 -0.3066019092598161
137 3316 0.7089251784154034
137 3151 1.0
137 3166 -1.0
138 3421 -0.9810579088173428
138 3436 0.22070856267919362
138 3451 -0.2504104908515175
138 3466 0.9706542708720431
138 3481 0.8246993205503771
138 3496 -0.054137386763082544
138 3331 0.07955145947160704
138 3346 -0.2397985960015443
151 152 0.4244974914617507
151 166 -0.507856427387502
151 3061 0.15315510993459427
151 3076 -0.3190046835166833
151 3091 0.34462102453627164
151 3106 -0.12992692398385336
151 3121 0.17000239742148635
151 3136 0.04647436752174055
151 3001 -0.42015492229222823
151 3016 -0.2832122547581929
151 3031 -0.6928813887839048
151 3046 0.24596396715109967
152 153 0.7701475008175862
152 167 -0.8549858871286704
152 3241 -0.3490777996277576
152 3256 0.1817336891461224
152 3271 -0.365017338798492
152 3286 -0.09025397651028609
152 3301 0.487866215172754
152 3316 0.6744777237303158
152 3151 0.03554943168195871
152 3166 1.0
152 3181 1.0
152 3196 0.8619198539132559
152 3211 0.18425293423036102
152 3226 0.10076226952399542
153 168 0.19680162081869182
153 3421 -0.2822982953656603
153 3436 0.507846310102771
153 3451 -0.13706249559979483
153 3466 -0.7503795746133963
153 3481 -0.4683449997562607
153 3496 1.0
153 3331 0.19106027587348295
153 3346 -0.367359199617124
153 3361 -0.27894180889893194
153 3376 -0.22918525982687898
153 3391 0.7514204681456963
153 3406 -0.33359755128018914
166 167 0.2403514096640385
166 3061 -0.5191986306646662
166 3076 0.13063632990136215
166 3091 0.8338373273891073
166 3106 0.12246376434521125
166 3121 0.036420077975319966
166 3136 -0.23636256172381448
166 3001 0.16678884286914303
166 3016 0.3060949574209803
166 3031 0.8810203967954713
166 3046 0.6081440051619474
167 168 0.21430283121503363
167 3241 -0.07145752293259904
167 3256 0.9073957365502061
167 3271 -0.4217572167253159
167 3286 0.39615494001880563
167 3301 -0.7271085453995596
167 3316 0.19904539090477893
167 3151 0.6016873891264038
167 3166 -0.19499293361761416
167 3181 -0.3253069075487084
167 3196 -0.6258323928691243
167 3211 0.22083458168272024
167 3226 0.2636749518019024
168 3421 0.1901291808603165
168 3436 -0.9457811184666209
168 3451 0.728401777703452
168 3466 0.4086213390713329
168 3481 0.3886845194658768
168 3496 -0.29143507783362355
168 3331 -0.25954866046587954
168 3346 -0.23450590833047777
168 3361 -0.1575366030495135
168 3376 0.7794524712729194
168 3391 -0.04047468568729155
168 3406 0.07477779542029393
181 182 -1.0
181 196 -0.41622272384137826
181 3061 -0.05341737231674323
181 3076 0.06634420478232012
181 3001 -0.8702301667600094
181 3016 -0.22923646927296218
181 3031 -0.4442914924344169
181 3046 -0.7697328900425234
182 183 0.09722812431954914
182 197 -0.5706016513524351
182 3241 0.253769805580712
182 3256 0.007266211061703985
182 3091 0.7296837129951242
182 3106 -0.02025540311398213
182 3121 0.2749882530741525
182 3136 -0.17865904226870022
182 3151 0.6060133079689155
182 3166 0.04473876379017269
182 3181 -0.09758504758036099
182 3196 -0.5174452493604524
182 3211 0.0922515379356883
182 3226 0.19063029873285825
183 198 -0.25086925917301167
183 3421 0.16391753374400928
183 3436 0.8770913468196398
183 3271 -0.09361906935374849
183 3286 -0.5391565573602324
183 3301 0.36164394251505005
183 3316 -1.0
183 3331 0.28273240149849765
183 3346 -0.5194193447158043
183 3361 1.0
183 3376 0.999105446191901
183 3391 0.34105814905015025
183 3406 0.5790961982270224
196 197 0.5255538027410558
196 3061 -0.38696292364700857
196 3076 0.2642482972504064
196 3001 0.16136965804397596
196 3016 0.1653347225484946
196 3031 -0.37149805847970696
196 3046 -0.14920967671905544
197 198 0.3618901468515824
197 3241 0.009847642416721727
197 3256 -0.7199968943416402
197 3091 0.2659275600875816
197 3106 -0.07864085562489741
197 3121 -0.0077565566608841004
197 3136 -0.05282359332792368
197 3151 0.02787483982081668
197 3166 -0.610678032717866
197 3181 -0.02452752276239966
197 3196 -0.3694358535509759
197 3211 -0.9473708663135639
197 3226 -0.9005056630423643
198 3421 0.16681320618863452
198 3436 -0.661486067226057
198 3271 -0.6421402455107228
198 3286 -0.01893199981393575
198 3301 0.12491867696252212
198 3316 0.6082581833437521
198 3331 0.009564229257732938
198 3346 0.08807372232066712
198 3361 -0.36943937686787787
198 3376 -0.08696166859117123
198 3391 -0.329161351970809
198 3406 0.8929483831785661
211 212 0.3955316318096853
211 226 0.2997008988513743
211 3061 -0.12221146042489148
211 3076 0.05324681699580865
211 3001 -0.2278072238176862
211 3016 0.7848396074391603
211 3031 0.4030238284654505
211 3046 -0.37641604739501633
212 213 -0.4035812779116912
212 227 -0.39221427232359046
212 3241 0.21495033963774068
212 3256 0.15488766516750727
212 3091 -0.46907889623273313
212 3106 0.32782971996178295
212 3122 -0.3645415314271906
212 3137 0.394622583742104
212 3152 -0.32720177814131174
212 3167 0.20615036566116646
212 3181 -0.572632949566764
212 3196 0.9404521142962078
212 3211 1.0
212 3226 0.9146490746861692
213 228 0.2077585879960627
213 3421 0.3085592640271271
213 3436 -0.026243721720654836
213 3271 -0.09089967751749904
213 3286 -0.0052392447261461255
213 3302 0.10943368316316934
213 3317 0.09418943460692773
213 3332 0.22489818952698443
213 3347 0.8219335676329066
213 3361 -0.5427423310563669
213 3376 0.17565993329923513
213 3391 -0.45665413888261497
213 3406 -0.6245887436373521
226 227 0.3957658098830981
226 3061 -0.1330093814045809
226 3076 -0.03206797752656278
226 3001 -0.1688029312455734
226 3016 -0.4187050330758054
226 3031 -0.3660252761338245
226 3046 -0.09530806315065073
227 228 0.3119711330164255
227 3241 -0.8133055560000676
227 3256 0.15982519322410574
227 3091 0.02554937986640312
227 3106 -0.9419884289760907
227 3122 0.1868795813573061
227 3137 -0.7316536315727452
227 3152 -0.3469150284474224
227 3167 -0.3176952571886694
227 3181 0.4569737250919741
227 3196 0.5088421987617482
227 3211 -0.5918139582777503
227 3226 -0.5902228337698088
228 3421 -0.8588852738734805
228 3436 -0.6655663494864698
228 3271 0.6307759738020748
228 3286 0.14614199450265702
228 3302 0.45797610876266154
228 3317 -0.4313368098738502
228 3332 0.6731595705237007
228 3347 -0.028787787319565314
228 3361 0.062509466800405
228 3376 -0.6758325375313478
228 3391 0.4816587707434937
228 3406 -0.3755765860563283
241 242 0.9406296107255047
241 256 0.32103806647205296
241 3061 -0.034912068688792625
241 3076 0.9084621159249343
241 3091 -0.03082986088676842
241 3106 -0.59518854742235
241 3122 -0.20960715584562115
241 3137 -0.12389497510649322
241 3152 -0.5149173535679367
241 3167 -0.23865159643311656
241 3181 -0.05544685201768173
241 3196 0.2947276686626042
241 3031 -0.020117765623879694
241 3046 0.09470754134163692
242 243 -0.4315034791985606
242 257 0.34945043373012663
242 3241 0.2786774911269787
242 3256 0.05793140700766186
242 3271 0.45578696145282166
242 3286 0.04636545327276896
242 3302 -0.30400592869893006
242 3317 -0.25316209827682196
242 3332 -0.6631269403067537
242 3347 -0.24305388239751566
242 3361 0.4186641585973035
242 3376 -0.04768908292671309
242 3211 0.5951946166407943
242 3226 0.7464963188546394
243 258 -0.3158948379581168
243 3421 -0.01653012088046488
243 3436 0.4459956002581206
243 3451 -0.4662344402046734
243 3466 1.0
243 3482 -0.20024148536931263
243 3497 -0.05542087414854289
243 3512 -0.3296568952445796
243 3527 -0.0035664129505107727
243 3391 -0.29399224874323665
243 3406 0.19936378618871234
256 257 -0.14481643851855147
256 3061 -0.18545015337585793
256 3076 0.24164516210650472
256 3091 0.32655204745220434
256 3106 -0.9636888600876711
256 3122 0.7218826163644095
256 3137 -0.2377616666031075
256 3152 0.6550316970694365
256 3167 -0.23903809947266907
256 3181 0.09532216555264672
256 3196 0.2533420843956063
256 3031 0.2166231682521575
256 3046 0.6368616152660822
257 258 -0.14949110563059062
257 3241 -1.0
257 3256 -0.1037467490444314
257 3271 -0.7491801559334017
257 3286 -0.9111514355088755
257 3302 -0.10676739477915594
257 3317 0.5985385117192479
257 3332 0.08895104924116543
257 3347 1.0
257 3361 -0.2648882815359343
257 3376 0.0468602540214344
257 3211 0.02959504907826353
257 3226 -0.5732580592642232
258 3421 0.3506954229768195
258 3436 -0.26290091218264944
258 3451 0.6543040174080514
258 3466 0.7393317685393846
258 3482 0.013048756997744899
258 3497 -0.609576759568195
258 3512 -0.03053393686606912
258 3527 -0.6837625181247556
258 3391 0.16673448022365644
258 3406 0.8983396030057568
271 272 -0.1531445342356881
271 286 0.22377267468271342
271 3062 0.24993858332582666
271 3077 -0.1759448951271124
271 3092 -0.7509579958034117
271 3107 0.33731851343798497
271 3122 0.1667610360664074
271 3137 -0.6169429624135614
271 3152 0.08149431015497158
271 3167 0.07546378781978928
271 3181 0.2043605975276848
271 3196 0.2559700793466625
271 3031 0.6784904708590483
271 3046 -0.42633567402894096
272 273 0.5100227246485934
272 287 -0.4574584428900808
272 3242 -0.1362846918405266
272 3257 0.9737805039364791
272 3272 -0.23434151207242002
272 3287 1.0
272 3302 -0.18127403000507653
272 3317 -0.5028274032385555
272 3332 -0.16901858284239332
272 3347 -0.6314155105491772
272 3361 -0.3248991955316537
272 3376 -0.4283213891207579
272 3211 -0.5228942617234773
272 3226 -0.45982360068244327
273 288 0.1918722226655803
273 3422 0.6149209038007943
273 3437 0.6057520057229452
273 3452 0.18689665327170676
273 3467 -0.32745605073327677
273 3482 -0.4280025829601712
273 3497 0.5248177786281465
273 3512 -0.861195156167744
273 3527 0.5551260790168155
273 3391 -0.09811269081555908
273 3406 0.28434518236140943
286 287 1.0
286 3062 0.7595968073066666
286 3077 0.11620624943630721
286 3092 -0.06803937817846188
286 3107 -1.0
286 3122 -0.7537778800197065
286 3137 -0.6605495739021551
286 3152 -0.28696185749905334
286 3167 -0.5240314234139148
286 3181 -0.6384685958612016
286 3196 -0.09943132830893733
286 3031 -0.14311377424650842
286 3046 0.8019429914683763
287 288 0.08473682892286005
287 3242 -0.49116071383326093
287 3257 -0.7438440000244457
287 3272 0.19985070358084697
287 3287 0.08872520175900893
287 3302 -0.7109986244263072
287 3317 -0.6998225239212659
287 3332 0.6450034667439384
287 3347 0.029510435184568928
287 3361 0.13656188233640376
287 3376 0.1352979263441614
287 3211 1.0
287 3226 0.004488806177441204
288 3422 0.09078798031529459
288 3437 0.1366910162706482
288 3452 0.3798095133975468
288 3467 0.8593754139131567
288 3482 0.4541826601132861
288 3497 0.6482537633742518
288 3512 0.31390259929765396
288 3527 0.11491714039835361
288 3391 0.03456021182631996
288 3406 -0.33860171817931584
301 302 -0.7593216492582628
301 316 -0.7983493176616003
301 3062 -0.5532877328245935
301 3077 0.9728175283957765
301 3092 -0.8281377443510497
301 3107 -0.9004287014791243
301 3122 -0.18853719863264043
301 3137 -0.19025259386328655
301 3001 0.8273897151609511
301 3016 -0.7000871772211124
301 3031 -0.551130483018477
301 3046 0.9677547253570863
302 303 -0.09190534287226441
302 317 -0.5547404421171274
302 3242 0.35740295538257016
302 3257 -0.10989507749395658
302 3272 -0.05136145189774979
302 3287 -0.8434739078818396
302 3302 -0.6133605265360227
302 3317 0.1281999349940542
302 3152 -0.23068611106202053
302 3167 -0.2114231026400458
302 3181 -0.3556757996633522
302 3196 0.13660717099637198
302 3211 -0.2891086248165013
302 3226 0.16132870710678177
303 318 0.41943269996185606
303 3422 -0.009021673791570956
303 3437 0.3486455470691051
303 3452 -0.10044796091380392
303 3467 0.6995238901591007
303 3482 0.8108972969249613
303 3497 0.34648399694584225
303 3332 -0.8181909864953387
303 3347 -0.12208309908644083
303 3361 -0.050219974828042635
303 3376 -0.36917385957340076
303 3391 -0.11570856248408734
303 3406 -0.4213185430128486
316 317 -0.12407346950406062
316 3062 -0.20798166797645323
316 3077 -0.1605044500520368
316 3092 1.0
316 3107 0.7530274455553259
316 3122 -0.31348954976987303
316 3137 -0.1597762429202818
316 3001 0.017921833295527205
316 3016 -0.17139213222344898
316 3031 -0.41901355955252656
316 3046 -0.41424270437930344
317 318 0.08829707406154483
317 3242 0.17342195437670413
317 3257 0.2764785235045122
317 3272 0.034528521843592154
317 3287 0.2505484815513703
317 3302 -0.13162057625849757
317 3317 0.09161942838963817
317 3152 -1.0
317 3167 -0.4796097142130616
317 3181 -0.09291867574520664
317 3196 -0.19771850102745572
317 3211 1.0
317 3226 0.1608262508844621
318 3422 0.11979278299113869
318 3437 -0.26913117200484554
318 3452 0.933774516959479
318 3467 0.5461804274084572
318 3482 -0.12904332229882193
318 3497 0.09928449702083186
318 3332 -0.058989886319733134
318 3347 -0.054707883747808425
318 3361 -0.40176376431782357
318 3376 -0.43459051419759714
318 3391 -0.19877326310888077
318 3406 -0.887066524922067
331 332 0.2598011310877632
331 346 -0.3234256653456192
331 3062 -0.15462667368170804
331 3077 -0.3960167916870134
331 3092 0.4311523752750984
331 3107 0.5904693257139284
331 3122 -0.21314092124723685
331 3137 -0.3916022755414207
331 3002 0.07226305446950099
331 3017 -0.07631286839399958
331 3032 0.8458244602908558
331 3047 -0.26678436313885806
332 333 0.6488479304368151
332 347 0.3202831645018633
332 3242 -0.07822143340469054
332 3257 0.22589450475075434
332 3272 -0.14399850493653188
332 3287 0.348673628786642
332 3302 -0.41183634988859635
332 3317 1.0
332 3152 -0.2202654232655792
332 3167 0.11596990282898498
332 3182 -0.4030320389435915
332 3197 0.8087897107739188
332 3212 -0.1798572196899328
332 3227 -0.38043753574641087
333 348 1.0
333 3422 -0.0986385879122791
333 3437 -0.2078171563220826
333 3452 0.01930955317256473
333 3467 -0.6770180309042438
333 3482 -0.7582447381915831
333 3497 -0.2464950549081568
333 3332 0.6347410430694577
333 3347 -0.17167052413975104
333 3362 -1.0
333 3377 -0.536283590250229
333 3392 0.12905909102112598
333 3407 -0.7427387121687066
346 347 0.6428514383412739
346 3062 0.6547371114836316
346 3077 0.1216534826537971
346 3092 0.4686825131626679
346 3107 0.5621049644702336
346 3122 0.8291157811552561
346 3137 0.2590640907129799
346 3002 0.5356027991118917
346 3017 0.4201320215493137
346 3032 0.19002110278583562
346 3047 0.7378577720938805
347 348 0.4170143840510352
347 3242 -0.005808642605204009
347 3257 -0.6873164800017857
347 3272 -0.6778477008735011
347 3287 -0.2666726306633029
347 3302 -0.5333427740681379
347 3317 0.35498394098604713
347 3152 -0.12390341969714197
347 3167 -0.3080974660095988
347 3182 0.06439138990572482
347 3197 0.15549778380688248
347 3212 -0.3574300630464912
347 3227 -0.35685298770737456
348 3422 -0.6211845090262373
348 3437 -0.06551505407876942
348 3452 0.11578971309309827
348 3467 -1.0
348 3482 1.0
348 3497 0.39550711407117517
348 3332 0.39089252086531934
348 3347 0.34528887779035755
348 3362 0.24479286612978138
348 3377 -0.5155803716251963
348 3392 0.31581801564812634
348 3407 0.9483021819183473
361 362 0.04081053488167933
361 376 0.874236127937956
361 3062 -0.5674051097470522
361 3077 -0.8270064679606555
361 3002 -0.11213650151854515
361 3017 0.31386263818727733
361 3032 -1.0
361 3047 0.24557273780539646
362 363 -0.27560834785266
362 377 0.08795676438118472
362 3242 -0.025006103475782034
362 3257 -0.5655209798776801
362 3092 0.3223643609190948
362 3107 0.06871574404905906
362 3122 0.7603795988672295
362 3137 -0.17534619394360645
362 3152 -0.5931901049545647
362 3167 -0.20152852397875157
362 3182 -0.4522181107998217
362 3197 0.48349307240520706
362 3212 -0.04826579801007486
362 3227 0.5892679841870027
363 378 -0.2863889498788525
363 3422 0.05164843930782678
363 3437 0.45072093296140475
363 3272 0.5221523267565806
363 3287 0.1955683891620691
363 3302 0.10129362698343859
363 3317 0.30770572619900777
363 3332 0.16026733242831673
363 3347 0.4139044527273849
363 3362 -0.30213941767274644
363 3377 0.7659995206323261
363 3392 0.41572910827899817
363 3407 -0.06556440647645641
376 377 -0.3093572194446666
376 3062 -0.35418730863819187
376 3077 1.0
376 3002 -0.4971230444029163
376 3017 0.2030233048397559
376 3032 -0.030551501848126793
376 3047 0.29847766559587435
377 378 -0.1978296645285229
377 3242 -1.0
377 3257 -0.12971665227372073
377 3092 -0.5194282874118566
377 3107 0.11952056503495105
377 3122 0.3862089283567458
377 3137 0.21072672461371095
377 3152 -0.06368412503261185
377 3167 0.5530096718599885
377 3182 -0.15548629737556274
377 3197 0.6991928553592641
377 3212 0.5538098897997011
377 3227 0.3561449722814805
378 3422 0.3623321450516452
378 3437 0.4539883952212689
378 3272 0.11219852583102748
378 3287 -0.32054449718890343
378 3302 0.6395346204229755
378 3317 0.25952971996864654
378 3332 0.7274828543161197
378 3347 0.4081578206794927
378 3362 -0.48588668425124376
378 3377 -0.7587737803122799
378 3392 -0.38628310408555044
378 3407 -0.13332666786574515
391 392 0.17757843434313297
391 406 0.5751542895743368
391 3062 -0.3100709720771386
391 3077 -0.16283039560550064
391 3002 0.04610207720570439
391 3017 -0.2702345141465343
391 3032 -0.3935052810008823
391 3047 0.23152735577844138
392 393 0.29662988519707234
392 407 -0.4490689551499215
392 3242 -0.8150195693145041
392 3257 0.19955335206590163
392 3092 -0.06393009810262515
392 3107 0.11502738572929307
392 3123 -0.0563184059325209
392 3138 -0.4112980060052318
392 3153 0.0008050983980227449
392 3168 -0.9641904613403282
392 3182 -0.712297057264275
392 3197 0.6580017486064614
392 3212 0.36763817869668713
392 3227 -0.6074525142118595
393 408 -0.07650507438209858
393 3422 -0.40550496923708895
393 3437 -0.2198934692632998
393 3272 0.22070687274641715
393 3287 0.4156506593149619
393 3303 0.5399848598556689
393 3318 -0.6996972505647632
393 3333 -0.06104479696159371
393 3348 0.7506331901784772
393 3362 0.06115205652039397
393 3377 -0.6289024112174638
393 3392 -0.3800600587676497
393 3407 0.12783550574938268
406 407 0.7982962940261471
406 3062 0.5183126240831992
406 3077 -0.2897402744827655
406 3002 1.0
406 3017 0.43509552431688064
406 3032 0.3199513861244853
406 3047 -0.3393103149381449
407 408 0.21317054163689136
407 3242 0.18496553627237175
407 3257 0.18389825418890318
407 3092 0.4090243880039835
407 3107 -0.47906524435330067
407 3123 -0.5489222513668465
407 3138 0.0870829810521914
407 3153 -0.049246249831963906
407 3168 0.424641156388116
407 3182 -0.09903243896459417
407 3197 0.13498782596002537
407 3212 0.8317106387638544
407 3227 0.21292695573197723
408 3422 -0.0037246668615275027
408 3437 0.5649055212606435
408 3272 0.13570393831702893
408 3287 -0.6907474660446605
408 3303 -0.22163349648934771
408 3318 0.429051531399399
408 3333 0.2062272282081368
408 3348 0.8462696726920778
408 3362 0.2831854887050276
408 3377 -1.0
408 3392 -0.01190447262284391
408 3407 -0.4054511353660351
421 422 -0.6093734324440344
421 436 -0.19806974660436416
421 3062 -0.30257038364798755
421 3077 -0.7288955023601422
421 3092 0.9918560244886779
421 3107 -0.17862309510952776
421 3123 -0.3215512660162825
421 3138 -0.27106806385075677
421 3153 -0.22271779675953624
421 3168 1.0
421 3182 0.614693361945288
421 3197 -0.6426569167614569
421 3032 -0.3900407576367314
421 3047 -0.5441009281320199
422 423 -0.8889122480526784
422 437 0.06198107317093575
422 3242 0.3075965264548676
422 3257 -0.1741290568904124
422 3272 0.02856202185745946
422 3287 0.2735508841013896
422 3303 -0.24748786749636661
422 3318 0.7044572031577697
422 3333 1.0
422 3348 0.3950785821808405
422 3362 -0.713724228584614
422 3377 -0.1589388787553716
422 3212 -0.2819501932378365
422 3227 -0.10794518858002508
423 438 -0.054112484809472255
423 3422 0.16175271251696807
423 3437 0.057792779045628774
423 3452 0.36067883883251456
423 3467 0.19847722767009923
423 3483 -0.034616714699615865
423 3498 -0.6718663478552173
423 3513 0.010141358989234633
423 3528 -0.2078537609229278
423 3392 -0.019000939789321925
423 3407 -0.5553080755168831
436 437 -0.03552331560948928
436 3062 -0.5692808908895085
436 3077 0.6109128462752537
436 3092 -0.47407905698703634
436 3107 0.08714431533829017
436 3123 -0.27683413341877966
436 3138 0.11155077216602122
436 3153 0.8431966409941227
436 3168 -0.22208946319879827
436 3182 0.5809019118598382
436 3197 0.6663900405824473
436 3032 0.591135675411483
436 3047 -0.19012492277816423
437 438 -0.32061456912722
437 3242 -0.1772835286023889
437 3257 -0.3212931011062641
437 3272 -0.26485595140402485
437 3287 0.35702675491577823
437 3303 0.0016653954314215088
437 3318 -0.345582150625283
437 3333 -0.2404965552735724
437 3348 -0.2062308490845521
437 3362 0.4714016084145997
437 3377 -0.5505081951915315
437 3212 0.161781014021427
437 3227 -0.46456977001678673
438 3422 -0.25670659399890455
438 3437 0.65339943991722
438 3452 -0.4864634189002074
438 3467 -0.11519641841882933
438 3483 -0.3560705115510331
438 3498 0.5396451289589234
438 3513 -0.4539533778249553
438 3528 -0.06020189404491871
438 3392 0.6043319927459679
438 3407 0.31894531298143736
451 452 -0.17264751374212886
451 466 -0.42262722484531196
451 3063 0.27515676506655373
451 3078 0.5270069398457862
451 3093 0.2683389019762187
451 3108 0.004649985043202295
451 3123 -0.021734177185825498
451 3138 0.12618734625698813
451 3153 -0.13464070574784232
451 3168 -0.003087806809437314
451 3182 -0.8188316245979183
451 3197 0.2856836687724196
451 3032 -0.2943308202908286
451 3047 -1.0
452 453 -0.21397407344539465
452 467 -0.8121297266180305
452 3243 0.3183813505259541
452 3258 0.3034786238690633
452 3273 -0.08375152853629617
452 3288 0.08723668870900658
452 3303 0.45601823779319856
452 3318 0.8214835271080085
452 3333 -0.02145328380484169
452 3348 0.6591104925436948
452 3362 0.022888564234549557
452 3377 0.46118538776913287
452 3212 0.36465978284003997
452 3227 0.288972870764905
453 468 0.8685113671121487
453 3423 -0.37770732032492965
453 3438 0.3242997020352367
453 3453 -0.13343206738165891
453 3468 0.1724323022928546
453 3483 -0.5334115343553032
453 3498 0.34806532413145597
453 3513 -0.48039531290254883
453 3528 1.0
453 3392 0.4536752991477507
453 3407 0.1859045828714829
466 467 -0.3757394339277492
466 3063 0.571218963233499
466 3078 -0.3087228231066615
466 3093 0.8850063957507122
466 3108 -0.1221307547025572
466 3123 -0.28334273710168056
466 3138 0.8286519536601764
466 3153 0.5334597968707712
466 3168 0.1409978734267594
466 3182 -0.412111321281124
466 3197 0.7465787278826135
466 3032 0.6616126447663183
466 3047 0.8811994695334977
467 468 0.016404576180923856
467 3243 0.5108156133794904
467 3258 0.003997616032679704
467 3273 -0.8515645370148922
467 3288 0.06379239642787964
467 3303 -0.20194414468719143
467 3318 0.7022373281182466
467 3333 0.4490655951747661
467 3348 0.43293108002083475
467 3362 0.18138718115449934
467 3377 -0.007412954669894841
467 3212 1.0
467 3227 -0.5084415846365062
468 3423 1.0
468 3438 0.32491321110363947
468 3453 -0.05774097060261191
468 3468 -1.0
468 3483 0.106561800041093
468 3498 -0.366062039623693
468 3513 0.06788056465781712
468 3528 0.1583328846252927
468 3392 -0.30337197834643853
468 3407 0.9148050241413966
481 482 -0.08549019182879897
481 496 -0.32229546833526745
481 3063 0.19517558407928787
481 3078 -0.1567161138537594
481 3093 -0.2631727860566246
481 3108 0.4959495219160578
481 3123 -0.7953153013038351
481 3138 -0.45449331638835927
481 3002 0.5593111275883542
481 3017 1.0
481 3032 0.03516285703881285
481 3047 0.43308396326029536
482 483 -0.1115417103130005
482 497 0.06827084927331424
482 3243 0.09262466596178687
482 3258 0.9520400333033096
482 3273 0.15927130925351068
482 3288 0.06720438404563625
482 3303 -0.08567316158046336
482 3318 0.7184549885596305
482 3153 1.0
482 3168 -0.24534419366105117
482 3182 0.10583410357843752
482 3197 -0.3626347805850569
482 3212 -0.0026836204145848216
482 3227 -0.6024260452056114
483 498 -0.2965860679097883
483 3423 -0.3223880595277496
483 3438 -0.06723801664091136
483 3453 0.2423925727900594
483 3468 -0.1281561866906344
483 3483 0.72858150640397
483 3498 -0.07365184931339343
483 3333 -1.0
483 3348 0.6156666756460837
483 3362 0.05699702857508533
483 3377 0.02575598473786899
483 3392 -0.2527640241014824
483 3407 -0.1396396240507863
496 497 -0.7107770691820493
496 3063 -0.6922522244099321
496 3078 0.12930070318385223
496 3093 -0.2068026043801625
496 3108 0.35816335085201745
496 3123 0.3315913960303518
496 3138 -0.342803320674768
496 3002 -0.10548555491528278
496 3017 0.9994303452348382
496 3032 -0.15918798631066594
496 3047 0.5029729378271833
497 498 0.5442454000504909
497 3243 0.3510933686490421
497 3258 0.538402950005799
497 3273 0.5981125907138227
497 3288 -0.5431497889919716
497 3303 0.6428041542652475
497 3318 0.09686542661767647
497 3153 0.8277588615569925
497 3168 0.5095730819566551
497 3182 -0.07242072876354302
497 3197 -0.19401032266147814
497 3212 0.32056282573025613
497 3227 0.5607267544887184
498 3423 -0.08202480641721187
498 3438 -0.09440162194027299
498 3453 0.24398967695873905
498 3468 -0.6001082843694844
498 3483 0.5511598466436524
498 3498 -0.5705482943340422
498 3333 0.48829425418638844
498 3348 -1.0
498 3362 0.2584542241054127
498 3377 0.9288857678198915
498 3392 0.39952635562587163
498 3407 -0.10906264100858472
511 512 -0.19279688530445668
511 526 0.2512473268171834
511 3063 1.0
511 3078 0.5867486250852455
511 3093 -0.07726314476665407
511 3108 -0.21220476410793912
511 3123 0.035737409628011335
511 3138 0.20573986159964833
511 3003 -0.2261123151420495
511 3018 0.7372231457425816
511 3033 0.22761810177935293
511 3048 0.44794712794043184
512 513 -0.30432423306168244
512 527 1.0
512 3243 0.15948323386899413
512 3258 -0.2736561696117992
512 3273 -0.874277763407386
512 3288 -0.586656404071351
512 3303 -0.16205432384788745
512 3318 0.7289304141874108
512 3153 -0.22417923909149678
512 3168 0.47366640704862334
512 3183 -0.49277006418525693
512 3198 0.7673924392851785
512 3213 -0.3063781599495989
512 3228 0.09054067782020002
513 528 0.15179567340559982
513 3423 -0.3545799506504972
513 3438 -0.054105944727479226
513 3453 0.28505135530003933
513 3468 -0.9675611632733444
513 3483 0.3681740102570805
513 3498 -0.06473157907863047
513 3333 -0.38056791421322955
513 3348 0.03180987392150252
513 3363 0.290390795169032
513 3378 -0.05065298422709082
513 3393 -0.20943089483102065
513 3408 -0.1127573032538845
526 527 -0.059194251346950916
526 3063 0.22601060565781744
526 3078 -0.79714712833131
526 3093 0.6249343784235207
526 3108 -0.620568878380728
526 3123 -0.1481518307018993
526 3138 0.07124961826001029
526 3003 0.19874565023076518
526 3018 -0.12448252483827024
526 3033 -0.6780053828420008
526 3048 0.18696875114904954
527 528 -0.03268815611933709
527 3243 0.25705235776439306
527 3258 -0.5390277519947055
527 3273 -0.8125181375080424
527 3288 -0.859598853490518
527 3303 0.48921300672855234
527 3318 0.6856501099165976
527 3153 -0.5684119442681049
527 3168 0.5346026772076359
527 3183 0.2408648751702621
527 3198 0.15093520683957887
527 3213 -0.3020925829509187
527 3228 -0.458800993626377
528 3423 -0.01456591949700786
528 3438 0.10920060209616232
528 3453 -0.5705623633295462
528 3468 0.05502342430903508
528 3483 -1.0
528 3498 -0.5376992052270493
528 3333 -0.278024578268915
528 3348 0.2084336131559463
528 3363 0.32728224340841755
528 3378 -0.2869545382712798
528 3393 0.25103968509783686
528 3408 0.7623612831371225
541 542 -0.039815946736603006
541 556 0.14105345991423204
541 3063 0.021419631636349662
541 3078 -0.11592563966881878
541 3003 -0.09050098009750707
541 3018 0.002981818673478038
541 3033 -0.6041611936212306
541 3048 -0.22734893687039515
542 543 -0.6935233097729203
542 557 1.0
542 3243 0.5394678576984717
542 3258 0.38564585043220745
542 3093 0.9301619789001764
542 3108 0.20906994070558674
542 3123 -0.10994549208380974
542 3138 0.2127556175349748
542 3153 -0.3435257380752003
542 3168 0.3072587287225216
542 3183 0.17586512244092795
542 3198 -0.624979312611924
542 3213 0.44730310686475844
542 3228 -0.047445027398015045
543 558 -0.5508199831555376
543 3423 0.3083001884161926
543 3438 -0.5558062570065144
543 3273 -0.12482113683446545
543 3288 0.030852245081028806
543 3303 -0.1619362752601261
543 3318 0.300354510253506
543 3333 -0.17450010370567398
543 3348 0.548367981592834
543 3363 -0.007142436310459256
543 3378 0.17424723433483008
543 3393 -0.42372078545023817
543 3408 0.23412425747312587
556 557 0.3331603212420903
556 3063 -0.5134637859295794
556 3078 0.013589857962474056
556 3003 -0.29864358652414386
556 3018 -0.00776570726002658
556 3033 -0.5540273060273427
556 3048 0.3652849041774834
557 558 0.41146082529953204
557 3243 -0.028963940429890003
557 3258 0.18201173154335992
557 3093 -1.0
557 3108 -0.35596585351402527
557 3123 -0.4312842151664032
557 3138 -0.3124453459839388
557 3153 0.36441487672883227
557 3168 0.2978243614583717
557 3183 0.26055749586712346
557 3198 0.29865501583314363
557 3213 0.5792590378445788
557 3228 0.5400970812861301
558 3423 -0.17545655781321734
558 3438 0.4965308908578897
558 3273 -0.6128714265065316
558 3288 0.2781716540355782
558 3303 0.724256761176142
558 3318 0.2553871902138315
558 3333 -0.06272383208721691
558 3348 -1.0
558 3363 -0.34300664914914714
558 3378 0.2636250825313768
558 3393 -0.15098452412718652
558 3408 0.713557044634721
571 572 0.24024396998851455
571 586 -0.21835930410898613
571 3063 -0.17317098553716492
571 3078 -0.5276190651429006
571 3003 -0.03012834436951735
571 3018 -0.21907738762882034
571 3033 0.9432374588316622
571 3048 -0.3307941167974726
572 573 1.0
572 587 0.644779101246718
572 3243 -1.0
572 3258 -0.47654307429633197
572 3093 -0.5410861950080496
572 3108 0.4980542082347769
572 3183 0.3348413932235874
572 3198 0.021454121175798316
572 3213 -0.8251767697106053
572 3228 0.13794933236989662
573 588 -0.839716946309976
573 3423 -0.1237230246164928
573 3438 0.3405032669186602
573 3273 -0.07306549405799219
573 3288 -0.5189375094711256
573 3363 0.963113705059806
573 3378 0.7038843888449748
573 3393 -0.45194809175143047
573 3408 -1.0
586 587 0.005281696629772274
586 3063 0.6424752952173384
586 3078 0.4677633649586712
586 3003 0.318522173241575
586 3018 0.36535406792798114
586 3033 -0.32095147529293044
586 3048 0.20501127217722384
587 588 -0.5682664139422432
587 3243 0.14123175944415164
587 3258 1.0
587 3093 0.4696549795800707
587 3108 0.7565432565222772
587 3183 0.12009124695638305
587 3198 0.20392068470445346
587 3213 0.11080152316096542
587 3228 -1.0
588 3423 0.23012420466271188
588 3438 0.2467414763118949
588 3273 0.862837730653743
588 3288 -0.4494532797546515
588 3363 0.25693065022308836
588 3378 -0.0875091724259948
588 3393 -0.4910527117675181
588 3408 0.5967841389145249
3001 3002 0.854630780329226
3001 3016 0.016909887514397176
3002 3003 -0.5432439827087269
3002 3017 -0.5110991879935609
3003 3018 -0.20214203743102901
3016 3017 0.5509676648820123
3017 3018 -0.8062491056355083
3031 3032 0.12172136181009958
3031 3046 -0.5347994096767329
3032 3033 -0.3952973590876324
3032 3047 -0.14669039871468106
3033 3048 0.45991854996568904
3046 3047 -0.42233591708691
3047 3048 -0.3387681932040821
3061 3062 -0.7541113411441225
3061 3076 -0.38229476305263344
3062 3063 0.2505265179490759
3062 3077 -0.4289474609249465
3063 3078 0.18889005125293337
3076 3077 0.6629257115898274
3077 3078 0.7734953907066958
3091 3092 0.26116627143171367
3091 3106 -0.45825174068017754
3092 3093 -0.5278753532893034
3092 3107 -0.13526236242572356
3093 3108 -0.2662755285317671
3106 3107 0.26511868097602237
3107 3108 0.0981398618316817
3121 3122 0.9143227529440052
3121 3136 0.4016185226842949
3122 3123 0.29348979711178647
3122 3137 -0.48156712465638873
3123 3138 -0.34589549030617867
3136 3137 -0.6642803796058734
3137 3138 0.6301561782442182
3151 3152 -0.2804178482620864
3151 3166 0.04650223090800599
3152 3153 -0.6088823277982973
3152 3167 -0.828661843732838
3153 3168 -0.9383571302220732
3166 3167 0.5304035064616002
3167 3168 -0.00653377953841302
3181 3182 -0.06603891600876675
3181 3196 0.1163317980848465
3182 3183 -0.013160595272236073
3182 3197 0.6746755809849935
3183 3198 -0.1328476054650752
3196 3197 0.12851678076135437
3197 3198 -0.7343246127753058
3211 3212 -0.07578922906009629
3211 3226 0.43841264399304236
3212 3213 -0.37046782066828815
3212 3227 -0.1870302260178633
3213 3228 0.3308968296011498
3226 3227 0.985057152396639
3227 3228 0.212249802445654
3241 3242 0.8000084881461299
3241 3256 0.26635753279805424
3242 3243 0.14523930529852225
3242 3257 -0.4120829778497952
3243 3258 -0.29775976818321004
3256 3257 0.4538176625371848
3257 3258 -0.4061719287648287
3271 3272 -0.6573092790859736
3271 3286 -0.4414413828196441
3272 3273 0.766545563006808
3272 3287 0.025068170434368004
3273 3288 0.16277052843504294
3286 3287 0.02839742688404875
3287 3288 -0.7527102490207096
3301 3302 -1.0
3301 3316 0.6559981893641741
3302 3303 -0.4132028695414182
3302 3317 -0.43842966540003975
3303 3318 -0.17869215211233322
3316 3317 -0.35073069532063555
3317 3318 -1.0
3331 3332 -0.24952470541356211
3331 3346 0.024907888326562298
3332 3333 -0.3011175011127372
3332 3347 -0.4652543870420555
3333 3348 0.24167128496404122
3346 3347 -1.0
3347 3348 -0.2796775403479381
3361 3362 -0.003991921785728191
3361 3376 -0.4655997607939825
3362 3363 0.34105293399595993
3362 3377 0.012467683124339147
3363 3378 -0.6862762960115109
3376 3377 -0.10925111372020005
3377 3378 -0.8026679583788217
3391 3392 -0.0868547234844208
3391 3406 -0.0801109395428532
3392 3393 -0.5898762835108687
3392 3407 0.2444132725699911
3393 3408 0.10189468651115598
3406 3407 0.3568038887913174
3407 3408 0.5299550383134268
3421 3422 0.8902915061627185
3421 3436 0.6500531676889826
3422 3423 -1.0
3422 3437 0.48868510938816756
3423 3438 -0.6788346702034916
3436 3437 -0.006078664314138623
3437 3438 -0.7836133425575341
3451 3452 -0.15098384453086988
3451 3466 0.05277630163422581
3452 3453 0.037460882274535805
3452 3467 -0.02527760958729814
3453 3468 -0.6343918319628502
3466 3467 0.3978574384864083
3467 3468 0.22600211471458856
3481 3482 -0.26617124634407235
3481 3496 -0.2577791913733865
3482 3483 -0.49662111578510526
3482 3497 -0.09930500549689548
3483 3498 -0.3984771770276425
3496 3497 -0.1354571577758394
3497 3498 0.21407123256747704
3511 3512 0.022634709349471652
3511 3526 -0.8479759215711298
3512 3513 0.05224265728032842
3512 3527 -0.04034209825964436
3513 3528 0.2755847245711272
3526 3527 -0.10242921035796117
3527 3528 -0.039529047604867834
