# 
603 603 0.3820898117006533
604 604 0.5167983411941776
605 605 -0.31307014353836404
618 618 0.10548115910676381
619 619 0.1857433147378266
620 620 -0.2909172557323229
633 633 0.2363802788160353
634 634 -1.4137396712189523
635 635 -1.4568895628633847
648 648 1.1129315262179496
649 649 -1.0300449748941332
650 650 0.30835050724873425
663 663 1.2969575710226424
664 664 0.9257753437349957
665 665 0.728281048965293
678 678 -0.8196939244189403
679 679 -0.3512746604515125
680 680 -1.6724181962293803
693 693 0.6863875971416651
694 694 -0.11158977432786434
695 695 -0.15520308837363483
708 708 -0.23719833612062377
709 709 0.5417312682515053
710 710 0.7170546923806723
723 723 -1.080424711284793
724 724 -0.5424811238190678
725 725 -1.9710607557558881
738 738 0.24137040241397084
739 739 -0.16631747483473852
740 740 -0.18810072668540273
753 753 -0.09822898472547363
754 754 -1.1349604535072595
755 755 2.2506884167985177
768 768 -1.4211674323501202
769 769 -0.7715364597470248
770 770 0.02243485458232617
783 783 1.2549923802565959
784 784 0.4676978776333781
785 785 -0.037991852862153654
798 798 1.8474111800038253
799 799 -0.09516824816024295
800 800 0.39867809924178155
813 813 -1.625609235277063
814 814 2.0091151787259975
815 815 -0.379624941941438
828 828 -0.8922385292482059
829 829 -2.0727206288111106
830 830 -0.5862775932183568
843 843 -1.7997830316102166
844 844 -0.6492095246930112
845 845 0.3545726976213827
858 858 -0.008744966868409127
859 859 0.8144904222941095
860 860 0.051000029254713274
873 873 -0.05978515223841697
874 874 0.5102239100922737
875 875 -1.066051262215268
888 888 -0.5906460427820919
889 889 0.8126652211907548
890 890 1.6545199719243522
903 903 -1.11148338123231
904 904 0.8704475484389255
905 905 -0.0453045566406748
918 918 -0.6598918059492543
919 919 0.7380073306982008
920 920 0.02743210958667867
933 933 0.7810737484880061
934 934 -0.7746493160713501
935 935 -0.6874403339350588
948 948 -0.42864023076181923
949 949 0.14990925190157312
950 950 -1.1957505313195662
963 963 0.21422865511606823
964 964 -0.7602618748952018
965 965 0.1074629532536291
978 978 0.9003627820178394
979 979 0.2674558792386677
980 980 1.1184340314706618
993 993 0.050144307100254054
994 994 1.6364136356864447
995 995 0.7026184234392236
1008 1008 -1.0865717776761756
1009 1009 -0.35185912034589306
1010 1010 0.022257810682801592
1023 1023 1.3122996253025376
1024 1024 0.9405155915021952
1025 1025 -0.12934368691524303
1038 1038 0.0964554636666413
1039 1039 -0.04282900425338043
1040 1040 -1.9982955375241425
1053 1053 -1.5540499831604573
1054 1054 -0.3216137089793422
1055 1055 1.646901419527246
1068 1068 0.9214921876185458
1069 1069 0.37679305403074453
1070 1070 -0.04182559011476578
1083 1083 1.5895510674819564
1084 1084 -0.7593206376381285
1085 1085 -0.6526235710310232
1098 1098 -0.7480530037949907
1099 1099 -0.6312318495148039
1100 1100 -0.4264145503256358
1113 1113 -1.2639841541520382
1114 1114 1.8368961481977286
1115 1115 -1.2403226324945036
1128 1128 -0.9633203901326796
1129 1129 -1.1154316588320108
1130 1130 -0.4262419673531277
3364 3364 -0.9329277936864037
3365 3365 1.7335157251765145
3366 3366 0.02368491665198679
3379 3379 0.05133008616305433
3380 3380 0.09433789500595484
3381 3381 -0.7617027292743289
3394 3394 -0.13219312076887532
3395 3395 0.67879804724724
3396 3396 -0.8026675398451172
3409 3409 -2.1398639804820783
3410 3410 0.0005329211709690355
3411 3411 -0.004809041253434555
3424 3424 -2.0411623452087073
3425 3425 1.2014019560005595
3426 3426 -0.5510872226545723
3439 3439 -0.8398641421757064
3440 3440 -0.585951802387677
3441 3441 -0.16306122785390811
3454 3454 1.00994685946531
3455 3455 0.9556099606150426
3456 3456 -1.0274551791756268
3469 3469 0.5990747949539527
3470 3470 -0.6371470708054316
3471 3471 -2.2063397885496943
3484 3484 -1.3862688225153315
3485 3485 -0.23849015266848753
3486 3486 0.36418851590883333
3499 3499 1.6876151612142802
3500 3500 -0.37153594020065933
3501 3501 -1.2768272494096253
3514 3514 0.27203181790536435
3515 3515 1.1582882619283499
3516 3516 0.611182200781078
3529 3529 0.07260637859133626
3530 3530 0.48366442875340837
3531 3531 -2.47344551218369
3544 3544 0.2600595528553317
3545 3545 -0.1256946212884326
3546 3546 1.768848680424048
3559 3559 -0.6753410018875118
3560 3560 1.3350919957588443
3561 3561 0.13483749038240278
3574 3574 -1.5734763409021155
3575 3575 0.6646790708467909
3576 3576 -0.24398625219809794
3589 3589 -0.06263803045216634
3590 3590 0.10860262492898445
3591 3591 0.3539790996241135
3604 3604 -0.2552479281910041
3605 3605 0.7188445727024847
3606 3606 0.09736587391716207
3619 3619 0.2603411208005745
3620 3620 0.002810329270387987
3621 3621 -0.44882257994824837
3634 3634 0.5399426647102865
3635 3635 1.189168677595797
3636 3636 1.6782515252444996
3649 3649 -0.008368360893790991
3650 3650 1.8479943931494969
3651 3651 -0.05547480017939608
3664 3664 -0.6053050948413713
3665 3665 -0.6300144922989394
3666 3666 0.1239989879904214
3679 3679 1.1861128854417666
3680 3680 0.6187560876327829
3681 3681 -1.2141205103598145
3694 3694 1.024552937688341
3695 3695 -0.13388406629049637
3696 3696 0.31845043460536493
3709 3709 -1.5869182855924657
3710 3710 0.012304277594757211
3711 3711 -0.33329388370307944
3724 3724 -0.9164241146875408
3725 3725 -0.7957872214401611
3726 3726 0.7233613649608686
3739 3739 0.1754463349941436
3740 3740 0.06627166721217359
3741 3741 0.5624585311232434
3754 3754 -0.5014365977167442
3755 3755 -1.9050693286567277
3756 3756 1.3881490547075228
3769 3769 -1.7982166042221102
3770 3770 -0.9409561741353559
3771 3771 0.1026612523314136
3784 3784 0.47851734446629135
3785 3785 -0.11143140862564842
3786 3786 -0.19900078881395475
3799 3799 2.17766719743626
3800 3800 -0.14312703997674942
3801 3801 -0.3320667388313825
3814 3814 0.960699283034425
3815 3815 -0.3841388387775517
3816 3816 0.6185890616451815
3829 3829 0.2532652375062774
3830 3830 1.1225375831125493
3831 3831 0.6622558376606502
3844 3844 1.1060235263818048
3845 3845 0.34427510289655616
3846 3846 0.7711056455512616
3859 3859 0.6020546843986184
3860 3860 0.6298684625526023
3861 3861 -1.9727849602641756
3874 3874 -1.2853152627025735
3875 3875 0.2847665457552605
3876 3876 0.3107724512446038
3889 3889 -1.3910537320022425
3890 3890 -0.41544052462435566
3891 3891 -0.5368323083504597
603 604 0.26851121217494867
603 618 -0.4978411636733172
603 3484 -0.36191840818145016
603 3499 -0.18522792530298732
603 3514 -0.3431238009813222
603 3529 0.6771869303154419
604 605 -0.3302028114999337
604 619 0.8815029607746145
604 3664 -0.7536787442211331
604 3679 -0.11319642822213019
604 3694 -0.16265162983299272
604 3709 0.33135706301746287
605 620 1.0
605 3844 1.0
605 3859 0.24307643428663864
605 3874 -0.3175164473968993
605 3889 -0.3260281651746946
618 619 0.024215259807108078
618 3484 0.9518316441020324
618 3499 -0.1764933092278038
618 3514 -0.5658112650063022
618 3529 -0.8369383598936087
619 620 -0.3622233643526638
619 3664 0.056740726346722135
619 3679 -0.11943683109053957
619 3694 -0.08295484969907191
619 3709 -0.4082675215119869
620 3844 0.11656331173324803
620 3859 -0.4919474068567758
620 3874 -0.722121533408052
620 3889 -0.3736650113972326
633 634 0.41049277242311516
633 648 0.9081515878941759
633 3424 0.0822912788972892
633 3439 -0.5900323033269127
633 3454 0.9285546708150699
633 3469 0.4345510944792913
633 3484 -0.8519024508388191
633 3499 0.0023882302298209256
633 3514 0.2057746866738052
633 3529 -0.897242415666209
634 635 0.09573690873492648
634 649 -1.0
634 3604 0.6075335176442251
634 3619 0.3047000477228694
634 3634 0.014320549493032695
634 3649 0.3328934957414993
634 3664 0.25159235367348604
634 3679 0.578119262740541
634 3694 0.04110926812052093
634 3709 -0.2292126947985593
635 650 -0.2898192257838805
635 3784 1.0
635 3799 -1.0
635 3814 0.2515180626629914
635 3829 -0.022214769972483953
635 3844 -0.10310908865407122
635 3859 0.16649263776189047
635 3874 0.005917308314379696
635 3889 -0.021549121241607717
648 649 0.2469965442614047
648 3424 -0.1497051378162955
648 3439 0.40057102740989536
648 3454 0.01780772160693505
648 3469 -0.5318716230978622
648 3484 0.19081350496808605
648 3499 1.0
648 3514 0.20797250589792673
648 3529 0.9566165613856074
649 650 0.7583249684650657
649 3604 -0.05103248880393076
649 3619 -0.8452481110251036
649 3634 -0.21744590316639992
649 3649 1.0
649 3664 0.4065132997273711
649 3679 -0.07718790183096215
649 3694 -0.6190493152560346
649 3709 0.33254213483864853
650 3784 -0.0640704477560111
650 3799 -0.41552357203290147
650 3814 -0.692155267630258
650 3829 -1.0
650 3844 -0.3652935568094076
650 3859 -0.6578085461799844
650 3874 0.6180915099779414
650 3889 0.033495077303947185
663 664 -0.07477711576063335
663 678 -1.0
663 3424 -0.5340084061994536
663 3439 0.25427609539847523
663 3454 0.48501867854577246
663 3469 -0.060027298941895964
663 3484 0.8039174131989524
663 3499 -0.0777097161049089
664 665 0.5847600923385509
664 679 -0.46336983636705625
664 3604 -0.28092661469569313
664 3619 0.07944143545952524
664 3634 0.22624794328685494
664 3649 -0.2104208205280968
664 3664 -0.1643783050039967
664 3679 0.764170951779922
664 3514 0.10251754731055909
664 3529 -0.08895207382711498
665 680 0.2698888927677679
665 3784 0.25723296540481017
665 3799 0.21714587424690576
665 3814 -0.20003448401836918
665 3829 0.22896990416802854
665 3844 -0.22413460948325234
665 3859 0.0946773310745116
665 3694 0.13463058022988253
665 3709 0.6334119000103232
678 679 -0.12512955442973098
678 3424 0.8845947724800063
678 3439 1.0
678 3454 0.783283179250486
678 3469 -0.35875563258237314
678 3484 -0.19224020800104843
678 3499 0.8166840139898219
679 680 0.34823491491034486
679 3604 0.7537667745789965
679 3619 0.4805526963075263
679 3634 0.6737666675980143
679 3649 0.03337014813321884
679 3664 0.40169476735281284
679 3679 -0.035861692148847754
679 3514 0.3610668825897395
679 3529 0.02548869725795664
680 3784 -0.518988133962409
680 3799 -0.34559334472448616
680 3814 -0.2829644395492583
680 3829 0.13601605521182594
680 3844 -0.4819135484712419
680 3859 -0.35550683623536905
680 3694 0.26803181347327165
680 3709 -0.3055181368742995
693 694 -0.39606504144389104
693 708 0.10260887460273142
693 3424 0.24905957892006053
693 3439 0.18879033803233297
693 3454 0.15085747717393477
693 3469 -0.919266762800601
693 3484 -0.08276284251724156
693 3499 -0.45452970952349003
693 3364 -0.015664137292811534
693 3379 -0.9387322456268843
693 3394 -0.3969433010157678
693 3409 -0.2786965956301871
694 695 -1.0
694 709 -0.3553190865939559
694 3604 -0.6405407794467274
694 3619 -0.44172904143119146
694 3634 -0.28558823049314136
694 3649 -0.0365579464559989
694 3664 -0.05400379873120486
694 3679 0.408688221851561
694 3514 -0.014120162310371468
694 3529 0.3085508755356291
694 3544 0.3820002427761528
694 3559 0.09766647344677432
694 3574 0.531456499592625
694 3589 -0.32575488921610896
695 710 -0.5042074702302138
695 3784 0.5015202024327609
695 3799 -0.07712726556959885
695 3814 0.3277357274838319
695 3829 0.6994777029443096
695 3844 -0.4309519863981818
695 3859 -0.04919348629789035
695 3694 -0.608384105027328
695 3709 -0.3973436310063169
695 3724 -0.4567622366838821
695 3739 -0.41622445709098327
695 3754 0.04191127100999322
695 3769 0.8089693342138435
708 709 0.13007113385942454
708 3424 0.0503222548924943
708 3439 -0.5949028419281867
708 3454 -0.6156193759577849
708 3469 0.02779462484898178
708 3484 0.4671236702251541
708 3499 -0.6485706101817477
708 3364 0.04160127744810883
708 3379 -0.9966144488259769
708 3394 -0.5932824648570107
708 3409 0.20798594966658918
709 710 0.21682385991608377
709 3604 0.23325817047734348
709 3619 0.5554555153888018
709 3634 -0.6085906822626362
709 3649 -0.04470489083908781
709 3664 0.462376090217011
709 3679 -0.4594193801679469
709 3514 -0.8025613037658702
709 3529 -0.6165999557007987
709 3544 0.7888914327020318
709 3559 0.34323625144103465
709 3574 -0.9171939286905618
709 3589 0.2674750697996678
710 3784 -0.4845282982600076
710 3799 0.5386941846125134
710 3814 0.7644285674577854
710 3829 0.5004631239530146
710 3844 0.6613191165858893
710 3859 -0.1883659723194966
710 3694 -0.1801399952420331
710 3709 0.34737394648790304
710 3724 -0.6389052012586218
710 3739 -0.5170623899424995
710 3754 1.0
710 3769 0.13347395391610523
723 724 0.009178213652229011
723 738 0.7820922248674586
723 3424 0.9498777238971694
723 3439 0.325914730216828
723 3364 -0.2323326652952441
723 3379 -0.9239270007038819
723 3394 -0.6877604706812127
723 3409 0.03943326371618781
724 725 0.11322317731782316
724 739 0.42527317538858045
724 3604 -1.0
724 3619 0.24975411810782225
724 3454 -0.1489243041465712
724 3469 0.3575145950421812
724 3484 0.5748367730555232
724 3499 0.28952372524415526
724 3514 -0.08182622619281672
724 3529 0.21156209866810116
724 3544 -0.08941335541243682
724 3559 0.05698711843901178
724 3574 -0.6660333969249747
724 3589 -0.38726608374155014
725 740 -0.4657118463921241
725 3784 -0.3470899653196065
725 3799 -0.0778290663896936
725 3634 -0.1360784384669741
725 3649 -0.6861323337018356
725 3664 0.449578476695417
725 3679 0.3254588745628582
725 3694 0.7409545713011745
725 3709 -0.05067671696640529
725 3724 0.8458794397679488
725 3739 -0.16031483431903684
725 3754 -0.39030103914642195
725 3769 -0.45201546995026537
738 739 0.8675060339578635
738 3424 -0.7101729387948934
738 3439 -0.07195642579626362
738 3364 -0.19857553959472468
738 3379 -0.004858608598304972
738 3394 -0.8415838019230166
738 3409 -0.20760745455250476
739 740 -1.0
739 3604 0.0257762865028753
739 3619 -0.01970123687262349
739 3454 0.1753202163376944
739 3469 -0.8590561233750414
739 3484 0.18465230371283547
739 3499 0.6458330999111569
739 3514 0.6538295808255848
739 3529 -0.5198359956051889
739 3544 0.4409301009364076
739 3559 0.39560944245312807
739 3574 0.1600781754498534
739 3589 -0.00862822986518477
740 3784 0.5259493334526067
740 3799 -0.5144351649906853
740 3634 0.529024439288492
740 3649 -0.8101210023422312
740 3664 0.3730944727892578
740 3679 0.20752451434410774
740 3694 0.8700555772412988
740 3709 -0.6162623194440456
740 3724 -0.06656130131377669
740 3739 0.13364345936264668
740 3754 0.07142632865107508
740 3769 -0.08472046245816665
753 754 0.9888610628161991
753 768 0.4785311218831175
753 3424 0.36468019220810305
753 3439 -0.861622451963206
753 3364 0.17188376969099425
753 3379 0.7530858532925867
753 3394 -0.4105089466567509
753 3409 0.6289434962488919
754 755 -0.3691348267373301
754 769 0.61719758634951
754 3604 0.3212852261965746
754 3619 -0.12478332159856619
754 3454 -0.6495969968890424
754 3469 -0.12812446542426917
754 3485 1.0
754 3500 -0.36314217404383553
754 3515 0.6233428630900297
754 3530 -0.2793933734192406
754 3544 -0.31319305481591697
754 3559 -0.21816735422711944
754 3574 -0.3392392165041525
754 3589 0.7566132379729227
755 770 0.22925704316484724
755 3784 0.1522101320317511
755 3799 -0.017940977800195445
755 3634 -0.5283931899989756
755 3649 0.6149167719173069
755 3665 0.5226669257559561
755 3680 0.34418615892798615
755 3695 -0.5799251701547794
755 3710 -0.23572796611638983
755 3724 -0.18591665437214164
755 3739 -0.5526265057808771
755 3754 -0.3002676281328026
755 3769 -0.4249234048957063
768 769 -0.8918505611597709
768 3424 0.18375547974977158
768 3439 0.22037960308926277
768 3364 0.8125221817871068
768 3379 -0.6080983488037656
768 3394 0.5905908455967451
768 3409 0.07978670925525443
769 770 -1.0
769 3604 1.0
769 3619 0.07142892318172372
769 3454 0.6506206333454307
769 3469 0.30625920881541424
769 3485 -0.5675892365740529
769 3500 0.6486963171389073
769 3515 0.24503755820082007
769 3530 1.0
769 3544 -0.2358652779787078
769 3559 0.3511191781540916
769 3574 0.8119409464239921
769 3589 -0.1863313972758599
770 3784 0.13068252713328338
770 3799 0.055682408684954
770 3634 0.03869824475986308
770 3649 0.39372354518214914
770 3665 0.422714558693962
770 3680 -0.7522215128879798
770 3695 0.060363658468036985
770 3710 -0.2132173751629124
770 3724 -0.28415585209828875
770 3739 -0.47946852406465434
770 3754 -0.2334135544983045
770 3769 -0.453743134794855
783 784 -0.20514738851516412
783 798 0.06065610654647587
783 3424 -0.40460922722799353
783 3439 1.0
783 3454 0.32064438337031315
783 3469 0.239924758030805
783 3485 0.0690642774579788
783 3500 0.2633887955353367
783 3515 -0.3803242126563461
783 3530 0.7724623042877854
783 3544 -0.22149814354574598
783 3559 0.12643847075171183
783 3394 0.05455026755927225
783 3409 0.2551671041497444
784 785 0.5897619753175302
784 799 0.018688094231396658
784 3604 -0.7636285312388126
784 3619 0.6180079779000965
784 3634 -0.7867062317883562
784 3649 0.5621565237498884
784 3665 0.3099361486602772
784 3680 0.6734857257481834
784 3695 -0.24017256461787412
784 3710 0.4965051543895945
784 3724 0.5243614722964677
784 3739 0.6058648654682102
784 3574 -0.33023304859131736
784 3589 0.11560100083052283
785 800 0.3905914539781438
785 3784 0.23865877011680933
785 3799 0.02697219988467603
785 3814 0.33819392042249746
785 3829 0.21750927545413376
785 3845 -0.3919029119300465
785 3860 -0.8243022846700133
785 3875 0.7286900411632395
785 3890 0.31374737720244417
785 3754 -0.15711010021097782
785 3769 -0.009572254102392064
798 799 -0.05842276167625251
798 3424 0.8003725525122287
798 3439 -0.010324730700926129
798 3454 0.23465635396488363
798 3469 0.09369396415931734
798 3485 -1.0
798 3500 0.6551444818285515
798 3515 -0.0013813286746469382
798 3530 -0.06312302014890697
798 3544 0.7455346458889673
798 3559 0.2358594947524101
798 3394 -0.47175540220129525
798 3409 -0.49080940354814184
799 800 -0.12678870508821974
799 3604 -0.19828393091203783
799 3619 0.1314138836445829
799 3634 -0.7164521927307583
799 3649 -0.9605682931959285
799 3665 0.33924823350474237
799 3680 -0.4043765501449379
799 3695 0.21763822328991392
799 3710 -0.5856723788993261
799 3724 0.26521813868496624
799 3739 0.46563392238229445
799 3574 0.5102744327459559
799 3589 -0.7026153120804196
800 3784 0.37135306767514065
800 3799 0.9289643281963357
800 3814 -0.23071018725339357
800 3829 1.0
800 3845 -0.21881197648239548
800 3860 0.15123444571285663
800 3875 0.01265175453128989
800 3890 -0.30395533541743175
800 3754 -0.11828065114066381
800 3769 0.4050224103594634
813 814 -0.010059933045731953
813 828 -0.4680972464078462
813 3425 0.10468837758739996
813 3440 -0.7063184716816127
813 3455 -0.4546724484629045
813 3470 -0.8020502411113627
813 3485 -0.08223279387012318
813 3500 -0.17095087620811086
813 3515 0.4630657831029503
813 3530 0.42047629481253407
813 3544 -0.5678914514547279
813 3559 -0.5327794597131486
813 3394 0.1755845126707972
813 3409 0.3604255055586905
814 815 0.3133668401454488
814 829 0.5931297062137545
814 3605 -0.418385834063675
814 3620 0.16821800351111393
814 3635 -0.24216520387824017
814 3650 -0.18330661432991213
814 3665 0.7566300881898476
814 3680 0.42348765920919573
814 3695 -0.41160816985601684
814 3710 0.05721309165471038
814 3724 0.04781772462432193
814 3739 0.1294139700901833
814 3574 0.2341526323744578
814 3589 -0.11334716281894766
815 830 -0.44923508831355635
815 3785 -0.38151276228512077
815 3800 0.13649475632630442
815 3815 -0.10207122143738788
815 3830 -0.20250168055154427
815 3845 -1.0
815 3860 0.4465100983105191
815 3875 -0.07109110903633238
815 3890 -0.2681524871039114
815 3754 0.5298557747386133
815 3769 0.7579078593521088
828 829 0.340873772730606
828 3425 0.4112052148860327
828 3440 -0.11701823084399228
828 3455 -0.1608393197922967
828 3470 -0.05482381487551283
828 3485 0.43730624929906575
828 3500 -0.0034846598029722267
828 3515 -0.27761014330325806
828 3530 -0.07762883450763525
828 3544 0.8003345983855675
828 3559 0.9832834497589299
828 3394 -0.3681756063964643
828 3409 0.34568730493083644
829 830 -0.105993472257832
829 3605 -0.8326946796141925
829 3620 0.331203072948413
829 3635 0.4538325200803201
829 3650 0.19892385294765957
829 3665 -0.7015728643275534
829 3680 -0.06182877077324319
829 3695 0.35079243926912795
829 3710 -0.5057844486479721
829 3724 -0.5886430023055684
829 3739 0.030512900829505602
829 3574 -0.8697253344311073
829 3589 -0.762195618658408
830 3785 -0.6781959324209991
830 3800 -0.025510701816333865
830 3815 -0.5148398740999246
830 3830 -0.4833769677081228
830 3845 -0.6714883431709106
830 3860 0.04298875705077153
830 3875 0.5926673572171955
830 3890 -0.3013640602009536
830 3754 0.2010577449108794
830 3769 -0.9484086506931534
843 844 -0.20817362339438789
843 858 0.3978966604423275
843 3425 -0.2142335402945993
843 3440 -0.9447225383348199
843 3455 -0.28653424717180925
843 3470 0.13952948169096033
843 3485 -0.12495705390566228
843 3500 -0.6073264285931225
843 3364 -0.32808347081865924
843 3379 0.07372574485863118
843 3394 0.3745829079950901
843 3409 0.1309913229721939
844 845 0.2559583503722588
844 859 0.15695405959605613
844 3605 0.6551807926374035
844 3620 0.22410425185927588
844 3635 -0.31344663094674946
844 3650 -0.15815987178748808
844 3665 0.5552989910883891
844 3680 0.11726817490018776
844 3515 0.49297418290584266
844 3530 0.0193396294019881
844 3544 -0.6437798747502761
844 3559 -0.5138775035143518
844 3574 -0.1951581433304962
844 3589 -0.22387010679833977
845 860 0.3287952995150345
845 3785 0.3639923791455534
845 3800 0.2590203724236262
845 3815 0.04548522750196805
845 3830 -0.2208765070068641
845 3845 0.15840218557188432
845 3860 0.14735197026127794
845 3695 0.6104937993838849
845 3710 -0.540358674652492
845 3724 0.38219854227250183
845 3739 0.18066360783261604
845 3754 -0.8475469469195033
845 3769 -0.8613208383361494
858 859 0.4346434596299027
858 3425 0.25902465702648747
858 3440 0.06792896997583023
858 3455 -0.7382717899684914
858 3470 0.29682762167634674
858 3485 -0.7213426100920068
858 3500 0.249689230282607
858 3364 -0.36372536884948165
858 3379 0.0496318121491031
858 3394 0.8175061241246775
858 3409 0.7600977900266389
859 860 -0.010882683480892639
859 3605 -0.7154391568442839
859 3620 -0.5665204058877609
859 3635 0.11716879228722318
859 3650 -0.3244005278194335
859 3665 0.17513128760221622
859 3680 -0.4485290291552173
859 3515 0.7585677627234679
859 3530 0.4963548511065493
859 3544 -0.21058677311199744
859 3559 0.039147916003043785
859 3574 -0.8862280987993016
859 3589 0.0390034186454977
860 3785 0.15641849539439504
860 3800 -0.5303718696426654
860 3815 -0.55291433660187
860 3830 0.7929934825436711
860 3845 0.33374935354183133
860 3860 -0.9132820968424384
860 3695 0.6364862165977687
860 3710 0.25616225103861423
860 3724 -0.4834809623876307
860 3739 0.13786625227615984
860 3754 -0.010536370865757299
860 3769 0.9260053603366952
873 874 0.28526163812814953
873 888 -0.7636253489538768
873 3425 -0.4935704204426723
873 3440 -0.1513547003661498
873 3455 0.4325253208889574
873 3470 -0.07524936800484228
873 3485 -0.16998907917466857
873 3500 0.23373451662863126
873 3365 -0.13752815995957146
873 3380 -0.4295595559703817
873 3395 -1.0
873 3410 0.020695916829454587
874 875 -0.14922816417785964
874 889 -0.060140417776375174
874 3605 0.309364689997787
874 3620 0.31653975890055086
874 3635 -0.2286365836071893
874 3650 0.7328426480331534
874 3665 0.5368451519436017
874 3680 -0.11599420439178827
874 3515 -0.4164895774197759
874 3530 -0.3851872725868411
874 3545 0.14229601123129007
874 3560 0.3382561322316558
874 3575 0.10300122593127985
874 3590 0.2579217847743972
875 890 -0.059075081473028035
875 3785 -0.7251603231502308
875 3800 -0.015029609175781937
875 3815 0.41071411636468297
875 3830 0.1477995620073172
875 3845 -0.28711605157654896
875 3860 -0.03202816984827725
875 3695 -0.06625112553223104
875 3710 -0.22832692656793852
875 3725 -0.4035994050453743
875 3740 -0.10436981736885294
875 3755 -0.464746165218811
875 3770 0.6009523420116544
888 889 -0.3196341205254894
888 3425 -0.36344183359963333
888 3440 0.21629152370513596
888 3455 -0.2049661210419661
888 3470 0.5503422528263453
888 3485 0.22400646566399118
888 3500 0.17375433755498634
888 3365 0.8726627260224662
888 3380 -0.31918787711339625
888 3395 0.10788562960822226
888 3410 0.5961696336970917
889 890 0.07264117727750014
889 3605 -0.8865983936348382
889 3620 0.6407453143955121
889 3635 -0.7925809013344584
889 3650 -0.1750818659217189
889 3665 0.15218139797851526
889 3680 -0.2558887522771339
889 3515 -0.3610153879695465
889 3530 0.05818969049150241
889 3545 -0.10893445382037177
889 3560 -0.5338826506531635
889 3575 0.5324607913850933
889 3590 0.6633181239737821
890 3785 0.6717892707282758
890 3800 0.5580187162965076
890 3815 -0.07621133256265629
890 3830 -0.02236562543787266
890 3845 -0.4735326531860914
890 3860 0.014168512116121225
890 3695 -0.16141141590169994
890 3710 0.8668287073532065
890 3725 0.15785527914756267
890 3740 -0.15767744404032427
890 3755 -0.20726737392421646
890 3770 -0.3205795898009556
903 904 -0.22213877058362608
903 918 -0.6664075367406731
903 3425 -0.08753952603488815
903 3440 -0.3732883290096454
903 3365 -0.1175117966164732
903 3380 0.20501515427472994
903 3395 -0.0975513591136951
903 3410 0.11428549398670815
904 905 0.3617911487906068
904 919 -0.01009418348901378
904 3605 0.3202422652317916
904 3620 -0.05724398523998291
904 3455 0.1236752068701559
904 3470 -0.750462987139538
904 3485 -0.19235215622648538
904 3500 -0.16599002343949312
904 3515 -0.558859000841056
904 3530 0.05275476368258086
904 3545 0.3655347444196457
904 3560 0.4355601778494037
904 3575 -0.5434949931596889
904 3590 0.37187606865877587
905 920 0.7690374389283241
905 3785 0.4922508736875512
905 3800 -0.756957785532641
905 3635 0.47119175101609784
905 3650 0.009077544676591547
905 3665 -0.03176659072568382
905 3680 -0.5296094289478236
905 3695 0.7052260938411707
905 3710 0.4663518868526561
905 3725 0.019630988672164493
905 3740 -0.06930555011549278
905 3755 0.8892027379835387
905 3770 0.4397939342269008
918 919 -0.0894564785064166
918 3425 -0.714729478991458
918 3440 0.12510007527164155
918 3365 0.24519288269283834
918 3380 0.06942109381064347
918 3395 -0.9831059302882517
918 3410 0.06691387611337586
919 920 -0.2695028725402262
919 3605 0.6601309311953126
919 3620 0.09132549347628167
919 3455 0.7389076743946695
919 3470 0.04700758196700056
919 3485 0.38250214609601096
919 3500 -0.7874399990643799
919 3515 0.19826098631172026
919 3530 0.36617916728811695
919 3545 -0.12824969278461415
919 3560 0.25463364516705306
919 3575 0.22340743818022002
919 3590 -0.30387486161724087
920 3785 1.0
920 3800 -0.16154879488435506
920 3635 -0.09625899534057408
920 3650 -0.02246929606501137
920 3665 0.2761253220449439
920 3680 -0.14295843887540602
920 3695 0.25303423738843234
920 3710 0.14836297242177998
920 3725 -0.32570019826929003
920 3740 0.8105032596259135
920 3755 -0.23765970257561572
920 3770 0.4048332109666937
933 934 0.1863792161926728
933 948 -0.264954179723271
933 3425 0.344706843752257
933 3440 0.7027128790355781
933 3365 0.5922091017622474
933 3380 -0.18812235126805918
933 3395 0.1107724007154902
933 3410 0.47082172161792313
934 935 0.5890428958616551
934 949 -0.7771694795643799
934 3605 -0.21877334900898793
934 3620 -0.48878987374143196
934 3455 -0.05653331902228067
934 3470 -0.665653109821072
934 3486 0.31968517072889246
934 3501 0.08988646403705576
934 3516 0.5685715160644778
934 3531 0.10705898350208386
934 3545 -0.03289856621340272
934 3560 -0.7800179632387615
934 3575 0.2126475137715099
934 3590 0.35282115599185865
935 950 -0.23554189801410458
935 3785 0.049050533372041134
935 3800 0.007796126878366544
935 3635 -0.32223151090298674
935 3650 0.2742161832391048
935 3666 -0.011984442055802224
935 3681 0.6525590963057563
935 3696 0.5078834967549017
935 3711 0.40061429998238657
935 3725 -0.15601924560819627
935 3740 -0.08735356250786211
935 3755 0.31922762983407393
935 3770 -0.6390037076164327
948 949 -0.10597190421701783
948 3425 -0.4055130860770048
948 3440 -0.24193322261309289
948 3365 -0.13119387871569715
948 3380 -0.13615372126176864
948 3395 -0.7405839882381046
948 3410 -0.640866487758366
949 950 0.10175062910085494
949 3605 -0.5760645728187084
949 3620 0.38379218122528036
949 3455 -0.27698780363955716
949 3470 -0.2952431076907774
949 3486 -0.14455769776726451
949 3501 -0.18453147257428887
949 3516 0.43894254425600243
949 3531 0.3865393141825802
949 3545 0.27225141563909366
949 3560 0.45388017282693804
949 3575 -0.4086705128184169
949 3590 -0.18496033548175217
950 3785 -0.5527337196805325
950 3800 0.31977499305463186
950 3635 -0.8552012854952151
950 3650 -0.5496353816071763
950 3666 0.051640479129954356
950 3681 0.5339640848453824
950 3696 0.15103747990330185
950 3711 0.4689000507627527
950 3725 -0.7710120431002219
950 3740 0.9435863985080479
950 3755 0.22202157546899462
950 3770 -0.6284196841825326
963 964 0.555677134400709
963 978 -0.14504377433267004
963 3425 0.33911070614524663
963 3440 0.20584123391927103
963 3455 0.051352909578413077
963 3470 0.15353086659622467
963 3486 0.021724016773983553
963 3501 -0.1086174063232497
963 3516 0.5153699718506138
963 3531 0.025861146191601913
963 3545 0.09146666099111228
963 3560 -0.3088886815165657
963 3395 -0.06163113730402887
963 3410 1.0
964 965 -0.556093119570148
964 979 -0.0791696901545225
964 3605 -0.1660155914943261
964 3620 0.6432086277943563
964 3635 -0.36867716269534717
964 3650 -0.5099065452339953
964 3666 0.27621189999020845
964 3681 -0.22036292395519386
964 3696 0.35484909764806555
964 3711 -0.1617215077075033
964 3725 0.06962713308016888
964 3740 -0.44432788086300906
964 3575 -0.31158916926190755
964 3590 0.22409962363938166
965 980 -0.23326904171043678
965 3785 -0.20015399003075787
965 3800 0.05025266852465173
965 3815 0.1514390927333514
965 3830 -0.04616717194387339
965 3846 0.42180704591816365
965 3861 -0.5754639407264327
965 3876 -0.09873262417223172
965 3891 -0.5395202986407266
965 3755 -0.2869666504107535
965 3770 -0.6187109454816763
978 979 -0.08668368418172334
978 3425 0.19094816758842545
978 3440 0.008554836130339187
978 3455 1.0
978 3470 0.5481247220815303
978 3486 -0.6408435457658885
978 3501 -0.49846722398028526
978 3516 -1.0
978 3531 -0.5545695853008072
978 3545 -0.43165669277277446
978 3560 0.37524811827104987
978 3395 -0.8517294750961054
978 3410 0.08160434159758728
979 980 0.08046768144982498
979 3605 -0.0741154798025193
979 3620 -0.3672199763247027
979 3635 -0.8545908566791952
979 3650 0.12763252308879508
979 3666 0.5289166220089814
979 3681 -0.04294657801724907
979 3696 0.7482664689238806
979 3711 0.964604639793503
979 3725 0.1773600242386123
979 3740 0.5195246803434088
979 3575 0.19551214761114638
979 3590 0.3768502806413577
980 3785 1.0
980 3800 -0.08370307681493365
980 3815 0.15706552899756704
980 3830 0.843482746806073
980 3846 0.1909145373993378
980 3861 0.6146288346009051
980 3876 0.4624980223160339
980 3891 0.03913889357539205
980 3755 0.3141739381993368
980 3770 0.05849451963235757
993 994 -0.9616482922155198
993 1008 0.2632925755457744
993 3426 0.2976197533390085
993 3441 0.155389951397954
993 3456 -0.5794659203460367
993 3471 0.33623278620211344
993 3486 0.1940536689293077
993 3501 0.5408830629437967
993 3516 0.16194628797924904
993 3531 -0.22018391745813065
993 3545 0.19717526142557334
993 3560 0.23552326216792108
993 3395 -0.3679297809418138
993 3410 0.05616715986637524
994 995 0.22662600404334968
994 1009 -0.19423783271500136
994 3606 0.0936360535748849
994 3621 -0.12239554701236369
994 3636 0.08427528518304017
994 3651 -0.24966444138552218
994 3666 0.4785776548863573
994 3681 -0.3714496522926605
994 3696 -0.21300556600375395
994 3711 0.019146481951640492
994 3725 -1.0
994 3740 0.22989616905224314
994 3575 -0.5052150612694628
994 3590 0.10689673831919848
995 1010 -0.1923276693242317
995 3786 -0.34750305800689646
995 3801 0.11494773188919216
995 3816 0.8644936603391444
995 3831 -0.7674992249864269
995 3846 -0.588636337024511
995 3861 -0.059830715250601726
995 3876 0.6568946796600917
995 3891 0.28166237198361915
995 3755 0.15231383018980704
995 3770 0.6965964858951064
1008 1009 1.0
1008 3426 1.0
1008 3441 0.14922121850935566
1008 3456 0.5046570176818488
1008 3471 -0.636427936064764
1008 3486 0.2677120776150641
1008 3501 0.027521250295779693
1008 3516 -0.03959075516331915
1008 3531 -0.42794111976828525
1008 3545 -0.642488912092839
1008 3560 0.15726602058643846
1008 3395 -0.001174362759587054
1008 3410 -0.4595364901378016
1009 1010 0.019979274445549186
1009 3606 0.4326128315595664
1009 3621 0.7322815803068365
1009 3636 0.4515947663199212
1009 3651 0.7703027872534043
1009 3666 1.0
1009 3681 0.19925157910223706
1009 3696 0.38383284647156896
1009 3711 -0.43298519138583674
1009 3725 -0.11227913227433377
1009 3740 -0.9529158651069273
1009 3575 0.2592447625821841
1009 3590 -0.1878615833525383
1010 3786 -0.24761758081910681
1010 3801 -0.4248632509178831
1010 3816 -0.16648588015610472
1010 3831 -0.8239608639412371
1010 3846 0.04711959388813858
1010 3861 -0.1128871990204552
1010 3876 -0.5997575038414582
1010 3891 -0.9935898388511671
1010 3755 0.6665569306477819
1010 3770 -0.36950976507753647
1023 1024 -0.4890889301835312
1023 1038 -0.05622870720682197
1023 3426 -0.8131605773082032
1023 3441 -0.8136228157032833
1023 3456 -0.21823253030696915
1023 3471 -0.8905289691023168
1023 3486 -0.28324400338909067
1023 3501 -0.11799539199000761
1023 3365 0.20737948251321794
1023 3380 -0.2934655457245446
1023 3395 0.30102036048468384
1023 3410 -0.12146047304979754
1024 1025 0.5283215601619036
1024 1039 0.9482975741523908
1024 3606 0.004941977459275642
1024 3621 0.4409806382794312
1024 3636 0.6388205210166938
1024 3651 0.5641295578148139
1024 3666 -0.17205013930829732
1024 3681 -0.2943352306069857
1024 3516 -1.0
1024 3531 -0.20482232848354257
1024 3545 -0.5286093824977736
1024 3560 -0.08312248536070437
1024 3575 -0.2635082177873724
1024 3590 0.06941322181857848
1025 1040 -0.7720875439245101
1025 3786 0.21679462172691458
1025 3801 1.0
1025 3816 -0.036590578703045946
1025 3831 -0.4712712056131496
1025 3846 0.05565859772307048
1025 3861 0.14140639935473742
1025 3696 -0.840929579236326
1025 3711 0.250303493237067
1025 3725 0.324932541835026
1025 3740 0.44700925099575567
1025 3755 0.11185833029235205
1025 3770 -1.0
1038 1039 -0.4061596278268721
1038 3426 0.13060725585446004
1038 3441 -0.19800329446415504
1038 3456 0.5813743935504965
1038 3471 0.32070919714608054
1038 3486 0.35204254649725525
1038 3501 -0.3687605516943484
1038 3365 -0.3905962211614504
1038 3380 0.6486189229756681
1038 3395 -0.05115189677212473
1038 3410 0.4951988665634428
1039 1040 0.5425721276918807
1039 3606 -0.35888759699598055
1039 3621 0.1381217749366602
1039 3636 -0.4069891208799399
1039 3651 -0.3422607729181853
1039 3666 -0.5221955325475617
1039 3681 -0.3716482501225611
1039 3516 0.9377249702327303
1039 3531 0.06095246315274712
1039 3545 -0.25361876475597
1039 3560 -0.3405317915334407
1039 3575 -0.9326579441045846
1039 3590 0.43318411137954316
1040 3786 -0.6707658634732023
1040 3801 -0.4814229997565469
1040 3816 0.3148778660252497
1040 3831 0.42918118122273674
1040 3846 -0.10525900393319129
1040 3861 -1.0
1040 3696 -0.8919039959900025
1040 3711 0.41368407328345946
1040 3725 -0.17091298751524156
1040 3740 0.36857151777527064
1040 3755 -0.44293433348324485
1040 3770 -0.6726475492579692
1053 1054 0.5349636366686976
1053 1068 0.198413899585685
1053 3426 -0.48428603126882963
1053 3441 0.7365973442991696
1053 3456 -0.625723210080305
1053 3471 0.05103073266967077
1053 3486 0.06138901963946358
1053 3501 0.09670625248695565
1053 3366 0.7468043437293186
1053 3381 0.08654024812944054
1053 3396 0.8325649804864612
1053 3411 -0.5006898091692168
1054 1055 1.0
1054 1069 -0.14999872099515743
1054 3606 -0.23708079715518332
1054 3621 -0.2887290830270095
1054 3636 0.9393696883249635
1054 3651 -0.19201651868916392
1054 3666 -1.0
1054 3681 -0.2175716524241437
1054 3516 0.5588192350748402
1054 3531 -0.23214515219113044
1054 3546 0.024092867964729196
1054 3561 0.08548402343502606
1054 3576 0.17587651221105263
1054 3591 -0.01834076192890169
1055 1070 -0.6289800031705586
1055 3786 0.47258427776126755
1055 3801 0.5873135039377376
1055 3816 0.24064668324444544
1055 3831 0.6906340472199671
1055 3846 0.1190691733182612
1055 3861 0.3619387454220116
1055 3696 0.11585723289588291
1055 3711 -0.3534559495572224
1055 3726 -0.5435881987513208
1055 3741 0.0925427130329709
1055 3756 0.4133873314013913
1055 3771 -0.05588316911441879
1068 1069 0.04100688410105664
1068 3426 0.21127862016176654
1068 3441 -0.21774099772834607
1068 3456 0.28308142239323925
1068 3471 0.16602644916285178
1068 3486 0.04349157957609468
1068 3501 -0.08625485143787924
1068 3366 -0.15642818947363904
1068 3381 0.8631192533914286
1068 3396 -1.0
1068 3411 0.03596798633238973
1069 1070 0.5598847101686021
1069 3606 -0.12631179158731481
1069 3621 -0.07648659239520829
1069 3636 -0.5531909897340509
1069 3651 1.0
1069 3666 -0.11860010287869174
1069 3681 -0.21600507388696608
1069 3516 0.14429249657579377
1069 3531 -0.434916082357647
1069 3546 -0.10144950979874073
1069 3561 0.3562053852116189
1069 3576 -0.32249557329478734
1069 3591 0.10203686852350732
1070 3786 0.63946470061158
1070 3801 0.8293295292617278
1070 3816 -0.5626078971226243
1070 3831 -0.031537510317186754
1070 3846 -0.3234358964946151
1070 3861 -0.3706670914232379
1070 3696 -0.4055489811000558
1070 3711 0.010638981506368
1070 3726 -0.12706479889799843
1070 3741 -0.10993510389913139
1070 3756 -0.26150933683796196
1070 3771 -0.31291456543198914
1083 1084 0.040274454586049085
1083 1098 -0.23674160286307416
1083 3426 -0.33741416552797926
1083 3441 0.5309511176372957
1083 3366 -0.23387099290551167
1083 3381 -0.0931827380934987
1083 3396 0.0895426915664903
1083 3411 -0.872624857009221
1084 1085 -0.5476180493126308
1084 1099 0.024226370289417588
1084 3606 0.16520153984861502
1084 3621 -0.4829330638312984
1084 3456 -0.27528768389894054
1084 3471 -0.47430300916423607
1084 3486 0.06336255737939271
1084 3501 -1.0
1084 3516 -0.06281876080686756
1084 3531 0.1126505585589578
1084 3546 -0.35062213963393474
1084 3561 0.5981969427639331
1084 3576 -0.8007189428527681
1084 3591 0.312181285870928
1085 1100 -1.0
1085 3786 -0.5320809342718151
1085 3801 -0.21956377563820675
1085 3636 -0.3348507442714681
1085 3651 0.4344357060881701
1085 3666 -0.685830542294077
1085 3681 0.8541179431152474
1085 3696 0.12145986741779356
1085 3711 -0.2314560679718635
1085 3726 -0.12902634410504296
1085 3741 0.05580132442317789
1085 3756 -0.17716944860837
1085 3771 0.17570385118768045
1098 1099 0.10252202280598594
1098 3426 -0.10146125845186799
1098 3441 -0.1729497989487611
1098 3366 0.857099301032754
1098 3381 -0.08342213640418271
1098 3396 -0.9817706031869605
1098 3411 0.33602052856186493
1099 1100 0.5852602279617989
1099 3606 -0.07104017927996321
1099 3621 0.7318979885889841
1099 3456 0.38849170776496633
1099 3471 0.2990877680683299
1099 3486 -0.4578111013575808
1099 3501 -0.2629379687676806
1099 3516 0.4113575688663055
1099 3531 -0.14873394588416886
1099 3546 -0.36402679002678534
1099 3561 0.4468328272903291
1099 3576 -0.08864642035476959
1099 3591 -0.7881281680657646
1100 3786 -0.22009384888605388
1100 3801 -0.5989943460265639
1100 3636 0.30243871147084533
1100 3651 -0.4138050833463183
1100 3666 -0.2542629564347825
1100 3681 0.3722886410596816
1100 3696 0.0003111024732895046
1100 3711 -1.0
1100 3726 -0.29050034722712426
1100 3741 -0.2734496498863758
1100 3756 -0.600502673297362
1100 3771 -0.18326867017754667
1113 1114 0.5184686191017153
1113 1128 -0.3637727344660617
1113 3426 -0.8607005709351793
1113 3441 -0.4632198721882541
1113 3366 -0.2878636159528775
1113 3381 -0.05823214941211072
1113 3396 0.7611589226159238
1113 3411 -0.878034032825092
1114 1115 -0.08869776872798867
1114 1129 -0.5608427132780281
1114 3606 0.27714366120765016
1114 3621 0.36049515383256425
1114 3456 0.19063539210071598
1114 3471 0.6138913605547943
1114 3546 -0.16640997070283362
1114 3561 0.08797124543157363
1114 3576 0.3305326096634995
1114 3591 0.21334073902097433
1115 1130 -0.26863270484046475
1115 3786 -0.5131201696869528
1115 3801 0.04144332948822567
1115 3636 -0.8559596596470167
1115 3651 0.40552085842476454
1115 3726 0.18260984037231093
1115 3741 0.29212012874631577
1115 3756 0.669453609047799
1115 3771 -0.015536589605606771
1128 1129 -0.20683842355309645
1128 3426 0.22376181041172766
1128 3441 0.15270527434336906
1128 3366 0.3822599940671018
1128 3381 -0.5025961879963441
1128 3396 -0.31761293161015897
1128 3411 -0.5690609975092134
1129 1130 0.4514158320405257
1129 3606 -0.06842165741124774
1129 3621 0.29412532045197
1129 3456 -0.08822412547589524
1129 3471 0.27376122890003923
1129 3546 -0.1653804661441588
1129 3561 -0.9240818880197168
1129 3576 0.5458699514186954
1129 3591 0.20257083543588195
1130 3786 -0.36898812992167046
1130 3801 -0.7486372756947203
1130 3636 -0.25332413818417526
1130 3651 -0.232008329334692
1130 3726 0.7265844691696899
1130 3741 0.147760115188296
1130 3756 -0.7481497185620598
1130 3771 1.0
3364 3365 0.011363175209576063
3364 3379 0.0007708263896543893
3365 3366 0.22412296410622787
3365 3380 0.06572857736695815
3366 3381 0.5810887717899086
3379 3380 -0.2988273743221963
3380 3381 -0.0523229369357489
3394 3395 0.1789783432626201
3394 3409 0.16797307572956943
3395 3396 0.5278888991155567
3395 3410 -0.11713631997631964
3396 3411 0.00899085210228892
3409 3410 0.37554683460551125
3410 3411 -0.4046288828870004
3424 3425 -0.1540304491917629
3424 3439 1.0
3425 3426 -0.6077179508467971
3425 3440 0.4774545940249221
3426 3441 -0.4645595328684569
3439 3440 -0.0877294300358742
3440 3441 0.7274666167425126
3454 3455 -0.786700553032198
3454 3469 -0.09148894198250801
3455 3456 -0.2534235757736929
3455 3470 0.34210128710441606
3456 3471 0.03612847185024655
3469 3470 -0.07701483741120481
3470 3471 -0.6968199528450328
3484 3485 -0.24815046133535665
3484 3499 -0.7801382329679546
3485 3486 -0.5150460621525917
3485 3500 0.3131517182340833
3486 3501 1.0
3499 3500 1.0
3500 3501 0.7762865160793381
3514 3515 -0.863979796261005
3514 3529 -0.780745542412771
3515 3516 -0.8003588052322533
3515 3530 0.19222969161220377
3516 3531 -0.28560703419652994
3529 3530 0.7748546015966732
3530 3531 -1.0
3544 3545 0.5930637286277515
3544 3559 0.2595550948584134
3545 3546 0.3588135553114475
3545 3560 -0.10682270892135032
3546 3561 0.9671952630630153
3559 3560 -0.30260222768753037
3560 3561 0.14143628917276813
3574 3575 -0.606937562948903
3574 3589 0.675061296295628
3575 3576 0.7704214848599938
3575 3590 0.1158287557522937
3576 3591 -0.5444534410394071
3589 3590 0.5806317773478665
3590 3591 0.29766277783480477
3604 3605 -0.4515044142251228
3604 3619 -0.16143685529310944
3605 3606 0.11204739704704289
3605 3620 -0.5114970368097291
3606 3621 -0.5346108600009389
3619 3620 -0.31485423440805255
3620 3621 -0.1784912863885638
3634 3635 -0.3372489541037973
3634 3649 0.3752497441579564
3635 3636 -0.40570650716529055
3635 3650 0.32924846932175394
3636 3651 -0.024402677918384227
3649 3650 0.6210400507231298
3650 3651 -0.024431763474256067
3664 3665 0.2984971516868905
3664 3679 0.42895971942634464
3665 3666 -0.4277922944057527
3665 3680 1.0
3666 3681 0.04675719370233058
3679 3680 -0.08782496685151128
3680 3681 -0.1373069930935997
3694 3695 0.01983053994153293
3694 3709 0.3394982058726584
3695 3696 0.617496320328832
3695 3710 -0.0035434006494305713
3696 3711 -0.22035857738568662
3709 3710 1.0
3710 3711 -0.5312636572487482
3724 3725 0.4112375766066224
3724 3739 -0.23664582231710174
3725 3726 -0.38219141670113577
3725 3740 -0.13820684326169835
3726 3741 -0.33083156197321273
3739 3740 -0.3759396982215025
3740 3741 0.47966369274752235
3754 3755 0.1053370758530563
3754 3769 -0.48178311688190184
3755 3756 0.3692859035388934
3755 3770 0.41130545293437226
3756 3771 0.42828928215094875
3769 3770 -0.04099139548877362
3770 3771 0.9655156306226734
3784 3785 0.02499760088773165
3784 3799 0.20648280688608517
3785 3786 0.4039047558055528
3785 3800 0.5552774943235458
3786 3801 0.17815812123716654
3799 3800 -0.3487852931477924
3800 3801 -0.10648726683525574
3814 3815 0.2088138769979161
3814 3829 -0.671886893690539
3815 3816 -0.7628925930606447
3815 3830 0.40886769186088173
3816 3831 0.698909837577828
3829 3830 0.06475937728153906
3830 3831 0.08124141484017042
3844 3845 -0.5062120654927864
3844 3859 -0.37948972163494177
3845 3846 -1.0
3845 3860 -0.07829675099349939
3846 3861 -0.663906826311782
3859 3860 0.9972608502204495
3860 3861 1.0
3874 3875 0.3078700483626304
3874 3889 0.3493253287483362
3875 3876 0.10389303446179815
3875 3890 0.16959265031721235
3876 3891 0.03054237758026845
3889 3890 0.31208829345653877
3890 3891 -0.5152675743091113
