# 
603 603 0.5969935894907996
604 604 0.8386817121896345
605 605 0.451999389146743
618 618 -0.19086764011616708
619 619 0.049700493085125884
620 620 -0.019928799966939366
633 633 0.2725728300688347
634 634 -0.539329103279103
635 635 0.024821534851723618
648 648 -0.2442822535004887
649 649 0.28618479923223145
650 650 -3.2131992638000226
663 663 -1.5822697652458604
664 664 -0.06521674286162266
665 665 0.35627979972714235
678 678 1.0373908612035827
679 679 -1.1198297320989912
680 680 0.9666603077808551
693 693 0.32721911292824
694 694 1.469195172236902
695 695 -1.4941111337707669
708 708 -1.857865802420294
709 709 0.38445710894442114
710 710 -0.5817882464294446
723 723 1.172981123083093
724 724 -1.0299600880567192
725 725 -1.9529660359437644
738 738 0.48003377463948804
739 739 -1.7608270730735307
740 740 1.5202390401744443
753 753 -1.972081871861209
754 754 -1.7803475377794906
755 755 1.0226011149224814
768 768 0.6513655308650813
769 769 1.1833118813392662
770 770 1.0431277826549765
783 783 0.6654100869578057
784 784 0.8961044911442005
785 785 -0.9393212646386425
798 798 -0.444194976467902
799 799 -0.6426780203123422
800 800 0.6377338463931047
813 813 1.0651781182891196
814 814 -0.2813569510168141
815 815 0.5996146219542603
828 828 -0.15517268569991316
829 829 -0.07711347148997184
830 830 -0.9454599315950377
843 843 2.3410965050199586
844 844 -0.3243598917248351
845 845 -0.47475708185360743
858 858 0.14598580083441912
859 859 0.05837882849935929
860 860 -1.017927241039554
873 873 -0.36543248612588114
874 874 -0.5289368201398104
875 875 1.6255537089970182
888 888 -0.7284679357728434
889 889 -0.18733679164632847
890 890 -0.9505716399159562
903 903 -0.5101453275549142
904 904 -0.9994841375073551
905 905 0.018796895918127676
918 918 -0.7951822724928546
919 919 0.1719763138409463
920 920 0.6321299043107601
933 933 0.4769483629247524
934 934 -1.076612322470079
935 935 0.10911006723776769
948 948 0.28998716491409365
949 949 0.3629378500211724
950 950 -1.1873082654541025
963 963 -2.0013850576985304
964 964 -0.2786282509935737
965 965 -0.3846458065597295
978 978 0.315996235943306
979 979 -2.7240698052649743
980 980 0.41581766929170827
993 993 -0.755309736407842
994 994 1.1196827418645356
995 995 -0.06494497096321868
1008 1008 -0.699168403138409
1009 1009 -0.3802917532681069
1010 1010 0.022893634163957444
1023 1023 1.5068929618805968
1024 1024 2.882084523835881
1025 1025 0.5744782422132788
1038 1038 0.6047363387582864
1039 1039 -0.6242520105747915
1040 1040 -0.22433188467029272
1053 1053 -0.383607311765562
1054 1054 -0.5469868853500508
1055 1055 0.26911364754622724
1068 1068 -0.016710787937336647
1069 1069 0.591557729286996
1070 1070 1.3967781040850493
1083 1083 -0.5592989882437693
1084 1084 0.30896259468228704
1085 1085 -0.5980446062022587
1098 1098 -1.0136196941230984
1099 1099 0.01824194089272899
1100 1100 0.9291063654406434
1113 1113 -1.3497732412060377
1114 1114 2.314917498616802
1115 1115 0.09951457505929542
1128 1128 -0.12795803074891504
1129 1129 2.0291291640895475
1130 1130 2.75375447775778
3364 3364 0.2532321310051246
3365 3365 0.6205247279346924
3366 3366 1.6358828607807783
3379 3379 -0.0038239262901369887
3380 3380 -1.1527165385233733
3381 3381 -0.35780222473957146
3394 3394 -0.2981361574899656
3395 3395 -0.3252969172749648
3396 3396 -1.836052193897443
3409 3409 -1.4214747425313636
3410 3410 -0.2285311022621797
3411 3411 0.9680218732446125
3424 3424 -0.5387715812276024
3425 3425 0.9457277538402789
3426 3426 0.18367122037029582
3439 3439 1.5680890709010227
3440 3440 0.19203841566253915
3441 3441 -0.7990113471436894
3454 3454 0.9233015645079365
3455 3455 -1.4125652914874074
3456 3456 -2.6725752974203285
3469 3469 1.1875245187696748
3470 3470 -0.3929723585199169
3471 3471 0.4538650103185451
3484 3484 0.10792102208350772
3485 3485 0.8722747031886265
3486 3486 1.3422355581678886
3499 3499 -0.1297990186915611
3500 3500 -0.9199904532097586
3501 3501 0.6293866884487548
3514 3514 -0.5498002290716466
3515 3515 0.3385239189358
3516 3516 0.17094518963010621
3529 3529 -0.011827012052165416
3530 3530 -1.2910313103280442
3531 3531 -0.26029482238929963
3544 3544 0.8529475814296807
3545 3545 1.1887693650748439
3546 3546 -0.7404650156421995
3559 3559 -0.9970530038390764
3560 3560 -0.43347174170291425
3561 3561 1.065339487507028
3574 3574 -1.3168499114697116
3575 3575 -0.0477845825778463
3576 3576 1.5001999500434415
3589 3589 -1.2424156976845115
3590 3590 -0.15538965937345395
3591 3591 -1.8770942759912899
3604 3604 1.0469185795754072
3605 3605 -0.19086744300643066
3606 3606 0.4779312084120364
3619 3619 1.1535397390567481
3620 3620 -1.1022426580295928
3621 3621 0.20468052225230604
3634 3634 -0.19919566888805104
3635 3635 1.614704666473838
3636 3636 0.4752086837903533
3649 3649 -1.18713180271244
3650 3650 3.4909309722705193
3651 3651 -0.2400099135751855
3664 3664 -0.19343350909387924
3665 3665 1.0666658453338973
3666 3666 -0.48596871626312776
3679 3679 -2.1599864199958994
3680 3680 -0.07248816363379312
3681 3681 2.1224598304931006
3694 3694 -1.1154416758020704
3695 3695 -1.1760595887941439
3696 3696 1.3142495752033652
3709 3709 -0.46992581761820384
3710 3710 0.6023414749885015
3711 3711 -0.06787691696289566
3724 3724 0.5671610911145399
3725 3725 -1.173406155481451
3726 3726 -0.753458476662395
3739 3739 0.8607054816043416
3740 3740 -1.1812442442138897
3741 3741 0.9404038620768874
3754 3754 -0.4036263808299686
3755 3755 0.8031048336517961
3756 3756 1.0946122847253306
3769 3769 -1.8075160025010824
3770 3770 -1.8879901064537303
3771 3771 -0.5212064564978461
3784 3784 0.6885210849952066
3785 3785 -0.1407946242220965
3786 3786 -0.6261714158329094
3799 3799 0.44820233971565876
3800 3800 1.4313622487474107
3801 3801 0.643126842679651
3814 3814 -0.22093697485204944
3815 3815 -1.1086917395639106
3816 3816 -1.3487935331495402
3829 3829 -0.759889824826038
3830 3830 0.8635228259547053
3831 3831 -0.31410650027641773
3844 3844 -0.8378854613377934
3845 3845 0.47415364692065176
3846 3846 2.105968869476651
3859 3859 -0.3313213617974716
3860 3860 -0.5533090859596209
3861 3861 0.05324846451382924
3874 3874 0.6906379257401228
3875 3875 1.1763268448860131
3876 3876 1.36639232313552
3889 3889 0.3521667222202859
3890 3890 0.15235907463807388
3891 3891 -0.6177729134495326
603 604 -0.21883496635845015
603 618 0.22352365946459987
603 3484 0.45793380800961536
603 3499 0.1287843012700035
603 3514 -0.09292393194820554
603 3529 -0.40087039805075014
604 605 1.0
604 619 -0.42071229231622714
604 3664 -0.20212074311673278
604 3679 0.20158103458102508
604 3694 1.0
604 3709 0.35757854516105225
605 620 -0.3245790355862466
605 3844 -0.06202680895559727
605 3859 0.3821310950660953
605 3874 -0.03296249582102575
605 3889 0.03311292512403298
618 619 0.3548412089351853
618 3484 -0.24009750987523754
618 3499 0.22684821211716555
618 3514 -0.7683344102929148
618 3529 0.7023822271648881
619 620 -0.44049489775121686
619 3664 -0.9487004514866962
619 3679 -0.15054146909552962
619 3694 0.5286812527559881
619 3709 0.04731312565303857
620 3844 -0.7860663068453708
620 3859 -0.40187953415574995
620 3874 0.5181837122382177
620 3889 -0.04166817847975142
633 634 0.15444491856171477
633 648 0.21229196768851102
633 3424 -0.8420336627081335
633 3439 -0.008873760388875992
633 3454 1.0
633 3469 0.17191363033186935
633 3484 -0.08009340098970034
633 3499 -0.9191246949624241
633 3514 0.46753184283098626
633 3529 0.32683638676422755
634 635 -0.23234511266590196
634 649 0.39589275745254315
634 3604 0.3963308470614237
634 3619 0.97439240778615
634 3634 -0.9596208836050478
634 3649 -1.0
634 3664 -0.878317234924267
634 3679 0.005245401532357011
634 3694 -0.32951148127950214
634 3709 -0.07691376544474018
635 650 -0.028254119961207996
635 3784 0.11029051630063437
635 3799 -0.6071054889430033
635 3814 -0.6533819245928655
635 3829 0.49202395921930075
635 3844 0.6111747259762537
635 3859 -0.29800583016280124
635 3874 0.31279608386842167
635 3889 0.7012320521025052
648 649 -0.25394159444309256
648 3424 0.03559643618476493
648 3439 0.07986616709066859
648 3454 -0.5262210197001143
648 3469 0.2873722130741455
648 3484 0.6008619352625877
648 3499 -0.047316018925515665
648 3514 -0.003918180169544899
648 3529 0.3740917479336315
649 650 -0.2756529203367682
649 3604 0.6329796442596684
649 3619 -0.2158474951400158
649 3634 0.54282544364291
649 3649 0.3795368966227727
649 3664 -0.8586691041803948
649 3679 0.23815009050081404
649 3694 -0.37793287568882183
649 3709 0.9015749521782529
650 3784 -0.4005918839397223
650 3799 0.6434881779193596
650 3814 0.20754531259581452
650 3829 -0.24456000478174558
650 3844 0.11374102085639741
650 3859 -0.3380040220657092
650 3874 0.9992012684512763
650 3889 0.7057263823819625
663 664 -0.3808962947917647
663 678 -0.5689780127709981
663 3424 -0.07238370859267981
663 3439 -0.7369511803335022
663 3454 -0.6060669094847876
663 3469 0.47505313412078926
663 3484 -1.0
663 3499 -0.14317978502851328
664 665 -0.5253801373392274
664 679 -0.019701542809985557
664 3604 -0.327808742390643
664 3619 -0.6572080104328618
664 3634 -0.5207479484208232
664 3649 -0.3618822627580777
664 3664 -0.8354940729866209
664 3679 -0.7510060106145389
664 3514 0.7358175532401847
664 3529 -0.3043586938265039
665 680 0.19081411825090944
665 3784 -0.25606306849530586
665 3799 -0.4960667638767227
665 3814 0.13233660574757095
665 3829 -0.00887191730140785
665 3844 0.5013825342064596
665 3859 -0.11349150367863524
665 3694 -0.11562571291397426
665 3709 0.1433442031051452
678 679 0.01622801444624143
678 3424 -0.08885603122316493
678 3439 0.3518103035151283
678 3454 -0.8193862508248271
678 3469 -0.5916117769890203
678 3484 0.6710318677094671
678 3499 -1.0
679 680 0.0014081875801938153
679 3604 0.41370724213753624
679 3619 -0.5409924204120812
679 3634 0.8224245273204599
679 3649 -0.6349138490562799
679 3664 -0.47519905670029766
679 3679 0.03369281384864377
679 3514 -0.34815290401177607
679 3529 -0.10755622289344945
680 3784 1.0
680 3799 0.15304783913653086
680 3814 -0.39420858714061496
680 3829 -0.8602082639118299
680 3844 -0.08944991029927285
680 3859 0.8370585373599806
680 3694 -0.2582497518553101
680 3709 0.33807596147296687
693 694 0.2859872909460136
693 708 -0.537958835296343
693 3424 -0.03148463833887086
693 3439 0.24013421444347152
693 3454 0.4421754801486299
693 3469 0.039192429717425765
693 3484 -0.19767648957303183
693 3499 -0.3804810096490295
693 3364 0.6004296140451884
693 3379 0.4985613556632628
693 3394 0.6146602303738906
693 3409 -0.5336185233288888
694 695 0.3895859394555917
694 709 0.07398975831023152
694 3604 0.4533949313686088
694 3619 -0.14701099042110444
694 3634 0.6775215323898135
694 3649 0.12437180099826707
694 3664 0.3730886237852013
694 3679 -0.4846322089490423
694 3514 -0.010651014687630338
694 3529 -0.42159538352371784
694 3544 0.05268354535051744
694 3559 0.7371515050483509
694 3574 -0.5117152954781491
694 3589 -0.644241860960888
695 710 -1.0
695 3784 0.07753745581907769
695 3799 0.5053944199951959
695 3814 0.3689332825172101
695 3829 -0.07590922514521457
695 3844 0.12256196431178078
695 3859 -0.7556238380578054
695 3694 -0.4235870898456461
695 3709 0.9386092197638358
695 3724 0.007291354323366107
695 3739 -0.3226260122544352
695 3754 0.7341011420216644
695 3769 0.6062629405264857
708 709 -0.27533201339371605
708 3424 0.511553488938834
708 3439 0.10466020267286147
708 3454 -0.47656459582477584
708 3469 -0.6101203530106006
708 3484 -0.32819919272116543
708 3499 -0.12744938041715784
708 3364 0.686033344932294
708 3379 0.4985585004456084
708 3394 -0.5465154884264942
708 3409 0.5704297133508441
709 710 -0.7533471404338493
709 3604 -0.41572267621023534
709 3619 1.0
709 3634 -0.5117147531423825
709 3649 0.7535483597766109
709 3664 0.9593663135056599
709 3679 -0.20021582433732724
709 3514 0.26557596824761764
709 3529 0.40268802836905554
709 3544 -0.04107901111793019
709 3559 0.42506443189033927
709 3574 0.38035274903476385
709 3589 0.24119579321708043
710 3784 0.7098962736759946
710 3799 -0.9988125585423654
710 3814 -0.5102559471557508
710 3829 1.0
710 3844 -0.14715374940684528
710 3859 -0.6153790212818311
710 3694 -0.18840082151113174
710 3709 -0.4325234755397988
710 3724 0.34506654758064936
710 3739 0.6315891102387243
710 3754 -0.030136395577197002
710 3769 -1.0
723 724 0.11819458332622611
723 738 0.23814919558797928
723 3424 -0.3325769856328596
723 3439 0.21709306200334616
723 3364 -0.4632523039816326
723 3379 -0.6118826553244993
723 3394 -0.2534102203592693
723 3409 0.14083725212343737
724 725 -0.03682379998116545
724 739 0.29310256947909813
724 3604 -0.13061810440982868
724 3619 -0.5478085189625945
724 3454 0.7115587739073076
724 3469 0.052406069699692824
724 3484 0.23452418827334062
724 3499 -0.09308741506941244
724 3514 0.15475284340228113
724 3529 0.6832152466397359
724 3544 -0.5247975107296473
724 3559 -0.06794274952951197
724 3574 0.3269903726619674
724 3589 -0.21813727821722614
725 740 -0.9187354219356607
725 3784 0.14530623281283356
725 3799 -0.3922060845110582
725 3634 -0.5576544421161911
725 3649 0.7811265436516136
725 3664 0.15346205378868724
725 3679 -0.4992640689563438
725 3694 -0.06739688364404813
725 3709 0.2984803758321652
725 3724 0.4624004929183805
725 3739 0.6060316953986603
725 3754 -0.3203861455149322
725 3769 0.3840578786496784
738 739 -0.07938368236254933
738 3424 -0.41807668655232455
738 3439 0.3640084854026782
738 3364 0.10318141076264033
738 3379 -0.649380626436823
738 3394 -0.6058163034624876
738 3409 -0.566780933157446
739 740 -1.0
739 3604 0.3158839294548728
739 3619 -0.3795280447310622
739 3454 0.39310555372072864
739 3469 -0.7398185615474865
739 3484 0.301017624265843
739 3499 0.7946330586313272
739 3514 -0.22413065351067313
739 3529 -0.21912423477888068
739 3544 -0.7508631634326625
739 3559 0.002150768389610393
739 3574 -0.4042021133807037
739 3589 -0.37177691537372687
740 3784 0.010910891568140917
740 3799 0.1963485962941777
740 3634 0.8076999422882252
740 3649 0.22316946641677426
740 3664 -0.22899193549848643
740 3679 0.05519424260264136
740 3694 0.08127222748819163
740 3709 0.6021871944497138
740 3724 0.14657428136482054
740 3739 -0.42790384631695677
740 3754 -0.07277914341916994
740 3769 0.28528450615245426
753 754 -1.0
753 768 0.7949330867116976
753 3424 0.30926437431619047
753 3439 0.4095692610186106
753 3364 -0.732102937761729
753 3379 -1.0
753 3394 -0.31299438864113305
753 3409 -0.17712873042214938
754 755 -0.9640446521894082
754 769 0.522614298210944
754 3604 -0.6852381790264358
754 3619 -0.2592665530517308
754 3454 -1.0
754 3469 1.0
754 3485 0.07714114768354406
754 3500 0.18928446852963962
754 3515 -0.5251505707195359
754 3530 -0.185521951441306
754 3544 0.5015625045306621
754 3559 -0.3831816191787835
754 3574 -0.43911919697055796
754 3589 0.2394404200068611
755 770 -0.08243832083985167
755 3784 0.13351223183563632
755 3799 0.6984978300544735
755 3634 0.7555360869657385
755 3649 0.12106063222992774
755 3665 -0.017601118521968162
755 3680 0.41385993602714544
755 3695 0.44564710817859204
755 3710 0.9553104631859756
755 3724 1.0
755 3739 -0.6967069570138311
755 3754 -0.44048999821181983
755 3769 -0.31132233428188866
768 769 -0.2601840025056879
768 3424 -0.21204981042969148
768 3439 0.382379226999646
768 3364 0.3273876369319202
768 3379 0.04704455555656797
768 3394 -0.03317570924629129
768 3409 0.024481369850393155
769 770 -0.6322714780918112
769 3604 -0.23709656101606053
769 3619 -0.3023432711155551
769 3454 -0.8995169521648956
769 3469 1.0
769 3485 0.5373012787419061
769 3500 0.2738234844782023
769 3515 0.8359967918288423
769 3530 0.5664380838187016
769 3544 -0.3250439373253557
769 3559 -0.39899802857435135
769 3574 -0.0614968968237195
769 3589 0.23481137773331417
770 3784 0.33104944660027397
770 3799 0.10852890686466575
770 3634 0.9252518546887307
770 3649 -0.199725481681686
770 3665 0.18960841202265719
770 3680 -0.21764613403915178
770 3695 -0.250292883573955
770 3710 -0.809419566959933
770 3724 0.2915192674207185
770 3739 0.227709876002807
770 3754 0.5461282158309967
770 3769 0.48232717971269323
783 784 -0.45940056566337145
783 798 0.1599387797330765
783 3424 -0.6444208112354903
783 3439 0.566844203221674
783 3454 0.2429625370127874
783 3469 -0.008882462157704175
783 3485 0.45571989840795474
783 3500 -0.11651653920802202
783 3515 0.38419833739499565
783 3530 0.4601775225425624
783 3544 -0.05795596695798426
783 3559 0.4984982860694127
783 3394 0.08186578622946578
783 3409 -0.19860995465494655
784 785 -0.24912044186738086
784 799 0.10149072474279755
784 3604 0.6147661070360013
784 3619 0.15163278087681015
784 3634 0.2069653243404101
784 3649 -0.5883528380193398
784 3665 -0.898730006340027
784 3680 0.6010879994933535
784 3695 0.5790839574977181
784 3710 -0.0535332516838202
784 3724 0.5173018740729286
784 3739 0.06898337965895544
784 3574 0.48696495358566605
784 3589 -0.02324325111923361
785 800 0.24546151985742043
785 3784 -0.5053220717791613
785 3799 -1.0
785 3814 -0.340146880907765
785 3829 0.5007845869442161
785 3845 -0.5856293036912034
785 3860 0.07234080836399806
785 3875 0.5005103077396585
785 3890 -0.19250659725479324
785 3754 -0.18428556386587022
785 3769 -0.14615220859041997
798 799 0.21765267507670003
798 3424 0.24440432614397503
798 3439 -0.2835000638382648
798 3454 -0.3058686462328539
798 3469 -0.5307462133969821
798 3485 0.7057366805943673
798 3500 -0.11893870785936195
798 3515 -0.08335075553795533
798 3530 0.11446703711472708
798 3544 0.3669643386275888
798 3559 -0.39022178978689037
798 3394 -0.09194528305331931
798 3409 -0.26828142052443765
799 800 0.4921307761475922
799 3604 -0.9334467423318851
799 3619 -0.012499030679128375
799 3634 -0.6985849864238584
799 3649 0.07185341730758828
799 3665 0.6147011649990713
799 3680 -0.31669400399172587
799 3695 -0.8742781710093389
799 3710 -0.11930661115555766
799 3724 0.34238117077486785
799 3739 -0.5366752835986135
799 3574 -0.5658498079935598
799 3589 0.3422437933609136
800 3784 0.12206506690326877
800 3799 0.4305972275040179
800 3814 0.21921166163556846
800 3829 -0.022474426728879355
800 3845 0.025408763870241977
800 3860 1.0
800 3875 0.1380399367524893
800 3890 -0.26311657345264405
800 3754 -1.0
800 3769 -0.3186628246384531
813 814 0.3254320513423411
813 828 -0.6260111754829389
813 3425 -0.10434009114262227
813 3440 -0.9138352442510589
813 3455 -0.47756936637195113
813 3470 -1.0
813 3485 -0.9355161948617491
813 3500 -0.46049926378572614
813 3515 -0.05343007745148819
813 3530 -0.6163241853019286
813 3544 -0.04905244119770887
813 3559 0.1150772194561759
813 3394 0.6450391807998864
813 3409 -0.024705042189222027
814 815 0.0648104180427182
814 829 0.6197099871347874
814 3605 -0.35897286692232633
814 3620 0.27162056162281445
814 3635 0.48927652543885625
814 3650 -0.23878413709267993
814 3665 -0.47165588710886547
814 3680 -0.6887165638602856
814 3695 0.7144618466960904
814 3710 -0.7869723105435591
814 3724 -0.024840170766158506
814 3739 0.246236683828883
814 3574 1.0
814 3589 -0.2259654252498266
815 830 -0.19102464280431236
815 3785 -0.4576145374815844
815 3800 0.3461680082562269
815 3815 0.12712171244513593
815 3830 -0.17697561787154598
815 3845 -0.3998937919674802
815 3860 0.8370186953016683
815 3875 0.6386134849655635
815 3890 0.5289374201015784
815 3754 0.05621904994763295
815 3769 -0.16993102489258938
828 829 0.16948696081154122
828 3425 -0.4118434824087253
828 3440 -0.6559647906585951
828 3455 -0.42707040146933356
828 3470 -0.6725617546024972
828 3485 -0.1148221504145878
828 3500 -0.10228629679935773
828 3515 0.13404758939612552
828 3530 -0.2409339255100981
828 3544 0.06398664615654275
828 3559 0.8201160077981502
828 3394 0.26961462600640834
828 3409 -1.0
829 830 0.5719475827314013
829 3605 -0.0760903892725655
829 3620 -0.09063761780342713
829 3635 -0.13399508484494413
829 3650 0.10473347548268688
829 3665 -0.1661504729941659
829 3680 -0.40005011278035113
829 3695 0.25699510866372866
829 3710 -0.41983224422347465
829 3724 -0.09303143560777069
829 3739 -0.1475985206839456
829 3574 -0.012840597664107133
829 3589 -0.032477520075185076
830 3785 -0.5016539931638222
830 3800 -0.36217521406151326
830 3815 -1.0
830 3830 0.19730587673770117
830 3845 0.06401042349252561
830 3860 -0.3218335478544354
830 3875 0.44703125747260125
830 3890 -0.5881640058490222
830 3754 0.5299136300968071
830 3769 -0.26217068754734507
843 844 -0.08275750279541641
843 858 0.20033031171909563
843 3425 0.09379054355910975
843 3440 0.39209669264682123
843 3455 0.28447875689846325
843 3470 -0.43758951458828643
843 3485 -0.23730727660962553
843 3500 -0.6480268233588997
843 3364 -0.06444030045953568
843 3379 0.06464791680550076
843 3394 -0.446194178069801
843 3409 0.27069872882847384
844 845 0.49052380020565867
844 859 -0.4852810765133097
844 3605 0.006578162147272073
844 3620 0.028412214298836197
844 3635 -0.2575491656184528
844 3650 -0.5874034845419764
844 3665 0.17113655262778682
844 3680 0.10661158120832387
844 3515 -0.046499092865941005
844 3530 -0.5360070459062686
844 3544 -0.21645625522934134
844 3559 -0.13172710155809408
844 3574 -0.6336760722024185
844 3589 -0.6864216430295766
845 860 0.4548169929422244
845 3785 0.6542596045710051
845 3800 0.2046121099583532
845 3815 0.9849137326992394
845 3830 0.33174712846510046
845 3845 -0.11718873403276046
845 3860 0.641227827046449
845 3695 0.26318326301571004
845 3710 -0.09262816528021023
845 3724 0.2950930529320956
845 3739 0.3875157091724431
845 3754 0.3162435518990195
845 3769 0.2938305160371637
858 859 0.7632968616947561
858 3425 -0.37820307725021723
858 3440 -0.7455865649479022
858 3455 -0.1721781365907429
858 3470 -0.52397600972741
858 3485 -0.8550129574486326
858 3500 0.6362075624262038
858 3364 0.054615356463232775
858 3379 0.6005716874241
858 3394 0.5804719447303137
858 3409 0.1316581967958975
859 860 0.4696760502892743
859 3605 0.05021576025283558
859 3620 0.1186230263945193
859 3635 -0.20172721501334728
859 3650 -0.7974833662801066
859 3665 -0.35648403525031985
859 3680 0.4651068391491539
859 3515 1.0
859 3530 0.1946620080167073
859 3544 -0.8592083629730449
859 3559 -0.4108724476966411
859 3574 -0.2393300517364065
859 3589 -0.30721451662209215
860 3785 0.19871801185126003
860 3800 0.0062550152588564615
860 3815 0.22381299114983763
860 3830 0.9981612786704336
860 3845 0.07856270790814977
860 3860 0.10906544805041951
860 3695 -1.0
860 3710 0.2683041310601886
860 3724 -0.2480999761604848
860 3739 0.11355461897122447
860 3754 -0.3866145887148342
860 3769 -0.6694400570248591
873 874 -0.29121994720000866
873 888 -0.24507046788945744
873 3425 0.07544411714718319
873 3440 0.5939999958307493
873 3455 0.3478236075291438
873 3470 -0.6560006851954889
873 3485 -0.5943343294265627
873 3500 0.4289948832977398
873 3365 -0.13754859135569167
873 3380 -0.2802768373683347
873 3395 -0.2457232290950213
873 3410 0.07400980973637283
874 875 -0.8917188041944009
874 889 -0.0041063676401833045
874 3605 -0.4481331123245995
874 3620 -0.6418704363130227
874 3635 0.2933746751811183
874 3650 -0.2473385412571756
874 3665 -0.03692166938637774
874 3680 0.31659881817057317
874 3515 -0.06641348405882654
874 3530 -0.44643070745126434
874 3545 0.10010123015841303
874 3560 -0.09173176273032038
874 3575 0.6070165923336528
874 3590 -0.802432954536571
875 890 0.5264887795311626
875 3785 0.6184069233549891
875 3800 0.9458157245520471
875 3815 0.8246344887063881
875 3830 -0.6785831414895273
875 3845 0.2135072063649635
875 3860 0.6025490279257715
875 3695 0.1195431036759002
875 3710 0.33261319660289707
875 3725 -0.6191777349557803
875 3740 -0.4796245455316045
875 3755 -0.1336947434148687
875 3770 -0.9121215885689735
888 889 -0.07873972773101238
888 3425 0.2715527155453981
888 3440 -0.8493836629122453
888 3455 0.9386118267396457
888 3470 0.16700698904586775
888 3485 -0.014127300213223759
888 3500 -1.0
888 3365 -0.40990800484090206
888 3380 0.052965512978296936
888 3395 0.5709057634768603
888 3410 0.6709312414647369
889 890 0.5787747476330574
889 3605 -0.18110645331700714
889 3620 -0.9009048295705084
889 3635 0.08466684996641585
889 3650 -0.6029138910886194
889 3665 -0.0741510932677899
889 3680 0.2354226677147604
889 3515 0.1534872444650673
889 3530 0.022572893028289562
889 3545 -0.5738088010114953
889 3560 -0.3932389897578102
889 3575 -0.44483672201519037
889 3590 -0.7245478339263984
890 3785 -0.23031658614070183
890 3800 0.5667561045105072
890 3815 -0.6854518181734705
890 3830 0.10450742541917839
890 3845 0.1704869924745028
890 3860 0.008575989664593954
890 3695 -0.14958546517877006
890 3710 0.1415498302772437
890 3725 0.003756125325112601
890 3740 -0.740549657269461
890 3755 -0.3815137328047243
890 3770 0.05590314944912995
903 904 0.11790758344574157
903 918 0.05547141143038066
903 3425 0.27800925927664827
903 3440 -1.0
903 3365 0.20418068562467856
903 3380 0.5604110875462128
903 3395 -0.24952382507160045
903 3410 0.5149198375869859
904 905 -0.06250441396086398
904 919 0.22889322970942808
904 3605 -0.3292255210493232
904 3620 -0.3479989895342397
904 3455 -0.7121315426167439
904 3470 0.8131368632835716
904 3485 0.5852813677659159
904 3500 -0.11371914234852061
904 3515 -0.27388543559770107
904 3530 -0.25534249925560304
904 3545 0.0445522517791239
904 3560 -0.5943407947396664
904 3575 -0.00111710028629996
904 3590 0.013654470948443841
905 920 0.1472472267885051
905 3785 -0.6361248428590619
905 3800 -0.35971145860610065
905 3635 -0.21313637530330531
905 3650 0.49108938447749967
905 3665 0.129875796414443
905 3680 -0.9293573351460838
905 3695 0.24234547895935343
905 3710 -0.31391051444819407
905 3725 -0.3392336404149586
905 3740 0.16950367277289535
905 3755 -0.4211661726913791
905 3770 0.3325382752684713
918 919 0.31682327330756577
918 3425 0.32594251758627013
918 3440 -0.2236673351503886
918 3365 0.3761760537364829
918 3380 -0.1284320363592555
918 3395 -0.25441750246763795
918 3410 0.6048504968084567
919 920 -0.18044569564991947
919 3605 -0.5183380019011017
919 3620 0.5539301333153519
919 3455 -0.26555561555169704
919 3470 0.5361335156247372
919 3485 0.5244217346955885
919 3500 -0.36466004620529147
919 3515 0.0004135308715186523
919 3530 0.019646417214351362
919 3545 0.3933284387794356
919 3560 0.44253074784352675
919 3575 0.7565875626646299
919 3590 0.6855009717703188
920 3785 0.0032059155961200255
920 3800 0.16658492780761774
920 3635 0.42703735985818575
920 3650 -0.1719491044864556
920 3665 -0.34604603010737794
920 3680 -0.3675589610742337
920 3695 0.5124429853549689
920 3710 -0.41120861604457937
920 3725 -0.23870905786108454
920 3740 -0.14629775168974718
920 3755 0.31939403182492665
920 3770 0.13452541383069822
933 934 0.4584976063836457
933 948 0.1723761170053488
933 3425 -1.0
933 3440 0.006461123642451422
933 3365 0.493410448832184
933 3380 -0.4435966253478681
933 3395 0.47468401114469877
933 3410 0.7858980050511197
934 935 0.3400742253061845
934 949 -0.19395081057995175
934 3605 0.6220311365306281
934 3620 -0.2081591271757112
934 3455 0.027225899929609804
934 3470 -0.2903812380792764
934 3486 0.5892632582380499
934 3501 -0.006112280283725043
934 3516 0.4914698256407534
934 3531 -0.07523542639886932
934 3545 0.024445958526809874
934 3560 0.029748645835369802
934 3575 -0.2394309021807757
934 3590 -0.7043321582929506
935 950 0.23826947935378942
935 3785 0.42992413406524893
935 3800 0.3984280336782964
935 3635 0.5077456138160422
935 3650 -1.0
935 3666 -0.04556197106797296
935 3681 0.9173698885089046
935 3696 1.0
935 3711 1.0
935 3725 0.5233415436110792
935 3740 -0.399703863878151
935 3755 0.13034752971776825
935 3770 0.47518820817375196
948 949 -0.07832093329845542
948 3425 -0.5891695338122448
948 3440 -0.2871659445415311
948 3365 0.20080460494137253
948 3380 -0.3833653662180789
948 3395 -0.21587065040354578
948 3410 0.6873313219820162
949 950 -0.027016311881986197
949 3605 0.3281767012066254
949 3620 -0.05052093795902715
949 3455 -0.539869318597174
949 3470 0.6684203748098408
949 3486 -0.04255762659825618
949 3501 -0.6822840514197858
949 3516 -0.12042953500716302
949 3531 0.38488772151858514
949 3545 0.18162114406872842
949 3560 0.3355484374919628
949 3575 0.8304113083971275
949 3590 -0.09919598950050676
950 3785 0.03434286480014912
950 3800 -0.5401719356015348
950 3635 0.6398604996317127
950 3650 0.20295201992804837
950 3666 1.0
950 3681 -0.13124148415807332
950 3696 -0.768271814039646
950 3711 -0.6313453772509977
950 3725 -0.14368380970349584
950 3740 -0.8999613499350035
950 3755 -0.23129234750923242
950 3770 0.4552939372626141
963 964 0.15398412086986152
963 978 -0.03732806750339004
963 3425 0.49204295859160924
963 3440 -0.3131309307019048
963 3455 -0.12049581543031426
963 3470 0.1308926581609885
963 3486 -0.8557693304143329
963 3501 -0.19902318649244372
963 3516 -0.1680957323879978
963 3531 0.2881941081087419
963 3545 -0.5396269435924516
963 3560 -0.4167266481350774
963 3395 0.04245222742048186
963 3410 -0.01672049629367472
964 965 0.404870350303449
964 979 0.09909065726904642
964 3605 -0.7135511344130555
964 3620 -0.028690216437006796
964 3635 0.5325253995525735
964 3650 0.4107274638762573
964 3666 -0.0029297742788654806
964 3681 0.05171607007587245
964 3696 -0.025500574215552362
964 3711 -0.28413448566109645
964 3725 -0.11410401464341285
964 3740 0.6222345659872026
964 3575 0.18221649168057083
964 3590 0.7563829411304791
965 980 -0.6624360856057785
965 3785 0.2239822769329328
965 3800 0.23442907200430796
965 3815 0.2662990672654444
965 3830 0.551461893711242
965 3846 0.36058638809445615
965 3861 -0.88715485166803
965 3876 -0.1926432529765457
965 3891 0.044733289427315796
965 3755 -0.08660989569277298
965 3770 0.29685557117501754
978 979 0.1203637543406828
978 3425 0.1102027622347438
978 3440 1.0
978 3455 0.32620102236108856
978 3470 0.3812969156783332
978 3486 -0.4517706998910628
978 3501 -0.5225582504916958
978 3516 0.11917372235449003
978 3531 -0.3003010851932313
978 3545 0.7538046505809541
978 3560 0.37793556574091036
978 3395 0.13810888792845336
978 3410 -0.5339871811322743
979 980 -0.0831662080929596
979 3605 0.40340509830617854
979 3620 0.09629247106762648
979 3635 0.6016112668253765
979 3650 0.19511366096929167
979 3666 -0.4420367035818773
979 3681 0.26923575763058233
979 3696 -0.9323514079043687
979 3711 0.746382170453822
979 3725 -0.2767002997246666
979 3740 0.3769211460467287
979 3575 0.3265826092196115
979 3590 0.40358601037329195
980 3785 0.40026276674131495
980 3800 -0.010880665417283516
980 3815 -0.19290966846707275
980 3830 -0.7453340172647176
980 3846 -0.38608039554286816
980 3861 -0.5999912715813246
980 3876 0.3767602831915024
980 3891 0.14396862558125093
980 3755 -0.2875198143874647
980 3770 0.6158056118664373
993 994 -0.2963269273954304
993 1008 -0.43027289637746763
993 3426 0.045510595487654674
993 3441 -0.294035484329055
993 3456 0.17081522531097224
993 3471 0.523320828332346
993 3486 -0.8307027470011803
993 3501 -0.4068427409553915
993 3516 0.5829542874803137
993 3531 0.3008123008411685
993 3545 0.5911019748077898
993 3560 -0.4761655415043416
993 3395 0.19106632944800372
993 3410 -0.4470185642066404
994 995 -0.9370820384556563
994 1009 -0.5934342335988616
994 3606 -0.24309943228331612
994 3621 0.8753648108011071
994 3636 0.3435290781761758
994 3651 -0.5038047255254948
994 3666 -0.16823152478274234
994 3681 -0.24010902893319597
994 3696 0.14829037419001218
994 3711 0.6430009453940678
994 3725 0.2533936265061239
994 3740 0.9777765908740519
994 3575 0.03756382978979186
994 3590 -0.4127406507519543
995 1010 -0.5583049017489077
995 3786 -0.2096668396860937
995 3801 -0.6082067788139286
995 3816 0.28210868314288196
995 3831 -0.4123708540326079
995 3846 -0.2640527200832625
995 3861 0.8433736104944455
995 3876 0.11104616305319362
995 3891 -0.5129643385996574
995 3755 0.43291658844632736
995 3770 -0.26480345569419433
1008 1009 0.342062438376255
1008 3426 -0.06487848844199973
1008 3441 -0.06300676902132778
1008 3456 0.22671519240548685
1008 3471 0.3047818253339405
1008 3486 0.7452097717161993
1008 3501 -0.1553860839454774
1008 3516 -0.22288053245930603
1008 3531 0.6761584921764074
1008 3545 -0.301785879415047
1008 3560 -1.0
1008 3395 0.534284286932466
1008 3410 0.23728736432102718
1009 1010 0.7215723634906241
1009 3606 0.07928403523519892
1009 3621 -0.7125490352907535
1009 3636 0.8029548168758293
1009 3651 -0.8916705201009558
1009 3666 0.19530455818319217
1009 3681 1.0
1009 3696 0.20278843257889984
1009 3711 0.8220274671330196
1009 3725 -0.48630754723440833
1009 3740 -0.28436432899140307
1009 3575 -0.007707259944887816
1009 3590 0.6436980561623563
1010 3786 0.7877800761300278
1010 3801 0.3947854331711013
1010 3816 0.10749788492666892
1010 3831 0.2220120905003656
1010 3846 -0.10416059263073373
1010 3861 0.13133598261864604
1010 3876 0.17869315851609044
1010 3891 -0.2747318376267246
1010 3755 0.587016853059097
1010 3770 0.2147979353576133
1023 1024 0.03230833385797367
1023 1038 0.40020590064863737
1023 3426 0.36712865076492746
1023 3441 -0.152345535435359
1023 3456 -0.16159674741069202
1023 3471 0.009130440420636668
1023 3486 -0.4453420959922325
1023 3501 -0.1282226514810637
1023 3365 0.17821768758381928
1023 3380 -0.2709614247597532
1023 3395 -0.48819854832762194
1023 3410 -0.8140631046179284
1024 1025 -0.38757524764460966
1024 1039 0.1944106780165178
1024 3606 0.5560049258337145
1024 3621 0.5070747394806151
1024 3636 -0.7974810219275736
1024 3651 0.12464426161186348
1024 3666 0.5913775214725514
1024 3681 0.8906680294122497
1024 3516 -0.5859595040482151
1024 3531 0.04509855740551004
1024 3545 -0.14748634651124365
1024 3560 0.06629926237537606
1024 3575 0.028360391478541653
1024 3590 -0.6410963376969208
1025 1040 0.4133211288929357
1025 3786 -0.22352731120167418
1025 3801 -0.16287647694504426
1025 3816 -0.11000465231510902
1025 3831 0.03692841508161581
1025 3846 -0.027540944845264204
1025 3861 0.37775029885507927
1025 3696 0.6553705080770674
1025 3711 0.9830230728768985
1025 3725 -0.22406366867227334
1025 3740 -0.03471468814961725
1025 3755 0.34326964174349384
1025 3770 0.08062240029843475
1038 1039 0.04726092322776193
1038 3426 -0.17059322828951484
1038 3441 -0.995465798240509
1038 3456 0.14693837565517393
1038 3471 -0.14300683084942564
1038 3486 -0.4483515365256954
1038 3501 0.12333388258306727
1038 3365 0.12977259244807476
1038 3380 -0.012205786522284136
1038 3395 0.22495927901466173
1038 3410 -0.6499638156009533
1039 1040 0.32561637048060627
1039 3606 1.0
1039 3621 -0.4949144413645631
1039 3636 0.6554308494447185
1039 3651 -0.2807632000659461
1039 3666 -0.4657244593902399
1039 3681 0.6626703007596129
1039 3516 -0.1499177545739226
1039 3531 0.3460916215130071
1039 3545 -0.6226870042563037
1039 3560 0.5210631990533111
1039 3575 -0.14488573339582955
1039 3590 0.3680150236504218
1040 3786 -0.5051377995623298
1040 3801 -0.6287846244079968
1040 3816 -0.5920991593424506
1040 3831 -0.2303015017313716
1040 3846 -0.5014005530940764
1040 3861 -0.17593975477020177
1040 3696 0.86297765119152
1040 3711 -0.11096222528619454
1040 3725 0.592850272137253
1040 3740 0.600835944361484
1040 3755 -0.5114914741611365
1040 3770 -0.7035865545683632
1053 1054 0.4356069135908788
1053 1068 -0.07513057087379876
1053 3426 -0.2783473976125268
1053 3441 0.51782485257795
1053 3456 -0.5191663443532165
1053 3471 -0.3361112020482338
1053 3486 0.19483529586871765
1053 3501 0.08324646657055008
1053 3366 -0.18759525898207752
1053 3381 -0.7922841011461326
1053 3396 0.33765696285877445
1053 3411 -0.1732345140610569
1054 1055 -0.30831099604276785
1054 1069 0.6019992543848794
1054 3606 0.20428048279712532
1054 3621 0.16898979519802557
1054 3636 -0.20893316904792975
1054 3651 0.015523510788626262
1054 3666 0.4678921790016057
1054 3681 -0.43974184643077996
1054 3516 0.4868341659398457
1054 3531 -0.7812388987013407
1054 3546 -0.15676793000108505
1054 3561 1.0
1054 3576 -0.19831451039202339
1054 3591 0.08639905735783297
1055 1070 -0.3967503149192034
1055 3786 0.4083272726021928
1055 3801 -0.4890813325428695
1055 3816 0.048386769266109485
1055 3831 0.056113415733411776
1055 3846 -0.07140213228578048
1055 3861 -0.043682326936774936
1055 3696 -1.0
1055 3711 0.3014598093459697
1055 3726 -0.4796940476166266
1055 3741 0.15435850944128265
1055 3756 -0.5403969963394081
1055 3771 0.1323099571032891
1068 1069 -0.1845075261563618
1068 3426 0.7913314119160132
1068 3441 0.15720273927586637
1068 3456 0.5291236744083919
1068 3471 0.012395714937234518
1068 3486 -0.5072418936362768
1068 3501 -0.3557557904550042
1068 3366 -0.19953491348898136
1068 3381 0.2582978819359624
1068 3396 0.4426289829236068
1068 3411 -0.3154062083129314
1069 1070 0.52152394777718
1069 3606 -0.11174763167736379
1069 3621 -0.38319419054880166
1069 3636 -0.18956741931677745
1069 3651 0.5382579247733899
1069 3666 -0.15886425403364415
1069 3681 -0.23896674580925092
1069 3516 -0.9389517556576202
1069 3531 0.0819054668523828
1069 3546 -0.0178855572190868
1069 3561 -0.907812830419349
1069 3576 0.4968043523142579
1069 3591 0.4533563813543042
1070 3786 0.4125300851519955
1070 3801 0.3535026837382111
1070 3816 0.21618518921325364
1070 3831 -0.2710734650742303
1070 3846 -0.5537974360505468
1070 3861 1.0
1070 3696 0.7282060728851292
1070 3711 0.2909403526777897
1070 3726 -0.021506457791703504
1070 3741 0.3728415240568977
1070 3756 -0.4630014501389964
1070 3771 -0.11147989698216526
1083 1084 0.6619626889271982
1083 1098 -0.6424654397961487
1083 3426 0.5304206537473148
1083 3441 0.24427114819493423
1083 3366 -0.0710984792432077
1083 3381 -0.19329820185890137
1083 3396 0.6575586631235262
1083 3411 -0.4117048648166956
1084 1085 8.53015524594021e-05
1084 1099 0.5410228077213578
1084 3606 0.5920250070878762
1084 3621 0.1507412081243694
1084 3456 0.1883040090968305
1084 3471 -0.36602275347421953
1084 3486 -0.09889371697792586
1084 3501 -0.660051690281597
1084 3516 0.0977281044082643
1084 3531 0.6064075370314805
1084 3546 -0.19895540735907263
1084 3561 0.6041022633801527
1084 3576 -0.1583763599379849
1084 3591 1.0
1085 1100 0.616978664605742
1085 3786 0.4266383089334109
1085 3801 -0.24508496689953746
1085 3636 -0.45109723403891683
1085 3651 -0.9485255749252424
1085 3666 -0.8678719099392694
1085 3681 -0.24639373637790102
1085 3696 0.4242075798237826
1085 3711 0.2190936445189454
1085 3726 -0.14241853670545057
1085 3741 -0.052102337569111035
1085 3756 -0.15187753273906832
1085 3771 0.2519949705462786
1098 1099 -0.6399055392055195
1098 3426 -0.23722816781881148
1098 3441 -0.039457237647489325
1098 3366 0.13229201878072439
1098 3381 0.46510843740074215
1098 3396 -0.6694067736743546
1098 3411 0.7709829916236497
1099 1100 -0.38647991920973535
1099 3606 0.5904745527923101
1099 3621 0.38506219717745016
1099 3456 -0.10719734678652271
1099 3471 -0.26573331266168077
1099 3486 -0.07802845059793445
1099 3501 0.3950197706387418
1099 3516 0.07153821187056085
1099 3531 0.7875706736704653
1099 3546 -0.3905840843556805
1099 3561 0.3057678232136737
1099 3576 -0.43346723080451766
1099 3591 0.22074759434708952
1100 3786 0.10373278427564149
1100 3801 -0.5441690511868104
1100 3636 -0.1769340044714471
1100 3651 0.41042903867767144
1100 3666 0.2036406846310797
1100 3681 0.2157227404261187
1100 3696 -0.33482703276816705
1100 3711 0.38753957840185327
1100 3726 0.402584248701389
1100 3741 0.2782048680753922
1100 3756 -0.40858976868946534
1100 3771 0.5037667626940908
1113 1114 -0.25876398777336507
1113 1128 0.5931793145611124
1113 3426 0.4545658746507282
1113 3441 0.2569340157538254
1113 3366 0.07879387999919935
1113 3381 -0.22940429449077154
1113 3396 0.9173474990285218
1113 3411 -0.5751969673380702
1114 1115 -0.44025377227891554
1114 1129 -0.06765482267228846
1114 3606 -0.7323823992428488
1114 3621 0.002431215846145596
1114 3456 0.06239654635377075
1114 3471 -0.1794200677309295
1114 3546 0.05304904659137794
1114 3561 -0.5002669541890941
1114 3576 0.26400340674554446
1114 3591 0.22726347348324635
1115 1130 0.4382378728105221
1115 3786 -0.5891088351688074
1115 3801 0.4300617693687524
1115 3636 0.23670200333110628
1115 3651 0.06066569869997338
1115 3726 0.18884400039560384
1115 3741 0.718051535651699
1115 3756 -0.7736931308404926
1115 3771 -0.8562190670988931
1128 1129 -0.0373295159476228
1128 3426 -0.07495387480119942
1128 3441 0.6296175509897888
1128 3366 -0.8297794895853607
1128 3381 0.5929275816989639
1128 3396 0.38695854751355924
1128 3411 -1.0
1129 1130 -1.0
1129 3606 -0.04674887910744538
1129 3621 -0.9452062637111482
1129 3456 0.7757661908986662
1129 3471 0.0011945484042113139
1129 3546 0.5611728361478958
1129 3561 -0.05665171308175186
1129 3576 -0.28613156950796353
1129 3591 -0.17044875374264282
1130 3786 0.3430084856219187
1130 3801 -0.7136218633722297
1130 3636 0.1570669420341049
1130 3651 0.13735242837395648
1130 3726 -0.7195359041454686
1130 3741 0.03306382102920329
1130 3756 -0.07807416780462381
1130 3771 -0.48486673648787315
3364 3365 0.5143692882774226
3364 3379 0.008869124786883023
3365 3366 -0.20955400174718808
3365 3380 -0.8089241468961321
3366 3381 0.28866521794862393
3379 3380 -0.34911697516125206
3380 3381 0.21922334260634332
3394 3395 -0.6449120140970254
3394 3409 -0.11573138520051765
3395 3396 -0.2805439637329307
3395 3410 -0.9904309368736126
3396 3411 -0.1030602167648157
3409 3410 0.09280122404916805
3410 3411 0.25381816651667366
3424 3425 -0.18222660514061878
3424 3439 -0.9340041286155025
3425 3426 0.7101842133455059
3425 3440 0.6738747603765417
3426 3441 0.02670156375196247
3439 3440 0.24151322403416162
3440 3441 0.5621162250300321
3454 3455 -0.17576496103359024
3454 3469 -0.764127384791771
3455 3456 0.2623736387461592
3455 3470 0.2760490212177346
3456 3471 0.09052008865885652
3469 3470 -0.19026438459565898
3470 3471 -0.7945757446860963
3484 3485 0.5534813081968222
3484 3499 -0.6747501502941837
3485 3486 0.00798994322247283
3485 3500 -0.45674181498347616
3486 3501 -0.2374380774716303
3499 3500 0.008176253307499083
3500 3501 0.24841109171879788
3514 3515 -0.2335729646562177
3514 3529 0.9688325885624184
3515 3516 -0.5216854039954786
3515 3530 -0.5512819199421236
3516 3531 -0.32698083381629073
3529 3530 -0.570139426573536
3530 3531 0.5544277832384672
3544 3545 0.5210395869021265
3544 3559 0.2369424186674567
3545 3546 1.0
3545 3560 0.5468301994671404
3546 3561 0.2768249179560454
3559 3560 -0.4335153798722506
3560 3561 -0.2765349703699796
3574 3575 -0.17016445549940998
3574 3589 -0.224820451425132
3575 3576 -0.40176923490364747
3575 3590 -0.01750840594605758
3576 3591 -0.47368606018269915
3589 3590 -0.21269749989465558
3590 3591 -0.7557485920843505
3604 3605 -0.6379409758740585
3604 3619 0.754316436689401
3605 3606 0.6313554050968214
3605 3620 -0.260038707677808
3606 3621 0.9152553146793069
3619 3620 -0.13668055616646907
3620 3621 -0.7555587862321954
3634 3635 -0.7921319048492921
3634 3649 0.0942171733621747
3635 3636 -0.11639877214576333
3635 3650 0.09001315728683776
3636 3651 0.4477813274583524
3649 3650 0.5491093142937331
3650 3651 -0.5226702143256322
3664 3665 -0.3918354789833571
3664 3679 0.09127813767141102
3665 3666 0.19181219413997974
3665 3680 -0.9059712172929141
3666 3681 -0.8750806492278588
3679 3680 1.0
3680 3681 0.49383209749079904
3694 3695 -0.11253700388073108
3694 3709 -0.04039981066102313
3695 3696 -0.07836679539936971
3695 3710 -0.49237287622861087
3696 3711 0.4602391455224411
3709 3710 0.4290700163480994
3710 3711 -0.6768763592470951
3724 3725 -0.07552438603012201
3724 3739 0.5089742930410432
3725 3726 -0.47118268551205117
3725 3740 -0.17515920724596962
3726 3741 0.3492572388439729
3739 3740 0.47370692692234195
3740 3741 -0.17390023849059585
3754 3755 0.029349628148596665
3754 3769 -0.20433541115264342
3755 3756 0.05219243949864286
3755 3770 0.44144776860555945
3756 3771 0.3006586474189373
3769 3770 -0.5004254698725674
3770 3771 -0.501335752599504
3784 3785 -0.08622858199082728
3784 3799 0.075604190246471
3785 3786 -0.6618525644826777
3785 3800 0.5360577643010894
3786 3801 -0.24433307432629203
3799 3800 -0.5053347345703664
3800 3801 0.09274626197971649
3814 3815 -0.37367721966174394
3814 3829 0.41026097709884846
3815 3816 0.41343400457860335
3815 3830 0.07082529376378996
3816 3831 0.37922154274286207
3829 3830 -0.13317077588188697
3830 3831 -0.4793788580108086
3844 3845 0.11585244918618887
3844 3859 -0.1267184145833698
3845 3846 0.6711232415940092
3845 3860 -0.08696525104523876
3846 3861 -0.5163934130483269
3859 3860 -0.5956423084760245
3860 3861 -0.7021304997586332
3874 3875 -0.06788126617137635
3874 3889 0.5879967703772955
3875 3876 -0.6462342962468123
3875 3890 0.20221293478750457
3876 3891 -0.02190038976350545
3889 3890 0.031121789230014785
3890 3891 -0.44869568909629176
