# 
61 61 0.7018763351457269
62 62 -0.3802826588529913
63 63 1.2911563572461737
76 76 0.8754473163536999
77 77 -0.40529573339012925
78 78 -0.684671743399958
91 91 -0.8142587998358912
92 92 -0.0503760605678328
93 93 0.5123670584151286
106 106 0.5098424325563836
107 107 -1.2527483051440835
108 108 -0.7664844333235517
121 121 -0.1132788173132709
122 122 0.744487424273846
123 123 -1.2711973798322196
136 136 0.18885868573874207
137 137 -0.27664967041454214
138 138 2.2647483916428968
151 151 -0.3980805185400566
152 152 -0.11629890563364872
153 153 1.418736127358307
166 166 -0.019555332099589533
167 167 -0.9989255944613261
168 168 1.9566940973530833
181 181 0.24933519057003722
182 182 -0.6758229222101128
183 183 0.2836164721930931
196 196 0.5539901939180905
197 197 0.8202965178415055
198 198 1.1300876756229545
211 211 -0.48336734152898403
212 212 0.6178855216706391
213 213 0.36965515912048885
226 226 0.45369511323467937
227 227 0.42127173581552496
228 228 -0.4981452165310132
241 241 -1.053299159323393
242 242 0.36838484999774146
243 243 0.04672794906412698
256 256 0.9974873165939292
257 257 -0.9139721192219801
258 258 1.4235460024290283
271 271 -0.28111750895685444
272 272 1.154189795182533
273 273 -0.5099768912721244
286 286 2.143529526155711
287 287 0.40792730885141043
288 288 0.6632936800711753
301 301 -0.33170431576910075
302 302 -0.9004339215499177
303 303 1.8491843228456546
316 316 -1.6843271072129093
317 317 -1.7558991260079797
318 318 0.7379764532544696
331 331 1.8442140149749082
332 332 0.8724395838086896
333 333 -0.14156092418220836
346 346 -0.7594966114238877
347 347 0.6436790092304375
348 348 1.3884913068952411
361 361 0.017633665957940997
362 362 2.0381984544190654
363 363 1.66150255857977
376 376 -0.07679773868642559
377 377 0.6275969262712885
378 378 0.45681158677640465
391 391 0.23657194522005764
392 392 -0.18809020796175754
393 393 0.6428287492295053
406 406 0.5418970733203027
407 407 0.0032539310268549244
408 408 -1.1212609266083062
421 421 -1.1825601152965124
422 422 -0.37000413412917743
423 423 1.1121407786301059
436 436 1.1057148099792184
437 437 -1.0354484384370786
438 438 -1.0565095934582873
451 451 -0.20325732307099478
452 452 -0.3786588271256062
453 453 1.0408909144733025
466 466 0.686869077204483
467 467 -0.0781764248011753
468 468 0.42382213662652346
481 481 -0.053851046239163876
482 482 -0.03420196574198599
483 483 0.6500220608904199
496 496 -1.1089465556289249
497 497 0.4751222674293524
498 498 -0.06022523910552678
511 511 0.8664166099311055
512 512 0.632787744580842
513 513 -0.8021869462435032
526 526 -0.5584677124901329
527 527 0.2139150404067681
528 528 -0.3756605549241709
541 541 0.6876610395208854
542 542 1.094944914790332
543 543 0.6840046459765908
556 556 1.3988409336279455
557 557 1.8136272401556066
558 558 0.22951363586577017
571 571 -1.4633741920101044
572 572 0.29313980899816283
573 573 -1.0846523325380215
586 586 -0.5990007193613849
587 587 -1.5271880185916185
588 588 0.39243958378384075
3001 3001 -0.45450200022496323
3002 3002 -1.1069637959953031
3003 3003 2.175450125329705
3016 3016 1.1101740081293339
3017 3017 -0.5177613669610794
3018 3018 -0.42919755373476143
3031 3031 0.2644010258882797
3032 3032 0.3112809507839884
3033 3033 -0.9521152270325106
3046 3046 -2.061640341532559
3047 3047 -0.5574086447808188
3048 3048 -0.9423530170916155
3061 3061 0.6828091354807347
3062 3062 -0.5543801427841596
3063 3063 1.0211489942470693
3076 3076 -0.22915381740806934
3077 3077 -1.4517930000016055
3078 3078 -1.2718429136612848
3091 3091 -0.11539205459835047
3092 3092 0.04329157342726511
3093 3093 0.3808218775954179
3106 3106 0.1560179811700359
3107 3107 0.754786252249668
3108 3108 1.791526838770491
3121 3121 0.15427821584639345
3122 3122 -2.6061125099519495
3123 3123 -2.38185269506132
3136 3136 0.17264853638763888
3137 3137 0.6031265459849091
3138 3138 0.14975316277783388
3151 3151 1.359414534748827
3152 3152 -1.3163037769916526
3153 3153 0.8314829992870196
3166 3166 -0.9690534920343863
3167 3167 -1.0166760160155799
3168 3168 0.29109394412345463
3181 3181 -0.2224624422133487
3182 3182 0.024257433249302535
3183 3183 -1.1582016831848703
3196 3196 0.27972627511428744
3197 3197 -0.2221197762594679
3198 3198 -0.035726595570412155
3211 3211 -0.5147599223718081
3212 3212 0.9886602790980564
3213 3213 -0.6470753013160104
3226 3226 0.4259928972995287
3227 3227 -0.9763941072140492
3228 3228 -0.19831699588610147
3241 3241 -0.6996469594250849
3242 3242 0.4931165691128696
3243 3243 0.6477905649273226
3256 3256 1.129111357024502
3257 3257 0.10160208589738105
3258 3258 -0.1472711997774395
3271 3271 -1.2880867202219177
3272 3272 0.046536539219996405
3273 3273 0.49670522552155105
3286 3286 -0.12183700802732682
3287 3287 -1.0803053986641122
3288 3288 1.7246185113859316
3301 3301 0.4046470739233193
3302 3302 0.07456129366098876
3303 3303 0.03390354799558074
3316 3316 -0.22223740693493899
3317 3317 -1.823239359874063
3318 3318 -0.43726470471014045
3331 3331 0.6898176194670584
3332 3332 1.066830579036198
3333 3333 0.7829221122850047
3346 3346 0.006714051466265347
3347 3347 -0.01041052959607864
3348 3348 0.3855232148993982
3361 3361 0.21788922234221306
3362 3362 -1.7629882467767966
3363 3363 -0.8684189340907307
3376 3376 -0.647473394138458
3377 3377 -0.010879340316523293
3378 3378 -1.2054136669470945
3391 3391 -1.2474141669375252
3392 3392 -0.18264819745312966
3393 3393 1.1241143248663288
3406 3406 -0.9311776161800135
3407 3407 0.6556870390260121
3408 3408 -2.278538035047576
3421 3421 -0.8180540223119699
3422 3422 0.21398911723329386
3423 3423 -0.1483125572295855
3436 3436 0.9016592948363901
3437 3437 -2.674092408403948
3438 3438 0.7217067357508362
3451 3451 -1.9205533261329326
3452 3452 -0.6529119645358821
3453 3453 -0.4241744807013383
3466 3466 1.4020307853968983
3467 3467 2.022712220717311
3468 3468 -0.5102344627203991
3481 3481 0.3384376976250518
3482 3482 0.8768752159216899
3483 3483 0.5813798149506529
3496 3496 -1.6868935442793855
3497 3497 -2.722200619211771
3498 3498 -1.6729631281408412
3511 3511 0.562895090451265
3512 3512 -1.3319158874292978
3513 3513 -1.1979310343197735
3526 3526 0.5003193390178466
3527 3527 1.1174852366124663
3528 3528 0.10221062186148877
61 62 -0.1875955641258802
61 76 -0.8827260639548178
61 3121 -0.3896865126388454
61 3136 -0.6944063126408033
61 3151 0.48805611199932525
61 3166 -0.5941768278046743
62 63 -0.8050409041140593
62 77 0.622976573383868
62 3301 -0.3078951893086954
62 3316 0.18823218581792964
62 3331 0.6708895177265518
62 3346 -1.0
63 78 0.05247654809551231
63 3481 -0.33670982605528144
63 3496 -0.2256600972540711
63 3511 0.15206329357546372
63 3526 -0.6005386024099809
76 77 0.1981226702695215
76 3121 0.36493655396361274
76 3136 -0.9890229967382299
76 3151 -0.6513564493891065
76 3166 0.4807498532139951
77 78 0.008386578950349579
77 3301 0.2990205278174851
77 3316 -0.5033466347456601
77 3331 0.09348228446366519
77 3346 0.2333895280015254
78 3481 -0.055563322159205515
78 3496 0.04445532435088714
78 3511 -0.281716119661984
78 3526 -0.22841840924399953
91 92 0.33577599954515513
91 106 -0.1115823669461974
91 3061 -0.367982470324209
91 3076 0.4496864784645011
91 3091 -0.09878312112722325
91 3106 0.6249282324756187
91 3121 0.5094301398015953
91 3136 -0.11931452090928818
91 3151 0.07769318391110779
91 3166 -0.5904639170135191
92 93 0.1524598882853527
92 107 -0.5206386169861549
92 3241 0.5737255697560495
92 3256 -0.039182143901175435
92 3271 -0.2983974448049553
92 3286 -0.34791919331828974
92 3301 0.42741252097653126
92 3316 0.3123664503340569
92 3331 0.058205859026083724
92 3346 -0.5173763291486345
93 108 -0.002855344535820112
93 3421 -0.40497958074685375
93 3436 -0.11171612088901119
93 3451 0.01873313642655017
93 3466 0.6607641168144883
93 3481 0.22431835614842252
93 3496 0.2828953253330679
93 3511 -0.07747839118424997
93 3526 -0.07626292967687018
106 107 -0.4627146451558966
106 3061 -0.56353717054712
106 3076 0.08257565199958371
106 3091 -0.1084133175779216
106 3106 0.17033277437835878
106 3121 -0.4761102714889526
106 3136 -0.020399834232846515
106 3151 -0.006227833533839557
106 3166 0.8206811099620552
107 108 -0.2161098080381709
107 3241 -0.006598395588535925
107 3256 -0.6641562988397248
107 3271 0.5510789564068179
107 3286 -0.6326444590985604
107 3301 0.5478476487457086
107 3316 0.2260640581234791
107 3331 -0.13171778510828816
107 3346 -0.5596914759456554
108 3421 -0.07597362769173534
108 3436 0.17245669858114904
108 3451 0.1836033017920737
108 3466 -0.10801926801120497
108 3481 0.2544080969441325
108 3496 -0.1403756787940605
108 3511 -0.06602508207122723
108 3526 -0.4065191702806782
121 122 -0.6836422333310079
121 136 0.8112723590868918
121 3061 0.810711553158586
121 3076 0.490957670290684
121 3091 0.025059243040028597
121 3106 -0.24866861484087577
121 3121 0.17174512053604118
121 3136 0.49216043841467183
122 123 -0.2506652750737695
122 137 0.6795256939749428
122 3241 0.18809604574476582
122 3256 0.7116982016415241
122 3271 -0.22572480769265052
122 3286 -0.5723853689905336
122 3301 0.13680596245023846
122 3316 -0.3819241034399895
122 3151 0.78384250629151
122 3166 0.09867456017735293
123 138 0.11172679115604417
123 3421 -0.11025663408412535
123 3436 0.6549613047420311
123 3451 0.2428081620267951
123 3466 0.8073155793043802
123 3481 -0.3155209024475911
123 3496 0.6196785255842686
123 3331 0.49663203995065447
123 3346 0.4859694785050871
136 137 0.05356249372924751
136 3061 -0.5483295357100014
136 3076 -0.36764927534554215
136 3091 0.0835708427335925
136 3106 0.012206951961512372
136 3121 0.6832488512690066
136 3136 0.16280089109450693
137 138 0.3136455810724757
137 3241 0.9288886119321467
137 3256 1.0
137 3271 0.12692615319859066
137 3286 0.32570722696344073
137 3301 0.057805264998509576
137 3316 0.1080288530621299
137 3151 1.0
137 3166 -0.12092473035189226
138 3421 -0.0545025627763385
138 3436 -0.04232073143012649
138 3451 0.5721137387443325
138 3466 -0.4303728108056678
138 3481 -0.3245779693231634
138 3496 0.31973866170732884
138 3331 0.815654593052458
138 3346 -0.6516580577962587
151 152 -0.34332097754063207
151 166 -0.06833433004487686
151 3061 0.11164286770315408
151 3076 0.576708198121488
151 3091 0.6439490697665192
151 3106 -0.1822740210313071
151 3121 -0.7224301313324547
151 3136 -0.4748634372851504
151 3001 -0.1788073196364519
151 3016 0.6348692045364869
151 3031 0.3664738254897688
151 3046 -0.16810281866183588
152 153 -0.5712451439760922
152 167 0.09307912560941148
152 3241 -0.2708535135626624
152 3256 -0.1099190981048407
152 3271 -0.3947133251662333
152 3286 0.06189789280583417
152 3301 -0.03642536024721199
152 3316 -0.3027164266971328
152 3151 0.4805672015673222
152 3166 -0.522055824891659
152 3181 -0.39044583861767235
152 3196 -0.588303979957441
152 3211 -0.24543647038778976
152 3226 -0.29533616876399543
153 168 0.8914716186556892
153 3421 -0.2699724973232196
153 3436 0.9529470479741313
153 3451 0.9834583070078574
153 3466 -0.7188510697756457
153 3481 0.2363355146584965
153 3496 0.2684994973739422
153 3331 -0.16525442024773243
153 3346 -0.7635737487417242
153 3361 -0.021861998657258623
153 3376 0.9899725794939892
153 3391 0.5773888167799446
153 3406 0.8129330159252666
166 167 0.4476962166633754
166 3061 0.4891446049820699
166 3076 0.3384965246341454
166 3091 0.2822626627605865
166 3106 0.45558121063829493
166 3121 0.021294133354918615
166 3136 0.6005527656484583
166 3001 0.6744928079882564
166 3016 0.7695662185590892
166 3031 0.5930751210448196
166 3046 1.0
167 168 0.49704822642495305
167 3241 0.4653138671824428
167 3256 0.011005434198465659
167 3271 -0.8475251996932756
167 3286 0.3963772208122301
167 3301 -0.08669383697239193
167 3316 -0.2050529825147844
167 3151 -0.3631202976368352
167 3166 -0.1362860113033389
167 3181 0.5509574074513537
167 3196 0.08235247715016815
167 3211 -0.24791002142673105
167 3226 -0.4445852836528891
168 3421 -0.2187098474611052
168 3436 -0.664334848499778
168 3451 0.8939211487417172
168 3466 0.4150252252533413
168 3481 -0.07633685454143899
168 3496 -0.23658472343476003
168 3331 -0.43973448484094524
168 3346 0.0973623861949876
168 3361 -0.2910576763951885
168 3376 -0.22528131020264297
168 3391 -0.616325957345236
168 3406 0.353290666833622
181 182 0.009987416005716497
181 196 0.6875233053741409
181 3061 -0.19790070355977274
181 3076 -0.22735847094417788
181 3001 0.45457878656868334
181 3016 0.21844647076027648
181 3031 0.615123120433094
181 3046 0.42075052984859534
182 183 -0.3956696246399618
182 197 -0.5255928846229484
182 3241 0.4833136130717794
182 3256 -0.49494570380577085
182 3091 0.17242931154119354
182 3106 0.6791845321146847
182 3121 -0.8163239241955732
182 3136 0.4844442195898287
182 3151 0.5718090177419622
182 3166 -0.49023696756893026
182 3181 0.989866125246192
182 3196 -0.26913940510548334
182 3211 -0.9121379699236147
182 3226 0.07336346897565589
183 198 0.9700973012848049
183 3421 -0.24404422707535717
183 3436 0.056923736778629566
183 3271 0.0262214022776311
183 3286 0.5205999787385992
183 3301 -0.8827410338408495
183 3316 -0.5648559964515688
183 3331 -0.5126267535186413
183 3346 0.04701364880837111
183 3361 0.5299355689828907
183 3376 -0.40920441757107157
183 3391 0.6926310509407714
183 3406 0.4877567128607547
196 197 0.3138031103736243
196 3061 -0.6925844207967646
196 3076 -0.8804626518437585
196 3001 0.5834164585769591
196 3016 -0.1718720051617191
196 3031 -0.4740276470349289
196 3046 -0.3338344944983505
197 198 0.8658957174669092
197 3241 0.6043354139910556
197 3256 -0.15283988663928122
197 3091 -0.5483581782298209
197 3106 -0.2665389888495489
197 3121 -0.8700653446469865
197 3136 0.6507458211520638
197 3151 0.0008664916923125221
197 3166 0.8217805854726511
197 3181 -1.0
197 3196 0.09531797044497232
197 3211 -0.2638730870152675
197 3226 -0.31416332525911195
198 3421 -0.7246929116530636
198 3436 0.00989725963190462
198 3271 0.7523398498762301
198 3286 -0.36329142661984887
198 3301 -0.5231055010067932
198 3316 -0.32325165973686876
198 3331 0.6015932728334397
198 3346 -0.982028953628644
198 3361 0.0845207510977403
198 3376 -0.503559530130177
198 3391 0.34791388856616395
198 3406 0.07379852684386734
211 212 -0.2347260431813815
211 226 -0.09120986383839497
211 3061 -0.7031608471837912
211 3076 0.35060757417059196
211 3001 -0.5798573322992298
211 3016 0.21246981947920124
211 3031 0.6434941510126353
211 3046 0.7022053185660089
212 213 -0.47915991733815677
212 227 0.2176165108172852
212 3241 0.3059872384771049
212 3256 -0.31876944408592983
212 3091 -0.29483456156750454
212 3106 0.139852147800765
212 3122 -0.1674479772876338
212 3137 0.3845736473325456
212 3152 0.39713811541713406
212 3167 -0.3064345250879066
212 3181 0.4008520849697567
212 3196 0.2326973412096457
212 3211 0.6763496878117001
212 3226 0.3692936079972817
213 228 0.07559691237783671
213 3421 0.1708175988449462
213 3436 0.23228716171216726
213 3271 0.3568432130660856
213 3286 -0.3514904571206283
213 3302 0.6534134964441082
213 3317 0.5147268064450751
213 3332 -0.19017589630551757
213 3347 0.23540381957038672
213 3361 0.6287594306942219
213 3376 -0.8493280061985402
213 3391 -0.32390679418799134
213 3406 -0.014469707513891083
226 227 1.0
226 3061 -0.5812735731741906
226 3076 0.020183932454590155
226 3001 1.0
226 3016 0.45260624747177125
226 3031 0.17425931598303826
226 3046 -0.2183404895301611
227 228 -0.23777478584287096
227 3241 0.14327346079940417
227 3256 -1.0
227 3091 0.7379677123264314
227 3106 -1.0
227 3122 0.5772869313398985
227 3137 0.021800432827732794
227 3152 0.42374614059469284
227 3167 -0.30053607339449817
227 3181 0.49187326871602816
227 3196 -0.4493546069951755
227 3211 -0.9697706876371079
227 3226 -0.37510189785725023
228 3421 -0.35748343079669903
228 3436 -0.4107373271700689
228 3271 -0.4097099473973603
228 3286 -0.2913405806696417
228 3302 -0.770171328955339
228 3317 -0.06002828155252594
228 3332 -0.46339442919029233
228 3347 -0.5939976794328549
228 3361 0.3865697765697062
228 3376 0.09754629384812602
228 3391 0.6474000674853826
228 3406 0.4235001749934537
241 242 -0.4732557636662802
241 256 -0.6677486050952322
241 3061 -0.22667341790480647
241 3076 -0.15493399078731387
241 3091 -0.3914035166574618
241 3106 0.4272488282373205
241 3122 -0.22932153389841953
241 3137 0.14783956880642843
241 3152 -0.1477877865086282
241 3167 0.8916835771636541
241 3181 0.04692733006299503
241 3196 -0.05339808367881923
241 3031 0.2809355804765402
241 3046 1.0
242 243 -0.4948048505322767
242 257 -0.18220273040179055
242 3241 0.17293732623888683
242 3256 0.0812754177527786
242 3271 -0.1548504086187523
242 3286 -0.3995523003216314
242 3302 0.26655752990313286
242 3317 -0.3608255991096853
242 3332 -0.1311878268388366
242 3347 0.18689390236449152
242 3361 -0.4827206573695013
242 3376 0.0980032673993021
242 3211 0.35604326349867715
242 3226 0.6771017896105138
243 258 -1.0
243 3421 0.11947306607498333
243 3436 0.4842244212804778
243 3451 0.30394254733709336
243 3466 -0.17952974427929477
243 3482 -0.6319044827479017
243 3497 0.09840246662573171
243 3512 -0.792346053044719
243 3527 -0.20127138598740038
243 3391 0.5790923365169951
243 3406 -0.08633561049718105
256 257 -0.25080911710579273
256 3061 0.2084980375358894
256 3076 -0.07985243938804389
256 3091 0.333619776727173
256 3106 -0.2226852903243589
256 3122 0.07829691464514339
256 3137 -0.49691654814096314
256 3152 -0.31592016716943444
256 3167 -0.6193638573020274
256 3181 -0.6238199600253529
256 3196 0.07882805447372919
256 3031 0.5448116006937654
256 3046 0.34199882759246364
257 258 -0.058020132234672124
257 3241 -0.8281131215625416
257 3256 0.11983506414722742
257 3271 0.06026214116306446
257 3286 -0.26100202594705246
257 3302 0.03955870917831205
257 3317 0.08481554880851758
257 3332 -0.49423382802909044
257 3347 0.07846617987537378
257 3361 0.8085555164918617
257 3376 -0.04127012101011447
257 3211 -0.8675886327361256
257 3226 0.23003554770706475
258 3421 0.23958911511821562
258 3436 0.010607655761442215
258 3451 -0.20268404010793062
258 3466 0.504403206718657
258 3482 -0.4563371675605664
258 3497 0.9439654005271108
258 3512 0.40347390782496445
258 3527 0.12209265380682222
258 3391 -0.5309568000131846
258 3406 -0.023373409450718793
271 272 -0.037234267728329544
271 286 -0.3518273503649056
271 3062 -0.4791699611077478
271 3077 0.3489921348664579
271 3092 -0.7622854782465259
271 3107 0.09847391902782646
271 3122 0.23632992529891836
271 3137 0.4560598078140117
271 3152 -0.9844446410496862
271 3167 0.2867993834392357
271 3181 -0.3200612941831408
271 3196 0.3434208174542864
271 3031 0.41958223358805574
271 3046 0.42262774341071646
272 273 0.10632453725051384
272 287 -0.17169733829496422
272 3242 -0.44891552886083963
272 3257 0.06836053077137351
272 3272 -1.0
272 3287 0.6798354807255144
272 3302 -0.16156769226175122
272 3317 -0.43605196924527556
272 3332 -0.5046755507104317
272 3347 -0.2503019839740323
272 3361 0.5915705255189447
272 3376 0.08658548637822668
272 3211 0.6172812749286269
272 3226 -0.49144513490586544
273 288 -1.0
273 3422 -0.5025555849547918
273 3437 0.20783235830297553
273 3452 -0.1304524831525332
273 3467 0.10005865446956974
273 3482 0.29585286620519974
273 3497 -0.31909180858828096
273 3512 0.7991805350649823
273 3527 -0.32851863133643605
273 3391 -0.25598009799208865
273 3406 0.31778614361478114
286 287 -0.5209171483157536
286 3062 0.4861338404224239
286 3077 0.13526468331146352
286 3092 -0.5023990563648888
286 3107 -0.16478920086505794
286 3122 0.043039091473139945
286 3137 0.02835022460958511
286 3152 -0.25085774928871524
286 3167 0.017867817049156846
286 3181 -0.901015176825577
286 3196 0.27707141746507397
286 3031 0.08398620073995981
286 3046 -0.09591786958369306
287 288 -0.36384068737175856
287 3242 0.5975577359981341
287 3257 0.20633089982820715
287 3272 -0.38127547539439277
287 3287 0.5573199226348102
287 3302 0.30191457651916026
287 3317 0.33208520400670977
287 3332 -0.2621313232193517
287 3347 -0.06776216247519587
287 3361 0.2209557081162308
287 3376 0.39698407493458904
287 3211 0.19629468366653202
287 3226 0.2022772027835223
288 3422 0.12140543954482513
288 3437 0.3238505350567631
288 3452 0.030995707699461732
288 3467 0.41534446097895417
288 3482 0.21763195430234933
288 3497 0.5690427090440356
288 3512 -1.0
288 3527 0.5454318805004986
288 3391 0.3478717999783383
288 3406 0.25145080308144463
301 302 0.4179467947521961
301 316 0.38069800105954016
301 3062 -0.2546563575976704
301 3077 -0.775212394339785
301 3092 -0.2726863128817341
301 3107 -0.20890521714754648
301 3122 0.7291874969725779
301 3137 -0.44564155916367754
301 3001 0.12148524709493294
301 3016 0.504854248889612
301 3031 0.9575928887714015
301 3046 0.23907257751305533
302 303 0.6214223151807192
302 317 -0.37661792311455766
302 3242 0.03495326070111127
302 3257 0.11944646589890048
302 3272 -0.2098778918972391
302 3287 -1.0
302 3302 0.4109182346049246
302 3317 0.11849528477007051
302 3152 0.7533847833831978
302 3167 -0.9954640399786132
302 3181 -0.5400742460419254
302 3196 0.8879441881674571
302 3211 0.027058783569977096
302 3226 -0.4151254235561454
303 318 -1.0
303 3422 -0.738179207999324
303 3437 -0.4905578626500568
303 3452 0.30774908809494156
303 3467 -0.6962941132515322
303 3482 -0.029660675617673018
303 3497 0.45071066967503065
303 3332 0.8953084762323956
303 3347 0.18198731619884684
303 3361 -0.6149362768976747
303 3376 -0.44778693431638295
303 3391 0.43388895158560875
303 3406 0.032857494806582926
316 317 0.44480851128735155
316 3062 0.022681288047320513
316 3077 0.1710942615752759
316 3092 -1.0
316 3107 0.5190766955751012
316 3122 0.31054988996955163
316 3137 -0.2728746440593715
316 3001 0.020766720247508513
316 3016 0.3448150088679345
316 3031 -0.24517727839933381
316 3046 0.11802399105929219
317 318 -0.10569070301846434
317 3242 -0.20464033452771851
317 3257 0.48006711165841326
317 3272 0.22090149849549842
317 3287 -0.6913950503635203
317 3302 0.16782656684912958
317 3317 -0.1570200638583238
317 3152 0.00941312494035251
317 3167 0.12171362556864793
317 3181 0.5988817801292454
317 3196 -0.4524289256046698
317 3211 0.5499901433507399
317 3226 0.5770308123753525
318 3422 0.3919835130893796
318 3437 -0.045112528082828444
318 3452 0.6267455203386071
318 3467 -1.0
318 3482 0.697444552873783
318 3497 -0.5512862908189848
318 3332 -0.39355445669651296
318 3347 -1.0
318 3361 0.18938474411299666
318 3376 -0.13915883536996795
318 3391 0.02157912689469352
318 3406 -0.32415250591227524
331 332 0.8129784468999031
331 346 -0.13929054407396554
331 3062 -0.0040872299847006365
331 3077 -0.3956814336303196
331 3092 -0.13720989486746912
331 3107 0.4587883489300005
331 3122 0.6405849701737653
331 3137 -0.2958936540927398
331 3002 0.6154464149322018
331 3017 1.0
331 3032 -0.6352444523892029
331 3047 0.06996523055760669
332 333 0.5044346072430077
332 347 -0.9187478987964045
332 3242 -0.3024546270376321
332 3257 0.8401475941249665
332 3272 -0.01673274360841124
332 3287 -0.22884617840953625
332 3302 -0.04750602632856464
332 3317 0.479309883254459
332 3152 0.12138552899419752
332 3167 -0.25410173798408925
332 3182 0.40332477541311146
332 3197 -0.9280410833321026
332 3212 0.08093429024896608
332 3227 0.29548794184432997
333 348 0.2914214408072691
333 3422 -0.3541245055431304
333 3437 -0.7582634880905502
333 3452 0.981937841410331
333 3467 -0.7799499198598596
333 3482 -0.16684851912473084
333 3497 -0.12097638445957899
333 3332 0.31927714034448745
333 3347 0.21634103454789583
333 3362 0.14481403047825775
333 3377 0.14056995238720124
333 3392 0.1309659879933345
333 3407 0.8272598046778757
346 347 -0.7498346426096965
346 3062 0.06754758595598048
346 3077 -0.014804174886258101
346 3092 0.8518099357941562
346 3107 0.1607873468642572
346 3122 0.08784327176398293
346 3137 -0.044367146250509124
346 3002 0.06872358602866077
346 3017 -0.23919296802030043
346 3032 0.8670419154125635
346 3047 -0.09454379379015243
347 348 -0.5774388930732736
347 3242 -0.5324383341206269
347 3257 -0.6437335624563395
347 3272 -0.01184408289356605
347 3287 -0.47919884195688156
347 3302 0.3026393001531458
347 3317 -0.6095833367724977
347 3152 -1.0
347 3167 -0.05055504244568057
347 3182 0.40753447223934347
347 3197 0.49665424147945425
347 3212 0.13029752903997538
347 3227 -0.09141277970605644
348 3422 0.3382688781740678
348 3437 -0.15905168021996752
348 3452 0.2406893154614907
348 3467 -0.23650033868195788
348 3482 0.1798867401716967
348 3497 0.5262820393093527
348 3332 -0.04002576958758493
348 3347 -0.23248226409572426
348 3362 -0.30562747487357406
348 3377 0.24528142827443572
348 3392 0.09574029008171053
348 3407 0.18422365940485505
361 362 -0.03181601177410512
361 376 0.07408755773787194
361 3062 1.0
361 3077 0.8080889906535418
361 3002 0.5904643870285218
361 3017 -0.8692004869699606
361 3032 -0.5942953203190696
361 3047 -0.3767995641243232
362 363 0.9211907614112735
362 377 -0.40641033246035374
362 3242 0.04645317866513636
362 3257 -0.4291198437302658
362 3092 -0.1966903245102244
362 3107 -0.15379735730214314
362 3122 -0.519400952866124
362 3137 -0.021497858982130483
362 3152 -0.03716536578367642
362 3167 -1.0
362 3182 -0.3627066732689294
362 3197 -0.8185272026793549
362 3212 0.029607061486003818
362 3227 -0.5838199822601164
363 378 0.5895526194198689
363 3422 0.2470048435247563
363 3437 -0.1525476980065495
363 3272 0.36977969108531983
363 3287 0.6607523552937047
363 3302 -0.17525254252072653
363 3317 -0.4450225014402142
363 3332 -0.6413688826678352
363 3347 -0.2855479626174626
363 3362 0.36722925129169975
363 3377 0.3932936510189813
363 3392 0.23854726548052152
363 3407 -0.0754856635287371
376 377 -0.17253837394805313
376 3062 0.6961298273166208
376 3077 0.06280240131002528
376 3002 0.271074179934722
376 3017 -0.48760211180145724
376 3032 0.39886674687710005
376 3047 -0.03149240623803874
377 378 -0.1896598126005398
377 3242 -0.47492299572884467
377 3257 -0.8047991825528952
377 3092 -0.2909645293056614
377 3107 0.5789217850353594
377 3122 -0.06308806697184334
377 3137 0.11235996442854483
377 3152 -0.13781292898469225
377 3167 1.0
377 3182 0.457734513855897
377 3197 -0.07959454541800717
377 3212 0.8737480185236817
377 3227 0.5707566603359344
378 3422 0.13815435708198065
378 3437 -0.263511439202665
378 3272 -0.3488556276188034
378 3287 -0.14712311355238392
378 3302 0.03867724396285966
378 3317 0.2829234377471411
378 3332 -0.5779696955851858
378 3347 0.7635138291700063
378 3362 0.10654039201865487
378 3377 0.06706897196796598
378 3392 -0.019467424475047044
378 3407 0.2805175173268846
391 392 -0.19716766469254038
391 406 -0.5333107926300167
391 3062 0.34580272302798337
391 3077 -0.08447018299187234
391 3002 -0.3303464106487531
391 3017 -0.01596693576357738
391 3032 1.0
391 3047 -0.11547679071035523
392 393 0.355414205508476
392 407 0.502879476998325
392 3242 -0.31579700039541436
392 3257 0.6770923201228047
392 3092 -0.45457723760042357
392 3107 -0.21368580050673666
392 3123 -0.24491763746243767
392 3138 -0.18659464164769815
392 3153 0.0039727421691656386
392 3168 0.05597243001624327
392 3182 -1.0
392 3197 0.323164907463542
392 3212 0.7354681722730364
392 3227 0.09804336021527846
393 408 -0.3132961156444261
393 3422 -0.1560074854102398
393 3437 0.31525497984456125
393 3272 -0.08538224096342407
393 3287 0.779979710631667
393 3303 -0.3808164050063058
393 3318 -0.20132189445444382
393 3333 -0.6601386666711917
393 3348 0.4286415336291704
393 3362 -0.04540189106698617
393 3377 0.5688531454458307
393 3392 1.0
393 3407 -0.23849999741006742
406 407 -0.28940371923432007
406 3062 -0.05509193416508714
406 3077 -0.14420340168022058
406 3002 -0.44017360986921583
406 3017 -0.02303276592756546
406 3032 0.2732688969631975
406 3047 0.1199168955740681
407 408 0.18410946496164945
407 3242 0.01816574648327304
407 3257 1.0
407 3092 0.5714051135938282
407 3107 1.0
407 3123 0.1200652019604099
407 3138 0.10501638239352921
407 3153 0.48793152971253506
407 3168 0.19737481696937084
407 3182 0.24121622808334528
407 3197 -0.06174887757506851
407 3212 0.6826126005665146
407 3227 -0.7593838570506916
408 3422 0.30708408850172214
408 3437 -0.16477789158151615
408 3272 -0.5766865820067938
408 3287 -0.37868098902994807
408 3303 0.4192573544086587
408 3318 -0.6859951658138537
408 3333 0.9751511541878961
408 3348 -0.41872667013025117
408 3362 0.18224825017245455
408 3377 -0.24098030335478854
408 3392 0.09930908688301135
408 3407 0.85079423895989
421 422 0.044274214165189715
421 436 0.9592598572743843
421 3062 -0.8431367683192147
421 3077 -0.01255119438961989
421 3092 0.6774932552694561
421 3107 -0.17757818292569072
421 3123 -0.11789069252230058
421 3138 -0.1562800169054279
421 3153 1.0
421 3168 0.05309031301714932
421 3182 0.19742353811228228
421 3197 -0.1852419608905342
421 3032 0.0423508369763614
421 3047 -0.17148501497870794
422 423 -0.6461954253972911
422 437 0.782571946776138
422 3242 0.6119772932161308
422 3257 0.06136283445610006
422 3272 -0.28715143747937283
422 3287 -1.0
422 3303 0.04326778181991472
422 3318 -0.17768083872735507
422 3333 0.11955721756616257
422 3348 0.5911585690624638
422 3362 -0.8918152048516373
422 3377 0.7745700502674182
422 3212 0.029322687055573046
422 3227 -0.38863998690448875
423 438 -0.14167045296498762
423 3422 0.18081923929930457
423 3437 -0.47631668110815767
423 3452 0.5812149265296226
423 3467 0.2395881316294868
423 3483 0.2006673434144496
423 3498 -0.1571004323210893
423 3513 -0.3559569492308187
423 3528 -0.39964381896473417
423 3392 0.104371803834306
423 3407 0.5274751733732411
436 437 -0.3705893585807967
436 3062 0.030704232349387264
436 3077 -0.5330258891786367
436 3092 -1.0
436 3107 -0.5520548835185386
436 3123 -0.10961522522788615
436 3138 0.4226475564431897
436 3153 -0.14439862837443793
436 3168 0.31791046695834985
436 3182 -0.6504739307968606
436 3197 -0.1444971261500402
436 3032 -0.1852808256595571
436 3047 -1.0
437 438 0.31381540996975565
437 3242 -0.5417579628033167
437 3257 -0.22421269925122606
437 3272 0.8080872514628882
437 3287 -0.21241474404120977
437 3303 0.11806985570228576
437 3318 0.41828616080154807
437 3333 1.0
437 3348 -0.030683662827492582
437 3362 0.11601598196943255
437 3377 0.21390804500058258
437 3212 -0.9514245514182754
437 3227 0.2184615563962952
438 3422 -0.4031569837263895
438 3437 0.21400611428093172
438 3452 0.30433090183897143
438 3467 0.11011892558087459
438 3483 0.49403870731507415
438 3498 -0.20205573344822902
438 3513 0.3166430875994163
438 3528 0.26113004149929775
438 3392 0.37099642295158475
438 3407 -0.17262177530670234
451 452 0.5208955855682432
451 466 -0.8642506036100419
451 3063 -0.11044965202523546
451 3078 -0.04593603046273927
451 3093 -0.1728236410411964
451 3108 -0.2754365215447146
451 3123 -0.14747523514635502
451 3138 0.9627377886643348
451 3153 -0.2269082902558998
451 3168 0.10435933315464978
451 3182 0.1232725499240624
451 3197 -0.3967373269296119
451 3032 0.46678901201853845
451 3047 -1.0
452 453 -0.799515985240132
452 467 -0.2233250097952723
452 3243 0.21507210157622528
452 3258 -0.29802513718734297
452 3273 -0.4093419415430317
452 3288 -0.37277264342908845
452 3303 -0.0459945118936619
452 3318 0.1812576702537083
452 3333 0.03573010458330013
452 3348 -0.3074291952382822
452 3362 0.010828838849621363
452 3377 -0.27320183093508615
452 3212 -0.7690260343267699
452 3227 -0.3987168812571857
453 468 -1.0
453 3423 -0.27141789224300994
453 3438 -0.7632161978179457
453 3453 0.05822535946074167
453 3468 0.15751818745896048
453 3483 -0.6851991323259401
453 3498 -0.20410967864502988
453 3513 -0.1893618870745993
453 3528 0.29423769546281126
453 3392 0.9808996654767517
453 3407 1.0
466 467 0.46396204378834227
466 3063 0.5635820589963397
466 3078 0.2079752591068723
466 3093 0.02318114706506596
466 3108 0.58763204531682
466 3123 -0.7334272670920143
466 3138 1.0
466 3153 0.037394968901090744
466 3168 -0.248107225387111
466 3182 0.8442371980740988
466 3197 0.5684490574414183
466 3032 0.31811501282565596
466 3047 0.05480700471213665
467 468 0.356625822424649
467 3243 -0.2504654946152949
467 3258 1.0
467 3273 -0.3109858493476348
467 3288 0.07546222964257501
467 3303 0.6143478512536117
467 3318 0.2418023005849031
467 3333 0.5606480795791275
467 3348 0.6661933210679781
467 3362 -0.2579419669458188
467 3377 1.0
467 3212 -0.4589761686564455
467 3227 -1.0
468 3423 -0.5176286819808921
468 3438 0.734950876673923
468 3453 -1.0
468 3468 0.6069394959634425
468 3483 -0.03457929985805519
468 3498 -0.15448603606658268
468 3513 -0.06454998552976443
468 3528 0.1985074690532146
468 3392 -0.36062173613875675
468 3407 0.44284122853457886
481 482 -0.6054648787798937
481 496 -0.0035748622133513278
481 3063 -0.8604986185867919
481 3078 0.6040316687140797
481 3093 -0.3057298051718185
481 3108 -0.29074113274578195
481 3123 -0.8252058331884377
481 3138 -0.5392961645517991
481 3002 0.6787556060136422
481 3017 -0.9613911708229693
481 3032 -0.6749850190305358
481 3047 0.14158095460797576
482 483 0.6593838390806974
482 497 0.795938021925748
482 3243 0.7362190394602076
482 3258 -0.42229282862895995
482 3273 0.03036490958224401
482 3288 -0.3621677666251685
482 3303 0.08231616126033724
482 3318 0.44007817522316306
482 3153 -0.366111027672669
482 3168 0.18295586271009964
482 3182 -0.023349781522678078
482 3197 -0.15076794339417393
482 3212 0.15518272654925971
482 3227 0.1330953847155231
483 498 -0.362373005349957
483 3423 -0.5439513719433211
483 3438 0.5418775771254339
483 3453 -0.4290786446998894
483 3468 -0.4395248001764919
483 3483 0.4431641957902858
483 3498 -0.51990292862034
483 3333 -1.0
483 3348 0.10957186062722862
483 3362 0.9055322768082843
483 3377 -0.8501591579388588
483 3392 0.1131305369939001
483 3407 0.2454132094715106
496 497 -0.09704019040124336
496 3063 -0.2643014735721856
496 3078 0.5802553253479642
496 3093 0.6244828252567538
496 3108 0.23747823923350897
496 3123 -0.15729314640481076
496 3138 -0.3867447090398488
496 3002 0.3827985088859345
496 3017 -0.1625338578242828
496 3032 -0.5874812537519158
496 3047 -0.19811557955758655
497 498 0.2677827833980192
497 3243 0.2170877654812104
497 3258 0.18830250260169293
497 3273 -0.41330199021044783
497 3288 -0.0014578245725742696
497 3303 -0.29962951675864125
497 3318 0.43770744473311546
497 3153 0.12870402194391
497 3168 -1.0
497 3182 -0.29913172913199837
497 3197 -0.42536849680490074
497 3212 -0.49681745102036107
497 3227 -0.18760049046146188
498 3423 0.37766918473839173
498 3438 -0.3256167680285989
498 3453 -0.25630348875272374
498 3468 -0.8778736468997689
498 3483 0.3595666764092447
498 3498 -0.08864985673304808
498 3333 -0.49722638164683397
498 3348 0.1827343322583953
498 3362 -0.6794753036683377
498 3377 -0.44519153271329603
498 3392 -0.2831852419504757
498 3407 0.001306943511939432
511 512 0.4182886631914381
511 526 -1.0
511 3063 -0.15589327275391449
511 3078 0.36260368173943586
511 3093 -0.48539884876592587
511 3108 -0.8887329638547414
511 3123 0.44645822541955044
511 3138 -0.3513622789025906
511 3003 0.593514735828178
511 3018 0.3611442467839367
511 3033 -0.18206905493410885
511 3048 -0.24730265810118116
512 513 0.8689158450822647
512 527 0.2717008184286056
512 3243 0.45866563060177573
512 3258 0.670480815323904
512 3273 0.35264992482821655
512 3288 -0.057234171571736644
512 3303 -1.0
512 3318 -0.758349988661573
512 3153 -0.04210810239444095
512 3168 -0.174212877909175
512 3183 0.11902529930807187
512 3198 0.7334239322734417
512 3213 0.5581815701951242
512 3228 0.6513258589779756
513 528 -0.4436044710493894
513 3423 -0.2103638614553078
513 3438 -0.7018864206044172
513 3453 -0.6227032338222355
513 3468 -1.0
513 3483 0.8074898535509547
513 3498 -0.3160683521335285
513 3333 0.4084303526240305
513 3348 -0.8406372436973311
513 3363 -0.2313112517880555
513 3378 0.19100824864391566
513 3393 -0.34498777910173717
513 3408 0.15222133001596377
526 527 0.4595093323507278
526 3063 0.7970282985511005
526 3078 0.14104932094290193
526 3093 -0.5498430655814954
526 3108 0.21948199730004841
526 3123 0.07193538843004868
526 3138 0.12835303273484652
526 3003 0.24092491353553866
526 3018 -0.3965253373136261
526 3033 0.22602928756099172
526 3048 -0.7526216038123751
527 528 0.4891907462916192
527 3243 -0.8261646185012821
527 3258 0.2242038137894847
527 3273 1.0
527 3288 -0.04414830831849501
527 3303 0.6154729112264166
527 3318 -0.052957195866803995
527 3153 0.7239886861124494
527 3168 0.5978460133466731
527 3183 -0.09973888959193669
527 3198 -0.6815196577177131
527 3213 0.6960096877389552
527 3228 -0.20827027029584605
528 3423 -1.0
528 3438 -0.23307922141994797
528 3453 -0.03288412037951483
528 3468 -0.5779534882298212
528 3483 -0.6097529966636562
528 3498 -0.08629940994650354
528 3333 0.02951655821975841
528 3348 0.33129219442679864
528 3363 0.06517551465899994
528 3378 0.31541957857150005
528 3393 -0.4675711730959638
528 3408 0.06403339541368441
541 542 0.4724644286958926
541 556 -0.31559199754878436
541 3063 0.40033705295159144
541 3078 -0.5051895464237384
541 3003 -0.26901122585444115
541 3018 -0.6035523595484997
541 3033 0.7278351964826603
541 3048 0.27809839183375235
542 543 -0.5962221575493752
542 557 -0.7190321274172072
542 3243 -0.3191327397655485
542 3258 -0.41244588560993506
542 3093 -0.09035690554442562
542 3108 -0.5079254826624285
542 3123 0.6930188197601422
542 3138 -0.37944595779651397
542 3153 -0.47996246580029284
542 3168 -0.8016842006844954
542 3183 0.31922964818416566
542 3198 -0.19746802517281023
542 3213 -1.0
542 3228 0.0029662649097931984
543 558 0.3514170291054994
543 3423 -0.21141619140696943
543 3438 -0.25496472400808634
543 3273 -0.36764465027295345
543 3288 0.2678054876792818
543 3303 0.7980636150126676
543 3318 0.3076802736725003
543 3333 0.9391717825594758
543 3348 0.26047370387769636
543 3363 0.008026074819622166
543 3378 0.19107484360476518
543 3393 -0.011519237804958704
543 3408 0.12822320198132972
556 557 0.1276845776869362
556 3063 0.16571696933462207
556 3078 -0.6067484268711043
556 3003 0.22381725072913172
556 3018 0.5625366695950956
556 3033 0.28251426463035145
556 3048 -0.3184952838782896
557 558 -0.2955379981417069
557 3243 -0.6172294274524288
557 3258 -0.168554582819508
557 3093 0.2882446940412253
557 3108 0.8681552766220287
557 3123 0.055911564369584124
557 3138 0.045143304067881675
557 3153 0.22350566209899556
557 3168 -0.4235741317092474
557 3183 -0.3933365682799839
557 3198 -0.15426248132513795
557 3213 0.001697614441413433
557 3228 -0.9254332033805128
558 3423 0.1714422764181125
558 3438 0.0842800936307161
558 3273 0.41207186867520706
558 3288 -0.6313046516735157
558 3303 0.29273478170246603
558 3318 0.5523992708587243
558 3333 0.08577510330821332
558 3348 -0.19840315867839406
558 3363 -0.2950922095447971
558 3378 0.5705908837990258
558 3393 -0.4978872759669459
558 3408 0.632984339074048
571 572 -0.6420167908038602
571 586 0.1156976281732221
571 3063 0.31489048792095276
571 3078 -0.7836904819477599
571 3003 -0.2252109724701862
571 3018 0.32327497560403895
571 3033 0.27100868737557765
571 3048 -0.260767058176057
572 573 0.23076565960951897
572 587 -0.22988206030981043
572 3243 0.38194761333821053
572 3258 0.2848148770154487
572 3093 0.4625247161604289
572 3108 0.6969104615597218
572 3183 -0.856294801971068
572 3198 -0.010870852165315449
572 3213 0.7664305890530806
572 3228 0.20672750830522224
573 588 -1.0
573 3423 -0.7243338494219171
573 3438 0.03255882484910339
573 3273 0.23378170112043634
573 3288 -0.5895117702209378
573 3363 -0.04158061547820959
573 3378 -0.0829494068982396
573 3393 -0.22067002246754733
573 3408 0.8114756951568238
586 587 0.10158216697042594
586 3063 -0.3729788083737638
586 3078 -0.09755931769656125
586 3003 -0.09639108347043053
586 3018 0.22583571894720877
586 3033 -0.3122344842150849
586 3048 0.3125160018348084
587 588 0.32963369192681957
587 3243 0.16004996954066994
587 3258 -0.5532452054967092
587 3093 -0.7662594761501728
587 3108 -0.16221625442043786
587 3183 0.3539554646412856
587 3198 0.036088685930165766
587 3213 0.25763842493531824
587 3228 0.5730530125133473
588 3423 -0.20288024716432668
588 3438 -1.0
588 3273 -1.0
588 3288 0.3986504472549902
588 3363 -0.730481146405492
588 3378 -0.2705426424750213
588 3393 0.19572552624002695
588 3408 -0.8953786522965029
3001 3002 -0.21803204333130335
3001 3016 -0.14994040246085735
3002 3003 0.8225898209480592
3002 3017 0.4361480675265485
3003 3018 -0.2635294447871693
3016 3017 0.0025355938634241083
3017 3018 0.25380719778332317
3031 3032 0.3764636091635886
3031 3046 -0.04319193934017039
3032 3033 0.4452035465969779
3032 3047 -0.6651511912544977
3033 3048 0.04769188523246757
3046 3047 0.025903897532315482
3047 3048 -0.08585111803327188
3061 3062 -0.13638161159434542
3061 3076 -0.0930460437602786
3062 3063 -0.279724774214983
3062 3077 0.9831689397056653
3063 3078 -0.014553851817627032
3076 3077 0.6574686886426924
3077 3078 -0.3049910094097617
3091 3092 -0.2725027073258401
3091 3106 0.057885804507234816
3092 3093 -0.006418630353180887
3092 3107 0.18312176216081363
3093 3108 -0.5720903795256499
3106 3107 0.04809582583458011
3107 3108 -0.7087810309356469
3121 3122 0.0648165660758769
3121 3136 0.18662312960643468
3122 3123 -0.7576698167408339
3122 3137 0.12594900274579568
3123 3138 0.7899767851521942
3136 3137 -1.0
3137 3138 0.2690467400344466
3151 3152 0.014160880505648264
3151 3166 0.9734112652850339
3152 3153 -0.3467143621930627
3152 3167 -0.5429945990479509
3153 3168 -0.681740372164884
3166 3167 0.3321080796718589
3167 3168 -0.0963348500877274
3181 3182 -0.7255868001915471
3181 3196 0.307754328025845
3182 3183 1.0
3182 3197 -0.19143607270388552
3183 3198 -0.6370909001311399
3196 3197 -0.36704772227271587
3197 3198 -0.5918409795711269
3211 3212 -0.16568342377234646
3211 3226 0.006432473248081452
3212 3213 -0.13936633899124645
3212 3227 -0.012289887516596602
3213 3228 -0.46557700897641174
3226 3227 0.4147560171082287
3227 3228 -0.36958511595365323
3241 3242 0.6191379950995025
3241 3256 -0.2875166592265072
3242 3243 0.4171547622894653
3242 3257 0.7257214648776938
3243 3258 -0.614318825253043
3256 3257 0.09021400482727168
3257 3258 -0.48905721328325913
3271 3272 0.6749277251617294
3271 3286 -0.3898785002231991
3272 3273 -0.9874778585411165
3272 3287 -0.2959821401767888
3273 3288 -0.5809793587063946
3286 3287 1.0
3287 3288 0.1317207782520214
3301 3302 0.624900565428297
3301 3316 0.31644210796181
3302 3303 -0.38612386184128344
3302 3317 -0.196597928441004
3303 3318 0.2394448527601956
3316 3317 -0.4894522604565853
3317 3318 0.25189557690981973
3331 3332 -0.16822155125537072
3331 3346 -0.0955571058549133
3332 3333 0.21616762673881174
3332 3347 -0.290164097783366
3333 3348 0.19554016693036336
3346 3347 0.6062715772803603
3347 3348 -0.9844290389554399
3361 3362 0.43532428363035874
3361 3376 0.2739462863096563
3362 3363 -0.7751016071207126
3362 3377 0.3432298545247027
3363 3378 -0.4232013638722168
3376 3377 0.10188106843452008
3377 3378 0.03892353269468424
3391 3392 0.2093533966763042
3391 3406 0.21702988092220016
3392 3393 -0.3511860638921204
3392 3407 -0.8798549341249934
3393 3408 1.0
3406 3407 0.1454853524803615
3407 3408 -0.30114563039827225
3421 3422 -0.3245587906233319
3421 3436 -0.48414412105826915
3422 3423 0.058366849794580095
3422 3437 0.5325728380489795
3423 3438 -0.42984168657226696
3436 3437 0.1794122407793422
3437 3438 -0.45388281810449127
3451 3452 -0.4032513809910988
3451 3466 -0.8261574077553774
3452 3453 -0.10257979176573925
3452 3467 -0.44543009759011004
3453 3468 -0.8161591594589482
3466 3467 0.1032872752745904
3467 3468 -0.1512625521907728
3481 3482 0.3665044616036582
3481 3496 0.4026079583655196
3482 3483 -0.05574390097240385
3482 3497 0.8796129788355487
3483 3498 0.33373956508627706
3496 3497 0.8587182201993089
3497 3498 0.14958745982307262
3511 3512 -0.25625303864803445
3511 3526 -0.264412770149801
3512 3513 0.5463435295267528
3512 3527 -0.15498569138304527
3513 3528 1.0
3526 3527 0.8618401943980962
3527 3528 -0.23262369029338892
