# 
61 61 -0.6572517723994266
62 62 0.0707641575637174
63 63 -0.8072476692149209
76 76 1.6035015502252108
77 77 0.5266914073260885
78 78 1.5348887133654445
91 91 1.8998241708506038
92 92 -1.1616605707832368
93 93 -0.29917071260914246
106 106 1.6048912375196192
107 107 1.217559248442403
108 108 0.9585283762034552
121 121 0.356278979190093
122 122 -0.15363791604363677
123 123 1.5203672282855707
136 136 -1.2633920786883448
137 137 1.0574217000529844
138 138 -0.9336740814486475
151 151 -0.1918246210353557
152 152 -1.7252651838172708
153 153 -0.2050820320348968
166 166 -0.6491196484291721
167 167 0.9495721746466477
168 168 -0.0726271797855595
181 181 1.0669901915144133
182 182 -0.57548791892668
183 183 -0.17498781469902258
196 196 0.7340392984438403
197 197 -2.152723730193195
198 198 -1.1303240701891597
211 211 -2.5020698424455086
212 212 1.3814244570510443
213 213 -0.5079492128087713
226 226 0.8416746646588074
227 227 2.1544129650937416
228 228 0.6486892028282405
241 241 1.6890462321466504
242 242 0.427548886068104
243 243 -1.520214354819904
256 256 0.16534174385958103
257 257 1.9555397472521436
258 258 -0.6896468519291659
271 271 1.1505440047241322
272 272 0.4872629194142815
273 273 1.0320474192013311
286 286 1.0192096837373688
287 287 -0.0616466151177367
288 288 1.4114842577687883
301 301 0.6196220299740042
302 302 1.4073864006683774
303 303 -0.6796332691551884
316 316 -1.1413086574445013
317 317 -2.606777941010853
318 318 -0.6066151577822418
331 331 -0.17366202019074248
332 332 -0.9114782073517974
333 333 -0.2867004920629518
346 346 0.617097620555623
347 347 1.3367547818628818
348 348 0.30410691546000107
361 361 0.7099013230959871
362 362 0.12554687958038221
363 363 0.24059130875199944
376 376 2.0188563429865884
377 377 0.8042345765906448
378 378 -2.3217630809952072
391 391 0.5960499961702681
392 392 0.195792361132558
393 393 -0.01584473905715201
406 406 -0.09562174546208325
407 407 -0.05097605227149292
408 408 -0.7878465296410421
421 421 0.0367343910676376
422 422 -0.908657188061667
423 423 1.9645666943787055
436 436 1.4201145947722573
437 437 1.5753261614148093
438 438 1.0546135115777235
451 451 -1.497127153677886
452 452 0.6623835052646685
453 453 -1.0484634385632088
466 466 1.6293678577819786
467 467 0.5867081159567887
468 468 0.8977421560787556
481 481 0.4535661049515696
482 482 1.3259296230218647
483 483 0.36469349159812786
496 496 0.749320238128183
497 497 -0.5003538213479479
498 498 -0.37639094175735804
511 511 -0.6693888487358733
512 512 1.0826105282537406
513 513 -1.1696942054655708
526 526 -1.6074171319078014
527 527 -0.6114491558622658
528 528 -0.6229624595871823
541 541 0.4658194808076767
542 542 0.8422535938169136
543 543 0.07451253481419687
556 556 -0.7067775627635259
557 557 0.06091957426582889
558 558 -0.4221686972212149
571 571 -0.36627277539578684
572 572 -1.5418005140178734
573 573 0.6695251688983361
586 586 -0.3832411180193814
587 587 -2.38290572776453
588 588 0.6369688677166521
3001 3001 1.038245309626356
3002 3002 0.5751147357053721
3003 3003 0.5953368661519046
3016 3016 0.943238261275634
3017 3017 0.03637430845090377
3018 3018 -0.0843097652774398
3031 3031 -0.6180227392458082
3032 3032 0.3980265224078065
3033 3033 -2.3635977162591306
3046 3046 -0.6230870713959151
3047 3047 -1.1800238995568175
3048 3048 0.7104597835257671
3061 3061 0.8537408105261073
3062 3062 -1.0786999346804251
3063 3063 -1.080815239158024
3076 3076 0.6811318181169679
3077 3077 -0.03900767339157871
3078 3078 -0.0005481978620844396
3091 3091 0.1518331823636695
3092 3092 -0.7071170800491121
3093 3093 0.23589804247395102
3106 3106 -0.92741385877034
3107 3107 -0.4016056414024328
3108 3108 -1.266353443146669
3121 3121 0.8400399997708348
3122 3122 0.43604726427215845
3123 3123 -0.1599309346089071
3136 3136 1.443642468755885
3137 3137 0.2828788870790671
3138 3138 -0.6357590618155047
3151 3151 -0.25355016867270486
3152 3152 1.0256358112612944
3153 3153 0.8539818607508023
3166 3166 -0.14925580395251228
3167 3167 1.2291523506355186
3168 3168 1.1747924935423528
3181 3181 0.8074192661794726
3182 3182 1.3874356253172313
3183 3183 0.3120941433231555
3196 3196 -1.3177857763445697
3197 3197 0.18298390266131506
3198 3198 -0.8024601264954473
3211 3211 0.32469112855560717
3212 3212 1.733954179476249
3213 3213 -1.1331453433076502
3226 3226 -0.05312545624547977
3227 3227 0.7872867814482601
3228 3228 -0.9114455245800628
3241 3241 0.8770569379576972
3242 3242 1.1450653477918031
3243 3243 0.7949282337557727
3256 3256 0.5420677033684627
3257 3257 -1.1257482217540673
3258 3258 -1.5517563471220004
3271 3271 1.1169082925489937
3272 3272 1.988652744435079
3273 3273 -1.1959255230193766
3286 3286 -0.9776040197643242
3287 3287 -1.7919385430613073
3288 3288 0.7188501267331302
3301 3301 0.6533149503189534
3302 3302 0.6011348449585915
3303 3303 0.38720406241813066
3316 3316 1.6866830695462773
3317 3317 0.7898149733355183
3318 3318 0.14160847843728777
3331 3331 -0.7014096189823855
3332 3332 0.1429869828952249
3333 3333 0.38167073015951425
3346 3346 -0.308047946824253
3347 3347 1.4911045760469475
3348 3348 -0.7131970603552208
3361 3361 0.862870428543177
3362 3362 0.8882795002899828
3363 3363 0.18070332928362795
3376 3376 2.41666718685342
3377 3377 -1.1801489663140514
3378 3378 0.8832758810645933
3391 3391 -0.32509502360909276
3392 3392 -0.8718011981704229
3393 3393 -1.5147030383184916
3406 3406 0.7028164219827594
3407 3407 -0.1187964895205253
3408 3408 0.9571178287078321
3421 3421 -0.17899464825123512
3422 3422 0.978210332170523
3423 3423 -0.5325405263312318
3436 3436 -0.30496333786566454
3437 3437 -1.8455033316323344
3438 3438 -0.053714246659913846
3451 3451 -0.9351790614086625
3452 3452 1.3242306076907442
3453 3453 0.8007668429897421
3466 3466 0.20067210576847586
3467 3467 -1.4294197869639758
3468 3468 -1.130154181730894
3481 3481 0.6844394283648589
3482 3482 1.7795618752420115
3483 3483 0.9687926961672456
3496 3496 0.8620558692846839
3497 3497 1.2996607290308573
3498 3498 0.49066330423107674
3511 3511 0.42629458066316894
3512 3512 0.900504745917223
3513 3513 -1.330783159880041
3526 3526 -0.5304953165289384
3527 3527 1.3236492721235174
3528 3528 0.036422476574582384
61 62 -0.044564311473755336
61 76 0.9831736879842032
61 3121 -0.18910092912817877
61 3136 0.17060729690421175
61 3151 -0.19766637044102464
61 3166 0.06218700346783666
62 63 0.22600534189536345
62 77 -0.5548870688602987
62 3301 0.4345504523735549
62 3316 0.1887802087411843
62 3331 -0.42683288314644124
62 3346 -0.24811388041594143
63 78 1.0
63 3481 -0.01587444757403495
63 3496 0.6404682181173529
63 3511 0.31446660618875427
63 3526 0.431193009692428
76 77 -0.16950032036978888
76 3121 -0.048226735621154954
76 3136 -0.005857923233608109
76 3151 -0.7858368042229571
76 3166 -0.7121683697205388
77 78 0.0754401820052911
77 3301 -0.17041616165695067
77 3316 0.025016011729303476
77 3331 0.054393599777040544
77 3346 0.012327135706105698
78 3481 0.5598573996207203
78 3496 0.3623732577533279
78 3511 0.07140769944326901
78 3526 -0.4048797115222477
91 92 0.22309032657360536
91 106 0.0003117811865914983
91 3061 -0.34366722912656894
91 3076 -0.36727197283246377
91 3091 -0.8186859600813949
91 3106 0.1881547648950715
91 3121 -1.0
91 3136 -0.2956792176153847
91 3151 -0.18623599712253153
91 3166 -0.24957813424915612
92 93 -0.049171743550423315
92 107 0.39683892920464925
92 3241 0.4066269187947362
92 3256 0.9264234696898235
92 3271 0.5412504948427574
92 3286 0.2698343866881715
92 3301 0.5278475935615218
92 3316 -0.011951559883278317
92 3331 0.03987223398876085
92 3346 0.684570133360271
93 108 0.7776154593510501
93 3421 -0.49991841532378445
93 3436 0.007265568934077901
93 3451 -0.04564161714605059
93 3466 -0.2224798326966345
93 3481 0.2699551832382295
93 3496 0.2708875297228817
93 3511 -0.07077468199121915
93 3526 -1.0
106 107 0.8912284575088965
106 3061 -0.04953859703621937
106 3076 0.22906494652493084
106 3091 0.34498192143218387
106 3106 0.601289137330104
106 3121 -1.0
106 3136 0.2353234305935916
106 3151 1.0
106 3166 0.16525903901348057
107 108 -0.2522356685265024
107 3241 0.5933505921206168
107 3256 -0.13924762606806984
107 3271 0.22595980698950782
107 3286 0.16947908218617322
107 3301 0.4007986834623893
107 3316 0.4285987696998879
107 3331 1.0
107 3346 -0.33618761272390707
108 3421 -0.052885208569567375
108 3436 -0.5673319500398939
108 3451 -0.615043987836535
108 3466 0.5420167757985681
108 3481 -0.21373381610588896
108 3496 -1.0
108 3511 0.23511381045066732
108 3526 -0.1605727816850279
121 122 0.38520161744361986
121 136 0.7408494898824532
121 3061 0.3304690341668704
121 3076 -0.690770627146869
121 3091 -0.02303981646218855
121 3106 -0.23194093977159413
121 3121 -0.9979011692215801
121 3136 -0.787314403261284
122 123 0.3970639628530988
122 137 0.5709059962955876
122 3241 0.38532115207318896
122 3256 -0.2504356250489791
122 3271 0.20141921879336083
122 3286 0.055750767305261656
122 3301 0.19245878303632263
122 3316 0.687643094472845
122 3151 -0.14570703962002454
122 3166 0.22619903505627134
123 138 0.36930081433170353
123 3421 -0.29410747386157593
123 3436 -0.28404513170062407
123 3451 -0.6478795586460205
123 3466 -0.5373612955333206
123 3481 -0.9100286875305552
123 3496 0.43276803747778464
123 3331 -0.4778014166885835
123 3346 0.0435115990989262
136 137 0.3479842381568855
136 3061 -0.029525365705449547
136 3076 0.5224431149501049
136 3091 -0.31953536969818186
136 3106 0.09783664029564117
136 3121 0.05172291440217376
136 3136 0.04247818709520229
137 138 -0.5557828102735435
137 3241 -0.0680972689590129
137 3256 0.32714425204708375
137 3271 -0.8872189031182911
137 3286 0.49060683152273943
137 3301 -0.5143023636529189
137 3316 -0.7825803554958863
137 3151 -0.03822369160039102
137 3166 -0.26227493363974436
138 3421 -0.5618355658136672
138 3436 0.052103993236234415
138 3451 -0.8004732741026457
138 3466 0.11752812233505208
138 3481 -0.20160268409237717
138 3496 -0.6759264159989204
138 3331 0.4854307690488776
138 3346 0.3937373502408392
151 152 -0.3049371738889068
151 166 -0.6270322264903373
151 3061 0.08786059263695906
151 3076 -0.5217689600485363
151 3091 -0.2704540450437837
151 3106 -0.6264546082753274
151 3121 0.5352626944741209
151 3136 -0.034267656390398436
151 3001 -0.45227357606651364
151 3016 0.8415791895246333
151 3031 -0.051800857111673114
151 3046 0.3020401540616679
152 153 -0.6650058243516926
152 167 -0.012909983814047055
152 3241 -0.659898479039627
152 3256 0.03706704301720912
152 3271 0.7600389363774913
152 3286 -0.010115261467455183
152 3301 0.15387791551048677
152 3316 0.17718793335458694
152 3151 -1.0
152 3166 0.8308138823711942
152 3181 -0.8809945049038084
152 3196 -0.3888313415072775
152 3211 -0.26479447519403665
152 3226 0.35980417271916965
153 168 0.4374483510126878
153 3421 -0.09564743872056501
153 3436 0.4239450599569381
153 3451 0.05529257969348266
153 3466 -0.7857299959162037
153 3481 -0.3412815249281603
153 3496 0.20467326159650784
153 3331 0.7244791050189977
153 3346 0.5680612879662027
153 3361 -0.06775445215059524
153 3376 -0.7290233793834608
153 3391 -0.19079949321611753
153 3406 0.09039645810406709
166 167 -0.23636417815130226
166 3061 0.6505815328759698
166 3076 -0.37751526840847516
166 3091 -0.878936510383353
166 3106 -0.2511560801271989
166 3121 -0.058828514862045295
166 3136 -0.03512264730276868
166 3001 -0.5022050880820037
166 3016 -0.8156150272864935
166 3031 -0.20169685811879293
166 3046 -0.2884471987386596
167 168 0.37294750601640814
167 3241 0.02060635346929794
167 3256 0.2731636028577536
167 3271 0.6047152807365145
167 3286 -0.16995462744736173
167 3301 -0.6780720900272162
167 3316 -1.0
167 3151 -0.7237150145967436
167 3166 1.0
167 3181 1.0
167 3196 -0.004308596320895796
167 3211 0.269295121394635
167 3226 -0.38458850392615246
168 3421 -0.46273490058713806
168 3436 1.0
168 3451 0.19820929084746133
168 3466 0.6822628344442723
168 3481 -1.0
168 3496 -0.31830583168997956
168 3331 0.119258136985782
168 3346 0.2114594667972312
168 3361 -0.005965156024677976
168 3376 1.0
168 3391 -0.019308727732231443
168 3406 -1.0
181 182 0.4658966942647393
181 196 -0.07995895919283436
181 3061 0.44935138522682716
181 3076 0.3174073701622013
181 3001 0.11421013303660059
181 3016 -0.6451856062702801
181 3031 0.17124984874542587
181 3046 0.33628328561265564
182 183 0.3519620167211371
182 197 -0.716164252363414
182 3241 -0.6222544187854526
182 3256 0.22676813414358396
182 3091 -0.06393123138059977
182 3106 0.06798831028248375
182 3121 0.978150152395685
182 3136 0.36406054260361465
182 3151 0.7781592382191103
182 3166 0.5560216923616694
182 3181 0.20257808999403062
182 3196 0.3599713858694358
182 3211 -0.8947885329001795
182 3226 -0.8470745170331916
183 198 0.06185466223961098
183 3421 0.4549840251051464
183 3436 -0.027495241630750143
183 3271 0.3547218465600256
183 3286 -0.3772974173453139
183 3301 -0.15864159337903133
183 3316 0.44593584207404424
183 3331 0.7873069740524883
183 3346 0.6118978259174166
183 3361 -0.26866284295150467
183 3376 0.29597998456956204
183 3391 -0.8418052828821012
183 3406 0.22263799078270932
196 197 -0.13089556560380639
196 3061 0.4757155133409113
196 3076 -0.06354984618108449
196 3001 0.5130355263934757
196 3016 0.029338210608403966
196 3031 -0.4984674531893438
196 3046 -0.2168072927050872
197 198 0.8580901951892091
197 3241 0.2373342092368003
197 3256 -0.2817853290954814
197 3091 0.12484242122253847
197 3106 0.9165720787113648
197 3121 0.008731879329986647
197 3136 0.2280649350955592
197 3151 0.3843006983553969
197 3166 -0.5490361495166072
197 3181 -0.13137947471847078
197 3196 -0.33645681015146234
197 3211 -0.2996554545524619
197 3226 0.22158507236200875
198 3421 1.0
198 3436 -0.36618341378763936
198 3271 -0.6051749028367155
198 3286 0.3320341086865528
198 3301 -0.03502959502232253
198 3316 -0.15669027519326817
198 3331 -0.03662964067219872
198 3346 -0.9040108621287273
198 3361 0.8299936819085634
198 3376 0.7594485593673949
198 3391 -0.5749286217000776
198 3406 -0.23567515885455076
211 212 -0.2001175636219591
211 226 -0.45608783899128696
211 3061 -0.8358907327170146
211 3076 0.8528711758571734
211 3001 0.22877303969679744
211 3016 -0.13614556023302554
211 3031 0.5817842650675332
211 3046 0.32638259717864315
212 213 0.04485837364500656
212 227 -0.031166949586139858
212 3241 -0.322071326058095
212 3256 0.3454518207575818
212 3091 -0.01812460539491717
212 3106 -1.0
212 3122 -0.8861521188634292
212 3137 0.13243452669125313
212 3152 0.9121153153224413
212 3167 -0.20280754434443599
212 3181 -0.5313491480456516
212 3196 -0.4359698135398662
212 3211 0.2543442447594097
212 3226 -0.006166931633621734
213 228 -0.4255966079056039
213 3421 -0.0957084366790786
213 3436 -0.03696091956824993
213 3271 -0.0007834415793875303
213 3286 -0.5668223066831154
213 3302 -0.4955724335700543
213 3317 0.24286059766336052
213 3332 0.24109194727940753
213 3347 0.3269517361313242
213 3361 -0.21668663268540395
213 3376 0.31141778026895467
213 3391 0.3482469624536129
213 3406 0.31499612778928676
226 227 -0.17795647576774715
226 3061 -0.07971824880654615
226 3076 -0.5130731284539805
226 3001 -0.32998350567010876
226 3016 0.27402008091203695
226 3031 0.20734239188973827
226 3046 0.06993646930696576
227 228 -0.6248871017309159
227 3241 -0.34922082961321105
227 3256 0.1629854375612271
227 3091 -0.4082507989507363
227 3106 -0.37033580922969034
227 3122 -0.14682000715130833
227 3137 1.0
227 3152 -0.6363270275126973
227 3167 -0.1550648218283434
227 3181 -0.8577065448445598
227 3196 -0.24960158533411467
227 3211 -0.2317312900687209
227 3226 0.3744985309564218
228 3421 0.1572060274409756
228 3436 -0.23804431007407134
228 3271 0.45070151275095466
228 3286 0.2680462210317634
228 3302 -0.3540674407520176
228 3317 0.10512486421543255
228 3332 -0.24074305834003487
228 3347 0.49880145155063504
228 3361 -0.6001507137803258
228 3376 0.3373444672764617
228 3391 -0.08568975329849773
228 3406 -0.49074045676520706
241 242 -0.26349830470554914
241 256 -0.033871066246578464
241 3061 0.26415940484432004
241 3076 -0.029133503187755993
241 3091 0.49370861362989493
241 3106 0.18386037353050447
241 3122 -0.15588078047216963
241 3137 -1.0
241 3152 0.33543013507640373
241 3167 -0.3607157910853732
241 3181 -0.05451027432081373
241 3196 -0.3246261274014794
241 3031 0.1597348464829147
241 3046 0.11657111363354462
242 243 0.2510165740752573
242 257 -0.47940473038571135
242 3241 0.49043228887402995
242 3256 -0.37881306650002217
242 3271 0.5925154699579812
242 3286 -0.020807915775406756
242 3302 1.0
242 3317 -0.61910972141054
242 3332 0.48381302429414075
242 3347 0.07663358230285763
242 3361 1.0
242 3376 -0.89809188492506
242 3211 -0.23534243730764973
242 3226 0.5312747649258496
243 258 0.07557634073891951
243 3421 0.009822903330082178
243 3436 0.24644319426813172
243 3451 0.32627437964150363
243 3466 0.4445578872154219
243 3482 0.8895219935051184
243 3497 -0.5081896521470823
243 3512 -0.6807017675491058
243 3527 0.31515837215878084
243 3391 0.10519551613273459
243 3406 0.5814314288161894
256 257 -0.1730083249799206
256 3061 -0.4013659635257648
256 3076 -0.2988207890424957
256 3091 -0.5081720017550889
256 3106 -0.2539075959264813
256 3122 -0.08658852345093161
256 3137 -0.7813173805508757
256 3152 0.3398852863444114
256 3167 0.2120973485908599
256 3181 -0.4013108334135696
256 3196 0.3644598390875177
256 3031 -0.8672829465012356
256 3046 0.4697257317715473
257 258 0.20617657539686274
257 3241 -0.9676846915316765
257 3256 0.09396765182458654
257 3271 -0.47462489278530573
257 3286 0.0603246555019487
257 3302 -0.0428820426008814
257 3317 0.5946156593954365
257 3332 0.02190120737233854
257 3347 0.939769944141169
257 3361 0.18413573688127238
257 3376 0.5965013710339567
257 3211 -0.17571082898116339
257 3226 -0.012989386205070503
258 3421 -1.0
258 3436 0.06925660814690876
258 3451 -0.2745213360610895
258 3466 0.8223427946656428
258 3482 0.61881279655021
258 3497 0.2894779433835135
258 3512 -0.9329147227076997
258 3527 -0.3757509165639565
258 3391 -0.13374467905057152
258 3406 -0.007755821523105832
271 272 -0.21981318057623164
271 286 0.5565994172621662
271 3062 0.5675427662773385
271 3077 0.6651213903374126
271 3092 -0.02712461246104468
271 3107 0.06005241357084404
271 3122 0.4066867821676126
271 3137 0.9854283532574771
271 3152 0.1864661914225418
271 3167 0.4508025558046028
271 3181 0.36612808440990374
271 3196 0.0846218007402924
271 3031 -0.7228248867430437
271 3046 -0.7733726654705346
272 273 -0.1482305819138868
272 287 0.4559292038044127
272 3242 0.09512006143419152
272 3257 -0.08168324485340293
272 3272 1.0
272 3287 -0.1536102614243259
272 3302 0.8868121625578308
272 3317 -0.8093491137980495
272 3332 0.4966635807664133
272 3347 0.4494220647544163
272 3361 0.3910212848764898
272 3376 1.0
272 3211 -0.06520480461834965
272 3226 0.4084183778625038
273 288 -0.17930809590061567
273 3422 0.2590869335604876
273 3437 0.09754347319038002
273 3452 0.5179208337519391
273 3467 -0.15896715532116848
273 3482 -0.24018237906216083
273 3497 -0.9816803461479303
273 3512 -0.5978151094334785
273 3527 -0.3414669466472639
273 3391 -0.08854142400160436
273 3406 -0.7507111487650754
286 287 -0.995389683056584
286 3062 0.4074153581715025
286 3077 -0.3336447055724542
286 3092 -0.013445506377630971
286 3107 -0.28586712753825005
286 3122 -0.8851286694420859
286 3137 0.383909527289002
286 3152 -0.3089427365809005
286 3167 0.45140166586470915
286 3181 -0.19906834588520755
286 3196 0.07350621832969549
286 3031 -0.06897476841863409
286 3046 0.5766486790540187
287 288 0.25748633192294607
287 3242 -0.5425792221094616
287 3257 -0.21800874140426593
287 3272 0.8277060627346952
287 3287 0.8418450542230543
287 3302 -0.16862568282942303
287 3317 0.4482461151971957
287 3332 0.19318933063633423
287 3347 0.04099706295323246
287 3361 -0.10876441033242042
287 3376 -1.0
287 3211 0.011476533752202452
287 3226 0.14459063564749183
288 3422 -0.39926604778895697
288 3437 0.06876667320498492
288 3452 0.8752833153833739
288 3467 -0.26425860570474363
288 3482 1.0
288 3497 1.0
288 3512 0.22694839833783625
288 3527 0.19386279618030444
288 3391 -0.8131528677686617
288 3406 0.8676220676869564
301 302 1.0
301 316 -0.7080813843580087
301 3062 -0.1323389704027471
301 3077 -0.3594048891476065
301 3092 -0.7383767642725204
301 3107 -0.2884737101345198
301 3122 0.6902402712547198
301 3137 -0.1266364708410937
301 3001 0.4113999728784466
301 3016 -0.7181331206508215
301 3031 0.27642373446409046
301 3046 0.5797770598541038
302 303 -0.6520794166641538
302 317 0.2154922141830467
302 3242 0.5062364570740141
302 3257 0.7508447358896462
302 3272 -0.7040264931476982
302 3287 0.08547248280763882
302 3302 0.5207398412171497
302 3317 -0.5505577049930117
302 3152 0.25368751080181656
302 3167 -0.057517719356347904
302 3181 0.0792371598459827
302 3196 -1.0
302 3211 -1.0
302 3226 -0.5758391228313725
303 318 -0.08523721359178184
303 3422 -0.25832249866441215
303 3437 0.6090692445590277
303 3452 -0.306359735472804
303 3467 -0.28753259215139343
303 3482 -0.4642243635471089
303 3497 0.40438536339599657
303 3332 0.01352127537366381
303 3347 -0.94193102867072
303 3361 0.48396052226584874
303 3376 -0.9358209547669452
303 3391 -0.16336983781448433
303 3406 -0.11409951300489161
316 317 -0.13341153262098973
316 3062 -0.2671465562448313
316 3077 -0.1675784721349207
316 3092 -0.20821861888550033
316 3107 0.428753604033681
316 3122 -0.5078363241359591
316 3137 0.18022829755007946
316 3001 -0.35547446898438884
316 3016 -0.7812074388908711
316 3031 0.08433060028977922
316 3046 -0.0019892315019656584
317 318 -0.8310561910377675
317 3242 -0.12995677113263532
317 3257 0.19834243605300306
317 3272 -0.13168575727194717
317 3287 0.43884361628459945
317 3302 0.6400727270144904
317 3317 0.4105572146758159
317 3152 0.013891570403955372
317 3167 -0.48455181583651635
317 3181 0.06108005869988922
317 3196 -0.7963942124203934
317 3211 -0.2563464384265343
317 3226 -0.7861093871285112
318 3422 0.28683576448936077
318 3437 1.0
318 3452 -1.0
318 3467 0.19928671914083332
318 3482 0.20044952998258023
318 3497 -0.36261825810810394
318 3332 -1.0
318 3347 0.2801145391285258
318 3361 0.012806418934521526
318 3376 -0.12882192043025653
318 3391 0.5558542586275895
318 3406 0.5711612001610745
331 332 -0.42109553398015837
331 346 0.23923878852742358
331 3062 -0.2764612081600236
331 3077 -0.625964045806469
331 3092 0.32942681033839444
331 3107 -0.41325596897256006
331 3122 0.05077770080489697
331 3137 -0.24181091067457877
331 3002 0.17462502519130893
331 3017 0.3444629547035862
331 3032 0.07457451731313343
331 3047 -0.8399803264146358
332 333 -0.45095235147748214
332 347 0.6749173062570634
332 3242 -1.0
332 3257 0.6544209997254994
332 3272 0.21930935780932326
332 3287 0.34801794933040103
332 3302 0.3474008980326615
332 3317 0.5264543283263203
332 3152 -0.050090440422322385
332 3167 -0.35018525090504504
332 3182 -0.10575472814914372
332 3197 -0.640535322167941
332 3212 -0.3669458337944076
332 3227 -0.9641919183645943
333 348 0.09455321128705232
333 3422 0.1511997510141244
333 3437 0.8056509195949949
333 3452 -0.29503264086589376
333 3467 0.313254127134725
333 3482 0.4535808254326747
333 3497 -0.3913653834747689
333 3332 0.6093820592543251
333 3347 -0.29719837927667714
333 3362 -0.1311244356853436
333 3377 -0.06485601334316278
333 3392 0.12329188442146836
333 3407 -0.7602679994851445
346 347 1.0
346 3062 -0.15724985064557764
346 3077 0.18701536035942962
346 3092 0.38081691515908606
346 3107 0.16277138426484689
346 3122 0.3114612426647823
346 3137 0.18618158313093972
346 3002 0.8975140899952072
346 3017 0.4522421441407431
346 3032 -0.318298638896304
346 3047 0.10941152125691567
347 348 0.2849325508057238
347 3242 0.24350575765590898
347 3257 -1.0
347 3272 -0.013368901560567638
347 3287 -0.5433763461315483
347 3302 0.5448248648471288
347 3317 -0.6675819677256298
347 3152 -0.5403461588715144
347 3167 -0.0008645267693694895
347 3182 0.022646610931110242
347 3197 0.041573533347799646
347 3212 0.6498351093758408
347 3227 -0.8505011845030909
348 3422 0.079437215301085
348 3437 -0.504851843084512
348 3452 -0.1383134720834208
348 3467 -0.31023060379513206
348 3482 0.39139398873816356
348 3497 0.42129698813579064
348 3332 -0.4536394134542999
348 3347 -0.1293306972261378
348 3362 -0.538720942922457
348 3377 -0.9078806572398299
348 3392 0.9632528485214966
348 3407 -0.4985642019645868
361 362 0.39067298764716896
361 376 0.09340207412298206
361 3062 -0.15604083733496468
361 3077 0.6761162699834389
361 3002 1.0
361 3017 -0.12014320954622855
361 3032 -0.8962012613497626
361 3047 0.1329282637262317
362 363 0.526068096305491
362 377 0.6359459765776969
362 3242 -1.0
362 3257 0.09091599231040291
362 3092 0.5751748044874389
362 3107 -0.9147850568342942
362 3122 -1.0
362 3137 0.06511050127988617
362 3152 0.4679589107870972
362 3167 -0.6353999953655509
362 3182 0.0618859713907068
362 3197 0.21740509601177813
362 3212 -0.15051770875442486
362 3227 0.3621826499623764
363 378 -0.4030148906787324
363 3422 -0.19900124632642632
363 3437 -0.9285346010666012
363 3272 0.6075096399833465
363 3287 0.5905832767746795
363 3302 0.2426452095977919
363 3317 -0.41909513755675554
363 3332 -0.9719397926972326
363 3347 0.07816656552460739
363 3362 -0.39097915279000356
363 3377 0.13438055967072943
363 3392 -0.047009775848749304
363 3407 0.02460067077234669
376 377 0.3494143629474882
376 3062 0.425976216556769
376 3077 0.3729205583696809
376 3002 0.23410078691765326
376 3017 0.05199822001585203
376 3032 0.07441633998375295
376 3047 -0.7338257568935566
377 378 -0.11181270708543464
377 3242 0.2957016336705535
377 3257 0.018263474610258373
377 3092 -0.9026184596342223
377 3107 -0.2906989935723703
377 3122 0.7350384595635434
377 3137 -0.17959049709599637
377 3152 -0.0258220063610157
377 3167 -0.29764117691448916
377 3182 -0.33940977939692335
377 3197 0.208561497175997
377 3212 0.37283453060246574
377 3227 0.1841941377881913
378 3422 1.0
378 3437 0.04417101538135156
378 3272 0.040599707100130784
378 3287 0.2572130813011165
378 3302 -0.47233410854135416
378 3317 -0.40655718103888305
378 3332 -0.6673196222177908
378 3347 -0.4143246943112902
378 3362 -0.07278011476676942
378 3377 -0.19462608611397036
378 3392 0.476786762152404
378 3407 -0.4173363984056222
391 392 0.592030650160566
391 406 0.11033899986373413
391 3062 0.06283525338431162
391 3077 -0.04719772142773659
391 3002 -0.9521183818089324
391 3017 0.473234458276102
391 3032 0.2566789586753871
391 3047 -0.7337456552090584
392 393 -0.3841439481651048
392 407 -0.6434365694396262
392 3242 0.0003509609962314951
392 3257 -0.5131845952097902
392 3092 -0.3132394185023098
392 3107 -0.11899088475707517
392 3123 0.009817269379392812
392 3138 0.33027657240470215
392 3153 0.44930706085281896
392 3168 -0.3868921167919691
392 3182 -0.6736736739764415
392 3197 0.08482522536723595
392 3212 0.28206869506060717
392 3227 -1.0
393 408 -0.18429276098813996
393 3422 0.24252728127466935
393 3437 -0.47166735939622123
393 3272 -0.44773379340272507
393 3287 0.6029098367627417
393 3303 0.41273159403845866
393 3318 0.2180134275175147
393 3333 -0.19029512915708605
393 3348 0.5954996805552838
393 3362 0.032233324629674064
393 3377 0.49862472715534123
393 3392 -0.21521608952794208
393 3407 0.37266262643284687
406 407 -0.6230964639818446
406 3062 -0.2279605962645809
406 3077 0.025641760628833214
406 3002 -0.7918435986526443
406 3017 0.16287518133172593
406 3032 -0.6011652104224602
406 3047 0.43885584351139983
407 408 -0.4080340875986318
407 3242 0.5319750339449644
407 3257 0.2240771961566063
407 3092 -0.3892143812262668
407 3107 -0.27242228156817394
407 3123 0.5388849807071715
407 3138 -0.7533203752768581
407 3153 0.37763407812286703
407 3168 -0.4522817973007082
407 3182 0.6785692663415618
407 3197 0.1639583427342781
407 3212 0.598187731388734
407 3227 -0.8688522427735365
408 3422 0.38037408042503434
408 3437 -0.3515839327899838
408 3272 -0.4653147353064487
408 3287 -0.9957790316921485
408 3303 0.35234747641571046
408 3318 -0.21411061912943552
408 3333 1.0
408 3348 0.6578534484918719
408 3362 0.03645705550686339
408 3377 0.6938170872700891
408 3392 -0.7894243222621639
408 3407 -0.8868570891761627
421 422 0.525178697382697
421 436 0.5561768545583581
421 3062 0.32665169460911303
421 3077 0.7284586380331953
421 3092 0.41760852947332483
421 3107 -0.49644624968833
421 3123 0.18701251274199104
421 3138 0.36636319770897174
421 3153 -0.37982568320926396
421 3168 0.13821546476910074
421 3182 -0.02125331260347594
421 3197 -0.7234927148488485
421 3032 -0.13084526797945153
421 3047 -0.45783393642575493
422 423 0.6467109211954996
422 437 -0.1551530689718743
422 3242 0.6733119762149892
422 3257 0.21048675178360618
422 3272 1.0
422 3287 -0.7184886076943887
422 3303 0.6912345291750269
422 3318 -0.8131239003164072
422 3333 -0.6354234257578135
422 3348 -0.18248740302133262
422 3362 0.5044875435067976
422 3377 0.30898309377234295
422 3212 0.2825962191217797
422 3227 0.7001812022176847
423 438 0.35072173088586045
423 3422 0.3168793731960375
423 3437 0.8360450352503586
423 3452 -0.45377240649820105
423 3467 -0.4394950783884503
423 3483 -0.5078689722257491
423 3498 0.8093101316827334
423 3513 -0.40466570474664076
423 3528 -0.45641747562897134
423 3392 0.083451974555537
423 3407 -0.9149581295271246
436 437 -0.12588564961588045
436 3062 0.2039425546804108
436 3077 0.6896129560181555
436 3092 0.07649818457891908
436 3107 0.1712201442223355
436 3123 0.31504376328453043
436 3138 0.31937034374136747
436 3153 0.5748558848947725
436 3168 -0.8769993143614201
436 3182 -0.8622036267735735
436 3197 0.15624331239675926
436 3032 0.6200569033332853
436 3047 0.473472766455075
437 438 0.3058673919510221
437 3242 -0.04036148667007235
437 3257 -0.5082014841312316
437 3272 -0.17915400746247337
437 3287 0.7812232974332524
437 3303 -0.23557847759604827
437 3318 -0.24155301422269843
437 3333 -0.5169258224047494
437 3348 0.07489564078418211
437 3362 -0.05706618718809157
437 3377 0.3120892407567629
437 3212 -0.2727667494719133
437 3227 0.9359810515433428
438 3422 -0.5371330425177054
438 3437 0.03379166455336039
438 3452 0.07011183730522762
438 3467 -0.3066861647578099
438 3483 0.1459147061831287
438 3498 -0.02769946945595226
438 3513 -0.3524616136224538
438 3528 0.5899175612854158
438 3392 -0.8048020702842226
438 3407 1.0
451 452 -0.17289562189671986
451 466 -0.555694900894429
451 3063 -0.2704804955192863
451 3078 0.35064466575856396
451 3093 -0.3600033874358492
451 3108 0.7479674386042664
451 3123 0.07548064909284646
451 3138 0.08200029468995797
451 3153 0.21408743176808082
451 3168 -0.9859835997468706
451 3182 0.42512949549421103
451 3197 -0.8167311578208772
451 3032 1.0
451 3047 -0.6444901273897403
452 453 0.05507236281459352
452 467 -0.19112417775240842
452 3243 0.7425177765628352
452 3258 -0.2278412708608164
452 3273 0.13839845134906276
452 3288 0.07069438944799496
452 3303 0.1387663643937123
452 3318 0.40686506640592635
452 3333 0.009300924740491706
452 3348 0.2770686338420086
452 3362 0.4681669931444848
452 3377 0.13622524309225578
452 3212 0.5410927558874289
452 3227 -0.4448581772009338
453 468 0.23790946879673167
453 3423 -0.44412577321337493
453 3438 0.6058559548350126
453 3453 0.13868287439205168
453 3468 -0.1724061828896205
453 3483 0.043761048985409105
453 3498 -0.08336845309486456
453 3513 0.5768114329943534
453 3528 -0.6997699240970645
453 3392 0.4442067695473146
453 3407 -0.3001390874820925
466 467 -0.9705654209290755
466 3063 -0.4070250545507372
466 3078 -0.2237055093665308
466 3093 -0.609218078905669
466 3108 0.33258275298124473
466 3123 0.850490133978407
466 3138 -0.2887404513140619
466 3153 -0.913659511870966
466 3168 1.0
466 3182 -0.44688017187316825
466 3197 -1.0
466 3032 -0.014925152884180901
466 3047 0.050450197584794236
467 468 -0.8858746113285386
467 3243 0.1296136034446227
467 3258 -0.5737130606327302
467 3273 -0.2939502768470527
467 3288 0.1170097592879526
467 3303 0.9199914863291957
467 3318 -0.05135785599789502
467 3333 0.5271803463423751
467 3348 0.11766988872166001
467 3362 0.8892258107841716
467 3377 -0.5070696084710663
467 3212 -0.21480688085060218
467 3227 -0.24608061039296308
468 3423 0.0626594250262142
468 3438 0.2895218094396203
468 3453 0.04982943174583348
468 3468 -0.23998311222579663
468 3483 0.037046296789366544
468 3498 -0.07488116244379209
468 3513 0.12073155084975795
468 3528 -0.7501635394306028
468 3392 -0.432505950652104
468 3407 0.36674971616479835
481 482 0.02778488888300075
481 496 -0.1525515429810396
481 3063 0.24694515023749813
481 3078 -0.21749661714199942
481 3093 0.6811773691949313
481 3108 0.5576970899997571
481 3123 0.3322615898154465
481 3138 0.7510586510877263
481 3002 0.5445384469077742
481 3017 0.10038860325602818
481 3032 -0.14398708387048864
481 3047 -0.3044195123194145
482 483 0.5780722632736581
482 497 -0.4883647773088379
482 3243 0.060629033168125464
482 3258 0.8519815874394658
482 3273 0.7185020084850513
482 3288 -0.1532879826418447
482 3303 1.0
482 3318 0.7660867629977196
482 3153 -0.08223037570147763
482 3168 0.5797150336427912
482 3182 -1.0
482 3197 0.7623163551105054
482 3212 1.0
482 3227 -0.1727486314296872
483 498 1.0
483 3423 0.33055972011907064
483 3438 0.5566386278762028
483 3453 -0.15868168044529185
483 3468 0.29882600354978917
483 3483 -0.13625328708656503
483 3498 -0.24389033635539203
483 3333 0.565400122794331
483 3348 -0.21358347060794328
483 3362 0.009306351068036992
483 3377 0.47176736900197214
483 3392 -1.0
483 3407 0.24675565871041305
496 497 0.662287930415952
496 3063 -0.7299050475953694
496 3078 -0.8271240136649101
496 3093 -0.20152218283580964
496 3108 0.2738910343769938
496 3123 0.24530103319467805
496 3138 0.10364276484497907
496 3002 0.3378995175085608
496 3017 0.511854994155737
496 3032 -0.46846255997281155
496 3047 0.5196566971008686
497 498 0.44497031059803177
497 3243 -0.9950167989979941
497 3258 -0.35326617236017804
497 3273 0.49282106999704317
497 3288 0.23717287935884518
497 3303 0.456935320836003
497 3318 -0.7995164239460743
497 3153 0.674468287526126
497 3168 0.47974186275520014
497 3182 0.2137876687794943
497 3197 -0.10540554580829549
497 3212 0.48460925659240683
497 3227 -0.6215432689115851
498 3423 0.1179677764138528
498 3438 0.003453923891553283
498 3453 0.4107372523992568
498 3468 -0.013691352501716747
498 3483 0.800006039921972
498 3498 -0.23198520836873907
498 3333 0.29005699383352324
498 3348 0.20731342902106012
498 3362 -0.18935657591348462
498 3377 0.6100453435761374
498 3392 1.0
498 3407 -0.17783569670240074
511 512 -0.16271780125447494
511 526 -0.6247202481526735
511 3063 -0.4750529390353408
511 3078 -0.47596907103535957
511 3093 0.5991643125316155
511 3108 -0.013439733561148338
511 3123 0.4304877651312351
511 3138 -0.3429339416318515
511 3003 -0.040665485999118935
511 3018 0.5582360242736752
511 3033 0.017323849446485188
511 3048 0.021500334119078108
512 513 -0.030757477789475227
512 527 -0.21656906887851324
512 3243 -0.31424853343073555
512 3258 -0.03173315135696057
512 3273 0.2227430181522544
512 3288 -0.08213559739956522
512 3303 -0.45283739261104605
512 3318 0.8442514973055018
512 3153 -0.20645203159932699
512 3168 0.16363476183894798
512 3183 0.3419987653658709
512 3198 -0.7468453738831732
512 3213 -0.0069458517555875555
512 3228 -0.7781271667665157
513 528 0.6873395195902361
513 3423 0.09657228377264028
513 3438 0.6590540693465851
513 3453 -0.19922356484054987
513 3468 0.15628941621203735
513 3483 0.365777820861579
513 3498 0.4922007047667432
513 3333 -0.4582826238355061
513 3348 -0.3329540572690977
513 3363 -0.5928363055128988
513 3378 0.4209414173929963
513 3393 0.7523706484251343
513 3408 1.0
526 527 -0.2581031549725631
526 3063 -0.09819334671385781
526 3078 0.9954613088373845
526 3093 0.6031934644023518
526 3108 -0.5731509889567697
526 3123 0.3144881247860207
526 3138 0.48653553512848285
526 3003 -0.4066071553531306
526 3018 0.3613380186390142
526 3033 -0.47591904042317373
526 3048 -0.23162211212529152
527 528 0.2095510465685634
527 3243 -0.3402878834175393
527 3258 0.5215790152555827
527 3273 1.0
527 3288 0.3410473972497814
527 3303 0.22879843591441246
527 3318 0.48280141710838403
527 3153 0.5412031448625517
527 3168 -0.19448984098160965
527 3183 -0.7676266826778838
527 3198 -0.30618302203750175
527 3213 0.758687226596146
527 3228 0.41699502166965285
528 3423 -0.2224065345312589
528 3438 0.7051086467851972
528 3453 0.028382532814059846
528 3468 0.010956134042686598
528 3483 0.6677577608544348
528 3498 0.1330190317472045
528 3333 1.0
528 3348 0.4394834016433893
528 3363 -0.27555374403293936
528 3378 0.1101397487137046
528 3393 0.3178066950052114
528 3408 -0.06510450384974688
541 542 -0.1816608989472825
541 556 0.08043009283956756
541 3063 0.4086042342336243
541 3078 -0.07747420758197356
541 3003 0.41510431246047075
541 3018 -0.00822090449123839
541 3033 -0.14117247084402995
541 3048 0.521286349941116
542 543 0.2056287069665487
542 557 -0.1683511801297483
542 3243 0.5081432565323598
542 3258 -0.9372848410409027
542 3093 -0.07887943745091326
542 3108 -0.2548296220863753
542 3123 -0.4910008509140259
542 3138 -0.3305656232629834
542 3153 0.9042550870055127
542 3168 -0.6316416128726741
542 3183 -0.3607782936954769
542 3198 0.3102860230850441
542 3213 -0.1846523077681847
542 3228 0.6356984116546439
543 558 0.3455391581980984
543 3423 0.18294193820557866
543 3438 -1.0
543 3273 -0.5667453916549117
543 3288 -0.5560837328496159
543 3303 0.5577181826261369
543 3318 -0.4338555119261214
543 3333 0.26030196614119894
543 3348 0.07219151892018337
543 3363 0.054993587863079944
543 3378 0.15683438533817048
543 3393 0.16239108598927504
543 3408 -0.09304275242743194
556 557 0.4530781001489073
556 3063 0.3918575656227848
556 3078 0.21426187981046851
556 3003 -0.10101141774701458
556 3018 0.12910702559140919
556 3033 0.09374903241367998
556 3048 0.63984164088529
557 558 -0.37200556799905066
557 3243 -0.3185496453381377
557 3258 -0.01298461011359844
557 3093 0.41946896486329455
557 3108 0.2377021452203254
557 3123 0.269650635251171
557 3138 0.672270054521767
557 3153 -0.33027872582096673
557 3168 -0.4518975847584762
557 3183 0.6472056068845689
557 3198 0.10733120834606695
557 3213 0.6442863804443184
557 3228 0.2496401632625039
558 3423 0.5119107507201398
558 3438 0.16463444668971994
558 3273 -0.12710910291299451
558 3288 -0.43871636517552154
558 3303 0.09060969653521277
558 3318 0.6205096393915158
558 3333 0.4575802811576939
558 3348 -0.3365120263287306
558 3363 0.40518334791220206
558 3378 -0.3974083079229568
558 3393 -0.6968476124038233
558 3408 0.6476811090838381
571 572 -0.06096613890997205
571 586 0.5281775562367299
571 3063 0.08474519386079477
571 3078 0.5241809271830318
571 3003 -0.5758339156761925
571 3018 0.43178169925164617
571 3033 -0.096902635958139
571 3048 0.1289432054564126
572 573 -0.7427561247707509
572 587 0.3671312345920081
572 3243 -0.43738908556975453
572 3258 0.21637012437698086
572 3093 0.24707875373006485
572 3108 -0.13573627314333947
572 3183 0.07745811230208405
572 3198 0.7049678172185803
572 3213 0.24841088306971443
572 3228 0.36405461178204407
573 588 -0.08592339896167368
573 3423 0.47193909306430587
573 3438 0.7682035881107718
573 3273 1.0
573 3288 -0.1269700859111898
573 3363 0.49307606269138027
573 3378 0.45381979337211165
573 3393 0.1466486039283106
573 3408 0.47921700212463375
586 587 -0.5336850315076888
586 3063 -0.13271633008422337
586 3078 -0.021425294388371447
586 3003 0.32771638838947004
586 3018 -0.6476517271676654
586 3033 -0.08738702856935715
586 3048 -0.9990795698075184
587 588 -0.25606147544931535
587 3243 0.3755794787770816
587 3258 0.05039962215142763
587 3093 0.12421384853617187
587 3108 -0.029490857130834963
587 3183 -0.8275754596796706
587 3198 -0.6331087888516191
587 3213 0.11391315174038497
587 3228 1.0
588 3423 0.1373252529144145
588 3438 -0.18881139352749865
588 3273 0.46987985448097586
588 3288 0.8108839676214779
588 3363 0.12557876171770616
588 3378 -1.0
588 3393 -0.1321369751091434
588 3408 -0.5573590584837007
3001 3002 0.21383146019039556
3001 3016 -0.5278583429747047
3002 3003 0.7925120982149816
3002 3017 -0.16740034599840664
3003 3018 0.5208126367716904
3016 3017 0.8139275272055169
3017 3018 0.27418566658941584
3031 3032 0.44410180602968397
3031 3046 -1.0
3032 3033 -0.8936088133955266
3032 3047 -0.3926212538407129
3033 3048 0.20504520084338432
3046 3047 0.11652968519669443
3047 3048 0.09046618456116183
3061 3062 -1.0
3061 3076 -0.41528767042150444
3062 3063 0.0033014035994857094
3062 3077 0.8132585788474304
3063 3078 0.3678220278204388
3076 3077 -0.4357132757310104
3077 3078 0.15841877671578816
3091 3092 -0.9770996354115374
3091 3106 -0.21549100706662383
3092 3093 0.29061736438577457
3092 3107 -0.614867615171029
3093 3108 0.6241432503592297
3106 3107 -0.5753858631370624
3107 3108 0.8957765372001039
3121 3122 -0.30557337216253994
3121 3136 0.15735611443873226
3122 3123 0.40160787679197396
3122 3137 -0.6626136542012594
3123 3138 0.32424231805607345
3136 3137 -0.003743290985718164
3137 3138 -0.05685750775335028
3151 3152 0.6725227617364491
3151 3166 -0.3218143255956888
3152 3153 -0.12445930971184059
3152 3167 0.3083043898105932
3153 3168 1.0
3166 3167 -0.37199797915915284
3167 3168 0.8125323148776609
3181 3182 0.7284008509182192
3181 3196 -0.41499820015780076
3182 3183 -0.31767535711667627
3182 3197 0.8436651655594836
3183 3198 -0.8078312681052632
3196 3197 -0.31895136343093594
3197 3198 -0.07632590874919387
3211 3212 -0.37076793414460196
3211 3226 -0.07659248272561539
3212 3213 0.617012675568944
3212 3227 0.04221445293295956
3213 3228 0.32987214363901507
3226 3227 -0.13087521596346635
3227 3228 -0.3754124659164989
3241 3242 0.22895834669249931
3241 3256 -0.23793271460996934
3242 3243 -0.25027023151350497
3242 3257 0.05051426164853611
3243 3258 0.10828344954390909
3256 3257 -0.0815258944540642
3257 3258 -0.6314192265037293
3271 3272 -0.3114378409851757
3271 3286 0.0617161819408017
3272 3273 0.24494927743843356
3272 3287 1.0
3273 3288 -0.08460775207724697
3286 3287 -0.2606759849468674
3287 3288 0.27159026482674337
3301 3302 -0.17940393794916745
3301 3316 -0.29093197914747376
3302 3303 -0.7307903410669696
3302 3317 -0.32235870599372174
3303 3318 -0.09619179559215349
3316 3317 -0.7019375716554347
3317 3318 0.7749649220647932
3331 3332 0.3783696830968416
3331 3346 0.4642761982910471
3332 3333 -0.2715471144179471
3332 3347 -0.37882491867346735
3333 3348 -0.11481360975381322
3346 3347 0.21760217256526754
3347 3348 0.0707213605136477
3361 3362 -0.09048443041378276
3361 3376 -0.5576583825950809
3362 3363 -0.3159296217670883
3362 3377 0.31162681482713894
3363 3378 0.032518502060241296
3376 3377 -0.988841162701499
3377 3378 -0.13678486239095675
3391 3392 -0.5145542288809168
3391 3406 0.5219307003036738
3392 3393 -0.1972093482593203
3392 3407 -0.6522812409049142
3393 3408 0.01765596331639224
3406 3407 0.8897598321996181
3407 3408 -0.6828957390084848
3421 3422 0.3304410895689271
3421 3436 -1.0
3422 3423 -0.6590922469397031
3422 3437 0.0556082818902505
3423 3438 0.19651872615200372
3436 3437 0.4254737234372416
3437 3438 -0.0193314942153598
3451 3452 -0.3129082585791462
3451 3466 -0.37119744643373026
3452 3453 -0.45615121054248126
3452 3467 -0.5097161838728488
3453 3468 0.4120703794861236
3466 3467 -0.1338454190430699
3467 3468 0.5005195850661985
3481 3482 -0.3461010751407071
3481 3496 0.4063266988721708
3482 3483 0.25984552265036104
3482 3497 -0.02657813093504256
3483 3498 -0.2290557512497456
3496 3497 -0.02316004935785785
3497 3498 0.19669452074489982
3511 3512 0.21833287891192157
3511 3526 -0.27015841926876805
3512 3513 0.5580507844300435
3512 3527 -0.07151031976836712
3513 3528 -0.007039187364211362
3526 3527 0.9034608898693093
3527 3528 0.02079739607287048
