# 
61 61 -0.6404588478866762
62 62 -0.9337684959987459
63 63 1.4068076066857862
76 76 1.0526780754190317
77 77 -0.041064603305830616
78 78 0.6860003454017616
91 91 -0.2876441630720835
92 92 -2.037129310499948
93 93 1.2838269153747393
106 106 -0.24400548681677808
107 107 1.6496962000551456
108 108 -0.21781945848701928
121 121 -1.2422620924431802
122 122 -0.6978601738374587
123 123 1.5476758364656824
136 136 -1.8903485099740684
137 137 -0.2646199060376018
138 138 -0.04217699064638864
151 151 -0.5783571634403263
152 152 -0.3631873840778442
153 153 1.8625758399193029
166 166 0.2631520538184175
167 167 1.4939682969447847
168 168 0.1555496172522611
181 181 -0.5486351194835293
182 182 -1.4479920268666147
183 183 -0.4018054353271908
196 196 -2.1364414718136877
197 197 -1.5395407720370482
198 198 -1.3941286716054084
211 211 -0.30455642126246624
212 212 -1.703663417885167
213 213 -0.7770259157905371
226 226 -0.09648102521706282
227 227 -0.3111606826356384
228 228 0.2536446199559062
241 241 -0.9325609214490382
242 242 -0.24064801699129246
243 243 -1.0976676343676879
256 256 -0.267733577731085
257 257 -0.7330827622281996
258 258 0.007493073319375205
271 271 -0.4727760851723517
272 272 -0.5661559734883849
273 273 -0.8513842181897644
286 286 0.9302980039932701
287 287 0.7352332716621404
288 288 -0.41248099619011486
301 301 -0.05585054056191066
302 302 0.7670196739596065
303 303 -1.074934466322769
316 316 -1.095011490198459
317 317 0.6079802718502206
318 318 -0.9137745710341811
331 331 -0.7059552118365106
332 332 -0.8811242815297218
333 333 0.7063282117559426
346 346 0.4425291897510233
347 347 0.627383450755099
348 348 -0.9303964584074788
361 361 -0.6990157637850865
362 362 2.093810297500722
363 363 -0.9341365116875158
376 376 0.520022316231167
377 377 -0.6008539465177773
378 378 -0.907019672478976
391 391 -2.2356924320464713
392 392 -0.0712899399003188
393 393 -0.18370196128212532
406 406 0.5605319230188327
407 407 0.4253596668911687
408 408 0.04473603828608527
421 421 0.12973254483255492
422 422 -0.7310366275412502
423 423 -0.2489710058049765
436 436 0.6527507250396967
437 437 0.3851822885168905
438 438 -0.3649013514648485
451 451 2.3408029571146374
452 452 -1.0297178874139523
453 453 0.2358742604025517
466 466 -0.7005339341480191
467 467 -0.20339619823533325
468 468 0.5286747174914289
481 481 1.488896485421287
482 482 0.470208646269202
483 483 0.32906870221682205
496 496 0.2697338879719753
497 497 -1.2783023781647682
498 498 0.8599973543162615
511 511 -1.412870198000371
512 512 2.0524589871167076
513 513 -0.11527141613108537
526 526 2.1252630125455587
527 527 -2.405205365029606
528 528 -1.9878379049885437
541 541 -1.2973576132403275
542 542 -1.4816326405073479
543 543 2.267798087382625
556 556 -0.19103548299141226
557 557 -2.4170021505380723
558 558 -0.28265409768865957
571 571 -0.8984737252538305
572 572 -0.49117883847892174
573 573 1.4635618898840328
586 586 0.07841062372332153
587 587 -0.4546999735596153
588 588 0.07146664415271341
3001 3001 0.27743173355377265
3002 3002 -0.09644698641733011
3003 3003 0.25120714601762556
3016 3016 -0.5054206251167892
3017 3017 0.6504734431581569
3018 3018 -1.578820008128712
3031 3031 -0.46218070387372434
3032 3032 0.07059326028883246
3033 3033 1.126310950455783
3046 3046 0.952221040188291
3047 3047 -0.140503382992567
3048 3048 0.3779106550747296
3061 3061 0.032064865840543584
3062 3062 1.6026257827927508
3063 3063 -0.4872559583146183
3076 3076 -0.767657609426067
3077 3077 0.17267026819151243
3078 3078 0.6527099387453089
3091 3091 -0.47145194560278886
3092 3092 -1.3358565636028201
3093 3093 -1.0478931728821117
3106 3106 -1.9252899922687545
3107 3107 0.5273229509659768
3108 3108 1.222573274809728
3121 3121 -0.867754256727309
3122 3122 -1.2562368245201039
3123 3123 -0.35294417786309745
3136 3136 1.0681806492734323
3137 3137 1.1602106205602358
3138 3138 0.7860490326172326
3151 3151 2.453521147871575
3152 3152 -1.2109910775399622
3153 3153 0.5994376877042246
3166 3166 -0.9908331038491356
3167 3167 1.9745691779430552
3168 3168 -0.09288696170837783
3181 3181 -0.3211404459449383
3182 3182 -0.6327292619619438
3183 3183 -0.3128074791592569
3196 3196 -0.7624498165833018
3197 3197 -0.05473501931766631
3198 3198 -0.5029147316367608
3211 3211 -0.27839990437076834
3212 3212 1.108164980864831
3213 3213 -0.7382179049823295
3226 3226 0.426699950260291
3227 3227 -0.13599149948384712
3228 3228 -0.1958140435001419
3241 3241 0.3086015214424911
3242 3242 0.2134983404601942
3243 3243 0.4412234644855285
3256 3256 0.02125807101522928
3257 3257 1.5992016111946752
3258 3258 -0.7339167841422928
3271 3271 -0.11724269616974978
3272 3272 0.11169973604254978
3273 3273 1.0300478908407602
3286 3286 -0.14914368564004193
3287 3287 0.9758553824550755
3288 3288 0.7589385962738392
3301 3301 -1.6751216621022884
3302 3302 -1.7397378659491314
3303 3303 -1.7982951974285926
3316 3316 -0.3631386200494112
3317 3317 -1.0529956079798213
3318 3318 -0.5514214501615546
3331 3331 -0.23156448412233518
3332 3332 0.21079885617290697
3333 3333 -0.8686009067545918
3346 3346 0.5435542135827985
3347 3347 0.2711445047646845
3348 3348 -0.636471590246791
3361 3361 -1.1862766844884105
3362 3362 -0.4661147516397162
3363 3363 0.2877846706234412
3376 3376 -0.6119182490883074
3377 3377 -0.2900810846696585
3378 3378 -0.2502702316056137
3391 3391 0.39629339682598086
3392 3392 -0.9355176870335886
3393 3393 -1.1975753350723983
3406 3406 -1.5874927238772534
3407 3407 1.4840878999762799
3408 3408 -0.5204051454090585
3421 3421 0.45450983690405655
3422 3422 -1.5003704557218667
3423 3423 -1.126218191188444
3436 3436 0.15100217776209976
3437 3437 -1.3596721094490636
3438 3438 0.38292162138622965
3451 3451 -0.6183258595712487
3452 3452 1.5214290952092662
3453 3453 0.8034347731657886
3466 3466 0.13796244545914504
3467 3467 -0.37730429587608927
3468 3468 -0.07397525746971677
3481 3481 -1.172338116990012
3482 3482 0.1280595215651789
3483 3483 1.5173722116547135
3496 3496 0.057888617426609265
3497 3497 -0.594765720779747
3498 3498 0.32964567325308514
3511 3511 0.5072142548258982
3512 3512 -0.769741174555304
3513 3513 -0.43428784768010215
3526 3526 0.06164886821312177
3527 3527 0.9596775758487159
3528 3528 2.2729378172023873
61 62 0.1132935990295855
61 76 -0.6325293286670282
61 3121 -0.0019583934183763857
61 3136 0.47737055563626973
61 3151 0.0969059300272111
61 3166 -0.5347823998428121
62 63 0.01929598503077928
62 77 -0.15364590276951431
62 3301 -0.2391786318673122
62 3316 -0.19195166969802252
62 3331 -0.27437288377029073
62 3346 0.6184141381626633
63 78 -1.0
63 3481 -0.7326955915199564
63 3496 0.07492915910530996
63 3511 0.5205025450427839
63 3526 -0.29410203450907685
76 77 -0.21175237179470352
76 3121 -0.1966629354547396
76 3136 0.5959993766301033
76 3151 0.3707377623432246
76 3166 0.0507148921491262
77 78 -0.2490058821469532
77 3301 0.16533286011375473
77 3316 0.8206937906504707
77 3331 0.5692618006961173
77 3346 0.015244259782174044
78 3481 0.04671293441424745
78 3496 0.057370551217093085
78 3511 -0.3058970692613912
78 3526 -0.4105500711615358
91 92 0.06338016147212353
91 106 0.24272870585968032
91 3061 0.29415142255158716
91 3076 -0.4188692216500337
91 3091 -0.1690866934586348
91 3106 0.31100431755603014
91 3121 -0.640600669424076
91 3136 0.4125008148676343
91 3151 -0.2836153465205282
91 3166 0.3776966844100316
92 93 0.3669843374711049
92 107 0.10928128859487188
92 3241 -0.814237232761965
92 3256 -0.024613842200520812
92 3271 -0.8482401291212333
92 3286 0.5340618641855198
92 3301 0.014284788883304667
92 3316 -0.2026373218618805
92 3331 -0.2418757355242876
92 3346 -0.5426032070402375
93 108 -0.15539473243159327
93 3421 -0.08161229491384331
93 3436 0.369869725074573
93 3451 -1.0
93 3466 -0.12958340555254813
93 3481 0.3500101904067574
93 3496 -0.3385956364203296
93 3511 0.3976938963884435
93 3526 -0.46966286558734605
106 107 -0.32016077348585675
106 3061 0.7416422913098215
106 3076 0.41325993415307494
106 3091 0.2162318102647047
106 3106 -0.13184174012977415
106 3121 0.37932742057173957
106 3136 0.6057733447352386
106 3151 0.7073161743070446
106 3166 0.6967926927872821
107 108 -0.38562507736733637
107 3241 -0.1425157848592324
107 3256 -0.7620291585650026
107 3271 0.7930258252849443
107 3286 -0.5690714359009702
107 3301 0.4821876026128485
107 3316 -0.04578997129478932
107 3331 0.4621980047492242
107 3346 -0.4605765043491216
108 3421 0.009997828682543947
108 3436 0.5352287426741972
108 3451 0.2248517486668297
108 3466 -0.49140622631692815
108 3481 0.533645702413988
108 3496 -0.01231580519593584
108 3511 0.21153218709494157
108 3526 0.023037658162062515
121 122 0.7558215386769329
121 136 0.24139334866721823
121 3061 -0.20900512900928975
121 3076 0.07053303359853812
121 3091 0.06310665614981072
121 3106 -0.02471825374609367
121 3121 -0.09116068040935102
121 3136 -0.1422589116822261
122 123 0.39223841580330826
122 137 0.1200170600980332
122 3241 -0.5489668412804988
122 3256 0.2554632318658694
122 3271 -0.444416476648764
122 3286 1.0
122 3301 0.023119513032473667
122 3316 0.08847659844610285
122 3151 0.6636287819167559
122 3166 -0.42666053206014665
123 138 -0.08766104428483498
123 3421 0.2630836171787798
123 3436 -0.5907582096343463
123 3451 -0.45650945781902974
123 3466 -0.4133614443025788
123 3481 -0.19122816971664605
123 3496 -0.3562123192327458
123 3331 0.08241567530825646
123 3346 0.2400351448313015
136 137 0.1905032420005793
136 3061 0.754381376353128
136 3076 -0.08789054770962491
136 3091 -0.28197374588865126
136 3106 0.29608121911067314
136 3121 0.5306683580217108
136 3136 0.23968371483372627
137 138 -0.49449567297902597
137 3241 0.19285809824064257
137 3256 -0.30445441745010493
137 3271 -0.1569397318043083
137 3286 -0.508457982648979
137 3301 0.3334799703062626
137 3316 0.4088952651026454
137 3151 -1.0
137 3166 0.027496645983040444
138 3421 0.32878282651765556
138 3436 -0.26715259121996077
138 3451 0.47714657455149345
138 3466 0.0893419057521305
138 3481 -0.2073606624725463
138 3496 -0.32554322631192734
138 3331 0.31158536933759545
138 3346 -0.6187861184310204
151 152 -1.0
151 166 -0.6781401305742534
151 3061 -0.05429475250522793
151 3076 -0.03844526904754203
151 3091 -0.8610247654454339
151 3106 -0.1461998860691351
151 3121 -0.9398990618856197
151 3136 0.2475027956665454
151 3001 0.5254523864779033
151 3016 0.26519434283570836
151 3031 -0.5333255786698349
151 3046 -0.7112759707421489
152 153 -0.6258768196979577
152 167 -0.7172643372420482
152 3241 -0.09285380041314086
152 3256 -0.07162122613807712
152 3271 0.32215992248219877
152 3286 0.1110264004520288
152 3301 0.11001996350395733
152 3316 0.37686419129663584
152 3151 0.10009685277636708
152 3166 0.3068482280237543
152 3181 0.4531438774150255
152 3196 0.8324571610335821
152 3211 -0.3339122893934178
152 3226 -0.5246029728154339
153 168 0.5591270804354075
153 3421 -0.14756265702323998
153 3436 0.3690822768907013
153 3451 0.113807958587791
153 3466 0.6237052883643815
153 3481 -0.16695420786314036
153 3496 0.6753151802086195
153 3331 -0.5247840649148426
153 3346 -0.5248301511375658
153 3361 -0.5169644587020885
153 3376 -0.5978985002776833
153 3391 -0.705206493355042
153 3406 0.3129431619763677
166 167 -0.07357237927280122
166 3061 -0.16829181958366973
166 3076 -0.009063515200989037
166 3091 0.5774254147711114
166 3106 0.7311890578294798
166 3121 -0.09048631476194463
166 3136 0.02523602665666562
166 3001 -0.04057811508394898
166 3016 -0.003665026831084814
166 3031 0.4088985111009372
166 3046 0.22650531739854962
167 168 -0.8429232020620887
167 3241 0.14570051716963467
167 3256 -0.34293221699595555
167 3271 0.6311231058715805
167 3286 -0.01923630746524148
167 3301 0.08980207365687293
167 3316 -0.368851432101611
167 3151 0.3433063018202364
167 3166 0.42968382412325606
167 3181 -0.00964331416317066
167 3196 -0.3896337629230193
167 3211 -0.8210196419898115
167 3226 -0.6135932303446346
168 3421 0.16253442826733744
168 3436 0.3520719978920667
168 3451 0.04619182025186507
168 3466 0.01689180098856098
168 3481 -0.7525399067743728
168 3496 -0.15486571132880567
168 3331 -0.522131128294956
168 3346 1.0
168 3361 0.6965753295232587
168 3376 -0.2721650105951376
168 3391 -0.3504836277028127
168 3406 0.5263952284108657
181 182 0.23678330989754073
181 196 0.6080609300433086
181 3061 0.8584351264917301
181 3076 0.10956556219737588
181 3001 0.22556827131065593
181 3016 -0.1191312066760767
181 3031 0.21013368168754956
181 3046 -0.24325183213578547
182 183 0.6379189896270333
182 197 -0.0005323852170078612
182 3241 0.1359967121259023
182 3256 -0.41191270841420613
182 3091 0.3098624502307086
182 3106 -0.23665585120859736
182 3121 0.24754450241760903
182 3136 0.2910258363207838
182 3151 0.015286512976777729
182 3166 -0.6930143046617906
182 3181 0.20960985286697206
182 3196 0.12847854175985324
182 3211 0.22519645424317256
182 3226 0.1710657474174525
183 198 0.2620217763489701
183 3421 0.33724587602347067
183 3436 -0.8311705254135862
183 3271 0.0039039668535751676
183 3286 0.7998420212419173
183 3301 1.0
183 3316 0.68427769942338
183 3331 -0.47760053495276533
183 3346 0.6539009264498018
183 3361 0.0528052696332273
183 3376 -0.357997478345357
183 3391 -0.4914943432067434
183 3406 0.2916240107657814
196 197 0.22937727962502513
196 3061 -0.062233164458227956
196 3076 -0.5135977805651704
196 3001 -0.5518771486010028
196 3016 0.1181148796386656
196 3031 -0.5828976124522254
196 3046 -0.4665184570288191
197 198 -0.30592806610409046
197 3241 0.3465922471077132
197 3256 -0.4816872431456932
197 3091 -0.4559854503738566
197 3106 0.3614810330336984
197 3121 0.05169957241090135
197 3136 -0.10228831658756099
197 3151 1.0
197 3166 -0.5392625890564163
197 3181 0.013555713054116425
197 3196 -0.07520386425251785
197 3211 -0.038208411578022065
197 3226 0.23496480677922246
198 3421 -0.279573421397521
198 3436 -0.1871059999389982
198 3271 -0.5131368186661299
198 3286 -0.583791184985151
198 3301 0.039677443261866265
198 3316 0.439242096109583
198 3331 -0.2219181996150253
198 3346 0.22920212313622296
198 3361 -0.06164769487546448
198 3376 -0.9964963905915436
198 3391 -0.5484410382487892
198 3406 -0.38184532288476436
211 212 -0.2658066957996947
211 226 0.11229002007727731
211 3061 0.2959954702356433
211 3076 0.6884789133826392
211 3001 0.9965444609904545
211 3016 -0.27022802927119355
211 3031 0.27108417532100915
211 3046 0.11426350975757907
212 213 -0.4596640422538029
212 227 1.0
212 3241 0.02561247606462722
212 3256 -0.436065651482772
212 3091 0.33975786243870376
212 3106 -0.19396415331459563
212 3122 -0.4174545102388365
212 3137 0.5067656926021846
212 3152 -0.5781856414384499
212 3167 -0.29577794486737113
212 3181 -0.05200619545548659
212 3196 0.5868586434038264
212 3211 -0.18520234678733435
212 3226 -0.12660638046881328
213 228 0.12922040856707523
213 3421 0.27633200384327694
213 3436 0.27044455511723325
213 3271 0.05603169141880534
213 3286 0.34366075742001206
213 3302 -0.16822983472983505
213 3317 -0.23787057774123352
213 3332 -0.7089453873617882
213 3347 -0.5006335779908538
213 3361 0.2541923597626641
213 3376 -0.6420492211534087
213 3391 -0.2178735675100229
213 3406 -0.462887986494952
226 227 -0.4178611206931103
226 3061 -0.30815394156664566
226 3076 -0.21054695720170355
226 3001 0.5606803704834076
226 3016 0.9567785410231023
226 3031 -0.4460897185224856
226 3046 0.4008620280186623
227 228 -0.25622562961489087
227 3241 0.734653743167626
227 3256 0.2682144172323088
227 3091 0.19235546844119472
227 3106 0.5065645208429415
227 3122 0.3905038553524753
227 3137 0.4534118851393426
227 3152 0.010309043664951187
227 3167 -0.54414985037148
227 3181 1.0
227 3196 -0.4588592076028665
227 3211 -0.04552922841163809
227 3226 -0.11392897584284271
228 3421 -0.4933291336515391
228 3436 0.04001413207631774
228 3271 -0.20854960140772863
228 3286 0.13690199906793196
228 3302 -0.7386081287207785
228 3317 1.0
228 3332 -1.0
228 3347 0.059492554544885584
228 3361 -0.1995104580030715
228 3376 -0.8339197579951527
228 3391 0.2062166965365713
228 3406 -0.6846258901535992
241 242 1.0
241 256 0.23781066401810308
241 3061 0.1329208533119036
241 3076 -0.3517154384372397
241 3091 0.09172553230776787
241 3106 -0.09889617831341871
241 3122 -0.36519188535787905
241 3137 -0.0977796218264246
241 3152 -0.8315721003371744
241 3167 0.32669425233382154
241 3181 0.13979643670093594
241 3196 0.06768399800947139
241 3031 -0.4598571697835934
241 3046 0.1287945290106828
242 243 0.15660592559653772
242 257 -0.03832088973177986
242 3241 0.6460308759466594
242 3256 0.032616436262073605
242 3271 0.40859967648139994
242 3286 -0.5540179793650236
242 3302 0.08695826008119492
242 3317 -0.8561731417320071
242 3332 0.8811729659728561
242 3347 -0.3035039190525183
242 3361 -0.5269816033351021
242 3376 -0.16139084962134528
242 3211 -0.7193005276760163
242 3226 -0.09462776956384164
243 258 -0.059090108048306986
243 3421 0.537285486153303
243 3436 0.09968821302297903
243 3451 -0.37444607128057605
243 3466 0.905053717437296
243 3482 0.6082213248622457
243 3497 -0.6668051724403748
243 3512 -0.2168669507941394
243 3527 -0.09508490052686012
243 3391 0.5062444124343827
243 3406 -0.5653555535376991
256 257 -0.7703572780203188
256 3061 -0.12977448212792358
256 3076 0.5523637406707264
256 3091 -0.7484508911874418
256 3106 0.13016436923187308
256 3122 0.32666508487041807
256 3137 -0.18882177360424499
256 3152 -0.011645566744370145
256 3167 -0.08658528570315195
256 3181 0.1601651947760167
256 3196 -0.3418569767499019
256 3031 -0.4860024059191236
256 3046 0.7401403866906094
257 258 -0.05354964501409087
257 3241 -0.11592585906482143
257 3256 0.4556478534299418
257 3271 -0.023115041489477645
257 3286 -0.17084441224978547
257 3302 0.43293408207054995
257 3317 -0.05872677043762193
257 3332 0.6539742007521788
257 3347 -0.002933245345981029
257 3361 -0.14514018598055003
257 3376 0.1748758490034369
257 3211 0.051128631979242854
257 3226 -0.4623798161666956
258 3421 0.04117396354186882
258 3436 -0.7838896884490331
258 3451 0.35992581428076553
258 3466 -0.6404547206423827
258 3482 0.1923145536201611
258 3497 0.4562098875193231
258 3512 0.4202059690058574
258 3527 -0.2129653641582828
258 3391 -0.6763932201764798
258 3406 0.3938693173769204
271 272 0.5631634022678706
271 286 -0.4968248435011069
271 3062 0.9328375723119685
271 3077 0.4060117197075976
271 3092 -0.13251720855584914
271 3107 0.4508007575705784
271 3122 -0.2726107275612658
271 3137 -0.22837736291875865
271 3152 0.23994635057659877
271 3167 -0.8692047353929963
271 3181 -0.21148930651061568
271 3196 -0.2248474517358493
271 3031 -0.437223480804657
271 3046 -1.0
272 273 0.7201449383659414
272 287 0.33420066360914963
272 3242 -0.6509807951831783
272 3257 -0.6834252092820529
272 3272 0.44786870868549644
272 3287 -0.7250873356504833
272 3302 0.24632148650310154
272 3317 0.14766870336919424
272 3332 -0.39674091392880234
272 3347 -0.4221388998018212
272 3361 0.514389339389713
272 3376 -0.7811499623074833
272 3211 -0.47349361566463827
272 3226 0.6917509825318323
273 288 0.029462048162174372
273 3422 -0.2759397885509919
273 3437 0.7073007662480627
273 3452 0.5628862366850468
273 3467 -0.14335121790452224
273 3482 -0.5452922137902504
273 3497 -0.37525157473160564
273 3512 0.18346697591446998
273 3527 -0.37300850175619965
273 3391 -0.06701028376216045
273 3406 -0.08119787827918373
286 287 -1.0
286 3062 0.7869043111178345
286 3077 -0.41838186076895706
286 3092 0.26293942660223857
286 3107 0.14685181571835404
286 3122 -0.052789013772526316
286 3137 0.5618744645700294
286 3152 -0.34830036269043796
286 3167 -0.6349292915750863
286 3181 -0.12751514250679158
286 3196 0.3790204816108553
286 3031 -0.2001871999268089
286 3046 0.03819978545138082
287 288 -0.18686957054001363
287 3242 1.0
287 3257 0.7672230154677219
287 3272 0.12263183681262889
287 3287 0.07735413587295346
287 3302 -0.48891844088168956
287 3317 -0.06781744738505865
287 3332 -0.3331693935284997
287 3347 0.42855902745004526
287 3361 0.015561471909421675
287 3376 -0.031264017319971464
287 3211 0.5836323433212359
287 3226 -0.2564579024807251
288 3422 0.5575566693386761
288 3437 -1.0
288 3452 -0.06778090576215821
288 3467 0.10000830732083493
288 3482 0.06223077450724024
288 3497 0.18620763712979038
288 3512 -0.3257923252808117
288 3527 -0.6508323499310765
288 3391 0.4060929335448505
288 3406 -0.08984714881836177
301 302 0.8510555061613614
301 316 -0.7161646100499015
301 3062 -0.4126708103367477
301 3077 0.14424701848992694
301 3092 0.7932336632439473
301 3107 0.3712744564166061
301 3122 0.45997984462886427
301 3137 0.8926022667625889
301 3001 -0.19619092263204554
301 3016 -1.0
301 3031 0.09579275878332238
301 3046 0.23177985614699062
302 303 0.35174792928907794
302 317 -0.09023050714340276
302 3242 -0.6274419255424281
302 3257 -0.188510536649288
302 3272 -1.0
302 3287 0.025834905911470377
302 3302 -0.5422809892490271
302 3317 -0.034387116643804234
302 3152 0.043333804114114624
302 3167 0.07401630782549448
302 3181 -0.174955104543464
302 3196 0.19918164796257856
302 3211 -0.18902431257545912
302 3226 0.7935685824380224
303 318 -0.5952850758905781
303 3422 0.05815566612296095
303 3437 -0.037070289590906975
303 3452 0.9546508488777088
303 3467 0.8692358140260311
303 3482 -0.039736837064396895
303 3497 0.4620452737682529
303 3332 -0.07008157651649337
303 3347 -0.10900351256360942
303 3361 0.07040420364211394
303 3376 -0.3097764226074603
303 3391 0.5314978326558072
303 3406 -1.0
316 317 1.0
316 3062 0.048026713507919656
316 3077 -0.5225606615551848
316 3092 -0.3441056402918755
316 3107 0.5276922445380204
316 3122 -0.48233131798113826
316 3137 -0.26481762885616644
316 3001 -0.365336712429533
316 3016 0.5472569643431547
316 3031 -0.06055363413670509
316 3046 -0.16193817516815903
317 318 0.25828047166951784
317 3242 0.5539268729061151
317 3257 0.6289609287640053
317 3272 0.22946225101213383
317 3287 0.09332505992879161
317 3302 0.5419827037835927
317 3317 -0.09481998065965504
317 3152 0.45926358523437805
317 3167 0.36300903217400016
317 3181 0.1508272189758859
317 3196 0.658919048423159
317 3211 -0.22098095141327462
317 3226 0.0002837008378670559
318 3422 0.3107349571823675
318 3437 -0.08775289900006576
318 3452 0.7268171331745128
318 3467 -0.09450795647179505
318 3482 -0.08313141263788619
318 3497 -0.7462275739740504
318 3332 -0.6711243574155121
318 3347 0.2863722441242019
318 3361 -0.9673857546770995
318 3376 0.45833523722059133
318 3391 -0.602839298353728
318 3406 -0.11855686217357501
331 332 0.23925728904641058
331 346 0.0966958064021938
331 3062 0.5848565963366922
331 3077 -0.15550823677178616
331 3092 0.6275487860221016
331 3107 -0.3483048745847069
331 3122 -0.32050534693516614
331 3137 -0.27799968863848307
331 3002 -0.5607959105481983
331 3017 0.1113288448238124
331 3032 -0.13608894774397456
331 3047 0.8094063654079612
332 333 0.4294505967893696
332 347 0.009206905059397395
332 3242 -0.21350803886324027
332 3257 -0.48063704642297206
332 3272 -0.7237795076229148
332 3287 0.4586424033645997
332 3302 0.30472992853467573
332 3317 -0.2955040141470737
332 3152 -0.1110090711344109
332 3167 -0.22907761923489794
332 3182 -0.6776961249920488
332 3197 0.33540545302521746
332 3212 0.8190441351080501
332 3227 0.3488723778206534
333 348 0.7540180756424456
333 3422 0.6880132527025999
333 3437 -0.22173871240387327
333 3452 0.11212901905613346
333 3467 0.07167991512413119
333 3482 -1.0
333 3497 0.13652876343951298
333 3332 -0.04787492365893145
333 3347 0.5346297863332218
333 3362 0.22207781556377515
333 3377 0.5392801590566627
333 3392 0.5876853329404815
333 3407 -0.8301868354782341
346 347 -0.09001677932397598
346 3062 -0.45155881297043315
346 3077 0.22337992171526833
346 3092 0.43845543881051907
346 3107 0.5956848757325294
346 3122 -0.2265048087405574
346 3137 -0.16155061683704156
346 3002 0.04049446856132059
346 3017 0.1839293841490034
346 3032 -0.12063638079219544
346 3047 -1.0
347 348 -0.40374418967871506
347 3242 0.31543452285753837
347 3257 -0.5538761334912335
347 3272 0.5280506284684306
347 3287 -0.2000864797580821
347 3302 0.21024847338392272
347 3317 0.08072652647131644
347 3152 -0.601669996455243
347 3167 0.1933900753597549
347 3182 -0.6581224059571085
347 3197 0.3958738052900885
347 3212 -0.17542560678069966
347 3227 -0.3249182618278409
348 3422 0.7190575532664351
348 3437 0.08141191124227343
348 3452 0.930208885460378
348 3467 0.11608157123009992
348 3482 -0.4380431980223988
348 3497 0.12891983744606544
348 3332 -0.09975699892824501
348 3347 -0.1293052631777758
348 3362 -0.028162272834615865
348 3377 -0.3135544682611557
348 3392 0.6070529984142786
348 3407 -0.29158028292620686
361 362 0.1384561993589397
361 376 -1.0
361 3062 0.19302628640294422
361 3077 0.09110284515799659
361 3002 0.8407516895619347
361 3017 -0.09848929377773036
361 3032 -0.6062456058653415
361 3047 0.3321903921823783
362 363 -0.7014457751130162
362 377 0.09215266977221365
362 3242 0.0032409710988047834
362 3257 -1.0
362 3092 -0.7446819786594817
362 3107 -0.1580032867119091
362 3122 -0.309824766183535
362 3137 0.41432701847472364
362 3152 -0.19870392987102775
362 3167 0.3638668634077652
362 3182 -0.5878166273695412
362 3197 0.03614051158806797
362 3212 0.5776463900765441
362 3227 0.2954057301564834
363 378 -0.281770328372968
363 3422 0.4539441998326691
363 3437 0.6790840558546831
363 3272 0.24701784764919518
363 3287 0.5859150929566408
363 3302 -0.5039762108375307
363 3317 -0.7811594902864932
363 3332 0.0752252302373834
363 3347 0.09948711156635767
363 3362 -0.6233088820899348
363 3377 -0.776683324610756
363 3392 -0.37657040337669845
363 3407 0.10403647198496736
376 377 -0.3143922415816132
376 3062 -0.09900194519075149
376 3077 -0.1255321678463115
376 3002 0.4782780877954976
376 3017 -0.3070804680807449
376 3032 -0.5808835178431243
376 3047 0.21251960974063683
377 378 0.10976744290553081
377 3242 -0.025322904144483873
377 3257 -0.8215179872787537
377 3092 0.050546959291019905
377 3107 -0.5676241491057936
377 3122 -1.0
377 3137 -0.26177839389733787
377 3152 -0.14072607094195821
377 3167 0.16434896010633684
377 3182 0.4747023097940904
377 3197 0.35945351535771564
377 3212 -0.1826074756100661
377 3227 -0.2569663951245975
378 3422 -0.6871092064591314
378 3437 0.1202014412329431
378 3272 0.10442180883565384
378 3287 -0.19609374431112048
378 3302 0.2966376374590995
378 3317 -0.10471103312540851
378 3332 -0.6571858338136345
378 3347 0.1683783504846869
378 3362 0.0992332672391844
378 3377 0.2912496191579344
378 3392 0.8267847838201886
378 3407 -0.052030334743285354
391 392 0.0033464937335759303
391 406 -0.12605179106342004
391 3062 -0.6048693038273114
391 3077 0.4410998812253965
391 3002 0.15298642785626745
391 3017 -0.641636548364942
391 3032 -0.6505720010575404
391 3047 0.0972926050760627
392 393 -0.3145760454692372
392 407 1.0
392 3242 0.7463249732331902
392 3257 -0.20931694101693255
392 3092 0.4292948886123765
392 3107 0.5138265822076743
392 3123 -0.3149884868428058
392 3138 0.24763331805093816
392 3153 -0.5099781284468056
392 3168 0.2988291363185977
392 3182 -0.2693888929209601
392 3197 0.6594726812439077
392 3212 0.17584699544413246
392 3227 -0.4015569841062279
393 408 0.6253251605783042
393 3422 -0.9778325508582246
393 3437 -0.27265481877872305
393 3272 -0.26708483815712597
393 3287 0.4009639536057923
393 3303 0.36402960255142786
393 3318 -0.5243509373592453
393 3333 0.6396851616192548
393 3348 -0.10534389282164958
393 3362 -0.36871482802482397
393 3377 -0.34026430736154706
393 3392 -0.05941164113289253
393 3407 0.033421445396505094
406 407 -0.8791929921531736
406 3062 -0.10736509257188832
406 3077 -1.0
406 3002 -0.7828513323635176
406 3017 -0.0011836929516328462
406 3032 0.778278878810279
406 3047 0.011863276495435024
407 408 0.5312222736889318
407 3242 0.48581999495602296
407 3257 -0.3231215137665038
407 3092 0.6484802929833471
407 3107 -0.0890829169344106
407 3123 0.16005368238937492
407 3138 0.08977732479050043
407 3153 0.6164923081739104
407 3168 0.6411649265516137
407 3182 -0.07840500113663626
407 3197 1.0
407 3212 0.28173047745987045
407 3227 0.5920662199981399
408 3422 -0.12747548154719823
408 3437 -0.7967915276010034
408 3272 0.1181658370095986
408 3287 -0.19378617008302468
408 3303 -0.3746359356124248
408 3318 -0.12867672051296422
408 3333 -0.575155767395354
408 3348 0.4481960862150431
408 3362 -0.03874307489215934
408 3377 0.04695297199275695
408 3392 0.8004211238316231
408 3407 -0.9247960075990393
421 422 0.5503427670040039
421 436 0.5939077349931731
421 3062 -0.7132780643432952
421 3077 -0.19680060201121352
421 3092 0.11675776473355755
421 3107 -0.3737602172282679
421 3123 1.0
421 3138 0.4830774338827165
421 3153 0.11870296478681905
421 3168 0.08820429693285244
421 3182 -0.19478941363857072
421 3197 -0.0006552107129391159
421 3032 0.5516606359011272
421 3047 -0.37693449533471973
422 423 0.11618883800474186
422 437 0.13871821772151954
422 3242 -0.4958355793133318
422 3257 -0.24505589769958694
422 3272 -0.6658697193982583
422 3287 -0.46653031620905494
422 3303 -0.3657487619728219
422 3318 0.018406884270261704
422 3333 -0.560980539936548
422 3348 0.3953314814136755
422 3362 -0.15619775297004068
422 3377 -0.28505197790236997
422 3212 0.36926132934830874
422 3227 0.5186186535757374
423 438 0.4746374337885043
423 3422 0.05065907252684196
423 3437 0.7753028501623325
423 3452 0.09577239096703301
423 3467 -0.08478489061057619
423 3483 0.24343581185686627
423 3498 -0.9881119308959274
423 3513 0.8842623575241529
423 3528 0.2535921930869116
423 3392 0.646054795139374
423 3407 0.9858229786886941
436 437 0.5365970561829875
436 3062 0.2573326046333508
436 3077 -0.3136715096098586
436 3092 0.9133327313612002
436 3107 -0.8463306460178375
436 3123 -0.5120408868395208
436 3138 0.1863731818449626
436 3153 -0.4307322120797334
436 3168 0.3114999256784668
436 3182 -0.3066646578047442
436 3197 0.42638915474083583
436 3032 0.41505157427069067
436 3047 -0.072453428927982
437 438 0.9573708690177255
437 3242 -0.6980860766643189
437 3257 0.17551901878575382
437 3272 0.5841336989263342
437 3287 -0.7840343404561804
437 3303 0.3791516082400914
437 3318 -0.08024261778392278
437 3333 -0.05356674854713621
437 3348 -0.6539623747621177
437 3362 0.4172122382970379
437 3377 -0.32480412185162383
437 3212 -0.37160038016135477
437 3227 0.3549900471619167
438 3422 -0.7647382259147236
438 3437 0.20159320475706113
438 3452 -0.5110263032097533
438 3467 -0.3040671817466812
438 3483 -0.07200573656047916
438 3498 -0.11407562288247276
438 3513 -0.07057215504535294
438 3528 0.27835055267620934
438 3392 0.4663962464736718
438 3407 0.22084975598767875
451 452 -0.42259789472694576
451 466 -0.12502101766600526
451 3063 -0.24525065496733323
451 3078 1.0
451 3093 0.13337182935975114
451 3108 -0.5539092122735156
451 3123 -0.36572061602028905
451 3138 -0.1093591789075941
451 3153 0.2868885872301154
451 3168 0.4562919776055674
451 3182 0.33337659920582535
451 3197 -0.3979152297174168
451 3032 -0.07156234722466537
451 3047 -0.1388270927186466
452 453 0.3901126798535661
452 467 -0.10403229986018109
452 3243 -1.0
452 3258 -0.2783765983423452
452 3273 -0.20298592635829757
452 3288 0.25482996951844467
452 3303 0.08731211268199326
452 3318 -0.5545720373301933
452 3333 -0.7812739845242878
452 3348 0.35488000138308795
452 3362 0.8443205741317
452 3377 0.9083769161748483
452 3212 0.23511563475708874
452 3227 0.24610662747533263
453 468 -0.26972728448044797
453 3423 -0.123236972656926
453 3438 -0.8351490003924295
453 3453 0.21118339223328383
453 3468 0.45546682502278424
453 3483 -0.8579230904519207
453 3498 0.1041455823279253
453 3513 -0.01761244277917562
453 3528 0.3698227219006559
453 3392 -0.04228324173360573
453 3407 -0.8935665696071479
466 467 -0.295213071009687
466 3063 1.0
466 3078 0.08840206864037804
466 3093 -0.5136314538134429
466 3108 -0.22261671040343797
466 3123 0.40826305216450165
466 3138 -0.8561937400575176
466 3153 0.3794470520501084
466 3168 0.6805477960286689
466 3182 -0.39026293792061006
466 3197 -0.07616160134908512
466 3032 -0.7257987461086794
466 3047 -0.31185880276829514
467 468 0.2953820067248253
467 3243 0.11520841467840234
467 3258 0.48643001952945397
467 3273 0.11707004375179124
467 3288 0.2778041406101191
467 3303 -0.10818254242491487
467 3318 -0.253368416408513
467 3333 -0.3826796861911755
467 3348 -0.06825845487555261
467 3362 -0.24364077243777038
467 3377 -0.09486639236946258
467 3212 -0.06337304273401892
467 3227 0.41520955448814245
468 3423 0.42305514175328585
468 3438 0.23176261371830162
468 3453 0.8158901173968042
468 3468 0.7239959259179581
468 3483 -0.6733266316659784
468 3498 -0.931667867984026
468 3513 0.8929105863231905
468 3528 0.6045797033118353
468 3392 -0.1568714922176115
468 3407 0.31596245940341966
481 482 -0.49704978795560834
481 496 1.0
481 3063 -0.7083992490030423
481 3078 1.0
481 3093 -0.929553816841034
481 3108 0.027738437762158355
481 3123 -0.17488744592845729
481 3138 0.14626238158881497
481 3002 0.4872000914206236
481 3017 -0.32937828869872793
481 3032 -0.5055279759248554
481 3047 0.8638724605034447
482 483 -0.08755197564023852
482 497 0.5447005213522749
482 3243 -0.17946662522400222
482 3258 0.6219490828648029
482 3273 -0.4854704535465273
482 3288 0.5308507662950074
482 3303 -0.18883177424502004
482 3318 -0.783006903225289
482 3153 0.6061017561085885
482 3168 0.6618086750774704
482 3182 0.5285465424042162
482 3197 -0.2715004557471375
482 3212 -0.7979798133830748
482 3227 -0.02247332600576615
483 498 0.06509777604040036
483 3423 -0.06991450602401811
483 3438 -0.7299143194160809
483 3453 -0.24550700128994632
483 3468 -0.9005138034348591
483 3483 -0.7438344524707384
483 3498 -0.19113527117948365
483 3333 0.15179479696948758
483 3348 0.15035114266552013
483 3362 -0.5318216140736196
483 3377 0.25785511441616016
483 3392 0.5504531692638674
483 3407 0.24583227436572316
496 497 0.5614170156110313
496 3063 0.22568854460593787
496 3078 -0.30944368154131585
496 3093 0.08128943758156999
496 3108 -0.235059944459756
496 3123 0.022661646207455702
496 3138 -0.6657123112390194
496 3002 0.9274766057118486
496 3017 -0.38457440257757625
496 3032 0.11021436471674391
496 3047 -1.0
497 498 -0.37613843801838553
497 3243 0.52921403298874
497 3258 0.27714207353072473
497 3273 0.1381137165362319
497 3288 0.17553799496359968
497 3303 1.0
497 3318 -0.7960879261576554
497 3153 0.13680817962686434
497 3168 0.60119483434318
497 3182 0.09729250907558624
497 3197 -0.4918265434859131
497 3212 -0.5022179500422123
497 3227 -0.9203207691122126
498 3423 0.2245525284517935
498 3438 0.01987029255498878
498 3453 -0.7240437688256699
498 3468 -0.2202765395041722
498 3483 -0.07538603973071177
498 3498 -0.7161681904743641
498 3333 -0.026019373532951345
498 3348 -0.9666187326109262
498 3362 0.21548725084498763
498 3377 0.7182658947940922
498 3392 -0.35374048328782914
498 3407 -0.5378813350726175
511 512 -0.4775364803360773
511 526 0.3545820909043752
511 3063 -0.21405066415571888
511 3078 -0.23258636170650193
511 3093 0.12444375296952558
511 3108 0.23570655846614877
511 3123 1.0
511 3138 0.0025923606902116185
511 3003 0.013953541492452624
511 3018 -0.09145594846996337
511 3033 -0.5489649521247605
511 3048 0.8421631665770377
512 513 -0.08987865476240962
512 527 -0.1132008988520753
512 3243 -0.29419428668677877
512 3258 0.8010834472060555
512 3273 0.12413401748421402
512 3288 0.08817916689589735
512 3303 -0.10923121596136685
512 3318 0.3576727626659148
512 3153 0.2744498191633808
512 3168 -0.034933761411854676
512 3183 -0.8928160166710182
512 3198 0.3206443958234372
512 3213 -0.027056665666154323
512 3228 -0.03297831269312291
513 528 0.36325519379267174
513 3423 0.5022124931868787
513 3438 -0.2514200104414017
513 3453 -0.025934098103636657
513 3468 -0.25898558587109455
513 3483 -0.7034469967609066
513 3498 0.7066910623980458
513 3333 0.2438960899370521
513 3348 -0.33621829897025574
513 3363 -0.22118362786758736
513 3378 -0.04075063414674081
513 3393 -0.21587431248396258
513 3408 -0.10011642725543148
526 527 -0.6375657069800723
526 3063 -0.14796627042281746
526 3078 0.3943911055799289
526 3093 -0.2708036488275405
526 3108 0.17946727749024297
526 3123 0.022622410799113674
526 3138 -0.3888286157450144
526 3003 -0.21822140820811595
526 3018 0.22917581312145727
526 3033 0.2858416675738117
526 3048 -0.013060229676592929
527 528 0.15872002624094467
527 3243 0.8140606707412446
527 3258 0.19608504971989762
527 3273 0.009556354048215483
527 3288 0.360780832667373
527 3303 -0.0748667224894475
527 3318 0.47880361731140775
527 3153 0.422191346148776
527 3168 -0.22426728388155567
527 3183 0.5468212066474359
527 3198 -0.7428761638165159
527 3213 -0.05171832296738018
527 3228 -0.6399790025158253
528 3423 -0.4714966971930746
528 3438 0.9518894250264192
528 3453 0.12415930690669393
528 3468 -0.27541950789169284
528 3483 -0.5195685894130732
528 3498 0.07208629018619352
528 3333 0.23507128607880784
528 3348 0.11796603520728235
528 3363 -0.617066842054209
528 3378 0.29578883228001934
528 3393 0.7124614998555587
528 3408 -0.7294195232793024
541 542 -0.32630720565172716
541 556 0.6155222733237857
541 3063 0.5487171718147564
541 3078 0.8455938338117741
541 3003 -0.13695413267848086
541 3018 0.526277696118063
541 3033 0.3991482189509413
541 3048 0.00804814532317514
542 543 0.543391258716056
542 557 0.2586657595034798
542 3243 0.4615046703495952
542 3258 0.7325160966374052
542 3093 0.022236117110163874
542 3108 -0.8138112377071481
542 3123 0.027814609719474
542 3138 0.29099281546466277
542 3153 -0.5920278244620986
542 3168 0.3532002510255701
542 3183 0.3324634052690397
542 3198 -0.5151870508509975
542 3213 -0.22337401131415535
542 3228 -0.37575958924063535
543 558 0.6875475406595501
543 3423 -0.6777469539112791
543 3438 -0.3454035992083637
543 3273 -0.4049354894835033
543 3288 -0.046109148676228215
543 3303 0.22224523898101461
543 3318 0.2692285448801374
543 3333 -0.29871348695534855
543 3348 -0.12413828383451506
543 3363 -0.6302284760660556
543 3378 -0.7303027747468117
543 3393 -0.15473508460868476
543 3408 -0.19432867983516613
556 557 -0.42243585677507534
556 3063 0.47621696178070017
556 3078 -0.3645726906551512
556 3003 -0.2080990561811081
556 3018 -0.15432431333868107
556 3033 0.3459262096218877
556 3048 0.354181774987426
557 558 -0.001963851139383054
557 3243 -0.13487702484181494
557 3258 1.0
557 3093 -0.36116895502943197
557 3108 -0.49508563192396715
557 3123 -0.0009200846593037146
557 3138 -0.6611548126254985
557 3153 -0.48061544639020504
557 3168 -0.056985921768526314
557 3183 0.5303189279913147
557 3198 0.40630816202487385
557 3213 -0.5734176114545486
557 3228 0.9939319467606393
558 3423 0.697229202197805
558 3438 0.5358022983444856
558 3273 -0.7346935636161063
558 3288 0.21248139956077022
558 3303 0.25557523007078187
558 3318 -0.6176349244230847
558 3333 -0.056579898204179885
558 3348 -0.7394175995828536
558 3363 -0.10779734650796523
558 3378 0.016422541891016884
558 3393 -0.10546505581692496
558 3408 0.22580793672605756
571 572 -0.32607975692838786
571 586 0.3057237536036402
571 3063 1.0
571 3078 0.303715204788853
571 3003 -0.054577673258824
571 3018 -0.8696143983618643
571 3033 0.8228971643283082
571 3048 0.4498926412786853
572 573 0.6146429790312565
572 587 -1.0
572 3243 -0.46692044122412885
572 3258 0.5658974035582068
572 3093 -0.45272576549196064
572 3108 0.3966840642506407
572 3183 0.8563966656886259
572 3198 0.48382508371732186
572 3213 -0.005201119164302039
572 3228 0.23419908467317985
573 588 -0.2906734031615819
573 3423 -0.8885150093616084
573 3438 0.7533106180204168
573 3273 0.21690913313331908
573 3288 -0.5310527931520124
573 3363 0.5199340197683738
573 3378 0.32634223806647294
573 3393 0.021505552259365953
573 3408 0.7435217749621885
586 587 0.44071161511548285
586 3063 0.3074824222579344
586 3078 -0.5413870703152285
586 3003 -0.6349336994519839
586 3018 -0.27355353160830315
586 3033 0.067655908814597
586 3048 -1.0
587 588 -0.21376653043144223
587 3243 0.42727009212650263
587 3258 -0.03395288007295612
587 3093 -0.3619692042581465
587 3108 -0.8478110002205774
587 3183 -0.009439368671199794
587 3198 -0.46824205829777027
587 3213 -0.5803030204218287
587 3228 -0.07748231126689983
588 3423 1.0
588 3438 0.6092628714133663
588 3273 -0.20254779693848465
588 3288 -0.44191813193459006
588 3363 -0.11589079812804365
588 3378 -0.33142253211241435
588 3393 0.806869925613241
588 3408 -0.5557929079493332
3001 3002 0.12349527802125924
3001 3016 0.42473878601681075
3002 3003 0.09961122043328546
3002 3017 -0.20651770888627033
3003 3018 -0.042146677583869384
3016 3017 -0.34502508906027823
3017 3018 0.12424424005167178
3031 3032 -0.8497963535782058
3031 3046 -0.4612771009321184
3032 3033 -0.015609031859950422
3032 3047 0.15971696663046317
3033 3048 -0.2585746211512096
3046 3047 0.5404159129477405
3047 3048 -0.6915243693004154
3061 3062 -0.1545435136349279
3061 3076 0.47661784136235946
3062 3063 -0.19592937940284957
3062 3077 -0.1227205018237406
3063 3078 0.3325710126365443
3076 3077 1.0
3077 3078 -0.2591989664755187
3091 3092 -0.2638837466768707
3091 3106 -0.7665748435479857
3092 3093 -1.0
3092 3107 -0.6926255879416784
3093 3108 -0.35059582118371896
3106 3107 0.4940797418136709
3107 3108 -0.9295053155526235
3121 3122 -0.8881738417800001
3121 3136 0.0073970946223624314
3122 3123 -0.41430416336207876
3122 3137 0.6303860619651138
3123 3138 -0.4195714859164651
3136 3137 -0.3318744431044045
3137 3138 0.29242916274865915
3151 3152 -0.26348782866976955
3151 3166 0.4177398221024374
3152 3153 -0.2226691554106554
3152 3167 0.07174502195741991
3153 3168 -0.4559773381668411
3166 3167 -0.4015812868375007
3167 3168 0.8774439342865571
3181 3182 -0.31522209484432434
3181 3196 0.025505547763693244
3182 3183 0.25924091632035856
3182 3197 -0.6496307786529569
3183 3198 0.24386699988434765
3196 3197 0.0993720650805123
3197 3198 0.37260300423137493
3211 3212 -0.7117304607021242
3211 3226 -0.41328885672493526
3212 3213 0.07126658320579202
3212 3227 0.776740149783908
3213 3228 0.1534302845809257
3226 3227 0.09483485932072537
3227 3228 -0.47192009072481134
3241 3242 1.0
3241 3256 -0.5086983381413652
3242 3243 0.6680452113838671
3242 3257 0.4859988106740978
3243 3258 0.2738863410842195
3256 3257 0.2824200276642624
3257 3258 0.18805073631816632
3271 3272 0.21488833051602693
3271 3286 0.9921059603936797
3272 3273 0.18668219900338487
3272 3287 -0.9559508942499001
3273 3288 -0.37360802136022514
3286 3287 0.5578778947673944
3287 3288 -0.2035462816472657
3301 3302 -0.44733851859854823
3301 3316 -0.3572417030252469
3302 3303 0.4925357397485416
3302 3317 -0.759882421028073
3303 3318 -0.48090466612848437
3316 3317 -0.2365035532407458
3317 3318 -0.5515795148584192
3331 3332 -0.2167647922008497
3331 3346 -0.5174114453596921
3332 3333 0.5669708980710719
3332 3347 -0.7064179492648375
3333 3348 0.1150044319864992
3346 3347 0.5137496140023228
3347 3348 -0.3357144934064229
3361 3362 -0.22332069650859146
3361 3376 -0.22838112480719655
3362 3363 0.17157436006958457
3362 3377 -0.5848992365091079
3363 3378 0.45644471537579934
3376 3377 0.33365834530168736
3377 3378 -0.1767310039681576
3391 3392 0.49777468555407195
3391 3406 0.2571678351397923
3392 3393 0.2599179831420316
3392 3407 0.2288719032907472
3393 3408 -0.09797790141779023
3406 3407 -0.3887450898575695
3407 3408 -0.2829024314924238
3421 3422 0.8893352496098491
3421 3436 1.0
3422 3423 0.3002250924200298
3422 3437 -0.09036020623314299
3423 3438 -0.7049800728850141
3436 3437 0.30266042124319725
3437 3438 0.28574701301851635
3451 3452 -0.36690317257427957
3451 3466 -0.6575516270563577
3452 3453 -0.6050217704105468
3452 3467 -0.3052692454865869
3453 3468 0.028218666211986734
3466 3467 -0.0007802855710563712
3467 3468 -0.2053326803413779
3481 3482 -0.04745655995136855
3481 3496 -1.0
3482 3483 -0.4785320318860444
3482 3497 -0.251571712332929
3483 3498 0.3007221187976555
3496 3497 0.8643949782933706
3497 3498 0.36715525585259406
3511 3512 -0.17882191449070028
3511 3526 -0.38676618232306653
3512 3513 -0.32173405806398897
3512 3527 0.31587402163896333
3513 3528 -1.0
3526 3527 -0.6566276066669741
3527 3528 -0.11547794503805113
