# 
61 61 0.5555607558049936
62 62 1.0793356050734875
63 63 0.13731181988342125
76 76 -0.5034955473399338
77 77 -0.21937418976880887
78 78 1.4408952749592028
91 91 0.6466578223371452
92 92 -0.5094496326458289
93 93 -1.163708326393395
106 106 0.11999851879452499
107 107 1.909262220561408
108 108 0.2218294845962438
121 121 -1.7876335213158336
122 122 0.10570058606387188
123 123 -2.1595615961509593
136 136 0.31693656597093256
137 137 -0.562717709813013
138 138 0.36822461178368876
151 151 -1.0665288316729649
152 152 0.0524110013681733
153 153 1.4790446051132573
166 166 1.0733274039412022
167 167 -0.8106880756727588
168 168 -0.22973341481498966
181 181 -1.5708565433852117
182 182 -0.743995519541985
183 183 0.743360736030075
196 196 -0.2240583635456821
197 197 1.4829549388754177
198 198 0.2576609376972952
211 211 0.5887912263046291
212 212 -0.4529995113890996
213 213 -0.14680130528703877
226 226 1.982328473074488
227 227 -0.19277319738721774
228 228 -1.037523929512611
241 241 -1.2063888928610935
242 242 -1.3207368892334368
243 243 2.108231998721758
256 256 0.2834524829314063
257 257 -0.7178131321578273
258 258 0.00015683727258428422
271 271 -0.05048731601757984
272 272 1.490708740410404
273 273 1.2537003633461694
286 286 -1.9957798957586088
287 287 1.1563072485941082
288 288 0.22599391720652987
301 301 -0.944432963172891
302 302 0.04258886624139079
303 303 0.9039064197522728
316 316 -0.36097796608731464
317 317 -0.54797365954929
318 318 -0.26184841828798405
331 331 -0.08319400134001466
332 332 -0.6696873781761448
333 333 -0.07076068614641377
346 346 -0.4913084165555224
347 347 -0.06231667126328673
348 348 -0.8296789970085554
361 361 -0.6170358269190135
362 362 -0.2023743052373554
363 363 -0.5051133122418248
376 376 -0.5850059772878856
377 377 1.0312427747544122
378 378 0.33586944865791374
391 391 0.846279811037479
392 392 -1.9121871976540599
393 393 0.9340544297507593
406 406 0.1587912782173028
407 407 1.2262849342990803
408 408 -0.8393692330476035
421 421 1.7728248373608315
422 422 -0.8189717697728048
423 423 -0.424336091312207
436 436 -0.4059494984612468
437 437 0.6171028397879598
438 438 1.3797243266249803
451 451 0.05464521323989539
452 452 0.575116131103693
453 453 0.8635537215226308
466 466 0.3982138835701151
467 467 2.427386325748653
468 468 0.9784256520015339
481 481 1.3918068973203594
482 482 0.9794662735438096
483 483 1.6679763298826424
496 496 -1.2171156313435014
497 497 -0.27946474375479874
498 498 -1.4001866815892143
511 511 1.058209723822113
512 512 1.5629893260481986
513 513 1.5735049500188336
526 526 0.8204639715082611
527 527 0.5934080552120856
528 528 1.5450954041077831
541 541 -1.6036972295953238
542 542 -0.43958003236161336
543 543 1.5688309559295963
556 556 -0.22579581865654225
557 557 0.3209881685573992
558 558 0.5483793101739396
571 571 0.5128655392566361
572 572 -0.5596026873281101
573 573 -0.7114247605619349
586 586 1.6080934622780543
587 587 -0.444318877047248
588 588 0.28786859203052606
3001 3001 0.2878503400343318
3002 3002 -1.2339473093117228
3003 3003 -0.0528856100091767
3016 3016 1.343686737353406
3017 3017 -1.0956292715724634
3018 3018 -1.1509649536127504
3031 3031 1.1232530414825237
3032 3032 -2.350431428099121
3033 3033 -1.0394823095221037
3046 3046 1.0322978461456562
3047 3047 0.6403400713226761
3048 3048 0.39970617746547743
3061 3061 1.4297772534696085
3062 3062 0.8602308929867474
3063 3063 1.4898207278054239
3076 3076 -1.5510457960631014
3077 3077 -1.7762462080521118
3078 3078 -0.10795252181271658
3091 3091 1.4367962632998628
3092 3092 0.24494417893743792
3093 3093 0.46595471231006114
3106 3106 1.7669757185852302
3107 3107 -0.7267425807101078
3108 3108 -0.8223053764425418
3121 3121 -0.596014072151196
3122 3122 1.4339402533958927
3123 3123 -1.2144002958869702
3136 3136 0.6402438172242392
3137 3137 -1.1913058728776744
3138 3138 -1.3324389536448493
3151 3151 0.7059076646317628
3152 3152 1.6725279344754629
3153 3153 0.35895914124450645
3166 3166 0.20913636518468542
3167 3167 -1.779034448560122
3168 3168 0.16208603351458672
3181 3181 0.4086447202954681
3182 3182 -0.6199658223076083
3183 3183 -0.22370517015416785
3196 3196 0.7701766392104921
3197 3197 -2.2647167125305576
3198 3198 -2.3081388881444083
3211 3211 0.2702507585103195
3212 3212 -1.6000881439332693
3213 3213 -0.5487735294256666
3226 3226 -2.3274330410936384
3227 3227 -0.4900302945545013
3228 3228 -0.0026905775719264146
3241 3241 -0.7710444607448727
3242 3242 -0.3078344965289057
3243 3243 1.2051716778469526
3256 3256 0.6002010941473036
3257 3257 0.6066010942534519
3258 3258 1.335505569501419
3271 3271 -2.091905701070967
3272 3272 1.771374118757656
3273 3273 1.2379710882598067
3286 3286 0.7474377576919935
3287 3287 -1.4904208697789294
3288 3288 -0.021950402804693552
3301 3301 -1.3659375666693698
3302 3302 1.5793630458124375
3303 3303 -0.18927219290265343
3316 3316 -0.478541145102769
3317 3317 -1.7594662150682137
3318 3318 -1.3542464715490663
3331 3331 0.08505825981152351
3332 3332 1.6343037329698926
3333 3333 -0.28174462232436515
3346 3346 0.8340248782354804
3347 3347 -0.6609544211345165
3348 3348 -0.7195940335587973
3361 3361 1.3716441520479066
3362 3362 0.18689750282020123
3363 3363 -0.5393837864123517
3376 3376 -0.4758287565748583
3377 3377 0.267025283609511
3378 3378 0.08568240897683019
3391 3391 0.5360549243181578
3392 3392 -0.8595531829415931
3393 3393 -0.8847780527089952
3406 3406 -0.5153390159859773
3407 3407 -0.9182082011207989
3408 3408 -1.0164068519341252
3421 3421 -0.9879614910369429
3422 3422 0.9183355828259708
3423 3423 -1.6810418673371104
3436 3436 -0.9341015511939081
3437 3437 0.48103771140066776
3438 3438 1.448039971191126
3451 3451 0.55924349805009
3452 3452 2.2234388890363115
3453 3453 0.36506682080947117
3466 3466 -0.7981442247922724
3467 3467 -0.5020366328827286
3468 3468 0.5226318795272686
3481 3481 0.6521506460452896
3482 3482 -0.09041009860499867
3483 3483 1.1985884350988285
3496 3496 -0.448074603543737
3497 3497 0.08075191026280736
3498 3498 0.7133324638922435
3511 3511 2.4907682069256176
3512 3512 0.5065891362472782
3513 3513 2.2606690994630214
3526 3526 -0.26233405236889046
3527 3527 2.110281168270855
3528 3528 -0.08830146889761792
61 62 -0.14580835708293816
61 76 -0.4033630366613733
61 3121 1.0
61 3136 -0.14036492867824824
61 3151 0.5838685646089283
61 3166 0.7542443530147461
62 63 1.0
62 77 -0.4046629382120626
62 3301 -0.36384509199707216
62 3316 0.5282626590162179
62 3331 -0.34530862824579367
62 3346 0.20002759366920575
63 78 -0.3672453281162349
63 3481 -0.16228590675768867
63 3496 -0.07953541799967401
63 3511 0.39964699826972144
63 3526 0.6408927529689471
76 77 0.7273419978264581
76 3121 -0.013413654140357107
76 3136 0.7333473302855475
76 3151 0.7263313903286449
76 3166 0.21323493236542795
77 78 0.13478388968710603
77 3301 -0.16167275683792787
77 3316 -0.47176378075044795
77 3331 0.21100246656385513
77 3346 -0.5627547913346845
78 3481 0.3212150002881231
78 3496 -0.08569911346056751
78 3511 0.42625816494891533
78 3526 -0.7956615511833882
91 92 0.5088360067136534
91 106 0.09548090782215553
91 3061 -0.26040390514992146
91 3076 0.6576757130332157
91 3091 -0.3645431821169674
91 3106 0.030095139618966264
91 3121 0.5831600889407244
91 3136 0.45097114269365096
91 3151 0.576956850805197
91 3166 -0.4428317299092236
92 93 -0.670822619871676
92 107 0.6324698021662756
92 3241 0.8691970203473339
92 3256 -0.14994840592648126
92 3271 -0.03345750430625734
92 3286 -0.14785792808854417
92 3301 0.16635759574092854
92 3316 0.2791692440179155
92 3331 -0.7140916234216603
92 3346 0.4444372348954389
93 108 -0.3217468734695634
93 3421 0.1929561664122057
93 3436 0.011747618570637972
93 3451 -0.29645662422243335
93 3466 -0.5157789912846296
93 3481 0.22933028270660344
93 3496 0.9457915016946389
93 3511 0.6506468453466079
93 3526 -0.026484819104722345
106 107 0.3642673075068181
106 3061 -0.50099556676852
106 3076 1.0
106 3091 0.2997736977848266
106 3106 -0.08472413542902338
106 3121 0.28427799883134175
106 3136 -0.4949105659391747
106 3151 0.17245412914395636
106 3166 -0.27069707816395633
107 108 -0.8120935687984038
107 3241 -0.5101462091161243
107 3256 -0.5511724118565041
107 3271 -0.3101245300083426
107 3286 0.10079099679506166
107 3301 0.709658452542771
107 3316 0.11425691012943047
107 3331 0.672152873961001
107 3346 0.07383152891167978
108 3421 -0.06394401418984488
108 3436 -0.7650771169531763
108 3451 0.19492483800090327
108 3466 -0.010659385950732568
108 3481 0.09338431157317673
108 3496 -0.03598601717099593
108 3511 -0.3843116243724092
108 3526 -0.7117233495663524
121 122 0.5137436867183617
121 136 -0.3376922366959863
121 3061 -1.0
121 3076 0.8622307427226645
121 3091 -0.025368095527604263
121 3106 1.0
121 3121 0.41505781970354744
121 3136 0.20223358839423297
122 123 -0.045722577702151775
122 137 -0.05100535084180349
122 3241 -0.002358233429367529
122 3256 -0.48208160484460216
122 3271 -0.3020216360958284
122 3286 0.6257747662782688
122 3301 -0.06762019716287396
122 3316 -0.06921022660961484
122 3151 0.25888161923668696
122 3166 -0.16051786965213105
123 138 -0.4340238122899535
123 3421 0.323387081829025
123 3436 -0.6363748749099504
123 3451 0.393920463305907
123 3466 -0.3907793757479278
123 3481 0.34153621534697803
123 3496 0.11423402129336119
123 3331 -0.43517611005589896
123 3346 0.12130959940261975
136 137 -0.3835572041972025
136 3061 0.8834900293725849
136 3076 0.1728802717363498
136 3091 -0.5890656112132361
136 3106 0.08719274391475207
136 3121 -0.9206356090388431
136 3136 -1.0
137 138 -0.6397962741375165
137 3241 0.6472305331957258
137 3256 0.6038118828900091
137 3271 0.017140403190164702
137 3286 0.4862057938372627
137 3301 0.2582552382774222
137 3316 0.5388731388504157
137 3151 -0.4621182606617953
137 3166 0.022304080048794046
138 3421 0.3615013949489023
138 3436 -0.1500047205813378
138 3451 0.208634557181529
138 3466 -0.3988719591611642
138 3481 -0.7271203927901841
138 3496 0.1829648280472798
138 3331 -0.22997167503505986
138 3346 -0.5509801539155065
151 152 0.21009245408208344
151 166 0.2773194025886187
151 3061 -0.41858948711049704
151 3076 -0.4705687093710746
151 3091 0.27133883567321254
151 3106 0.728708871942002
151 3121 -0.5399082211097166
151 3136 0.15611564613982193
151 3001 -0.12387490807139966
151 3016 0.5008826479184985
151 3031 -0.16123361597153543
151 3046 0.6007657166690403
152 153 -0.5356996286138774
152 167 0.37199294014419365
152 3241 -0.19439215142633212
152 3256 -0.3734774694153123
152 3271 -0.5427846524399407
152 3286 0.381126312548345
152 3301 -0.4724739078884809
152 3316 0.32722783641515396
152 3151 -0.20306453858334447
152 3166 0.337002217391957
152 3181 0.746550945357649
152 3196 1.0
152 3211 -0.798471959668936
152 3226 -0.07630568347708698
153 168 0.11844500091956178
153 3421 -0.9805373616819778
153 3436 -1.0
153 3451 -0.39141795761179754
153 3466 -0.2401886898779695
153 3481 0.5996212433042462
153 3496 -0.22159708871208014
153 3331 -0.5156761367040192
153 3346 -0.2576316558073492
153 3361 -0.23970562157141695
153 3376 0.8707445138017201
153 3391 0.41368356799364153
153 3406 0.24661865294725674
166 167 -0.4640998137485343
166 3061 -0.08373568839702682
166 3076 0.09004492648374554
166 3091 -0.08554410310091477
166 3106 -0.04548443066448586
166 3121 0.07709913346455677
166 3136 0.3449573712682824
166 3001 0.15490493748362527
166 3016 -0.39753450200320084
166 3031 -0.24172073210590053
166 3046 -0.439234144426416
167 168 -0.550715791606358
167 3241 -0.6113034985859613
167 3256 -0.12839049148819656
167 3271 -0.3864104969950939
167 3286 -0.015603157289238768
167 3301 -1.0
167 3316 0.09146503448560128
167 3151 -0.1682295670833911
167 3166 0.3865856406317159
167 3181 0.9700476686661208
167 3196 -0.3779964908732601
167 3211 0.7945473440358195
167 3226 -0.840978258263351
168 3421 -0.059611359312918916
168 3436 -0.03872443143333624
168 3451 0.37510742291905674
168 3466 0.2387737731798261
168 3481 1.0
168 3496 0.11113930968054822
168 3331 0.1983609333814347
168 3346 0.7791387686762827
168 3361 0.7760997447911855
168 3376 -0.36379728750232715
168 3391 0.08933042960660817
168 3406 -0.590138835241453
181 182 0.0264022200134199
181 196 0.06500525266587302
181 3061 -0.47252137536340766
181 3076 -0.25812860088127876
181 3001 -0.5744376414514456
181 3016 -0.02000154615253986
181 3031 -0.6370570294397281
181 3046 0.18158581281008307
182 183 0.31388404034677586
182 197 -0.04230969918455639
182 3241 0.03132908139525349
182 3256 0.008869063043781688
182 3091 0.33528379367784034
182 3106 0.36084218687873687
182 3121 0.19719040051073267
182 3136 -0.5897883770576163
182 3151 -0.6253466161044254
182 3166 0.7068840396504366
182 3181 -0.019207397882036036
182 3196 -1.0
182 3211 0.28326329798585775
182 3226 0.7311782635140212
183 198 0.11905107502864598
183 3421 0.5976331698500174
183 3436 0.09178946808399556
183 3271 -0.1454672172163194
183 3286 0.05421831965934924
183 3301 -0.41108847677511307
183 3316 0.09828581403936344
183 3331 -0.5838767347701951
183 3346 0.11152980453506148
183 3361 -0.4032275712579167
183 3376 -0.2148718989981156
183 3391 1.0
183 3406 0.5780003676276394
196 197 -0.3351053140785358
196 3061 0.2651183708199268
196 3076 -0.02832573724114826
196 3001 -0.2542359252614117
196 3016 -0.11382756683174301
196 3031 0.11801510421698473
196 3046 0.13324098091502243
197 198 0.3203073925977706
197 3241 -0.2774454487635894
197 3256 0.5302723691856198
197 3091 -0.4771756514691507
197 3106 0.5339479828415101
197 3121 -0.2581052066295795
197 3136 -0.15441933242341366
197 3151 -0.07730327949475292
197 3166 0.6471046113353478
197 3181 0.34341171034781204
197 3196 -0.12166176379381204
197 3211 -0.35383848579263355
197 3226 -0.8835451106130984
198 3421 -0.5176919560670005
198 3436 -0.41884943282770926
198 3271 0.1438878548073393
198 3286 -0.6261239697961712
198 3301 0.3791152081659519
198 3316 -0.7126643883461742
198 3331 -0.002157235199783487
198 3346 0.39404549330456284
198 3361 -0.6083066174197594
198 3376 -0.1749933393448463
198 3391 -0.2861364302700136
198 3406 -0.5476388171751276
211 212 -0.7666525775562427
211 226 0.19610549480823317
211 3061 0.5532408717345944
211 3076 0.06468153720683954
211 3001 0.4308142621043672
211 3016 0.4292797286776561
211 3031 -0.25085318766028275
211 3046 -0.12533738289947646
212 213 -0.18298298684120087
212 227 0.32210344280430486
212 3241 0.6866676073974582
212 3256 -0.7822049663016386
212 3091 0.351790981899398
212 3106 -1.0
212 3122 -0.668193538883291
212 3137 -0.18150487866154963
212 3152 0.10460622425655208
212 3167 -0.6708400416215937
212 3181 -0.06509102832488554
212 3196 -0.30669906104272815
212 3211 0.3206889200600878
212 3226 -0.36278698379846797
213 228 0.44188666715613095
213 3421 -0.20350137692677958
213 3436 0.5152137005080977
213 3271 0.774476871382755
213 3286 -0.6606730336715663
213 3302 0.3322264471486753
213 3317 -0.1263208596569586
213 3332 -0.6898795613690807
213 3347 0.7406913413785141
213 3361 0.25558379893916705
213 3376 -0.2850099940707678
213 3391 0.3193600639367114
213 3406 -0.7980191880704381
226 227 0.00849258310682269
226 3061 0.2993396046311234
226 3076 1.0
226 3001 -0.13821177320477865
226 3016 0.48825053118985806
226 3031 0.7289501620321662
226 3046 0.21892433174382575
227 228 -0.5447122186552054
227 3241 0.12446505657984769
227 3256 -1.0
227 3091 -0.4133379820758775
227 3106 0.37222655067354443
227 3122 -0.07460134020595609
227 3137 -0.651868750494767
227 3152 -0.5592465608821883
227 3167 0.3888305790709798
227 3181 -0.5967359477865285
227 3196 0.19677742820450742
227 3211 -0.173157031037224
227 3226 0.7883574063112709
228 3421 0.3471975121652335
228 3436 -0.8304257505077809
228 3271 -0.1895524059349693
228 3286 0.1296987552478579
228 3302 -1.0
228 3317 -0.26127530225464785
228 3332 -0.11787130137334981
228 3347 0.3246331618501733
228 3361 0.014395089103309484
228 3376 0.3947191033120704
228 3391 0.5113735447057806
228 3406 1.0
241 242 -0.04933605666966368
241 256 0.1236918625803709
241 3061 0.8629029342396721
241 3076 0.4550548686172946
241 3091 -0.8587833260986507
241 3106 -0.28632114494090544
241 3122 -0.14525712256669765
241 3137 0.22273580692870232
241 3152 -0.17207924202595584
241 3167 -0.5235435433152411
241 3181 -1.0
241 3196 0.19596370134663565
241 3031 0.21559602195032465
241 3046 0.022215381980516754
242 243 -0.2010925728252061
242 257 -0.1614504213291687
242 3241 0.6067441561616652
242 3256 -0.01646365337176133
242 3271 0.4421291663976466
242 3286 0.13768887971923408
242 3302 0.14474554276673482
242 3317 0.07038215210210577
242 3332 -0.24419159927728587
242 3347 0.008082540820451704
242 3361 0.02945120596721925
242 3376 0.24556417641613387
242 3211 -0.40534881583610355
242 3226 -0.6387635150261141
243 258 -0.022003261853462897
243 3421 -0.2024824599712417
243 3436 -0.42976821406613147
243 3451 -0.47967166297135594
243 3466 0.2985845514475367
243 3482 -0.7558206121575982
243 3497 -0.4366653863613224
243 3512 0.5674972729981541
243 3527 -0.1332696632614973
243 3391 -0.1410473607064237
243 3406 -0.2870397754886794
256 257 0.13184228553648855
256 3061 0.1560590218212597
256 3076 0.8284389856669092
256 3091 0.661793929468528
256 3106 -0.03330094411796318
256 3122 -0.3345734450057305
256 3137 0.467875801201972
256 3152 0.0503749097064225
256 3167 0.31629766881542964
256 3181 -0.09286866477239535
256 3196 0.24139255374246968
256 3031 -0.1065951930718306
256 3046 -0.5400438050065796
257 258 0.07927224531960393
257 3241 -0.10637478151247952
257 3256 -0.3427802582767406
257 3271 0.309271482246364
257 3286 -0.00803319963417468
257 3302 0.32373450100731455
257 3317 0.2960575312314785
257 3332 0.0638775920560485
257 3347 0.3826606890438523
257 3361 0.2755487614256938
257 3376 -0.09883015413196675
257 3211 0.08858549011502577
257 3226 -0.4676437462054262
258 3421 -0.8376796517955184
258 3436 0.4937532798910516
258 3451 -0.2087666736464065
258 3466 -0.190159226743146
258 3482 0.40446375183461364
258 3497 -0.039638983834691145
258 3512 0.8564008742480166
258 3527 0.763925022860005
258 3391 -0.009646762600192852
258 3406 0.26474623408994596
271 272 -0.6354661472397557
271 286 -0.02732188402077711
271 3062 -0.5859914859111048
271 3077 0.17799572067475733
271 3092 0.31273437588572756
271 3107 1.0
271 3122 -0.668639582119279
271 3137 -0.2724916550648709
271 3152 0.8889346080699069
271 3167 -0.5347781238523425
271 3181 -0.9128754427484779
271 3196 0.1801710674837041
271 3031 -0.706221379106552
271 3046 -0.39235647652720207
272 273 1.0
272 287 -0.7409145649068258
272 3242 0.21161712759309903
272 3257 0.23517352911885392
272 3272 -0.15346666668855463
272 3287 0.30563730320512966
272 3302 -0.152067796284023
272 3317 -0.06601926174511522
272 3332 0.34538320570816755
272 3347 -0.08980752440410435
272 3361 0.5600916017226624
272 3376 -0.8611240046570152
272 3211 0.16485817783241014
272 3226 -0.688060243075545
273 288 0.8033839259176345
273 3422 -0.4310800023621376
273 3437 0.39027744061773634
273 3452 0.7062539971643206
273 3467 0.37619912626926677
273 3482 -0.2553500760529856
273 3497 -0.9405530809857193
273 3512 -0.8179548489124195
273 3527 -0.40771462724014274
273 3391 0.6492474294492097
273 3406 0.5003013451378785
286 287 -0.5492968082784994
286 3062 0.7947807391223812
286 3077 0.06354199031919923
286 3092 0.9748770953552177
286 3107 0.2838204210574456
286 3122 -0.16514688593886148
286 3137 -0.011938299808432877
286 3152 -0.3357078939407501
286 3167 -0.8130099368203729
286 3181 -0.04804853531812108
286 3196 0.17013471729624874
286 3031 0.1826724013641894
286 3046 -0.5911703796027331
287 288 0.2621819810269814
287 3242 -0.8489838817065598
287 3257 0.7097321219475919
287 3272 -0.27885230622932017
287 3287 0.6123780204355601
287 3302 0.3693757173663932
287 3317 -0.027886262833748173
287 3332 0.1822609659193769
287 3347 0.1861503014736132
287 3361 0.14622190636771148
287 3376 0.22263789883221688
287 3211 -0.1679960892066391
287 3226 -0.9139814737038977
288 3422 0.4276883516538018
288 3437 -0.17400117647454227
288 3452 0.6645180623241858
288 3467 0.16589316622252628
288 3482 0.2758265438603759
288 3497 0.16742512991935762
288 3512 0.9444302998366005
288 3527 1.0
288 3391 0.40963652718578625
288 3406 -0.07901558311849158
301 302 -0.42847988702508094
301 316 0.579027323149274
301 3062 -0.5292790071624188
301 3077 -0.2081608529201653
301 3092 0.021021857143062646
301 3107 -0.4168272556278436
301 3122 0.34518148099384766
301 3137 0.7643622620264048
301 3001 -1.0
301 3016 -0.45627979536880636
301 3031 0.0162405920988832
301 3046 -0.021487591870353435
302 303 0.4941068545013977
302 317 -0.9689042977374057
302 3242 0.0993326736289746
302 3257 -0.8557177795737028
302 3272 -0.01177518052872584
302 3287 0.3391439180479587
302 3302 -0.029364589543956352
302 3317 -0.6069287345962217
302 3152 0.9859336709172892
302 3167 -0.20140111250928502
302 3181 -0.7867228902046932
302 3196 -0.2862111174286991
302 3211 0.16175100033069806
302 3226 -0.6358063331885591
303 318 -0.262039400308292
303 3422 -0.5983351455089053
303 3437 -0.23807300615184093
303 3452 0.20550152816230127
303 3467 -0.37175465080428677
303 3482 0.02181519926081038
303 3497 -0.27903054320773274
303 3332 -0.21887203606099798
303 3347 -0.11337157731106354
303 3361 0.7720444687896342
303 3376 0.6957510419754259
303 3391 -0.4523499276215281
303 3406 -0.06567674716589049
316 317 0.031716366091270834
316 3062 0.5094905237823202
316 3077 0.475379842035218
316 3092 0.2207663623365857
316 3107 -0.2625924823668222
316 3122 -0.28761353017581626
316 3137 -0.3079349959166726
316 3001 0.5137829287425738
316 3016 0.4940444788014173
316 3031 0.2306467737888079
316 3046 0.6568437773959753
317 318 0.75650494700794
317 3242 -1.0
317 3257 -0.23426182143732474
317 3272 0.40141994405195613
317 3287 -0.012332528472275686
317 3302 0.3077789692493188
317 3317 -0.9902734854408767
317 3152 -0.43229087253609944
317 3167 -0.17199457437853682
317 3181 0.11877699217925507
317 3196 -0.06441248330079613
317 3211 0.4280897065430669
317 3226 -0.14437055986114306
318 3422 1.0
318 3437 0.3308335441782281
318 3452 -0.33303412192698983
318 3467 0.058919893702050474
318 3482 -0.15706515061341153
318 3497 -0.2627423758765877
318 3332 -0.16393618066894577
318 3347 0.7026957726738696
318 3361 0.1924899220751276
318 3376 -0.4542435781115925
318 3391 -0.6606453978409413
318 3406 0.6061808071014425
331 332 0.47944553672121837
331 346 -0.2067498191844235
331 3062 0.2834603860473883
331 3077 0.113463740943892
331 3092 -0.5063215430062398
331 3107 -0.3866744007020319
331 3122 -0.7487219165604653
331 3137 0.5920359564207822
331 3002 -0.23596876930406438
331 3017 -0.023866812353690176
331 3032 1.0
331 3047 0.3747290839905661
332 333 0.532126098635784
332 347 -0.15612858220350942
332 3242 -0.30326549991503216
332 3257 0.08357914635690063
332 3272 0.06584713426078956
332 3287 -0.20579175642220252
332 3302 0.3100996111126068
332 3317 1.0
332 3152 0.27126043554312057
332 3167 -0.2601987081342154
332 3182 -0.02508979655934885
332 3197 0.26870980239970715
332 3212 0.8708742468590378
332 3227 0.04659573066836908
333 348 0.3077496902996202
333 3422 0.6266275563579653
333 3437 -0.005299294344704288
333 3452 0.42135251285992575
333 3467 0.29460209101971363
333 3482 -0.25218228170762685
333 3497 0.47480074046905196
333 3332 -0.9443898976942829
333 3347 -0.16212930091930924
333 3362 -0.07070041733595822
333 3377 -1.0
333 3392 0.1934867101559453
333 3407 -0.2108433334391422
346 347 0.5964678048072849
346 3062 0.5774928768769476
346 3077 -0.12684415801424467
346 3092 -0.3500819077885841
346 3107 -0.5333782365320763
346 3122 -0.4634291765978177
346 3137 -0.6905503992587361
346 3002 -0.25165453820891026
346 3017 -0.1339533324628401
346 3032 0.286007387964317
346 3047 0.037562986879425816
347 348 1.0
347 3242 0.08026675021922342
347 3257 -1.0
347 3272 0.1390258257197011
347 3287 -0.6013694038280528
347 3302 0.654164002054235
347 3317 1.0
347 3152 0.34552330139486054
347 3167 0.9848452477606074
347 3182 0.651641252512628
347 3197 0.31177646134344666
347 3212 0.3541513211065086
347 3227 -0.6132982333532436
348 3422 0.05805974955460931
348 3437 -0.16423390429926357
348 3452 0.5739399129200602
348 3467 -0.05380623808637635
348 3482 -0.04584032907931466
348 3497 0.24564929072063307
348 3332 0.10757871094648602
348 3347 0.701703270515227
348 3362 0.46059804511676167
348 3377 0.04641091126349763
348 3392 -0.7196543005500173
348 3407 -0.1563205756428787
361 362 0.1858106873941037
361 376 -0.396471733927009
361 3062 0.18532758780411504
361 3077 1.0
361 3002 0.11564034827038314
361 3017 -0.7154292655193971
361 3032 0.523955822682699
361 3047 0.23659926931900713
362 363 -0.14472316063049534
362 377 0.538991497355838
362 3242 0.37294032882421624
362 3257 0.22518722814130876
362 3092 -0.329542367042968
362 3107 0.21459454090234195
362 3122 -0.14138017131786818
362 3137 -0.34073342605186335
362 3152 1.0
362 3167 -0.39992980455758165
362 3182 0.018684241991291737
362 3197 0.5589324752629482
362 3212 0.3725448081052405
362 3227 -0.48353903991718494
363 378 -0.30775444535117225
363 3422 0.013291361036935814
363 3437 -0.17314448033803295
363 3272 -0.3063054758087019
363 3287 -0.7853001339576205
363 3302 0.7429273472515208
363 3317 -0.5118709666648709
363 3332 -0.5690053667093842
363 3347 0.31237828525904604
363 3362 -0.02568591557327887
363 3377 0.18551584604961127
363 3392 0.4528331413733566
363 3407 0.6590936475110262
376 377 -0.20799189215938618
376 3062 0.5540294348019448
376 3077 0.30453194974316
376 3002 0.6600112053031667
376 3017 -0.6811506978876417
376 3032 0.15217386080154277
376 3047 0.15872196493586777
377 378 -0.7791633998833757
377 3242 -0.6498264207568036
377 3257 0.21680718522709233
377 3092 -0.23212604006685886
377 3107 0.8412076384382339
377 3122 -0.3155667237219084
377 3137 0.23288436623361694
377 3152 -0.02505836285691497
377 3167 0.3086477294406783
377 3182 0.38263608519763764
377 3197 -0.09409849517825646
377 3212 -0.5033023414324163
377 3227 -0.08585371131451273
378 3422 0.7904610776011142
378 3437 0.4447039158542704
378 3272 -0.4848487758228231
378 3287 -0.431158853674661
378 3302 0.221547059512153
378 3317 0.6414840531483327
378 3332 -0.8112786868036351
378 3347 -0.11548728728718143
378 3362 -0.8666189771377467
378 3377 -0.3702753008881886
378 3392 -1.0
378 3407 0.5725499228228677
391 392 -0.39384765464511495
391 406 -0.3065215805458831
391 3062 -1.0
391 3077 -0.5349109602774181
391 3002 0.3670181382538488
391 3017 -0.012654557420872898
391 3032 0.12836623538049763
391 3047 0.16791251065900556
392 393 -0.041079007454023125
392 407 0.18112611665202277
392 3242 0.5480144170719693
392 3257 0.9908631334345211
392 3092 -0.1675680424945818
392 3107 -0.20291249317552357
392 3123 -0.8513975673657332
392 3138 -0.2979561093208785
392 3153 -0.25385968614248317
392 3168 0.04003267731029528
392 3182 -1.0
392 3197 0.22604726527247784
392 3212 -0.4120442492845852
392 3227 -0.14753654650484996
393 408 -1.0
393 3422 0.7294001862435903
393 3437 -0.3742033319852615
393 3272 0.3986083308467511
393 3287 0.23818474327875114
393 3303 -0.9516464928488315
393 3318 0.3041731355522293
393 3333 -1.0
393 3348 0.08235197341742853
393 3362 1.0
393 3377 -0.2556156354515169
393 3392 0.3342893241671915
393 3407 0.0777931144381334
406 407 -0.024810922285042284
406 3062 -0.3216652532245654
406 3077 0.10995557498540263
406 3002 0.229716869148994
406 3017 0.3352793328662641
406 3032 -0.6192934873091093
406 3047 0.2660491268216612
407 408 -0.32567771720131644
407 3242 -0.19947219993123966
407 3257 -0.776846257665601
407 3092 0.3111984634823357
407 3107 0.22877916788454283
407 3123 -0.72140310138486
407 3138 -0.3491085985985259
407 3153 -0.33695630529349885
407 3168 0.76652810993623
407 3182 0.29881506665030966
407 3197 -0.5349871996181585
407 3212 1.0
407 3227 0.34313712210881286
408 3422 -0.4243877666969373
408 3437 -0.09121965310790196
408 3272 0.10758406851446181
408 3287 -0.4493147333490059
408 3303 -0.6482148361186155
408 3318 -0.49985129112522614
408 3333 -0.47082925795460934
408 3348 -0.1761108298172635
408 3362 -0.8257213219849476
408 3377 0.20110795303514648
408 3392 -0.4102866390647999
408 3407 -0.21565219328934762
421 422 -0.5996494327872233
421 436 -0.681341508211903
421 3062 -0.11067265675475921
421 3077 0.2883831461403874
421 3092 0.05027197160887398
421 3107 0.19777395814238904
421 3123 -0.8274844183254958
421 3138 0.4501783804517423
421 3153 0.664941244167113
421 3168 -0.53177557040275
421 3182 0.14125712086711376
421 3197 0.008461269616597643
421 3032 -0.14275612230620274
421 3047 0.5386908760691155
422 423 -0.06182527859539512
422 437 -0.32297090655223304
422 3242 -0.47577032946634773
422 3257 -0.3076837106170671
422 3272 0.07337016648116132
422 3287 1.0
422 3303 -0.5084719646916119
422 3318 0.31495081862850643
422 3333 -0.5864812279863975
422 3348 -0.7055749737506295
422 3362 -0.15107620038797315
422 3377 0.31803012533371233
422 3212 0.24258199308702028
422 3227 -0.34873221758035144
423 438 -0.43908459143633444
423 3422 -0.16042872073686623
423 3437 -0.10975246988562644
423 3452 1.0
423 3467 -0.738219635747252
423 3483 -0.06759346413501413
423 3498 -0.009658272854559544
423 3513 -0.7018883276880062
423 3528 0.12547073671087755
423 3392 -0.4079221871221571
423 3407 -0.32424041706415446
436 437 -0.7959764975065069
436 3062 -0.3567092030716346
436 3077 0.6348800497111544
436 3092 -0.5101387337822911
436 3107 -0.9732815406520404
436 3123 0.6540557340864319
436 3138 -0.5193606970291227
436 3153 0.9451872419478579
436 3168 -0.18116087503030398
436 3182 0.20894237012861794
436 3197 0.0844604706544276
436 3032 0.33035479744440055
436 3047 0.17817721659725455
437 438 -0.12263534936139368
437 3242 0.9853952900214754
437 3257 -0.5647594321761484
437 3272 0.0639361319394207
437 3287 -1.0
437 3303 -0.7430121767201915
437 3318 -0.7630386259245743
437 3333 -0.09996539821989088
437 3348 0.45978158457300655
437 3362 -0.10740798944425864
437 3377 -1.0
437 3212 0.2619541330547742
437 3227 0.6210748647706116
438 3422 0.017974010999578974
438 3437 -0.5656028147037621
438 3452 0.49609153582284127
438 3467 0.1891294308958773
438 3483 0.587997837458627
438 3498 -0.7846310020621968
438 3513 -0.3041150821405234
438 3528 0.6996550136565354
438 3392 0.15029965425329134
438 3407 -0.2529365331865361
451 452 0.602648391777454
451 466 1.0
451 3063 0.4886692107962615
451 3078 -0.7303222356840662
451 3093 0.22177987926720646
451 3108 0.00261558884623997
451 3123 -0.4591044093229768
451 3138 0.1876439163186638
451 3153 -0.0913332889463297
451 3168 -0.7535818530515421
451 3182 0.11622400066550193
451 3197 -0.19824346076954918
451 3032 -0.6656033432136238
451 3047 -0.28426298624229274
452 453 -0.40071139815467943
452 467 -1.0
452 3243 -0.06466137856801459
452 3258 -0.28459701578547764
452 3273 0.7539495526209374
452 3288 0.7054226717991713
452 3303 -0.18022904950540314
452 3318 -0.15124356207137976
452 3333 -0.39108681991018185
452 3348 -0.021275491726246307
452 3362 -1.0
452 3377 1.0
452 3212 -0.20377254541175194
452 3227 0.01101897211040369
453 468 0.48523951152152806
453 3423 -0.633411857489291
453 3438 -0.2019287638290878
453 3453 0.671717807755039
453 3468 0.4395313991791848
453 3483 -0.6125943770898671
453 3498 0.18032223388165453
453 3513 0.26786682407183715
453 3528 -0.37297499566489534
453 3392 -0.5666515668471221
453 3407 -0.3904114991546518
466 467 0.1496938547283503
466 3063 0.1987702563502083
466 3078 -0.4992712859082373
466 3093 -1.0
466 3108 0.0033526624432608557
466 3123 0.5243187606165606
466 3138 0.09020711029388938
466 3153 0.6995871910943431
466 3168 -0.4346400331948213
466 3182 0.43763689849345877
466 3197 0.2426150516323252
466 3032 -0.34545945464902134
466 3047 -0.43078177869262313
467 468 0.38062555384532515
467 3243 0.20917249574659508
467 3258 -0.08036263136252444
467 3273 -0.6788621221359582
467 3288 -0.35496458860836066
467 3303 -0.6108036139991524
467 3318 0.07843745586848294
467 3333 -0.3212924776660592
467 3348 -0.23290872489557482
467 3362 -0.3118499141615049
467 3377 0.46554344603041803
467 3212 0.3381521159630631
467 3227 0.1661165364733567
468 3423 -0.331949612514964
468 3438 -0.5270580693878587
468 3453 0.15741971581434988
468 3468 -0.17289443953866523
468 3483 0.523516687583654
468 3498 0.3350572703961373
468 3513 -0.10285488865123844
468 3528 0.41371913235705804
468 3392 0.14308830969010897
468 3407 0.358397357623689
481 482 -0.1583353896347343
481 496 0.19146409927629746
481 3063 0.5294447136843725
481 3078 0.13106493881954925
481 3093 -0.41739849271952806
481 3108 -0.7378750977392494
481 3123 0.3900737150539112
481 3138 -0.08375887374967335
481 3002 -0.11980553867407774
481 3017 -0.8798828007595728
481 3032 -0.21641822426990331
481 3047 0.3249397354145306
482 483 0.9724957570634197
482 497 -0.3443585688533665
482 3243 -0.1080084412166138
482 3258 0.3218677123688332
482 3273 0.1428652671109961
482 3288 -0.22158296632972727
482 3303 -0.22900813471141437
482 3318 0.10763481627988271
482 3153 0.16641990678010243
482 3168 0.8416821800386269
482 3182 -0.008089466296127222
482 3197 -0.2550346726861208
482 3212 -0.4243333989264125
482 3227 -0.057055596697890565
483 498 -0.06466337167985971
483 3423 -0.9838893124959971
483 3438 0.17060088176256552
483 3453 0.13063657631120348
483 3468 -0.23151646686766209
483 3483 0.3976828075954046
483 3498 0.2815846179573391
483 3333 -0.6268924975162108
483 3348 0.1003739897110801
483 3362 0.020218245025432163
483 3377 0.36407294603070744
483 3392 0.017683488732947086
483 3407 -0.5983568377576302
496 497 0.04714982033802661
496 3063 -0.23798066056850722
496 3078 -0.4604185411375212
496 3093 -0.2721403667624337
496 3108 -0.6037585854372005
496 3123 0.242285101347856
496 3138 0.5808236705865856
496 3002 -0.5350165419080132
496 3017 0.4392752440296585
496 3032 -0.5064317483084935
496 3047 -0.9055451863672398
497 498 0.5931528726741482
497 3243 0.6215527546590678
497 3258 0.03759333295926847
497 3273 0.23218266066542714
497 3288 -0.2817333926478238
497 3303 -0.2696210450340625
497 3318 0.029701564379115017
497 3153 -0.5824671470940983
497 3168 -0.41299765755070517
497 3182 -0.5143642351705947
497 3197 -0.41608780568976844
497 3212 -0.3645007144797918
497 3227 0.20198950926296086
498 3423 -0.6067684543303407
498 3438 -0.5163626525696358
498 3453 -0.18230851794248573
498 3468 -0.32299054707590036
498 3483 0.18901369680642632
498 3498 0.049823984089812284
498 3333 0.13421610991769722
498 3348 -0.082512966292914
498 3362 -0.3444529349807233
498 3377 0.7338400284595579
498 3392 -0.3703486508538149
498 3407 -0.22034315849358416
511 512 0.9635831283794118
511 526 -0.714389693020705
511 3063 0.7059127859475386
511 3078 -0.5209923095590835
511 3093 0.23235939374351727
511 3108 0.41169712728330743
511 3123 -0.05438809745566073
511 3138 0.24986762024171988
511 3003 -0.40138377476763815
511 3018 0.23087386642552482
511 3033 -0.5749139024914517
511 3048 -0.6373297713727677
512 513 -0.22743762613623916
512 527 -0.3053772904807497
512 3243 0.24621019902104477
512 3258 -0.3659863526545634
512 3273 0.1864513080354303
512 3288 0.6654266419038452
512 3303 -0.06455515011461488
512 3318 -0.5383200795139588
512 3153 0.9143591077406379
512 3168 0.06647597919528628
512 3183 1.0
512 3198 0.08797317729522393
512 3213 -0.2626025227010479
512 3228 -0.6730576507439472
513 528 -0.28334032551655175
513 3423 0.6128416578344645
513 3438 1.0
513 3453 -0.14423893336532553
513 3468 0.7547458388987995
513 3483 -0.48239869957863635
513 3498 -0.47007538172835234
513 3333 -1.0
513 3348 -0.24088442881898137
513 3363 0.3597602811274873
513 3378 0.40503290886476245
513 3393 0.3288623775163429
513 3408 -0.4278776507086312
526 527 -0.35368422780228165
526 3063 -0.3681069338161362
526 3078 -0.6994060857079535
526 3093 0.9918917387028837
526 3108 0.3043864922439678
526 3123 0.19195666819876284
526 3138 0.008569889101664561
526 3003 0.4145852960533269
526 3018 0.1321203410175363
526 3033 0.8638009559849218
526 3048 0.4376838187129418
527 528 0.06254091536393479
527 3243 -0.1594362119485149
527 3258 0.1153363488784645
527 3273 0.17945019800129156
527 3288 0.5483732530179247
527 3303 0.33736818519422357
527 3318 0.09374476052389331
527 3153 1.0
527 3168 -0.5390603661796592
527 3183 0.17058526248048056
527 3198 -0.35823034827311856
527 3213 0.46554600148616065
527 3228 -0.17975069257433046
528 3423 -0.8224634259968597
528 3438 0.18517246923486966
528 3453 0.7763451109376157
528 3468 0.5063669562862297
528 3483 0.016127118636142922
528 3498 -0.018425329807203555
528 3333 -0.4953321876095294
528 3348 -1.0
528 3363 -0.41857672670519996
528 3378 0.34946989897005715
528 3393 -0.2387954580268858
528 3408 -0.7272304202432925
541 542 0.34111131707252035
541 556 0.0726640717408553
541 3063 0.647870521158386
541 3078 -0.04143578590689671
541 3003 0.8787173874427896
541 3018 0.08416456978486747
541 3033 -0.7183331692301381
541 3048 0.2448601112527036
542 543 -0.07238720392093305
542 557 0.9190387292202281
542 3243 0.19533532620160424
542 3258 0.9641050707162404
542 3093 0.5083348638521954
542 3108 0.42867447533202796
542 3123 -0.6456564627491141
542 3138 0.6749730532919425
542 3153 0.09897746477257925
542 3168 0.3365515103106436
542 3183 -0.6993852636265186
542 3198 -0.10679398001617435
542 3213 -0.5556342560719398
542 3228 0.018206481731707566
543 558 -0.44303866482411
543 3423 -0.1408026092272862
543 3438 -0.22908799769461757
543 3273 -0.09688591616046267
543 3288 1.0
543 3303 0.45832199508792215
543 3318 1.0
543 3333 0.017868923271586692
543 3348 0.42257417301165046
543 3363 0.12107903702016994
543 3378 0.017293383405219104
543 3393 -0.5009539038120475
543 3408 -0.4767974894050493
556 557 -0.4450961584195491
556 3063 0.9642023578201068
556 3078 0.1273449393094934
556 3003 1.0
556 3018 0.6187978809963195
556 3033 -0.7418701023675311
556 3048 0.2846670786568766
557 558 0.4881128411433334
557 3243 -0.21997867519406325
557 3258 0.18191774531543928
557 3093 0.376950560441844
557 3108 0.07378032575507261
557 3123 0.48386009258817125
557 3138 -0.08006557708804554
557 3153 -0.4013341555394309
557 3168 0.2971124833373445
557 3183 0.44292594446111566
557 3198 -0.09334283640073178
557 3213 1.0
557 3228 0.33680373729042223
558 3423 -0.7363378007658203
558 3438 0.47287413999023653
558 3273 0.2381127452746916
558 3288 -0.4292023006414976
558 3303 0.1187686084473464
558 3318 0.9257105006346683
558 3333 0.4394212297036186
558 3348 -0.6376683105862143
558 3363 -0.07369808009576126
558 3378 0.4926687220545332
558 3393 -0.3438274206867875
558 3408 -0.5548566596420592
571 572 -0.4358788928608778
571 586 0.2993029662583428
571 3063 0.037001994025830764
571 3078 0.1123408819088384
571 3003 -0.5362226847263242
571 3018 0.25309510778245076
571 3033 0.20883623376325294
571 3048 0.7970835759966367
572 573 -0.21488142201697918
572 587 -0.59997899359884
572 3243 -0.26083582637231023
572 3258 0.031959251989644034
572 3093 0.20469174405562493
572 3108 -0.32063249893044016
572 3183 0.5413872095282469
572 3198 0.14241383089545764
572 3213 0.3452041784299456
572 3228 0.8379091976295663
573 588 -0.20926047258176794
573 3423 0.24020032015672832
573 3438 -0.17906746931355425
573 3273 0.05680142352160976
573 3288 0.7350226897726442
573 3363 -0.9531640129216571
573 3378 -0.7655542803126736
573 3393 0.5638000719640847
573 3408 0.1371464419216782
586 587 -0.2453857244599657
586 3063 0.5099404894623858
586 3078 0.3033863141967131
586 3003 -0.35470260620756633
586 3018 -0.6597714672627403
586 3033 0.25067748319022104
586 3048 0.15298115072571003
587 588 -0.4116128851207123
587 3243 0.44636741859317497
587 3258 0.018564132953647883
587 3093 0.43523011516497406
587 3108 1.0
587 3183 1.0
587 3198 -1.0
587 3213 -0.29651291514026756
587 3228 0.008914734561021794
588 3423 -0.46030944147367264
588 3438 -0.41130004426916505
588 3273 -0.11091298478622165
588 3288 -0.3134690962787008
588 3363 0.5129550969141439
588 3378 0.0004977271151593158
588 3393 -0.31296029320230134
588 3408 0.2583367463959746
3001 3002 -0.7410851826463908
3001 3016 -0.38133315369050946
3002 3003 -0.38622903309849466
3002 3017 -0.5856602325447382
3003 3018 -0.1732057579085591
3016 3017 -0.47384601220481376
3017 3018 0.21320269066125833
3031 3032 -0.4390816793608419
3031 3046 -0.347114523244
3032 3033 -0.26166824069093075
3032 3047 0.15407525192242683
3033 3048 0.19425640627151558
3046 3047 0.3264797693945987
3047 3048 0.23557887010895753
3061 3062 0.003838556850494035
3061 3076 0.2155968619679739
3062 3063 0.6363937325390581
3062 3077 0.6517862428549986
3063 3078 -0.6170198523877043
3076 3077 -0.1270733284351784
3077 3078 -0.49414641511401514
3091 3092 0.11284980775762998
3091 3106 0.08759595672925695
3092 3093 -0.8657352399003584
3092 3107 -0.15839631462401524
3093 3108 0.23868055286806236
3106 3107 -0.14270784920894636
3107 3108 -0.9134735709961648
3121 3122 0.011363631432446978
3121 3136 0.15482165551925312
3122 3123 0.36073617835854044
3122 3137 0.8049542918680596
3123 3138 -0.2510422073552764
3136 3137 -0.20810195040725601
3137 3138 0.02066506470147793
3151 3152 0.437485542951261
3151 3166 -0.7303726359441602
3152 3153 0.031295332490411755
3152 3167 0.2744862624330776
3153 3168 0.06009261492462257
3166 3167 -0.4558403172739042
3167 3168 0.37987654822697176
3181 3182 -0.12594976314040454
3181 3196 -0.4396560932568191
3182 3183 0.4158941359861721
3182 3197 0.8896403086211307
3183 3198 0.17598688086218772
3196 3197 -0.4133826732384623
3197 3198 0.07380108450632028
3211 3212 -0.06394752133627805
3211 3226 -0.318919625386609
3212 3213 -1.0
3212 3227 0.14318278002776386
3213 3228 -0.07248139568897916
3226 3227 -0.1259206511949933
3227 3228 0.7473362276822519
3241 3242 -0.5310543800363685
3241 3256 0.503894212959711
3242 3243 0.9021276936404247
3242 3257 -0.2801079092785059
3243 3258 -0.21390783055229656
3256 3257 0.056615551402818466
3257 3258 -1.0
3271 3272 1.0
3271 3286 -0.922806717392168
3272 3273 -0.29342786522004605
3272 3287 -0.3678691342329917
3273 3288 0.6261425398297967
3286 3287 0.021577944724385397
3287 3288 0.4355549821138033
3301 3302 0.36350860218770065
3301 3316 0.7420778549685898
3302 3303 -0.09191833285727191
3302 3317 -0.6817436475459361
3303 3318 0.0744221773133816
3316 3317 -0.9833691214332337
3317 3318 0.11090374034414077
3331 3332 -0.34934991984726627
3331 3346 -0.4213223797216219
3332 3333 0.08795956280572707
3332 3347 0.07189031606496922
3333 3348 0.45436892078434876
3346 3347 -0.018115790182752656
3347 3348 0.5193577469343306
3361 3362 -0.5555491042622286
3361 3376 0.05154332619866021
3362 3363 0.46395266727596074
3362 3377 0.33239553399933713
3363 3378 0.6280335416642113
3376 3377 -0.0877355035232397
3377 3378 0.26156837466925736
3391 3392 -0.41536363980288393
3391 3406 -0.8413232059940419
3392 3393 -0.011518645393639785
3392 3407 0.005906590303354811
3393 3408 -0.08670540369629189
3406 3407 -0.18828606458950523
3407 3408 -0.3962016274109263
3421 3422 0.0010884999997897388
3421 3436 -0.7436078342131721
3422 3423 0.014747186610721835
3422 3437 0.3007489584057368
3423 3438 0.45715847413153776
3436 3437 -0.20514848185827483
3437 3438 0.4364513161516966
3451 3452 0.2321643756262052
3451 3466 -0.2512241360746839
3452 3453 0.7005487174155419
3452 3467 0.7278094555693906
3453 3468 0.10666910588591226
3466 3467 -0.09670051458331419
3467 3468 0.023127528982187825
3481 3482 -0.11724616453283981
3481 3496 1.0
3482 3483 -0.16375246370665802
3482 3497 0.9013995310960776
3483 3498 0.3868811370176028
3496 3497 0.43524429621816596
3497 3498 -0.053624078980166995
3511 3512 0.4055011516901021
3511 3526 0.008542483856564639
3512 3513 0.7011021002268989
3512 3527 0.3382575350455733
3513 3528 -0.11416898583614787
3526 3527 0.2308728885811523
3527 3528 -0.2069030558974673
