# 
61 61 0.546062954782212
62 62 0.6446067814081782
63 63 -0.602824524802263
76 76 0.4746403212340215
77 77 -0.7445842301656099
78 78 0.6065800471996003
91 91 -0.8712331133738557
92 92 0.6774716535158771
93 93 1.1979991005935946
106 106 -0.16121922453725293
107 107 0.4115791143728476
108 108 0.2765379652576259
121 121 -0.5178683656888511
122 122 0.6793278443032548
123 123 -0.6229344694163087
136 136 0.5746088344267395
137 137 -1.1957272346737224
138 138 -1.7919812153881365
151 151 -1.285875409105749
152 152 -1.9021077870948941
153 153 -0.8428042698254864
166 166 -0.04883219343045907
167 167 1.5763507437199877
168 168 0.9556785929814524
181 181 1.0958767861165764
182 182 1.0657724458825835
183 183 0.7370417152335569
196 196 1.668596855283057
197 197 -0.2154574603743631
198 198 0.8198377497547414
211 211 1.4942246247207256
212 212 1.8939730714915444
213 213 1.7070250238998885
226 226 0.4081359924325869
227 227 0.06363858694389785
228 228 0.02198818016634169
241 241 -2.649535844684392
242 242 -0.9972551565239202
243 243 -0.39952952615447707
256 256 0.7807961872531646
257 257 0.43680314724901936
258 258 0.32278495347469655
271 271 0.09974041366426954
272 272 0.8916992068362337
273 273 0.10702224890978662
286 286 -0.5476001188825712
287 287 -0.40261329028952275
288 288 -0.5101343960632265
301 301 -0.8692580364506384
302 302 -0.600465714287874
303 303 0.5332812254911069
316 316 -1.3649597267366465
317 317 -0.2175250072120756
318 318 0.5247353099530794
331 331 -0.7964935590428736
332 332 1.0848782185009962
333 333 -0.03272974668106023
346 346 0.37237714250561027
347 347 -0.8773330488312416
348 348 -0.07283579885011161
361 361 0.5976541343337104
362 362 -0.31316179517844056
363 363 -1.0138020754145094
376 376 -0.15996114993119434
377 377 -0.3795536914186916
378 378 2.2930583190237135
391 391 -1.0083927094613176
392 392 -1.6037135022789715
393 393 -0.09652604636957679
406 406 -0.0008868616702684258
407 407 0.11767031719808616
408 408 -1.8781937367589996
421 421 -0.7725087879546045
422 422 1.2629693951382497
423 423 1.701183560705659
436 436 -0.9106848281483635
437 437 0.7021282993066956
438 438 1.3707070775364947
451 451 -0.841999026674397
452 452 0.7388628941099775
453 453 1.5653303200966928
466 466 0.36809700659424605
467 467 0.786449301778934
468 468 -0.8485850737591439
481 481 0.8897102767972129
482 482 0.6593536744810271
483 483 1.0949733975582232
496 496 0.5725097579994928
497 497 -0.9882031248475198
498 498 1.4719848053686209
511 511 0.5433962719431402
512 512 -0.4016322564071836
513 513 -0.28271289916942427
526 526 0.6486893596676783
527 527 0.6237207349442272
528 528 0.42895478512030455
541 541 1.4793900813866618
542 542 -0.8944939120422443
543 543 0.9311429120112725
556 556 -0.6830882745216402
557 557 0.31600389479074215
558 558 -0.29605987700887015
571 571 -1.3042981136606264
572 572 0.33667443512828993
573 573 0.7051345479862421
586 586 0.1097952375470412
587 587 0.6497390428974998
588 588 0.8007291303305876
3001 3001 0.9124410082309014
3002 3002 0.312747687263665
3003 3003 -0.5320227430106583
3016 3016 0.28316125549003807
3017 3017 0.8481858812730396
3018 3018 -0.4714957463001484
3031 3031 -0.3728336745032618
3032 3032 -0.4836225285717782
3033 3033 0.17427688730042012
3046 3046 1.249904212540401
3047 3047 2.0489178510317347
3048 3048 -1.2016611961578747
3061 3061 -0.03172730946461472
3062 3062 -0.8570373342901499
3063 3063 -2.0165404214735094
3076 3076 0.8696801242858523
3077 3077 -0.07970613507618886
3078 3078 -2.0008380490915916
3091 3091 1.3498695709447044
3092 3092 -0.38647940048031443
3093 3093 -0.16602772931259493
3106 3106 -2.430304491960904
3107 3107 -0.5279717258056695
3108 3108 1.231046321454975
3121 3121 -0.7605699373691032
3122 3122 0.4630031494326274
3123 3123 -0.03254054819112012
3136 3136 -1.1065459770735768
3137 3137 -0.7463258321537131
3138 3138 0.9261252888600044
3151 3151 0.6705922565261476
3152 3152 1.180273965004266
3153 3153 -0.7834362051704207
3166 3166 0.2242713107557935
3167 3167 0.23010352068559178
3168 3168 -0.13023045134246775
3181 3181 0.47797054597395267
3182 3182 0.3030911974656548
3183 3183 -0.32092936234792335
3196 3196 0.8242015760671669
3197 3197 0.8707946020927632
3198 3198 -0.5512676316962912
3211 3211 -0.16975949842833382
3212 3212 -0.21269842698032493
3213 3213 0.4030096090536851
3226 3226 -0.23927894758588653
3227 3227 2.231291980497568
3228 3228 -0.12707795662819488
3241 3241 -0.2859537309202714
3242 3242 -1.2400785316176444
3243 3243 -1.3078527870579828
3256 3256 0.6037883669579094
3257 3257 0.3996425537835548
3258 3258 1.0518326704301153
3271 3271 -0.6400661839004778
3272 3272 0.3488697992691572
3273 3273 -0.6000654114100338
3286 3286 -0.7574082872977124
3287 3287 -1.6811294490492772
3288 3288 0.33909249057670005
3301 3301 0.854373069350588
3302 3302 0.031475722666388886
3303 3303 1.715482981314222
3316 3316 -0.7787630298862621
3317 3317 -2.040647464295342
3318 3318 -1.4548682686123982
3331 3331 -1.8065691370009025
3332 3332 0.6708799854838345
3333 3333 -1.2643825877499426
3346 3346 -0.0006360128154673425
3347 3347 -0.2591674490752864
3348 3348 1.1902324814574865
3361 3361 1.9598012963964415
3362 3362 0.3772500918509004
3363 3363 0.13393162285358717
3376 3376 0.534729340417617
3377 3377 0.23422543809052884
3378 3378 -0.1596456651211064
3391 3391 0.21046698218570226
3392 3392 0.054682231506110145
3393 3393 -0.2823975060844137
3406 3406 0.11658500500082838
3407 3407 1.4400241374960654
3408 3408 1.0379246014899224
3421 3421 0.8769252812147253
3422 3422 -1.1004458682363203
3423 3423 0.538334568699452
3436 3436 0.7381576796821079
3437 3437 -0.7697495007143847
3438 3438 -0.40178242453560176
3451 3451 0.7142468569816958
3452 3452 -1.6325445243790626
3453 3453 -1.346457638117343
3466 3466 1.0109224180126204
3467 3467 0.3727163039878048
3468 3468 -1.367523490881833
3481 3481 0.48649583701171223
3482 3482 0.72575314524777
3483 3483 0.8917889764157676
3496 3496 -0.8471150237924842
3497 3497 0.009987472457655416
3498 3498 0.5636843802450638
3511 3511 -1.0316823165631681
3512 3512 -1.5611504232218296
3513 3513 -0.5007512759554107
3526 3526 -0.5006204597975724
3527 3527 -0.44682469009890907
3528 3528 1.1669159043713493
61 62 -0.1677930578714883
61 76 0.3621350687841193
61 3121 0.36404086159534443
61 3136 -1.0
61 3151 0.2035720751175649
61 3166 0.4931461672514895
62 63 -0.45270594574907674
62 77 -0.1627078018388783
62 3301 0.14929916076470545
62 3316 0.2195989868526729
62 3331 0.682908904873022
62 3346 0.422150287957338
63 78 -0.22574141325172564
63 3481 -0.6925137484765589
63 3496 0.3548802058173356
63 3511 0.6332771922066408
63 3526 0.12224072494177023
76 77 -0.30226467178517796
76 3121 0.260997391581906
76 3136 -0.7099762444591445
76 3151 0.5365516514772641
76 3166 -0.0017915923736917861
77 78 -0.5171437904505489
77 3301 0.47108413014659306
77 3316 0.25729904225779376
77 3331 -0.8306672349577294
77 3346 -0.4920463600903489
78 3481 -0.4650808690236316
78 3496 0.6103192398565845
78 3511 0.031993348639109354
78 3526 0.10147061862926976
91 92 0.2973552578918373
91 106 0.25032667307771483
91 3061 -0.2803955821241679
91 3076 -0.10288920890369935
91 3091 -0.6428362434235809
91 3106 -0.49744717266054733
91 3121 -0.3367621654375704
91 3136 0.11213329927569211
91 3151 -0.06337126074322405
91 3166 1.0
92 93 0.380749833764391
92 107 -0.44255661082058273
92 3241 -0.07424212776713791
92 3256 -0.45031923248676975
92 3271 0.023239445509855496
92 3286 0.5603987505451106
92 3301 0.23315736502756398
92 3316 0.07513388248578273
92 3331 0.0938843157176104
92 3346 0.7765364318625764
93 108 -0.8333414554674676
93 3421 -0.165811144190206
93 3436 -0.4001384559318126
93 3451 1.0
93 3466 -0.6746403733077526
93 3481 0.613150476093545
93 3496 0.5855509465767376
93 3511 0.14595644930980994
93 3526 0.4191647727073081
106 107 -0.3167821550664104
106 3061 -0.4831762844085633
106 3076 0.11641223205965541
106 3091 -0.8935662663878654
106 3106 0.7866494990095938
106 3121 0.2233608079187734
106 3136 0.7692753848581544
106 3151 -0.22053196269823686
106 3166 0.02435767356886119
107 108 -0.96323615872804
107 3241 -0.11175925613564282
107 3256 -0.02631416286521778
107 3271 0.2301949439851463
107 3286 0.6376055751080059
107 3301 -0.36862579934315076
107 3316 0.08762886910001257
107 3331 -0.30723596342617004
107 3346 0.7900715988903192
108 3421 1.0
108 3436 -0.29108135733232987
108 3451 0.11384192838134487
108 3466 -0.2211542756417938
108 3481 0.24250560347900565
108 3496 -0.1528490723362966
108 3511 0.42135017975311045
108 3526 0.35367792724073494
121 122 0.09040882846853152
121 136 0.09637710828949589
121 3061 0.30988995789823726
121 3076 0.4425275845430372
121 3091 -0.39190865091657656
121 3106 0.2043241781655516
121 3121 -0.5659495417741038
121 3136 -1.0
122 123 0.02304400603293356
122 137 0.23472739345088442
122 3241 0.3035366525017851
122 3256 0.8386108276527079
122 3271 0.7240154512418003
122 3286 -0.029491946926007755
122 3301 0.7337696638941781
122 3316 0.09283466174377099
122 3151 -0.24786595391658017
122 3166 -0.3134141497606453
123 138 -0.3494200995624456
123 3421 1.0
123 3436 0.14688106380172905
123 3451 0.5176719922171509
123 3466 0.07652373360053748
123 3481 0.9592176946807413
123 3496 -0.6528724429928011
123 3331 -0.1579804558988321
123 3346 0.09302164507753792
136 137 -0.2124346640257705
136 3061 -0.2802777507173648
136 3076 0.133709233760276
136 3091 -0.034318664949956786
136 3106 0.21612780046455393
136 3121 -1.0
136 3136 0.7580283000393554
137 138 0.2845538927258367
137 3241 0.06683654349396653
137 3256 -0.31226581004389636
137 3271 0.10793118047684107
137 3286 -0.16099628810368544
137 3301 0.5562031656609542
137 3316 -0.29290616865990143
137 3151 0.005720834074542575
137 3166 0.4555413482426771
138 3421 -0.1173279980208153
138 3436 -0.25753844479007665
138 3451 -0.30293978257829074
138 3466 -0.16417748906864008
138 3481 0.8493605117930954
138 3496 0.35762270713860095
138 3331 0.29039997159267006
138 3346 -0.5779260075351054
151 152 -0.21419083396049407
151 166 -0.7188845104352478
151 3061 0.030287520559384506
151 3076 1.0
151 3091 0.7628135133915871
151 3106 -0.2658998850386621
151 3121 -0.27272899465124345
151 3136 -0.14062886070070887
151 3001 0.06089688057984356
151 3016 -0.1753094643796617
151 3031 0.8158324832557734
151 3046 0.5391106467846982
152 153 0.9329315189875661
152 167 -0.5130594645131759
152 3241 -0.3099827304588502
152 3256 -0.16319370703996677
152 3271 -0.23594863131164442
152 3286 0.5271748139332729
152 3301 -0.32087230872063416
152 3316 -0.4641781641982548
152 3151 -0.15400120708413698
152 3166 0.3976986516315075
152 3181 0.14840291394117483
152 3196 -0.460029453959662
152 3211 -0.11474368582762576
152 3226 0.04827307408908217
153 168 -0.379996583517878
153 3421 0.9810032827746227
153 3436 0.15177452072682285
153 3451 -0.056145048774129194
153 3466 -0.11341786179907444
153 3481 -0.4145786662832518
153 3496 -0.5159056169771894
153 3331 -0.2670627333402928
153 3346 0.20039026781670718
153 3361 0.3992327474229993
153 3376 -0.17653500861328228
153 3391 0.38194202147137496
153 3406 -0.6710875944284723
166 167 -0.4121954987634043
166 3061 -0.741504316629417
166 3076 0.2065526222042371
166 3091 0.22017713041410883
166 3106 0.2966362257948027
166 3121 0.5794558129131565
166 3136 0.9396426387821684
166 3001 0.334947103907688
166 3016 -0.5284583428448667
166 3031 -0.04269778128907831
166 3046 0.517263681629768
167 168 -0.030465903546199758
167 3241 0.11511856292247344
167 3256 0.18859874969679605
167 3271 -0.05654113992508076
167 3286 -0.09338592136283758
167 3301 -0.34389529242941047
167 3316 -0.3491722934584808
167 3151 0.13582027358924195
167 3166 0.5403912425082966
167 3181 -0.7293289983240223
167 3196 -1.0
167 3211 0.5034912185294593
167 3226 0.44786218348367923
168 3421 -0.07455089122999288
168 3436 -0.29398028327793274
168 3451 -0.6578727449568209
168 3466 0.9559269060100283
168 3481 -0.16003372244476835
168 3496 0.06258876294616797
168 3331 -0.24220123829951012
168 3346 0.15039015407452025
168 3361 -0.49620081974354147
168 3376 0.027677148924025428
168 3391 0.7805927958472366
168 3406 -0.06620318573729217
181 182 -0.25209906206755167
181 196 0.011849307945539072
181 3061 -0.3381266677433925
181 3076 -0.14916445737530237
181 3001 -0.5929108819582461
181 3016 0.07393940740237503
181 3031 0.48926083151270305
181 3046 -0.3304169329889481
182 183 0.22947027732657843
182 197 0.8532267778360269
182 3241 0.03522647357265581
182 3256 1.0
182 3091 -0.11738678403577942
182 3106 0.04198717834996193
182 3121 -0.06080989981523254
182 3136 -0.03245118394468343
182 3151 -0.018047813285241555
182 3166 -0.23904008660667517
182 3181 0.2652978505357894
182 3196 -0.9161068403903183
182 3211 -0.009101042628044039
182 3226 0.6784040871702081
183 198 -0.9534235267496922
183 3421 -0.6791016986590409
183 3436 0.2500329531210499
183 3271 0.057027409412432305
183 3286 -0.21250362551137883
183 3301 -0.09695593100692852
183 3316 0.061731111172169104
183 3331 0.5441212438216567
183 3346 -0.5755152273797359
183 3361 0.528144507122041
183 3376 -0.5076411542729594
183 3391 -0.11265743990647638
183 3406 -0.7965662028422116
196 197 0.3246771697997244
196 3061 -0.5727461349683262
196 3076 0.40913158486055307
196 3001 -0.690093846384672
196 3016 0.38911648451095404
196 3031 -0.7386505440639011
196 3046 -0.146667415611575
197 198 -0.33543931478352657
197 3241 0.2720165101460928
197 3256 0.10413289695485603
197 3091 0.405338650087107
197 3106 -0.5306939757347279
197 3121 0.33542721386583224
197 3136 0.9713211869490963
197 3151 -0.20479774385527122
197 3166 -1.0
197 3181 0.09595674604268006
197 3196 -0.6127648750413348
197 3211 0.3208732424203491
197 3226 0.6908148719906834
198 3421 -1.0
198 3436 -0.33810135839483985
198 3271 -0.2138515990533145
198 3286 -0.48213808913868483
198 3301 0.056687204655239534
198 3316 0.03172673121468645
198 3331 -0.035352311489728845
198 3346 -0.1556008948283524
198 3361 -0.3013114379650622
198 3376 -0.024077027670158693
198 3391 0.3418533270770749
198 3406 1.0
211 212 0.30737253280915994
211 226 -0.02224922663111881
211 3061 0.34102961908630675
211 3076 -0.04221128552242101
211 3001 0.11166921553412894
211 3016 0.6387556902155089
211 3031 0.07322821862676508
211 3046 0.7100618355526482
212 213 -0.7126808455995783
212 227 -0.09058742662703301
212 3241 1.0
212 3256 -0.5017272979870964
212 3091 0.022079611550520836
212 3106 -0.2703736056618125
212 3122 -0.26432455697553403
212 3137 0.028030913980459007
212 3152 -0.0022721351707088206
212 3167 0.12753424586198134
212 3181 -0.3092522107766322
212 3196 -0.6973242178042425
212 3211 0.3442485094992486
212 3226 -0.14500888323855582
213 228 0.3621368083505394
213 3421 0.6943178029241445
213 3436 0.7145980174376075
213 3271 0.38919203520454454
213 3286 0.14197046298405794
213 3302 -0.6416265809605468
213 3317 0.7022608922286837
213 3332 0.4057988458916148
213 3347 0.18564233825137222
213 3361 -0.18122731904882583
213 3376 -1.0
213 3391 -0.03552803568416518
213 3406 -0.47386807676744186
226 227 0.18958275549261971
226 3061 0.1708924442538817
226 3076 0.3147594645787425
226 3001 -0.4960541437562227
226 3016 0.06865986131266934
226 3031 0.43458075786415473
226 3046 0.03735935358136412
227 228 0.08120805282927102
227 3241 0.5126077125316161
227 3256 0.16749028171530925
227 3091 -0.09880045217984688
227 3106 0.12966069343974904
227 3122 0.2679326578869249
227 3137 -0.26301850959963274
227 3152 -0.18200658147283452
227 3167 1.0
227 3181 -0.025995427806147775
227 3196 0.37952642523224334
227 3211 -0.3187172845637342
227 3226 0.44189995004424876
228 3421 -0.8321930398039912
228 3436 0.0598314320558493
228 3271 0.2586259730261821
228 3286 -0.024746797622256032
228 3302 -0.9487826506072298
228 3317 0.9238275767743231
228 3332 -0.3992126439611803
228 3347 0.3210676677879038
228 3361 0.10615424176680022
228 3376 0.02352404525660415
228 3391 -0.08592714939817747
228 3406 -0.12324640981275305
241 242 -0.9811886892179575
241 256 0.8271569276045907
241 3061 -0.1326974883444976
241 3076 -0.5769064541039384
241 3091 0.4768080608809159
241 3106 -0.35805171900589267
241 3122 0.41494029971980095
241 3137 0.694888650986406
241 3152 1.0
241 3167 0.039772705880065706
241 3181 0.1927865769597635
241 3196 0.0950375165191229
241 3031 0.3251199343512345
241 3046 -0.03542940307462118
242 243 0.09157124026434263
242 257 0.4754379002591872
242 3241 0.5413253512258713
242 3256 -0.17013949463126452
242 3271 -0.5053975674973002
242 3286 0.5238641685595329
242 3302 -0.16461515457195885
242 3317 -0.5744493868917924
242 3332 0.2543156498377299
242 3347 0.4778112251745421
242 3361 -0.757813072449414
242 3376 0.2487738682642374
242 3211 -1.0
242 3226 0.28024814910720763
243 258 0.008863009356693935
243 3421 -0.22685847203687093
243 3436 -0.3370001132768658
243 3451 0.029716009776727767
243 3466 0.1913587726879297
243 3482 0.4756824353168067
243 3497 -0.6469434183970226
243 3512 0.9999608057995563
243 3527 -0.7287823302353296
243 3391 0.5152820244023514
243 3406 -0.6536309839057379
256 257 -0.4040857127211156
256 3061 -0.9668456362013204
256 3076 0.2216336008665656
256 3091 -0.09976281191357723
256 3106 -0.267459582089874
256 3122 -0.18824867033658518
256 3137 0.03309618254806659
256 3152 -0.6443741364258642
256 3167 -0.6767662900007062
256 3181 -0.8899133671815026
256 3196 -0.8656037119902671
256 3031 0.2019133416466707
256 3046 0.5807357916346211
257 258 -1.0
257 3241 0.026529448325397827
257 3256 0.3096427419283267
257 3271 -0.4464686960337292
257 3286 -0.004582735774591498
257 3302 -0.06379281755071828
257 3317 -0.5973748120480843
257 3332 0.4477492301057388
257 3347 -1.0
257 3361 0.25118980861188994
257 3376 0.4791099456075911
257 3211 0.251296309957741
257 3226 0.3507246111384577
258 3421 -0.6441214144384009
258 3436 -0.5649181066446529
258 3451 0.1999824103142858
258 3466 0.24903798076803657
258 3482 0.4273862660509571
258 3497 0.38476187441652815
258 3512 -0.10258518002408287
258 3527 -0.7782147975302872
258 3391 -0.13317815577395822
258 3406 -0.44397163168932796
271 272 -0.11714180484989897
271 286 0.1269068092442629
271 3062 0.884541238926311
271 3077 -0.6166412047206021
271 3092 0.7249237435800239
271 3107 0.17407040303741214
271 3122 -0.3514084051428743
271 3137 0.25656988079280996
271 3152 -0.7179338301900211
271 3167 0.2852071022091641
271 3181 -0.009614140536954236
271 3196 -0.4268952733294258
271 3031 0.3228593286474043
271 3046 -0.019852636065944822
272 273 0.07469227319339347
272 287 -0.47660793608949725
272 3242 0.04918074026778885
272 3257 0.8350292455752525
272 3272 0.440160255231341
272 3287 0.7140851919752638
272 3302 -0.5987020507902446
272 3317 0.09280426338825773
272 3332 0.36429104566793435
272 3347 -0.6141127065269372
272 3361 -0.03718707308468939
272 3376 -0.07049487893783367
272 3211 -0.4075592923398724
272 3226 -0.5351890183420601
273 288 0.10471592701260625
273 3422 -0.6994032415633641
273 3437 0.2702643740997934
273 3452 -0.27323596364328284
273 3467 -1.0
273 3482 -0.32579388765465445
273 3497 -0.5608092165281039
273 3512 0.8386353069892444
273 3527 0.2218659624882371
273 3391 0.06486539513051096
273 3406 -0.4516172892639263
286 287 -0.3100050617829172
286 3062 1.0
286 3077 -0.5526005263683018
286 3092 0.12753574678186816
286 3107 -0.14528811001054343
286 3122 -0.3240334375834104
286 3137 1.0
286 3152 -0.1240348181187569
286 3167 -0.6951502627903862
286 3181 1.0
286 3196 0.004743040145087365
286 3031 0.30847751646101434
286 3046 -0.21913239931788622
287 288 -0.23342216114714026
287 3242 0.038828417560827506
287 3257 -0.07955098037574813
287 3272 0.1640955895644692
287 3287 -0.10672318523138824
287 3302 -0.02030432813947649
287 3317 -0.059794845482254326
287 3332 -0.6426796069884239
287 3347 -0.21351289854027222
287 3361 -0.7144346423474983
287 3376 -0.5174620497231763
287 3211 -0.09456544537411525
287 3226 -0.018590050409113178
288 3422 0.07149605254011994
288 3437 -0.4044628758210895
288 3452 -0.04809546018178984
288 3467 -0.4124913398438623
288 3482 -0.33617237419865076
288 3497 -0.030772179023681796
288 3512 -0.26394168738076895
288 3527 -0.0463821894913984
288 3391 -0.23143049793949047
288 3406 -0.15880920779683452
301 302 0.22375601460133393
301 316 0.767675784177395
301 3062 -0.736720556478605
301 3077 -0.1779278345379647
301 3092 0.8200572860186195
301 3107 0.4937536889496511
301 3122 -0.19433184417072233
301 3137 0.12647338475042538
301 3001 0.4016353046258888
301 3016 -0.2631737084904094
301 3031 -1.0
301 3046 -1.0
302 303 0.48933636231649696
302 317 -0.04540397929649242
302 3242 -0.18267328241343245
302 3257 0.8885813205675711
302 3272 -0.09310655506428017
302 3287 -1.0
302 3302 0.5928668380783741
302 3317 0.22893908206011335
302 3152 -1.0
302 3167 0.8464729246047592
302 3181 -0.45697078973473415
302 3196 -0.6131120858934532
302 3211 0.7990598256502164
302 3226 -0.03967117986829299
303 318 -0.352339481116344
303 3422 0.5252399938258225
303 3437 0.5518950276165617
303 3452 0.15467873107520141
303 3467 -0.2607773154613696
303 3482 0.8343383430188207
303 3497 -0.00833791357793588
303 3332 -0.32091757061060433
303 3347 -0.9950801673253059
303 3361 -0.44017523148898485
303 3376 0.45488878461760757
303 3391 0.6108960533875754
303 3406 -0.7658228776710747
316 317 -0.0843106521039697
316 3062 -0.2667150621935844
316 3077 0.5916868858773286
316 3092 0.16857756323239034
316 3107 -0.8455631499425575
316 3122 -0.6167310219833125
316 3137 -0.9452007497829763
316 3001 -0.11896970622723739
316 3016 0.779925996715243
316 3031 0.20721021908923865
316 3046 -0.8181641946018218
317 318 0.01866092657645216
317 3242 0.16263652731167244
317 3257 1.0
317 3272 -0.1736672428758119
317 3287 -0.11809472947319842
317 3302 -0.09979977661329528
317 3317 0.04738973320223853
317 3152 -0.25423122008365484
317 3167 0.4916448897427396
317 3181 0.1256446789167459
317 3196 1.0
317 3211 -0.24204153839946968
317 3226 0.5238872688336602
318 3422 0.22972204388878098
318 3437 -0.040588590999402825
318 3452 -0.5858808167648409
318 3467 0.27564826079114774
318 3482 -0.25982196229879684
318 3497 0.11641049142973833
318 3332 0.9632527326576318
318 3347 0.9998840824029113
318 3361 -0.2757748006404971
318 3376 0.12026630332236654
318 3391 0.2951093900052727
318 3406 -0.3782984290463905
331 332 0.5617036599565918
331 346 -0.0017607820875760764
331 3062 -0.7598188559892659
331 3077 0.3423523533046163
331 3092 0.10474628979920005
331 3107 -0.3248582310669855
331 3122 -0.31815463239216424
331 3137 0.14892775871210245
331 3002 -1.0
331 3017 0.3732072370356225
331 3032 -0.5546030525493184
331 3047 -0.04929340194079338
332 333 -0.2252934502456458
332 347 -1.0
332 3242 1.0
332 3257 -1.0
332 3272 0.4313965587590191
332 3287 -0.19958368183991473
332 3302 -0.878217786637927
332 3317 0.008830978647135274
332 3152 1.0
332 3167 -0.6972825304099034
332 3182 0.09561509956784867
332 3197 0.3345177626548258
332 3212 -0.6593129242322069
332 3227 0.8568076827547079
333 348 0.5774173243858619
333 3422 0.3699498252327117
333 3437 -0.14323407376966932
333 3452 0.06701198791646261
333 3467 -0.6978856192228768
333 3482 1.0
333 3497 -0.035847528661739465
333 3332 0.011240437656513527
333 3347 -0.4908527527145465
333 3362 -0.15351524811755296
333 3377 -0.47800455556332133
333 3392 -0.1900433833994423
333 3407 -0.2602083547020858
346 347 1.0
346 3062 -0.48757317064386907
346 3077 -0.9268441520717469
346 3092 0.3044954976745488
346 3107 0.3680573388673504
346 3122 -0.34396967696239755
346 3137 -1.0
346 3002 -0.17445013128299558
346 3017 0.019593133955956833
346 3032 0.3629399664001227
346 3047 -0.060505050884191176
347 348 0.7694394248438566
347 3242 -0.20805957017948004
347 3257 -0.0043430790043025224
347 3272 0.24768072331089497
347 3287 0.511300240772021
347 3302 0.5496381573070559
347 3317 -0.07832327603478205
347 3152 0.4537426204413326
347 3167 0.022167246617608702
347 3182 -0.45780793758075605
347 3197 -0.4200486825816317
347 3212 -0.25029020886073744
347 3227 0.2691897303060894
348 3422 -0.1567060974534085
348 3437 -0.12164143933751659
348 3452 -0.0216144498293714
348 3467 -0.3236911160530846
348 3482 -0.45039204975749675
348 3497 -0.06243401529624955
348 3332 -0.9872641244525998
348 3347 0.2548534575805832
348 3362 0.010289847336718491
348 3377 0.5454559846872936
348 3392 -0.1272010809026823
348 3407 0.022896510875233
361 362 -0.6118728163243325
361 376 0.24297535458187156
361 3062 -0.5425268758501461
361 3077 0.32423485825864407
361 3002 -0.2812424742649191
361 3017 0.06275826119609892
361 3032 -0.3601354681413619
361 3047 -0.8810639602333497
362 363 0.2914864508586956
362 377 0.03925907596834504
362 3242 0.5877233380777199
362 3257 0.04517782274831773
362 3092 0.11663310392297858
362 3107 0.0518197871781273
362 3122 -0.6636843751211275
362 3137 -0.9710352586824247
362 3152 -0.14989737171029222
362 3167 0.381105362898823
362 3182 0.810223404231856
362 3197 -0.16113133785711933
362 3212 0.03184936155692949
362 3227 0.6074675415317388
363 378 1.0
363 3422 -0.18836674901372633
363 3437 0.31295357062346385
363 3272 0.7864161003997411
363 3287 -0.17300787625243214
363 3302 -0.2344888211440505
363 3317 0.7286986680340413
363 3332 -0.033476186282364685
363 3347 0.425087744671676
363 3362 -0.39626950965202595
363 3377 0.29246555087657755
363 3392 -0.11384394877407539
363 3407 -0.3545425722250919
376 377 -0.4560589383591813
376 3062 -0.08730959370028538
376 3077 0.25192281638302194
376 3002 -0.7934113056356862
376 3017 0.011073999923823533
376 3032 -0.841537519842708
376 3047 -0.16961766606745138
377 378 -0.10115439607044413
377 3242 -0.12443870171320398
377 3257 0.4506983188094583
377 3092 1.0
377 3107 0.4115479886192669
377 3122 -0.1405745831093387
377 3137 0.8945511634729026
377 3152 -0.3265632621180657
377 3167 0.862347331769002
377 3182 0.03513969009922696
377 3197 0.17452986503152587
377 3212 -0.08138052606411945
377 3227 -1.0
378 3422 -0.9217177752216992
378 3437 0.7240317862657675
378 3272 -0.167908606010255
378 3287 0.12789927658994343
378 3302 -0.09014959624365085
378 3317 0.5592542861520408
378 3332 -0.03301861600122436
378 3347 -0.8983054585087562
378 3362 -0.7702002883346273
378 3377 0.43394029033119236
378 3392 0.3298511023812381
378 3407 -0.27562403625154686
391 392 -0.2864280903440004
391 406 0.30650715978530324
391 3062 0.40607057241660205
391 3077 -0.1756716598842455
391 3002 -0.31565190657609293
391 3017 0.09600658032594783
391 3032 -0.6101037607248903
391 3047 -0.37609401689304217
392 393 0.7775633221256584
392 407 -0.48901297406995103
392 3242 0.947902991743741
392 3257 -0.2515975155310552
392 3092 -0.3309370682551092
392 3107 0.5903364527208959
392 3123 -0.40205861666937215
392 3138 -0.2943819627611218
392 3153 -0.041906247365464895
392 3168 -0.1753535894642119
392 3182 1.0
392 3197 -0.10680174985534673
392 3212 0.5310620161222317
392 3227 0.22366701417569385
393 408 0.4992684967028372
393 3422 -0.10264063245123764
393 3437 0.2848552184530942
393 3272 -0.36795112036712196
393 3287 -0.3826139168996726
393 3303 0.14784795050418423
393 3318 0.7340657194698725
393 3333 -0.05087319863760386
393 3348 0.5857161964567433
393 3362 0.1832273264680227
393 3377 0.14591153392581768
393 3392 -0.9997186461192702
393 3407 -0.1015841213454566
406 407 0.10865744272666461
406 3062 -0.06445186426603274
406 3077 -0.5788754717603389
406 3002 0.0034620367402733035
406 3017 -0.21531460375509173
406 3032 0.4969380154206764
406 3047 -0.034495666735934086
407 408 -0.4178909180535878
407 3242 0.1479391049784586
407 3257 0.37171365771724235
407 3092 0.4193607135987299
407 3107 0.1274007307384801
407 3123 0.38760049231993354
407 3138 0.15324411065525115
407 3153 -0.9911869916409709
407 3168 -0.18596617562614606
407 3182 0.4608351568696882
407 3197 0.4509410404959099
407 3212 0.8953171298346541
407 3227 -1.0
408 3422 -0.01912229370761552
408 3437 -0.2356184249135063
408 3272 -0.41860139931048573
408 3287 -0.43977736333096795
408 3303 0.5683004751684902
408 3318 0.9361207929369768
408 3333 0.12027888308672084
408 3348 -0.14248677847539148
408 3362 -0.6460199479115791
408 3377 0.6528253909590434
408 3392 0.3212032076981362
408 3407 -0.1473695212592757
421 422 -0.09934916462973331
421 436 -0.05373396648489193
421 3062 0.4131641841591762
421 3077 0.7219160530687738
421 3092 0.04370841529653744
421 3107 -0.4510130649553087
421 3123 -0.2667948863116691
421 3138 0.5789486448628482
421 3153 -0.34786928881416557
421 3168 0.7099361751431422
421 3182 0.024977064886082475
421 3197 0.30631883818978056
421 3032 0.16856969791830917
421 3047 0.08746538641287843
422 423 -0.4182653994886682
422 437 0.15229874125228685
422 3242 0.4366921401883927
422 3257 0.15470519244387865
422 3272 -0.5278704794162681
422 3287 -0.2170790867226514
422 3303 -0.2000344686153454
422 3318 0.12613973517865434
422 3333 -0.3948469230753617
422 3348 0.18851902651971392
422 3362 0.12454308825342406
422 3377 -0.1939678563553792
422 3212 0.6674203499117719
422 3227 -0.3467222993064214
423 438 0.2443043229913125
423 3422 0.5259694777973505
423 3437 0.4035821171706522
423 3452 -0.7128895870039561
423 3467 -0.37087116089792604
423 3483 0.5513196024159516
423 3498 0.4428223493058813
423 3513 0.12523725634958893
423 3528 0.1883207091112915
423 3392 -0.11386020707282349
423 3407 1.0
436 437 -0.703748664465472
436 3062 -0.24645014835413367
436 3077 -0.04748279865765282
436 3092 -0.3116742074964297
436 3107 0.33104722975104955
436 3123 -0.10241248847392184
436 3138 -0.6607408773736206
436 3153 0.23809604793831063
436 3168 -1.0
436 3182 0.5707497060858799
436 3197 -0.30041320232519
436 3032 0.08856348686664069
436 3047 -1.0
437 438 -0.5869915965370476
437 3242 0.27870296622872615
437 3257 -0.146494330617061
437 3272 -0.16815018068683937
437 3287 0.6818468447824246
437 3303 0.2168234048939944
437 3318 -0.07164887749810504
437 3333 0.37178667270868426
437 3348 -0.07145333083979608
437 3362 -0.5950900865541288
437 3377 -1.0
437 3212 0.7968708428527362
437 3227 0.15791510658555266
438 3422 -0.1490829710350795
438 3437 -0.6139679240792884
438 3452 0.5012570889464545
438 3467 0.5085237091647821
438 3483 -0.19397928294788863
438 3498 0.5528213271284831
438 3513 -0.09463648068936671
438 3528 0.5039192199305941
438 3392 0.08484449494887303
438 3407 0.1834932572113163
451 452 -0.6423414340639436
451 466 0.3056045163342571
451 3063 0.7028856255477232
451 3078 -0.01664279762768028
451 3093 -0.20688762761992469
451 3108 -0.06590784205696677
451 3123 -0.47638140539871127
451 3138 -0.13804876566010205
451 3153 -0.23906017627155796
451 3168 -0.5895007591887016
451 3182 0.11592167825599074
451 3197 0.6585618609030355
451 3032 0.9566406113327646
451 3047 0.3323768177449049
452 453 -0.04032261195349956
452 467 -0.027332045778865208
452 3243 0.6806555142120109
452 3258 0.3490297100362003
452 3273 -0.4511719505045393
452 3288 -0.25573624237839104
452 3303 0.7039803218371683
452 3318 0.1653051725315247
452 3333 0.24249461289795587
452 3348 0.10985623582933246
452 3362 0.22565492766657058
452 3377 -0.09714303607050427
452 3212 0.21744060446662086
452 3227 0.04502959969708629
453 468 -0.39951116141423626
453 3423 -1.0
453 3438 1.0
453 3453 0.046618798225043834
453 3468 -0.6079579195053835
453 3483 0.2398331375307461
453 3498 0.7015833730127728
453 3513 -0.42386175754374633
453 3528 0.6424452604543267
453 3392 0.5441669847948333
453 3407 0.1610797188302492
466 467 -0.9961783732210773
466 3063 -0.2313490610305398
466 3078 0.49442240923310893
466 3093 -0.2830452272363664
466 3108 1.0
466 3123 -0.797756663447268
466 3138 0.36499326217287287
466 3153 0.6472078179881369
466 3168 -0.5951123371954682
466 3182 -0.015470480111642787
466 3197 0.4116891371844248
466 3032 -0.466378484564214
466 3047 -0.1439255847791593
467 468 -0.11728434128644928
467 3243 0.1703887232120475
467 3258 0.11547782048452004
467 3273 0.21470082664323736
467 3288 -1.0
467 3303 -0.5981355685351485
467 3318 -0.002742010865003292
467 3333 -0.521807625508621
467 3348 -0.3629098597207791
467 3362 0.264255112929615
467 3377 -0.19304156843674478
467 3212 0.09973061925047697
467 3227 -0.07628884793052892
468 3423 -0.17856675917498094
468 3438 -0.39731400382718957
468 3453 -0.0013352604048952417
468 3468 -0.5398518370446779
468 3483 0.2875085994339704
468 3498 0.9297311324408273
468 3513 -0.7514528125111976
468 3528 0.22156610424701514
468 3392 0.31110342132370244
468 3407 -0.28150947922029806
481 482 0.1290504553370618
481 496 -0.222155111945635
481 3063 -0.6745637717794067
481 3078 -0.42502926512277256
481 3093 0.002489642895058328
481 3108 0.25242973353399983
481 3123 0.1870720957725645
481 3138 -0.35793328748511793
481 3002 -0.642066836625107
481 3017 1.0
481 3032 0.5800353063361575
481 3047 -0.17192012555097938
482 483 0.08063523165057584
482 497 -0.06332491684934118
482 3243 -0.19783355293793028
482 3258 0.5744909840867849
482 3273 0.5610558869069838
482 3288 -0.2501126015746893
482 3303 -1.0
482 3318 -0.06154501254054133
482 3153 0.2386781547931516
482 3168 -0.12831518737343203
482 3182 0.7467234189406841
482 3197 -0.7178670956969816
482 3212 0.2799533239072634
482 3227 -0.9921242525832016
483 498 0.009638058600149975
483 3423 -0.4619238705280417
483 3438 0.7270739890137484
483 3453 -0.32191758648620844
483 3468 -1.0
483 3483 1.0
483 3498 -0.1482474651297477
483 3333 0.023534871745445326
483 3348 -0.05526818884935751
483 3362 -0.3115523011394143
483 3377 -0.02331633291217973
483 3392 -0.7974041466086117
483 3407 0.1966133798418923
496 497 -0.8186960382473792
496 3063 0.153325578129055
496 3078 0.5063777543046715
496 3093 0.44213542924573457
496 3108 -0.5017293241941083
496 3123 -0.7817454121205482
496 3138 0.1645280753720585
496 3002 -0.4136446991906308
496 3017 -0.36626329418755377
496 3032 -0.08978753319350151
496 3047 -0.3192173448395919
497 498 -0.4233300690611694
497 3243 0.13948995087803318
497 3258 -0.09008188163728992
497 3273 0.46342222513709214
497 3288 -0.9638248739474081
497 3303 0.484396516203907
497 3318 -0.391417349095068
497 3153 0.5026980283204808
497 3168 0.3221687171907194
497 3182 -0.16964480540254648
497 3197 0.338681067019334
497 3212 0.20296999558477902
497 3227 -0.6675829008497471
498 3423 0.5926214887184451
498 3438 -0.6340621030436641
498 3453 -0.06458693106676075
498 3468 -0.4314672823110449
498 3483 0.4168661824648565
498 3498 0.16553031332698637
498 3333 -0.5556717642921394
498 3348 -0.15774117336342475
498 3362 -0.1800885708397047
498 3377 -0.26586768063439764
498 3392 -0.3144090149227291
498 3407 0.6767366484984606
511 512 -0.24892619213437106
511 526 -0.49807012694447617
511 3063 -0.18379254027043138
511 3078 -0.5623764000305581
511 3093 -0.7046244071221893
511 3108 -0.311854506143585
511 3123 -0.4166594060033244
511 3138 -0.5292713894843365
511 3003 0.7459240976805589
511 3018 0.06748795380032271
511 3033 -0.700616282405479
511 3048 0.32138326029995656
512 513 -0.2882487614344206
512 527 -0.04517826438443436
512 3243 -0.07166783464503641
512 3258 -0.011330591365523232
512 3273 0.24136540488895322
512 3288 0.27844405610783507
512 3303 -0.8167942812514026
512 3318 -0.2993038296525207
512 3153 0.6347274038380005
512 3168 -0.28866420129199544
512 3183 0.40666932171078257
512 3198 0.5589994526949302
512 3213 -0.2668397912420572
512 3228 0.17805990764457075
513 528 -0.7801093071015477
513 3423 0.17114937094225213
513 3438 0.23714131265809663
513 3453 0.2716421040035261
513 3468 0.016564465934866227
513 3483 -0.10226993703963785
513 3498 -0.6592949652996604
513 3333 0.12891894172477522
513 3348 -0.7196522606752034
513 3363 0.3703537192487767
513 3378 0.5814542890554044
513 3393 -0.32706404503698167
513 3408 -0.9301729950791482
526 527 0.09317743696084803
526 3063 -0.06712634870651966
526 3078 0.4004432411877951
526 3093 0.350625021921076
526 3108 -0.10159066121054545
526 3123 0.5914267659931541
526 3138 -0.6385137254722273
526 3003 -0.2668033956468724
526 3018 0.5329846933735083
526 3033 -0.20515156643635443
526 3048 -0.28605126087297844
527 528 -0.33438987764971845
527 3243 0.4184683708191124
527 3258 0.2704045343991597
527 3273 -0.6757870293848466
527 3288 -0.18356735672653138
527 3303 0.5069628033060806
527 3318 0.8001320162551044
527 3153 1.0
527 3168 0.6619770705134334
527 3183 -0.7434585953190558
527 3198 -0.6630076649439548
527 3213 0.45989328440507493
527 3228 0.5711510386532923
528 3423 0.3576866693553622
528 3438 -0.5324664487437003
528 3453 0.46734660131026323
528 3468 0.2523395843613705
528 3483 0.2825369154263603
528 3498 0.37801923421420053
528 3333 0.2536561894123037
528 3348 0.14577462838097202
528 3363 -0.020357984939414573
528 3378 0.3930688849272092
528 3393 -0.42824293183947876
528 3408 0.5730267256169681
541 542 0.6523674342500753
541 556 0.07447321527974003
541 3063 -0.5666725077939244
541 3078 0.42768136507199617
541 3003 0.07600076737148688
541 3018 0.29478531405544206
541 3033 -0.0012148182837752358
541 3048 -0.321212521770539
542 543 -0.02005273808111028
542 557 -0.028074070605002457
542 3243 -0.6725841605968697
542 3258 -0.32276010169690605
542 3093 0.31658004024268405
542 3108 -0.6861144046904232
542 3123 -1.0
542 3138 0.11836507105904209
542 3153 -0.16854383403831216
542 3168 -0.349679919754216
542 3183 0.4009107748393406
542 3198 -0.1641924387588465
542 3213 -0.673987839101052
542 3228 -0.5654963778964702
543 558 -0.12502474173244804
543 3423 -0.1277833014087079
543 3438 1.0
543 3273 -0.248895065691808
543 3288 0.439426739858498
543 3303 0.8370757012052714
543 3318 0.46282339867031735
543 3333 0.15608412449829673
543 3348 -0.5287334396233936
543 3363 -1.0
543 3378 0.2485910974281208
543 3393 -0.11577765471978772
543 3408 -0.06086559728424879
556 557 0.4967223542749741
556 3063 0.030196010707544216
556 3078 -0.18822891961322166
556 3003 0.23062899310329396
556 3018 0.1908340911942452
556 3033 -0.45304609232527965
556 3048 -0.19553219528294338
557 558 0.7083960916721918
557 3243 0.26522330270904526
557 3258 0.20466034820585616
557 3093 1.0
557 3108 -0.20410641641097552
557 3123 0.1702524006314766
557 3138 -0.588490313032641
557 3153 0.7058320505874036
557 3168 -0.503824649226461
557 3183 -0.349908782523622
557 3198 -0.4244288587929397
557 3213 -0.5178640220155947
557 3228 0.6716685473927351
558 3423 -1.0
558 3438 0.34292106157878427
558 3273 -0.19179248871784615
558 3288 0.6267353742146677
558 3303 0.07499663822588032
558 3318 0.7743981923965079
558 3333 0.44274855298701454
558 3348 -0.23644777684608917
558 3363 0.3372176791526689
558 3378 -0.6081912506300734
558 3393 0.43722609662113615
558 3408 -0.5070518663804965
571 572 0.2573740755391485
571 586 -0.007279013378816529
571 3063 0.21900119375048177
571 3078 -0.4843811593752825
571 3003 -0.4719286287195479
571 3018 0.430791944857288
571 3033 0.4505092809658852
571 3048 -0.7623892586369799
572 573 -0.43509809183703047
572 587 -0.09957376792121288
572 3243 -0.11854510392625853
572 3258 0.5467706815639912
572 3093 0.3342257169378628
572 3108 -0.6206418540130385
572 3183 0.6349890376734335
572 3198 0.22796038385744355
572 3213 -0.8445055409615485
572 3228 0.042858544100450646
573 588 -0.5271435602803509
573 3423 -0.16322481315394485
573 3438 -0.4411514345327009
573 3273 -0.8325071937887752
573 3288 0.010119684777245643
573 3363 0.8989043555476998
573 3378 0.8323539850208788
573 3393 0.7060619064742047
573 3408 0.12869860067672126
586 587 0.10331549976059362
586 3063 -0.0980931456193204
586 3078 -0.09896021611622717
586 3003 -0.8689315395559394
586 3018 0.03476858853245713
586 3033 -0.3308612771191532
586 3048 0.8616780803193115
587 588 -1.0
587 3243 -0.2095243660939268
587 3258 -0.16799492792650988
587 3093 -0.4728340962779096
587 3108 -0.17806045248958835
587 3183 0.2874906489018638
587 3198 1.0
587 3213 0.04540887250610871
587 3228 0.8334034387053499
588 3423 -0.43117213840715624
588 3438 0.1498924171520475
588 3273 1.0
588 3288 0.28670598793367175
588 3363 -0.777292620719357
588 3378 -0.9308759441272507
588 3393 0.413163566547389
588 3408 -0.6019363020684639
3001 3002 0.33007982596028956
3001 3016 -0.5770508780107957
3002 3003 0.6976395604378076
3002 3017 -0.29410276898564597
3003 3018 -0.5194247284025054
3016 3017 0.2586053300763478
3017 3018 -0.0351795236486996
3031 3032 0.8786621032965024
3031 3046 -0.728220316768532
3032 3033 0.4286645579624859
3032 3047 -0.9657095019168984
3033 3048 -0.2877356133679257
3046 3047 0.1093032194290818
3047 3048 -0.128326720737904
3061 3062 -0.05715048165403899
3061 3076 0.40920802186738364
3062 3063 -0.19888037679439466
3062 3077 0.7538635461196164
3063 3078 -0.14602689079890774
3076 3077 -1.0
3077 3078 -0.34204239770749706
3091 3092 0.22700924009687215
3091 3106 0.3770022980294624
3092 3093 -0.0350017119977249
3092 3107 0.26743904360478127
3093 3108 0.6839617508345369
3106 3107 0.31298337924258557
3107 3108 -0.37717879781560865
3121 3122 0.21901564689364403
3121 3136 -0.6159567343970878
3122 3123 0.1772837680793714
3122 3137 0.4706037513508454
3123 3138 0.22738742562500336
3136 3137 -1.0
3137 3138 -0.3144911704453376
3151 3152 -0.1674164740580928
3151 3166 -0.24009886518406098
3152 3153 1.0
3152 3167 -0.8498588602350843
3153 3168 -0.8403472263427202
3166 3167 0.7091450431721431
3167 3168 -0.29051609468372364
3181 3182 -0.14178074791471212
3181 3196 0.07942927367336283
3182 3183 0.05877112608636313
3182 3197 -0.3883237242202309
3183 3198 1.0
3196 3197 0.9873261787550321
3197 3198 -0.6277509651325707
3211 3212 -0.738343217425872
3211 3226 0.22890940390087025
3212 3213 0.22796332487697624
3212 3227 -0.601989921154725
3213 3228 -0.27833255904475246
3226 3227 -0.013086614688716247
3227 3228 0.8863274444767169
3241 3242 0.2543957878468588
3241 3256 -0.41178021819441785
3242 3243 -0.20857856529389376
3242 3257 -0.24748051933262977
3243 3258 -0.17316778272932443
3256 3257 -0.5784382773207994
3257 3258 0.10026369417410426
3271 3272 -0.07381041964559429
3271 3286 0.014999743834309466
3272 3273 -0.32454685139221456
3272 3287 -0.8356338104681839
3273 3288 1.0
3286 3287 0.049695629885701184
3287 3288 0.09076174934657617
3301 3302 0.6035050622243282
3301 3316 0.18397456355463207
3302 3303 0.07217922542321774
3302 3317 -0.24761028844286304
3303 3318 0.5574739288381775
3316 3317 0.26374321515113147
3317 3318 0.7300386893527757
3331 3332 0.1542513251333618
3331 3346 0.62907529181089
3332 3333 0.1625356970113275
3332 3347 -0.07040349483960988
3333 3348 0.7556066183429979
3346 3347 0.5136772174432178
3347 3348 0.5658311376286397
3361 3362 -0.3545724042411519
3361 3376 -0.34972761104189853
3362 3363 -0.030288718188748724
3362 3377 -0.3088357813083625
3363 3378 0.02449444319788795
3376 3377 -0.6292623026538212
3377 3378 -0.1349335977994917
3391 3392 -0.4114820900580266
3391 3406 0.006589693045396026
3392 3393 -0.41908031545928015
3392 3407 0.10270129865904701
3393 3408 -1.0
3406 3407 0.2808804559079436
3407 3408 -0.2555040753550974
3421 3422 0.721796604060335
3421 3436 -0.34349043824483333
3422 3423 0.15023613623654059
3422 3437 0.5854756077911549
3423 3438 -0.03647009084946025
3436 3437 -0.10832139439165685
3437 3438 0.2960082352996207
3451 3452 0.172034641711249
3451 3466 -0.9178174206044075
3452 3453 -0.6941020104240823
3452 3467 -0.67645575456481
3453 3468 0.6138974027608602
3466 3467 0.6287931535208773
3467 3468 -0.9754676580606909
3481 3482 -0.21206757247319055
3481 3496 0.1677333544044631
3482 3483 -0.3080659082680186
3482 3497 -0.2626076731042096
3483 3498 -0.23459939529748192
3496 3497 0.1548837817980021
3497 3498 0.40965768590520524
3511 3512 0.22538625183867284
3511 3526 0.2478557523132162
3512 3513 0.1178420738931624
3512 3527 0.16939805744900757
3513 3528 -1.0
3526 3527 -0.40530925073389745
3527 3528 0.40164740579396646
