# 
603 603 -0.03453242556003033
604 604 -0.799499523792949
605 605 1.1267406986669108
618 618 -1.075394091707583
619 619 -0.31652839446224634
620 620 0.9491913880898422
633 633 -0.6508837468658043
634 634 0.7193397966097359
635 635 0.8083867872469486
648 648 -0.13217120650338418
649 649 -1.2170138061069122
650 650 -1.986919838166911
663 663 -1.6162326382604018
664 664 -0.6122109155086054
665 665 -0.9679839806073435
678 678 1.9940138863643548
679 679 0.3540747638176998
680 680 1.2242289523101817
693 693 0.20038040393640102
694 694 -0.3091157274509657
695 695 0.2481364503143743
708 708 0.6582972790240673
709 709 1.0683122404729084
710 710 1.193078868149247
723 723 1.4747341228555568
724 724 0.32880491797674083
725 725 0.20178952598294342
738 738 2.824237583928799
739 739 0.2466011427698411
740 740 -0.5611200761450922
753 753 -0.6058515859735214
754 754 -1.6020262491846582
755 755 -1.159026034586466
768 768 0.7059288879889787
769 769 0.27953317847118875
770 770 1.0586699263921742
783 783 0.5530417993314054
784 784 -0.1977433108527799
785 785 -1.0212583339667711
798 798 1.8863333848514863
799 799 0.30795407301530553
800 800 0.6512330890019521
813 813 -1.1428006003938316
814 814 0.054082485172836404
815 815 -1.0076012033433728
828 828 0.10739267988935274
829 829 -0.8169491834385179
830 830 0.798969784528222
843 843 0.35404450270995486
844 844 1.7852591370187572
845 845 0.06643205571780801
858 858 -2.211492045566727
859 859 0.6371832103404123
860 860 0.10344412334082173
873 873 -1.3015687878631275
874 874 0.7806562532638476
875 875 1.296260420862899
888 888 -0.3355972265925615
889 889 -1.0626150079859458
890 890 1.1039306776100466
903 903 0.08861235787790456
904 904 -0.6224785177964344
905 905 -1.5362532574637204
918 918 0.6196498650452275
919 919 -0.2061020193379657
920 920 -0.1458393428347869
933 933 1.4113527257215224
934 934 -0.27812593687766873
935 935 -0.6855442973923976
948 948 -0.1929885996728312
949 949 -1.4017683450184648
950 950 1.2244243769900933
963 963 -1.8829090909899389
964 964 -0.8908528908981631
965 965 1.213014957745114
978 978 -0.25692937283122547
979 979 -0.16263460074998193
980 980 -0.22323154988703592
993 993 2.3481774304999328
994 994 -0.9337752734610637
995 995 -0.09162358700839983
1008 1008 0.4625544030411645
1009 1009 0.7365432027662934
1010 1010 -0.5428489844149048
1023 1023 0.8915026708367845
1024 1024 1.2406383460974835
1025 1025 0.3171096320849112
1038 1038 -0.13445542700068983
1039 1039 -1.1536038771209747
1040 1040 -1.310826230941571
1053 1053 -0.5213419252935492
1054 1054 -0.6422088017937169
1055 1055 0.44348630092767616
1068 1068 1.4588150126259019
1069 1069 1.03294126604136
1070 1070 0.3879398817380655
1083 1083 0.03202506758391914
1084 1084 1.855661393746923
1085 1085 -1.5502532427931723
1098 1098 0.5583934311665525
1099 1099 0.9184022258603246
1100 1100 -0.4783692966449091
1113 1113 0.28911598184880855
1114 1114 -0.10972779600236424
1115 1115 -1.1578778417142703
1128 1128 0.990751380407093
1129 1129 0.6330239930536374
1130 1130 0.2493515897661232
3364 3364 -0.7866268354412931
3365 3365 -0.9152040388154985
3366 3366 0.13191621992771066
3379 3379 1.0977425007771908
3380 3380 -0.3687030602304389
3381 3381 -1.4676238287199153
3394 3394 -0.5993150442544927
3395 3395 -0.06349577518589461
3396 3396 0.6185242764718276
3409 3409 -0.1805025414875356
3410 3410 -0.4514423611132932
3411 3411 2.224995447944776
3424 3424 0.4435356143626244
3425 3425 -0.12630045358430478
3426 3426 -0.794732184650088
3439 3439 -0.13898940273296342
3440 3440 1.013135767121342
3441 3441 -0.4046906502323823
3454 3454 0.8779792737641524
3455 3455 -0.2018658725088411
3456 3456 -1.2751456132635413
3469 3469 0.22685787108558694
3470 3470 -1.156049730527533
3471 3471 2.5456879972148645
3484 3484 1.2362332334160853
3485 3485 0.47113503105901405
3486 3486 0.7911029147122414
3499 3499 -1.6966855614124754
3500 3500 0.1407828021918169
3501 3501 1.0960876217045201
3514 3514 -0.27006733088820556
3515 3515 -0.24978030643540236
3516 3516 2.262127973785349
3529 3529 -0.3513799560330386
3530 3530 0.6039388455092061
3531 3531 1.131143349531174
3544 3544 0.1654358221421444
3545 3545 0.8917341008124824
3546 3546 -0.4329600332186323
3559 3559 0.7242829430557259
3560 3560 -0.4858564165299189
3561 3561 0.5699883632315177
3574 3574 -0.42272167576205166
3575 3575 -1.047859795741169
3576 3576 -0.11553450649644695
3589 3589 -0.9810201662077668
3590 3590 0.3967347721575476
3591 3591 -0.9100458795926116
3604 3604 0.6050966012437823
3605 3605 0.5881647083246345
3606 3606 -1.3417048270365592
3619 3619 0.20569275147767388
3620 3620 1.7414566178148756
3621 3621 0.4471751211056266
3634 3634 -0.9266180439497614
3635 3635 0.2978398264013944
3636 3636 -0.37770297722636403
3649 3649 -0.8833200219465615
3650 3650 1.296108821241933
3651 3651 -0.4376308339727497
3664 3664 -0.12983868407506463
3665 3665 -1.5763545556986018
3666 3666 0.323066158891106
3679 3679 -0.5715443884027771
3680 3680 -0.43575134900063545
3681 3681 -0.03862615959424851
3694 3694 0.9696246133602091
3695 3695 0.5998917423129487
3696 3696 -1.0948182949463108
3709 3709 0.08742774833286751
3710 3710 1.0771157445776962
3711 3711 1.3293958276218083
3724 3724 0.8798415733640208
3725 3725 0.26369011148993293
3726 3726 0.7347490995498216
3739 3739 -0.773895890558527
3740 3740 -0.4910144874340682
3741 3741 -1.3203817395257966
3754 3754 -0.31945617665339804
3755 3755 0.8071203928823347
3756 3756 0.5167445783589165
3769 3769 0.24037650276146802
3770 3770 -1.3477959222423874
3771 3771 0.7490840972654994
3784 3784 -0.566306082962392
3785 3785 -2.6058785675652376
3786 3786 -0.9072417907281257
3799 3799 -1.6151707406932319
3800 3800 -0.7370691781894936
3801 3801 0.7564400204291095
3814 3814 0.8828302873124074
3815 3815 -1.2214309656422853
3816 3816 0.09401848251130117
3829 3829 0.660979695789733
3830 3830 -0.5884685569119255
3831 3831 0.005345834457411092
3844 3844 -0.13235784728418845
3845 3845 2.1284397769779946
3846 3846 0.78176903805409
3859 3859 -0.9526214059674812
3860 3860 -0.9590945669313914
3861 3861 -0.04557378258574672
3874 3874 -0.600041720898569
3875 3875 -0.26435433553229964
3876 3876 1.0353759013912467
3889 3889 0.3547889631425672
3890 3890 0.9096736423789982
3891 3891 1.7450259075668866
603 604 -0.3657564367103536
603 618 -0.2641200408519129
603 3484 -0.6854425417570822
603 3499 0.11633127784564298
603 3514 -0.4658078656387918
603 3529 0.27655285992964695
604 605 0.17461743881240735
604 619 -0.2518164207177013
604 3664 0.05244136393305583
604 3679 0.25276035459656854
604 3694 -0.33507545055947785
604 3709 0.14840925199326552
605 620 0.3802001717397496
605 3844 -0.21380366994310648
605 3859 -0.27459701561126537
605 3874 0.7253305362521945
605 3889 -0.8378219505776439
618 619 -0.20070593144466947
618 3484 0.480285159413252
618 3499 0.4460351514394117
618 3514 0.21927359944344862
618 3529 -0.2352329940584448
619 620 -0.5050314213672661
619 3664 0.19125453369243064
619 3679 -0.13239561188460094
619 3694 -0.07576106597615029
619 3709 -0.7440530040312798
620 3844 0.9641052562384772
620 3859 0.5750670967575298
620 3874 -0.8552919299508281
620 3889 0.8039496732937
633 634 -0.14598798839480998
633 648 0.600640964841687
633 3424 -0.16757458101588768
633 3439 -0.09940278691403195
633 3454 0.4934812745438324
633 3469 -0.006713529468155614
633 3484 0.1736786430995703
633 3499 0.024231359948790804
633 3514 -0.22319205580233947
633 3529 0.3887483024700224
634 635 -0.2564073053313649
634 649 -0.001054510911942327
634 3604 -0.38021343954799575
634 3619 -0.23891770222316133
634 3634 0.03583722020835032
634 3649 0.3767737685310654
634 3664 -0.3642237133986813
634 3679 -0.037283477905743635
634 3694 0.04290030581828587
634 3709 -0.48370056414636403
635 650 -0.3052391698020334
635 3784 0.4790832781406533
635 3799 0.41433716874162463
635 3814 0.04502877455634448
635 3829 0.3631775852598397
635 3844 0.5487667778436367
635 3859 -0.5272668936856182
635 3874 0.07620725381101727
635 3889 -0.5527499075384275
648 649 -0.7650819726254999
648 3424 0.3416373409267204
648 3439 -0.4756010035516264
648 3454 0.26604859563929834
648 3469 -0.11188530267591941
648 3484 0.6833272461968001
648 3499 -0.11240809270916645
648 3514 -0.2515655060293735
648 3529 -0.11436498768870156
649 650 -0.5624420173786636
649 3604 -0.6006706442163359
649 3619 0.027109788445979464
649 3634 -1.0
649 3649 -0.9114432587613598
649 3664 1.0
649 3679 0.3955128198093435
649 3694 -0.6087741018070366
649 3709 0.19991799411917072
650 3784 -0.0342979515433788
650 3799 0.18026735769927357
650 3814 -0.7924750356028286
650 3829 -0.4831509005103122
650 3844 -0.4328656425127976
650 3859 -0.2743102913590465
650 3874 -0.33526953299157797
650 3889 -0.23961501887944642
663 664 0.08240754904874058
663 678 -0.3496094175298453
663 3424 0.1580363237527603
663 3439 0.5739041079931549
663 3454 0.07205438911855266
663 3469 -0.15372052653609283
663 3484 -1.0
663 3499 -0.3495458902549171
664 665 -0.14774297269213918
664 679 0.596644972347519
664 3604 -0.1967916121842049
664 3619 0.005196405697333646
664 3634 -1.0
664 3649 0.7715287341910271
664 3664 0.7389854146475012
664 3679 0.6950408350658532
664 3514 -0.09549408370135856
664 3529 0.419076605012513
665 680 0.702531672235849
665 3784 -0.3564467271227379
665 3799 0.8286376737402297
665 3814 -0.4252981581602167
665 3829 -0.04821808965590269
665 3844 -0.07410531759586923
665 3859 -0.057838770816621365
665 3694 -1.0
665 3709 -0.4906598635647958
678 679 -0.67221937925409
678 3424 -0.02053435737184572
678 3439 -0.12407369046663881
678 3454 -0.27595988509402886
678 3469 -1.0
678 3484 0.4691164852168346
678 3499 0.3337796719716849
679 680 0.3852583470504864
679 3604 -0.6451722968757855
679 3619 0.025423864452721427
679 3634 0.17514897878421945
679 3649 -0.03195660630756886
679 3664 -0.2530957787282823
679 3679 -0.34572853389078356
679 3514 0.511231877027486
679 3529 -0.5847935761795197
680 3784 0.2259565255443843
680 3799 -1.0
680 3814 0.4080451954662555
680 3829 0.5981552628107315
680 3844 -0.2163378431471317
680 3859 -0.03179059602481928
680 3694 0.16250583255935158
680 3709 -0.4816849542575074
693 694 -0.0031475864449470236
693 708 -0.7160938561498099
693 3424 -0.2436995637953489
693 3439 -0.11838331733481391
693 3454 -0.5489568700155856
693 3469 -0.15869659005434084
693 3484 -0.049285691927910665
693 3499 -0.1998111144948217
693 3364 0.6615552116624723
693 3379 -0.09673432722552605
693 3394 -0.21653522270445533
693 3409 0.035200778256587566
694 695 -0.33443473813553387
694 709 -1.0
694 3604 -0.19279769602027355
694 3619 0.4927925364815331
694 3634 -0.0663183130980269
694 3649 0.4437695917203581
694 3664 -0.38251395253273335
694 3679 0.18084840541179892
694 3514 1.0
694 3529 -0.3102000794019325
694 3544 0.18931342271573212
694 3559 0.47873531420155435
694 3574 -0.3498814842243044
694 3589 1.0
695 710 0.3474010390646208
695 3784 0.2335481345153416
695 3799 0.2606367208625989
695 3814 0.2975749447465756
695 3829 0.3657367490535529
695 3844 -0.0013207247312150736
695 3859 -0.5349693010882183
695 3694 0.37486635708593435
695 3709 -0.08541533888158476
695 3724 -0.05665624093158572
695 3739 0.5105392466298543
695 3754 0.6869600951088501
695 3769 -0.8102446991094537
708 709 0.3939306775608059
708 3424 -0.9565088629943319
708 3439 0.28747681220231575
708 3454 -0.581527197417528
708 3469 -0.4911950629727412
708 3484 0.41508942153498096
708 3499 -0.16095095668007928
708 3364 -0.4757792874640777
708 3379 -0.6519992951598598
708 3394 0.2525481773296469
708 3409 0.6423045575105085
709 710 -1.0
709 3604 -0.5475378187894473
709 3619 -0.07155020521570819
709 3634 1.0
709 3649 0.21306484181501942
709 3664 0.6810401084438044
709 3679 0.017683389251881152
709 3514 -0.40701519225457794
709 3529 -0.6183577649697466
709 3544 -0.44553456879287656
709 3559 -0.435414029426354
709 3574 0.06784574393732451
709 3589 0.22054015728679552
710 3784 -0.28691492582101974
710 3799 0.9624945241365385
710 3814 0.5402201082033705
710 3829 -0.8726187836730462
710 3844 0.4452683043026905
710 3859 0.034415610904298864
710 3694 -0.35787088456365784
710 3709 0.28579447280762127
710 3724 0.009731206114038209
710 3739 -1.0
710 3754 -1.0
710 3769 0.7194563777041265
723 724 -1.0
723 738 0.023653018401726938
723 3424 0.2402944016277218
723 3439 -0.23834737552370922
723 3364 -0.04755265882044619
723 3379 0.4969765837634717
723 3394 0.3702077806559373
723 3409 0.15878228573444503
724 725 -0.03676021571062998
724 739 0.07532380074837565
724 3604 0.39897522007945313
724 3619 -0.31136285107809947
724 3454 -0.06324436314064645
724 3469 0.11001442199400945
724 3484 0.023024842663902048
724 3499 -0.06552895966619213
724 3514 -0.2936329625712769
724 3529 0.19568847494450226
724 3544 -0.07570194852923752
724 3559 -0.12448317015039308
724 3574 -0.045656994222751386
724 3589 -0.41508162379801183
725 740 0.1140289476985541
725 3784 0.4551778689205847
725 3799 -0.595382312364806
725 3634 -0.11637973416147819
725 3649 0.35643271255352144
725 3664 1.0
725 3679 -0.21616591683991535
725 3694 -0.02109304137542346
725 3709 1.0
725 3724 0.8862918372946278
725 3739 -0.3690645001824256
725 3754 -0.023967024553312212
725 3769 0.14458688315764404
738 739 0.7535888662169906
738 3424 1.0
738 3439 -0.2275939446337293
738 3364 0.2147872383565753
738 3379 0.7682929472423459
738 3394 -0.16246782590539674
738 3409 -0.2111605976500039
739 740 1.0
739 3604 0.2745051606753427
739 3619 -0.45698753141860265
739 3454 -0.48372726559500884
739 3469 0.5803290188731196
739 3484 -0.7520996178714033
739 3499 0.13092128466659247
739 3514 -0.01356777784084646
739 3529 0.24788321048896733
739 3544 -0.046092594754281194
739 3559 0.39909870077555887
739 3574 0.8669465050393549
739 3589 0.7741050035315172
740 3784 -1.0
740 3799 0.4098850092469094
740 3634 0.24209988302427182
740 3649 -1.0
740 3664 0.23123713213208222
740 3679 -0.29732031226840017
740 3694 0.13881529196075268
740 3709 -0.20526905044813334
740 3724 0.33354636116876757
740 3739 -0.36423370912815173
740 3754 -0.20752333022010433
740 3769 1.0
753 754 0.2430757367184035
753 768 -0.7224461192147564
753 3424 -0.6898205434211495
753 3439 0.7499870339672577
753 3364 -0.4582105210936183
753 3379 -0.7539267027523864
753 3394 0.6228610524504783
753 3409 0.5324026829528773
754 755 -0.12084765818495043
754 769 0.22168661791840194
754 3604 -0.32365206093401494
754 3619 0.1943640859414871
754 3454 0.2973922404464654
754 3469 0.06840214161725106
754 3485 -0.007978457003575178
754 3500 -0.21646064740818874
754 3515 0.2882904782657718
754 3530 -0.843198542154838
754 3544 -0.0007715019480400442
754 3559 -0.3186169748931477
754 3574 -0.4521488042535892
754 3589 -0.4097987430305526
755 770 0.062229348514082385
755 3784 -0.03612925829925836
755 3799 0.8856969063808837
755 3634 -0.3101736388650985
755 3649 0.7325311507720984
755 3665 0.8747428186287008
755 3680 1.0
755 3695 0.10222178790592898
755 3710 0.4807774971230916
755 3724 0.03645227728419495
755 3739 -0.34765609202839554
755 3754 0.010512505107391004
755 3769 -0.03528513181714176
768 769 -0.13996997257039293
768 3424 0.07916238985302393
768 3439 0.19002430251958383
768 3364 0.010519127491952123
768 3379 -0.6975918148261491
768 3394 -0.38376489512577366
768 3409 -0.3461553096781567
769 770 -0.18538931210434195
769 3604 0.0736365474223894
769 3619 0.23462055770062298
769 3454 -0.41417110724054224
769 3469 -0.18773170674306386
769 3485 -0.9574733917683718
769 3500 0.49133919517706964
769 3515 -0.1682075368319806
769 3530 -0.02848636099302385
769 3544 0.11072125157752886
769 3559 0.238964045065431
769 3574 0.1286502170470221
769 3589 0.34507711623417725
770 3784 0.3258846676821582
770 3799 0.4474027956414393
770 3634 0.3210318350282467
770 3649 -0.3820097887357625
770 3665 0.2181014473235713
770 3680 -0.9852866008737704
770 3695 0.1989421665796588
770 3710 0.0595779926667626
770 3724 0.398216955964666
770 3739 -0.6076786380968704
770 3754 0.16491423046838438
770 3769 0.0822597484182243
783 784 0.19819246468830354
783 798 -0.7391513459162848
783 3424 0.1073622632197159
783 3439 -0.5622138695261307
783 3454 -0.015645268719230537
783 3469 0.1456956429045882
783 3485 0.21842909014434966
783 3500 -0.12419496932679512
783 3515 -0.10353148728639046
783 3530 0.10945046125206137
783 3544 -0.36591099877387867
783 3559 1.0
783 3394 0.42670054012946956
783 3409 0.27778478794863765
784 785 -0.2114084564977497
784 799 0.5125286910952406
784 3604 0.9184840006722368
784 3619 -0.6164841760469478
784 3634 -0.251466934617987
784 3649 -0.1635204096625277
784 3665 -1.0
784 3680 -0.20707384471728799
784 3695 -0.003078379063867964
784 3710 0.16016070070407235
784 3724 -0.6688369971084244
784 3739 0.03958987524057555
784 3574 0.05820005703551728
784 3589 -0.8265141923965836
785 800 -0.11541898319541131
785 3784 -0.10059052127891165
785 3799 -0.06596717169661843
785 3814 -0.02794654931066598
785 3829 0.6208573687440261
785 3845 0.11536985844643458
785 3860 -0.07759420623359292
785 3875 0.5008922521519379
785 3890 1.0
785 3754 0.066573539790031
785 3769 1.0
798 799 0.588866764020595
798 3424 -0.345944532000576
798 3439 -0.5403286969116581
798 3454 -0.44453791812949844
798 3469 0.41462412849535274
798 3485 -0.3181587978499636
798 3500 -0.8237068113470496
798 3515 -0.08253188693260188
798 3530 -0.042874481099793735
798 3544 -0.12822997539642067
798 3559 0.502405120596856
798 3394 0.19006246267277857
798 3409 0.5495624856978237
799 800 0.17640316866255373
799 3604 -0.2905204902988384
799 3619 0.30552857564267905
799 3634 -0.09962726785543997
799 3649 0.7206802451419067
799 3665 0.9041357214473692
799 3680 0.14532620066047477
799 3695 -1.0
799 3710 1.0
799 3724 -0.21770767133301624
799 3739 0.14388878608580088
799 3574 0.1611343285935332
799 3589 0.0689935617576927
800 3784 -0.4725679936810389
800 3799 0.11537471725856978
800 3814 0.58500985423265
800 3829 -0.6678389838310093
800 3845 -0.319468560852128
800 3860 0.14113896505883933
800 3875 -0.02396560729323918
800 3890 -0.8638821295758712
800 3754 -0.7617390553433869
800 3769 0.33822576953439526
813 814 -0.2785245230642882
813 828 0.08414141999868262
813 3425 -0.14070030019682692
813 3440 0.34265799600901714
813 3455 -0.5336960442820403
813 3470 -0.18806104359697776
813 3485 -0.32703998592952577
813 3500 0.2902211827222641
813 3515 0.2379478807510404
813 3530 0.2610856338851561
813 3544 0.5557365616514561
813 3559 -0.8799788042374763
813 3394 0.16891978736256055
813 3409 0.5458506147198858
814 815 -0.06378306255608666
814 829 0.09328650833317248
814 3605 0.08574417279169166
814 3620 0.4257208524990377
814 3635 -0.28295832978155805
814 3650 -0.10395209360186618
814 3665 -0.11606565947940055
814 3680 -0.1346278350395273
814 3695 0.055009790332319224
814 3710 -0.3785354149816938
814 3724 -0.9837447254142017
814 3739 0.04466493012747889
814 3574 -0.11133256232556919
814 3589 -0.15651349637755854
815 830 -0.7229539785278252
815 3785 0.0653430109117356
815 3800 0.08697741281151804
815 3815 -0.0863983562690327
815 3830 0.0791130205405812
815 3845 0.02161883608815332
815 3860 0.9275584022022096
815 3875 0.6695640745791902
815 3890 0.6767238145216742
815 3754 0.10097163208927763
815 3769 0.17883091451722022
828 829 -0.48690652702444215
828 3425 0.21394368016025475
828 3440 -0.02216529519077567
828 3455 -0.9876494254956748
828 3470 -0.4542481779065644
828 3485 -0.4701478565865606
828 3500 -0.2853884628817552
828 3515 0.16736895051110354
828 3530 0.6900564424369998
828 3544 0.4711023079322392
828 3559 -0.8292533990340012
828 3394 0.2760690263208902
828 3409 0.7856334673804581
829 830 -0.006777274142349144
829 3605 0.8553914278032693
829 3620 0.42987883206808125
829 3635 -0.25067024207686545
829 3650 -1.0
829 3665 0.49864704741883936
829 3680 -0.16943806561528968
829 3695 -0.48435618423335475
829 3710 -0.4837428500237709
829 3724 -0.6531130009006725
829 3739 1.0
829 3574 -0.1370236616365078
829 3589 -0.5320768940872909
830 3785 0.8489706363027552
830 3800 0.05017722630423433
830 3815 -0.17208360462833577
830 3830 -0.43876071722486465
830 3845 0.7154510428681922
830 3860 0.14393900622568584
830 3875 -0.8294684444343706
830 3890 -0.32778440531712144
830 3754 0.16410405918603738
830 3769 0.5028613064858338
843 844 -0.261426022646383
843 858 -0.31986964600106904
843 3425 -0.2632969496163471
843 3440 -0.13950720389799814
843 3455 -0.5150949452321737
843 3470 1.0
843 3485 -0.4007775699551385
843 3500 0.21530982802937065
843 3364 -0.9641212406464671
843 3379 1.0
843 3394 -0.8749185476682175
843 3409 -0.739611619927659
844 845 0.7028424616063814
844 859 1.0
844 3605 -0.6842682448979376
844 3620 0.43827084535289906
844 3635 -1.0
844 3650 0.06200021796699264
844 3665 0.5777949871705509
844 3680 0.32256091522996205
844 3515 0.6092466450946089
844 3530 -0.10948725014567454
844 3544 0.016768745248906907
844 3559 -0.2067997782599478
844 3574 -0.19811847609579697
844 3589 -1.0
845 860 0.5777780453737597
845 3785 0.8675203731255732
845 3800 0.26060894954294817
845 3815 0.1865820347179969
845 3830 0.6968501456562429
845 3845 -0.8081219359553629
845 3860 0.38057028924862535
845 3695 0.04662963355731557
845 3710 -0.02537852036175779
845 3724 -0.127927458825371
845 3739 -0.14412298773668036
845 3754 -0.12956212539358672
845 3769 -0.08218069873837756
858 859 -0.6618206640941849
858 3425 0.7621017387519576
858 3440 -0.481363262246204
858 3455 0.39896470495025627
858 3470 -0.5155674184499871
858 3485 0.4463788624158256
858 3500 -0.587377615083292
858 3364 -0.39204334578709515
858 3379 0.09282676223035202
858 3394 0.06974562247897385
858 3409 -0.006596406109673389
859 860 0.08646963692357779
859 3605 -0.12792424915303838
859 3620 -0.15463331628058297
859 3635 -0.20729279662792377
859 3650 0.4707172965126134
859 3665 0.7955474452774152
859 3680 0.12388965700770417
859 3515 0.13081761596794245
859 3530 -0.7965899936810474
859 3544 -0.44119050407459337
859 3559 -0.918844013840166
859 3574 0.5814966285420369
859 3589 0.29796691454723023
860 3785 0.245586375659235
860 3800 0.020455930073051937
860 3815 0.006832805482306241
860 3830 -0.13723195999502408
860 3845 0.5051187315152188
860 3860 0.004768355222965364
860 3695 0.37356521119584607
860 3710 0.6585931663354812
860 3724 0.43165639007231627
860 3739 0.07740758804215775
860 3754 0.2434876468910722
860 3769 -0.17978794676433293
873 874 0.5400716915668472
873 888 0.07621185115687684
873 3425 -0.27383355378274826
873 3440 -0.18222389829543778
873 3455 -0.6013751974441073
873 3470 -0.09129813876354219
873 3485 0.2027082546737978
873 3500 -0.5400935435698971
873 3365 -0.38803430508495057
873 3380 1.0
873 3395 -0.2520870740689589
873 3410 -0.7301724957788601
874 875 0.2829768445969237
874 889 -0.2733244598212082
874 3605 0.9868859645170719
874 3620 -0.0653846690305788
874 3635 -0.29985906774880655
874 3650 0.13340390412114886
874 3665 0.908083740674758
874 3680 -0.5247295168455157
874 3515 -0.2500055188581528
874 3530 0.16971411493122815
874 3545 0.1733158129765735
874 3560 0.39056613331092144
874 3575 0.9733318466895126
874 3590 1.0
875 890 0.6237452052967094
875 3785 0.008921626884193986
875 3800 1.0
875 3815 -0.043843092698351877
875 3830 -0.8547903198951744
875 3845 0.36903071917797436
875 3860 0.028188665234105487
875 3695 -0.0565136764661259
875 3710 0.39621765768884826
875 3725 0.0912237682403461
875 3740 0.5386062059698877
875 3755 0.34342544852668627
875 3770 -0.055110822058244864
888 889 -0.023303112610030458
888 3425 -0.5914018491896348
888 3440 0.7999685877012498
888 3455 0.42264937063912994
888 3470 -0.6598541920620147
888 3485 0.9585073670203703
888 3500 -1.0
888 3365 0.22770902004638346
888 3380 -0.07165523192946077
888 3395 0.22635697058208917
888 3410 -0.4841930660804123
889 890 -0.08186156613245339
889 3605 -0.46188739671608503
889 3620 0.4411438835124709
889 3635 0.5430076002958694
889 3650 -0.06164217508072892
889 3665 -0.6162191376013992
889 3680 -0.24247665756302764
889 3515 -0.8578198059513499
889 3530 -1.0
889 3545 0.020796847611938056
889 3560 -1.0
889 3575 -0.6060504858116462
889 3590 0.7442366860985763
890 3785 0.30946546829389066
890 3800 0.8545959134359221
890 3815 -0.4999125578603341
890 3830 -0.2787832824978825
890 3845 1.0
890 3860 0.05734545944147733
890 3695 -0.12213314351873225
890 3710 0.975323661318398
890 3725 -1.0
890 3740 1.0
890 3755 0.15448048982347248
890 3770 0.4783890279475608
903 904 0.15834051816121097
903 918 0.3297806845676434
903 3425 -0.2117276382326012
903 3440 0.21951025185832784
903 3365 -0.06906893740472285
903 3380 0.3359604482721268
903 3395 0.21649109360427066
903 3410 -0.7705979663942015
904 905 1.0
904 919 0.1055218233125097
904 3605 0.06998784573484221
904 3620 -0.6934524835215301
904 3455 0.38834130022638735
904 3470 0.17333044306873457
904 3485 0.3810234220853793
904 3500 -0.7246252356959043
904 3515 -0.2727673754142463
904 3530 0.5017410445430853
904 3545 0.04998052304316332
904 3560 -0.5143779875119538
904 3575 0.863919696604552
904 3590 0.45088831424558823
905 920 0.1650389310239369
905 3785 -0.0251730987033716
905 3800 0.13259167498898172
905 3635 -0.3466831975077394
905 3650 0.17666411671863425
905 3665 0.6111618454578527
905 3680 0.9812769776619452
905 3695 -0.08323595067054045
905 3710 0.3550677129429713
905 3725 0.4569532282095465
905 3740 0.2144167719681134
905 3755 -0.054110897665607685
905 3770 0.6322146427878981
918 919 0.18570626341335011
918 3425 -0.10265302311333159
918 3440 -0.4401021564248677
918 3365 -0.309491898197023
918 3380 -0.3925361768531645
918 3395 -0.4715969048791351
918 3410 -0.30048841238323337
919 920 0.35000206990644833
919 3605 -0.33631274028283353
919 3620 -0.4257012332183335
919 3455 -0.1295762643373567
919 3470 -0.13938880580949145
919 3485 -0.1883634412258782
919 3500 0.29236523711235657
919 3515 0.5548596654204319
919 3530 1.0
919 3545 -1.0
919 3560 0.4606803364334133
919 3575 -0.30995732880414467
919 3590 0.2389741145629849
920 3785 -0.5408673459081691
920 3800 0.6166516439896593
920 3635 0.5689909916116545
920 3650 0.16909416069938718
920 3665 0.39878822667809094
920 3680 0.22977915961818504
920 3695 -0.5882098614143753
920 3710 -0.11593735705212194
920 3725 -0.12709272420988824
920 3740 0.10454306011408457
920 3755 -0.38262658945054767
920 3770 -0.38516802231859293
933 934 -0.3069605509546796
933 948 0.31618322263443716
933 3425 -0.009575550460341545
933 3440 -0.0634553912134715
933 3365 0.04179565146556377
933 3380 0.1702485324095883
933 3395 -0.8719554348162643
933 3410 -0.5360472511814464
934 935 -0.8095125985151974
934 949 -0.15186267148945756
934 3605 -0.7621783748123835
934 3620 0.5270203237426567
934 3455 0.5578058703209017
934 3470 -0.002272078504629718
934 3486 0.08870817086076481
934 3501 -0.6440982634673537
934 3516 -0.050452044984861825
934 3531 0.0005783131611064861
934 3545 0.8895735750142263
934 3560 0.00733547758340144
934 3575 1.0
934 3590 0.22243307750850635
935 950 -0.08699583261212639
935 3785 0.47390130332078
935 3800 -0.3713274929231526
935 3635 -0.07388558962674636
935 3650 0.6031327169495356
935 3666 -0.46911966738156274
935 3681 -0.4771355027886907
935 3696 -0.17647542980135425
935 3711 -0.8709912721016415
935 3725 -0.07069740399257035
935 3740 -0.09507272602292721
935 3755 -0.5428816336767623
935 3770 0.27299483136266756
948 949 0.5991021513321361
948 3425 0.1445091606591473
948 3440 -0.8341093450251461
948 3365 -0.24437484115393274
948 3380 -0.2691473002394476
948 3395 -0.5639413082009533
948 3410 -0.548198204806142
949 950 -0.709314558497586
949 3605 -0.5072608411833521
949 3620 0.7336129661432907
949 3455 -0.26615000363402735
949 3470 0.12249599927135314
949 3486 0.9444023996479147
949 3501 -0.6356325491992822
949 3516 0.20864633221365886
949 3531 0.41920289805362315
949 3545 -0.810212349168971
949 3560 -0.42694013022678784
949 3575 -0.3893289163869886
949 3590 -0.4638300910837897
950 3785 -0.15410322129068643
950 3800 0.17591724037572545
950 3635 0.30292321754085605
950 3650 0.08245204539358297
950 3666 0.027672798131082567
950 3681 0.34718939912189484
950 3696 -0.08134385726359107
950 3711 0.32559434814538823
950 3725 0.08632044129468718
950 3740 0.28203069149950155
950 3755 0.8407162856420192
950 3770 -0.6191264986491675
963 964 -0.14927794411297954
963 978 -0.2699293834161245
963 3425 0.5831584163527188
963 3440 -0.2155474176091409
963 3455 -0.05125173134906565
963 3470 -0.42735961082812224
963 3486 -0.4939017138786166
963 3501 -0.188954788215756
963 3516 0.03657540591193857
963 3531 -0.02199065252317396
963 3545 0.43232840701490755
963 3560 -0.12361263505006327
963 3395 -0.03307961683964632
963 3410 0.15489803029629706
964 965 0.41938546523226383
964 979 -0.3834673696522388
964 3605 0.16611755957944252
964 3620 0.02835000853154838
964 3635 0.15047292150373118
964 3650 0.5670506872214828
964 3666 0.798256790108436
964 3681 0.8686291062673366
964 3696 -0.49439660602573404
964 3711 0.5370757703202235
964 3725 -0.2007039674148804
964 3740 -1.0
964 3575 -0.098592849867817
964 3590 0.4474048643892341
965 980 -0.07028921295422508
965 3785 0.2806736150164059
965 3800 -0.28092213131023375
965 3815 -0.5803018823311681
965 3830 0.4990428924890744
965 3846 0.1812398362134841
965 3861 -0.5016214370828627
965 3876 -0.5740351186723307
965 3891 -0.0043142934024516496
965 3755 0.007826358057075329
965 3770 -0.5190543044082135
978 979 0.009871678335254458
978 3425 -0.1886625216675192
978 3440 -0.0051451265826779925
978 3455 -0.5583776796611045
978 3470 1.0
978 3486 -0.033009957472780245
978 3501 -0.3984589657319722
978 3516 0.1694975619266809
978 3531 -0.29618688546676347
978 3545 -0.668606384384094
978 3560 0.7523088212274845
978 3395 -1.0
978 3410 0.2440224118447525
979 980 0.627193326565737
979 3605 -0.0900143649793297
979 3620 0.20347628996566344
979 3635 0.43330111074403643
979 3650 0.08431107561428744
979 3666 0.38902582443643685
979 3681 0.5726740345884689
979 3696 0.18739305110301369
979 3711 0.2673281660671032
979 3725 0.3444035894977627
979 3740 -1.0
979 3575 -0.39061910747336664
979 3590 1.0
980 3785 0.7353698781013853
980 3800 0.19134915312690817
980 3815 0.542691266835031
980 3830 0.4816695691362399
980 3846 -0.09242338221122205
980 3861 0.18613728618249925
980 3876 -0.604660459370512
980 3891 0.9016474948096251
980 3755 0.3343646992713779
980 3770 -0.4872326003870456
993 994 0.7271141369337597
993 1008 -0.09008542967040402
993 3426 0.3713477672291314
993 3441 -0.07752526381136207
993 3456 0.4460633300496704
993 3471 0.5083039648571326
993 3486 -0.7375117976282924
993 3501 -0.8839578074223562
993 3516 -0.369977517131973
993 3531 -0.26554351367953855
993 3545 -0.2661856751369343
993 3560 0.0694177998899404
993 3395 -0.11689354257619597
993 3410 1.0
994 995 0.024919066860954988
994 1009 0.2883864114068112
994 3606 -0.27372913614504635
994 3621 0.710596730368311
994 3636 -0.45690313545535216
994 3651 -0.17613403077043116
994 3666 0.721522035913409
994 3681 0.0017508964336520414
994 3696 -0.7033496115394111
994 3711 0.5671575940167481
994 3725 0.09075904447864436
994 3740 0.015714237034958656
994 3575 0.04287451981518942
994 3590 -0.5833940018290343
995 1010 -0.580916264731986
995 3786 0.6358566429483298
995 3801 0.1362106346518808
995 3816 -0.06237393864538634
995 3831 0.5485740749306179
995 3846 -0.20652916832816118
995 3861 -0.03962632210073182
995 3876 0.24195024857800787
995 3891 0.29249485168816775
995 3755 -0.37428775143967064
995 3770 0.4866744503449
1008 1009 -0.699907938531168
1008 3426 -0.36430664704604204
1008 3441 -0.4071373698008597
1008 3456 -0.10902387104811559
1008 3471 0.07393421434800591
1008 3486 -0.2624676983678855
1008 3501 0.42745427812320147
1008 3516 -1.0
1008 3531 -0.5661170504986934
1008 3545 -0.9153909946922698
1008 3560 0.28818613141767635
1008 3395 0.37449163226654564
1008 3410 0.02562774880225298
1009 1010 1.0
1009 3606 0.4340160141254406
1009 3621 0.3879277931725653
1009 3636 0.1620308579464912
1009 3651 0.9080671805762692
1009 3666 -0.5506259594762543
1009 3681 0.023654528107685382
1009 3696 -0.656087007924439
1009 3711 0.05527317741251419
1009 3725 -1.0
1009 3740 0.45027738875068735
1009 3575 0.10876487787896058
1009 3590 -0.8056652316406439
1010 3786 0.7543684723643154
1010 3801 0.0165753277687615
1010 3816 -0.24885146119759952
1010 3831 0.2248703771506777
1010 3846 0.15058228212143043
1010 3861 0.29977016003587287
1010 3876 -0.26573839454981535
1010 3891 0.2608234279583047
1010 3755 0.32216641098127824
1010 3770 -0.6752135620099428
1023 1024 -0.2704470984284276
1023 1038 -0.051793947546134554
1023 3426 0.3173361332080682
1023 3441 -0.7222020355103844
1023 3456 -0.40959021619567304
1023 3471 0.6101052529360951
1023 3486 -0.507853560541713
1023 3501 0.24402110955252124
1023 3365 0.37321895314013875
1023 3380 -0.3289589902349011
1023 3395 -0.34494067982599647
1023 3410 0.37819874928423214
1024 1025 0.5489256984069609
1024 1039 -0.4763147675432382
1024 3606 0.4299052689550501
1024 3621 0.36408584467333965
1024 3636 -0.6074479652118452
1024 3651 -0.31240806926328546
1024 3666 -0.23848851441164748
1024 3681 0.15616518326601056
1024 3516 0.2941663385557388
1024 3531 -0.5770412798039777
1024 3545 -0.7217304128814533
1024 3560 0.7157433799150659
1024 3575 -0.35734865891729195
1024 3590 -0.2714886337657653
1025 1040 -0.22543231681560857
1025 3786 -0.03376576518761497
1025 3801 0.006749501721502876
1025 3816 -1.0
1025 3831 0.032435317303595765
1025 3846 -1.0
1025 3861 -0.6301108442220523
1025 3696 -0.2218627677852418
1025 3711 0.027175691452232465
1025 3725 0.809436882917448
1025 3740 -1.0
1025 3755 0.7784608203034145
1025 3770 -0.5547567174286413
1038 1039 0.018707042202755084
1038 3426 -0.4347429541931819
1038 3441 -0.3757501193403155
1038 3456 -0.6580384638435589
1038 3471 -0.06624569180647327
1038 3486 0.13807846290458525
1038 3501 0.2679896135197304
1038 3365 0.4451932172150856
1038 3380 0.19520079468126705
1038 3395 0.985494758394827
1038 3410 0.3058635748297051
1039 1040 -0.20284804469189488
1039 3606 0.6892710431803354
1039 3621 -0.16650478004912256
1039 3636 0.5499130972289576
1039 3651 1.0
1039 3666 -1.0
1039 3681 -0.05088872928494386
1039 3516 0.1470460333313403
1039 3531 0.2548569035823196
1039 3545 -0.12606532675534315
1039 3560 0.22674411277520862
1039 3575 0.4449560794518821
1039 3590 -0.7881551875572591
1040 3786 0.4910281691215766
1040 3801 0.3574698982265827
1040 3816 0.4281120796857906
1040 3831 -1.0
1040 3846 0.5351884082340443
1040 3861 -0.25229372748376383
1040 3696 0.06991300203421107
1040 3711 0.7684750554489166
1040 3725 0.6810878651205324
1040 3740 -0.13750774435812024
1040 3755 1.0
1040 3770 0.4890525578762288
1053 1054 -0.29671402845627265
1053 1068 0.04341196756436323
1053 3426 0.27843098583061077
1053 3441 -0.5719350075077764
1053 3456 0.5162505350199665
1053 3471 -0.5818217281312978
1053 3486 -0.5755056650693966
1053 3501 0.16799812370657843
1053 3366 -0.015129088375089646
1053 3381 -0.40706953699259185
1053 3396 -0.7500692756296358
1053 3411 0.12169856322121327
1054 1055 0.875925502638492
1054 1069 0.6883143650579006
1054 3606 -0.13643858436639764
1054 3621 -0.08910621538203722
1054 3636 0.6128665649355246
1054 3651 0.3068878743473795
1054 3666 -0.0829483294472426
1054 3681 -1.0
1054 3516 -1.0
1054 3531 0.9235567747254798
1054 3546 0.8744920833374912
1054 3561 -0.08902908384047847
1054 3576 0.3044302034008474
1054 3591 -0.44270777804149974
1055 1070 -0.369673011272028
1055 3786 0.005465718865119919
1055 3801 -0.3179816154742869
1055 3816 -0.13209669890834078
1055 3831 0.1795586335402155
1055 3846 0.2538433278452682
1055 3861 1.0
1055 3696 -0.261584791564167
1055 3711 -0.2198900668898306
1055 3726 -0.18295580142668694
1055 3741 0.044446741862091216
1055 3756 -0.13826566353191563
1055 3771 -0.050659050512483976
1068 1069 0.8330810927841166
1068 3426 0.7781982780983325
1068 3441 0.5489863697679978
1068 3456 -0.08413992681912569
1068 3471 0.244536931588555
1068 3486 -0.23820991315763065
1068 3501 0.552314921002531
1068 3366 -1.0
1068 3381 -0.380487666584082
1068 3396 0.6926532202447823
1068 3411 0.09755792206606043
1069 1070 0.7241598430629411
1069 3606 0.1888951894851261
1069 3621 0.49393127562949374
1069 3636 -0.010541734510828685
1069 3651 -0.44350605321619213
1069 3666 0.5075009136829721
1069 3681 0.16612896142472738
1069 3516 -0.7373549810704704
1069 3531 -0.3105997558139663
1069 3546 0.5665949728269764
1069 3561 0.7124378521921699
1069 3576 -1.0
1069 3591 -0.18910977833025694
1070 3786 -0.4766395909676086
1070 3801 0.09067174544479657
1070 3816 0.3652128649555249
1070 3831 -0.06057686611074515
1070 3846 -0.2637403687443345
1070 3861 -0.7540936374466071
1070 3696 0.32395351009154977
1070 3711 0.31871274457986665
1070 3726 0.17865711587129332
1070 3741 0.5295497479977253
1070 3756 -0.7409313778041268
1070 3771 0.9322403207826442
1083 1084 -0.7082271204286313
1083 1098 -0.3520127873498359
1083 3426 0.2376846654602369
1083 3441 0.6296566174083702
1083 3366 0.14446403552110024
1083 3381 -0.2927243216561345
1083 3396 0.2588980541965089
1083 3411 0.6369498128542208
1084 1085 -0.7910239251449873
1084 1099 0.15050652645730303
1084 3606 -0.01472232529015196
1084 3621 0.38523102376353247
1084 3456 -0.7169793148898916
1084 3471 0.20521470053340543
1084 3486 -0.5913579916253137
1084 3501 0.039912272738339694
1084 3516 0.03301032269991904
1084 3531 -0.35046791914554204
1084 3546 -0.6718815755113523
1084 3561 0.7602019669589082
1084 3576 0.3905219216839167
1084 3591 -0.25943059944119495
1085 1100 -0.07380752004710876
1085 3786 -0.030428311244196395
1085 3801 -0.5085983483616799
1085 3636 -0.5423825683135051
1085 3651 0.38502774823546165
1085 3666 0.5354017282882806
1085 3681 0.5412133598796887
1085 3696 -0.13906921863880156
1085 3711 0.6228418804437954
1085 3726 0.1465677056119246
1085 3741 -0.6104277351279194
1085 3756 -0.08796175701873499
1085 3771 -0.007851245082116435
1098 1099 -0.27111392079653285
1098 3426 -0.11329049318080894
1098 3441 0.20455189062695928
1098 3366 -1.0
1098 3381 -0.22523014130098448
1098 3396 -0.7462124891186392
1098 3411 -0.4275722087428722
1099 1100 0.39489773814291773
1099 3606 0.1852600410743256
1099 3621 0.33641761027234823
1099 3456 -1.0
1099 3471 -0.40235144226952385
1099 3486 0.5823287450429508
1099 3501 0.1081375894898614
1099 3516 0.4545450105140874
1099 3531 -0.4308416191496878
1099 3546 -0.1402205893152176
1099 3561 0.5996133502641321
1099 3576 0.15573424917406045
1099 3591 0.13397619310934783
1100 3786 0.21245764043364268
1100 3801 -0.4561102321080236
1100 3636 -0.3509178210346405
1100 3651 -0.774022970242827
1100 3666 -0.21442207970191368
1100 3681 -0.45894468862015697
1100 3696 -0.22399085488707274
1100 3711 -0.05873853712977941
1100 3726 -0.39350035143660966
1100 3741 -0.635667631061443
1100 3756 0.4323145029222315
1100 3771 -1.0
1113 1114 -0.18276016693826547
1113 1128 0.4522317676606916
1113 3426 -0.3455071920704363
1113 3441 -0.7405933514877224
1113 3366 -0.6498641241624462
1113 3381 0.4527695057791417
1113 3396 0.10606003756708299
1113 3411 -0.08542305754652915
1114 1115 -0.4016969106518516
1114 1129 -0.19365438858907733
1114 3606 0.38424265177802225
1114 3621 0.38171083340309636
1114 3456 -0.25453711771786697
1114 3471 0.0878871195575767
1114 3546 0.40369809740546386
1114 3561 0.46658307993457143
1114 3576 -0.24328047454371504
1114 3591 0.35725483480718306
1115 1130 -0.6235320300926643
1115 3786 0.5969333146980802
1115 3801 0.6673592391370486
1115 3636 0.38567890730550547
1115 3651 -0.4423919669553915
1115 3726 -0.17283227476626264
1115 3741 0.09417533970824495
1115 3756 0.2213077661036591
1115 3771 -0.3423516333253788
1128 1129 0.9742493642860085
1128 3426 -0.24385885807471216
1128 3441 -0.5756136603382777
1128 3366 0.04289133214264352
1128 3381 -0.34691729022599715
1128 3396 -0.46696665331871945
1128 3411 0.028675272245913284
1129 1130 -0.6483085879340489
1129 3606 0.5289361505771562
1129 3621 -0.30476336030659784
1129 3456 0.2620380789926108
1129 3471 -0.2505778229057309
1129 3546 -0.3295056870529888
1129 3561 0.4249048697804435
1129 3576 0.2826909715831837
1129 3591 -0.06718334284044644
1130 3786 0.3341855698985903
1130 3801 0.42174379168602083
1130 3636 -0.3184358767986732
1130 3651 -0.7907313147207153
1130 3726 -1.0
1130 3741 -0.7591435411889388
1130 3756 0.044706746923867044
1130 3771 0.7230999744582502
3364 3365 0.756493566755375
3364 3379 0.5498090759577955
3365 3366 -0.6392350433819048
3365 3380 -0.708990019784623
3366 3381 -1.0
3379 3380 -0.0756532972040987
3380 3381 -0.03269957631621878
3394 3395 -0.16427836807732096
3394 3409 -0.09563553898959821
3395 3396 -0.9941460341591387
3395 3410 0.34473166051658605
3396 3411 0.6622656108821614
3409 3410 -0.2779559467124287
3410 3411 0.3587719773830492
3424 3425 -0.4992214826576339
3424 3439 -0.13601898615644248
3425 3426 -0.19363716324759006
3425 3440 -0.25466815803244514
3426 3441 0.040035422353729935
3439 3440 -0.036129671409777284
3440 3441 -0.3092226689588159
3454 3455 0.5171171937034192
3454 3469 -0.5716991205067142
3455 3456 -0.8087623815759662
3455 3470 0.20651217614060716
3456 3471 -0.5343455404120683
3469 3470 -0.51707091013601
3470 3471 0.33284329081575714
3484 3485 -0.9667307504775383
3484 3499 -0.31572410353625896
3485 3486 -0.30100067106864875
3485 3500 -1.0
3486 3501 -0.5447431737830041
3499 3500 0.12969988705309568
3500 3501 0.09268537796432363
3514 3515 0.6325742789306662
3514 3529 -0.1366013901593606
3515 3516 -0.06736061489422651
3515 3530 -0.4580205377274333
3516 3531 -0.06132601885622916
3529 3530 -0.3419336692494168
3530 3531 0.2828466704008613
3544 3545 0.8566696062701568
3544 3559 -0.3450289562489339
3545 3546 -0.43900016202354875
3545 3560 0.017172713544506772
3546 3561 -0.68268314641777
3559 3560 -0.33395355249957376
3560 3561 -0.20969760083390476
3574 3575 0.21067651070403615
3574 3589 -0.17787849896981986
3575 3576 0.3659112601744771
3575 3590 0.029894928908708984
3576 3591 -0.2894470088232302
3589 3590 -1.0
3590 3591 -0.33610944214289673
3604 3605 -0.23855670374330354
3604 3619 -0.6443935675878498
3605 3606 0.15325304921027252
3605 3620 -0.779077894006487
3606 3621 -0.441319760091479
3619 3620 0.634697593355744
3620 3621 -0.31230631911926243
3634 3635 0.10398160136169737
3634 3649 -0.9985005288685715
3635 3636 -0.8249757243911777
3635 3650 -0.29822449301372533
3636 3651 -0.4792978644315793
3649 3650 -0.3875709179762399
3650 3651 0.12467556156751684
3664 3665 -0.007362983574087582
3664 3679 0.4937210644262477
3665 3666 -0.4907218988600289
3665 3680 0.27777254206822816
3666 3681 -0.5476586039697166
3679 3680 -0.6290101251086191
3680 3681 -0.06742238627331627
3694 3695 0.008931362790468139
3694 3709 0.6512897909610261
3695 3696 -0.24712013078980913
3695 3710 0.42979990964678955
3696 3711 0.05532111939112426
3709 3710 0.3910422623436674
3710 3711 1.0
3724 3725 0.19634452974399016
3724 3739 -0.742344824723803
3725 3726 -1.0
3725 3740 0.3503387306950302
3726 3741 -0.21585541562162427
3739 3740 -0.17813862524500468
3740 3741 0.1996590151298922
3754 3755 -0.17450750094915443
3754 3769 1.0
3755 3756 -0.5703974542081452
3755 3770 -0.5250684512901318
3756 3771 -0.8322618527364796
3769 3770 -0.0727573327473185
3770 3771 -0.5925917928782295
3784 3785 -0.8465959903650225
3784 3799 -0.35919203949517114
3785 3786 0.06399933192007722
3785 3800 -0.0012470515502298893
3786 3801 -0.19198819130693923
3799 3800 -0.5526474382137652
3800 3801 -0.8673903139207231
3814 3815 0.9521845490731371
3814 3829 -0.4946205586757308
3815 3816 0.23829873517074285
3815 3830 0.44108990637287326
3816 3831 -0.22885047568384312
3829 3830 0.18649969269634883
3830 3831 -0.06177323691325537
3844 3845 -0.1937985281462324
3844 3859 -0.129924381778068
3845 3846 -0.03504133331382185
3845 3860 -1.0
3846 3861 0.07456388536808757
3859 3860 0.11549059872329319
3860 3861 0.6752200239424819
3874 3875 -0.40806490218798935
3874 3889 -0.11587638507966086
3875 3876 0.23055073929327832
3875 3890 0.7527740977690882
3876 3891 -0.3270243777448457
3889 3890 0.5019842829849329
3890 3891 0.18225268069641642
