# 
603 603 -2.3454771294128407
604 604 -1.638868844506532
605 605 -1.0514988034947794
618 618 -0.3035930686103244
619 619 -0.6992816359794825
620 620 -0.21531797395778787
633 633 0.4124864161644708
634 634 0.3044410554023326
635 635 -0.3187155304722156
648 648 -0.35418039032853266
649 649 -1.680343289767985
650 650 1.1011501717113108
663 663 0.5572961800029741
664 664 -1.015108877328811
665 665 -0.3267408576348064
678 678 1.1100820677977437
679 679 -0.33936345122598904
680 680 -2.0518749710608986
693 693 0.29319539979180054
694 694 -1.0402303889829292
695 695 -0.7076626846096752
708 708 0.11413550916362748
709 709 -1.2788014364112812
710 710 -0.6245409867312018
723 723 -0.13922582727274302
724 724 -0.8541278130176374
725 725 0.26623924277922406
738 738 0.015712377707289567
739 739 -0.12346440986647958
740 740 -0.9667634673190121
753 753 -2.1314277746951946
754 754 -0.8647561394308443
755 755 -0.5464535081975694
768 768 1.4486291609183162
769 769 0.6587210224781094
770 770 -1.5798261635294675
783 783 2.254207673354639
784 784 -2.0973748831830172
785 785 1.7364220142185667
798 798 1.9729228602805993
799 799 0.016637497229543854
800 800 -0.6842000502248222
813 813 -0.08955531222748161
814 814 -1.6606451683524546
815 815 0.5796997910771003
828 828 -1.00185191722194
829 829 0.9947713632407614
830 830 0.031077665807929027
843 843 -0.453995045705076
844 844 -1.263376704590971
845 845 0.02583400173065696
858 858 -1.478688937467758
859 859 0.3223243041835823
860 860 0.1114277578052965
873 873 0.9984981108801766
874 874 -0.4882568713859982
875 875 -1.8135392742764918
888 888 -1.533083394079853
889 889 0.12938818311603711
890 890 0.5355438776965864
903 903 -0.9561400206117603
904 904 0.029347616723442247
905 905 0.05974925934524164
918 918 -1.026697577461041
919 919 0.741873133366719
920 920 -0.3520733685271267
933 933 0.7636743116396688
934 934 0.8151779235422425
935 935 -0.6302747197216981
948 948 -0.8008349067225797
949 949 -1.9837027100222444
950 950 -0.12755608171638547
963 963 -1.785642573239725
964 964 -0.2815369653402659
965 965 -0.08648572626717331
978 978 0.5508722081224914
979 979 0.8978869323780508
980 980 -0.07181919833440693
993 993 -0.5516492041695119
994 994 2.109174415961921
995 995 -2.293239724582675
1008 1008 -0.07132604986785192
1009 1009 -1.7308498037734592
1010 1010 -0.20936856791311503
1023 1023 -0.38483065975245373
1024 1024 -0.3251691935376476
1025 1025 -0.07638349455161757
1038 1038 -0.6632192725767664
1039 1039 -0.508041803187406
1040 1040 1.476872964495619
1053 1053 0.22696295386852483
1054 1054 -1.624452128607952
1055 1055 -0.9673556415476919
1068 1068 0.498436879360197
1069 1069 -1.2754108794242123
1070 1070 -0.3378810769196095
1083 1083 0.1337824448173863
1084 1084 -0.6595027572663377
1085 1085 1.2234621132931984
1098 1098 -1.3101453902623352
1099 1099 -2.0495650623709056
1100 1100 0.6534888833510005
1113 1113 -2.0498158400321094
1114 1114 -0.1537670506071992
1115 1115 -0.5928740341424917
1128 1128 -0.6578244535007259
1129 1129 0.32177087341208493
1130 1130 0.49459739152248683
3364 3364 0.9239831768425338
3365 3365 -0.6214103848416368
3366 3366 0.08903722542119588
3379 3379 0.08608990860240566
3380 3380 0.3184729253763784
3381 3381 -1.04872451959647
3394 3394 -1.2102549813270544
3395 3395 0.32407428318328935
3396 3396 -1.4905506356889
3409 3409 -2.093115322839121
3410 3410 -1.3879808031766745
3411 3411 -0.3608657807989593
3424 3424 -1.2729994498911288
3425 3425 0.18815466403924616
3426 3426 -1.0584813448471322
3439 3439 2.193266594083642
3440 3440 0.8311569901231048
3441 3441 -0.13399006701037747
3454 3454 0.2781143083327635
3455 3455 0.5298332479508221
3456 3456 -1.0350932933839887
3469 3469 1.1985554828350973
3470 3470 -0.951429484504943
3471 3471 -0.04665131271717254
3484 3484 -0.515742174341764
3485 3485 0.5432128245815069
3486 3486 -1.580664414343382
3499 3499 0.17086020417341874
3500 3500 -0.5504824419339244
3501 3501 0.8080976902364528
3514 3514 1.1522013943558516
3515 3515 -0.7574709417860109
3516 3516 -0.002692718432471944
3529 3529 0.4927190869581621
3530 3530 0.6017912922263546
3531 3531 -0.575851094046759
3544 3544 0.1765051689547629
3545 3545 0.3902038488217564
3546 3546 0.475998064612813
3559 3559 0.7899947441072611
3560 3560 0.4673893479138561
3561 3561 -0.1403956800377486
3574 3574 0.7784817508066556
3575 3575 1.1480240012402314
3576 3576 0.24645081775912236
3589 3589 0.1715777668134116
3590 3590 0.09534414473110758
3591 3591 -2.0113656633069557
3604 3604 0.19075315026026873
3605 3605 0.705287745505539
3606 3606 -0.5363923670582249
3619 3619 -0.4612744187466406
3620 3620 0.6038777079014735
3621 3621 -0.5277146483744689
3634 3634 -0.038535555929569594
3635 3635 0.20543316339640735
3636 3636 0.7146088703838744
3649 3649 0.7642606369205901
3650 3650 0.8425422380967854
3651 3651 1.2271600944059566
3664 3664 -1.7158000663718178
3665 3665 -0.32468223292232246
3666 3666 0.8017575384618633
3679 3679 -0.947453997672493
3680 3680 1.7508097117460562
3681 3681 0.16050189453768232
3694 3694 -1.0582402649370417
3695 3695 2.0501075136890528
3696 3696 -0.5370440129023815
3709 3709 -0.14877207404634898
3710 3710 -0.20126606653197235
3711 3711 -0.6504254392891978
3724 3724 -0.6788580511881723
3725 3725 0.3739427312505644
3726 3726 1.4155456950463317
3739 3739 1.9877712821067246
3740 3740 -0.7768538414145942
3741 3741 0.5638692254196982
3754 3754 -1.3067537996341665
3755 3755 -0.33847304424922176
3756 3756 0.9246348023867692
3769 3769 -0.041534797562314506
3770 3770 -0.15913142222657742
3771 3771 -0.010189022790067944
3784 3784 1.350598092288412
3785 3785 0.643567474549471
3786 3786 -1.480378043215223
3799 3799 0.9060686197764752
3800 3800 0.31470567590017423
3801 3801 0.8236807789329783
3814 3814 -0.4373610703732527
3815 3815 2.4208476312639666
3816 3816 -1.1165911101870138
3829 3829 0.046483164811944186
3830 3830 -0.9913914787336439
3831 3831 -0.360208774469574
3844 3844 -0.047138684070338714
3845 3845 1.3201851612554956
3846 3846 0.09326852787514156
3859 3859 -0.5593457579648787
3860 3860 0.30132343703782916
3861 3861 0.7358575329893188
3874 3874 1.1553345937868869
3875 3875 -0.9112223786349964
3876 3876 0.34305486254873163
3889 3889 -0.8301061473275478
3890 3890 -0.4633876014093587
3891 3891 0.5487959929074603
603 604 0.27074073663528136
603 618 0.2938191643661805
603 3484 -0.8807038833814264
603 3499 0.05110999781967491
603 3514 0.050608793651918525
603 3529 -0.37584856155717594
604 605 -0.7830771537288138
604 619 0.8454179053994828
604 3664 0.41811839534040895
604 3679 0.15132032214419777
604 3694 -0.27964643819198165
604 3709 -0.4938817559183281
605 620 0.04644731555454935
605 3844 -0.18479546477919753
605 3859 0.7074702501237635
605 3874 -0.3551485049719001
605 3889 -0.39048425078269117
618 619 -0.11033675060323617
618 3484 -0.09471453570844941
618 3499 0.05256403017336814
618 3514 0.3716372382338008
618 3529 -0.5863816132755194
619 620 0.8886509653934509
619 3664 -0.10225710728159045
619 3679 0.10880746081453439
619 3694 0.5832516680086247
619 3709 -0.01526088073076214
620 3844 0.3111055854777462
620 3859 -0.24776181715133475
620 3874 -0.05937000742817567
620 3889 0.5102961225619712
633 634 0.1157847801010754
633 648 0.09513492049745187
633 3424 -0.6528569126353067
633 3439 -0.45299745919509166
633 3454 -0.45014212471661535
633 3469 0.316554767051059
633 3484 0.5711097465442965
633 3499 -0.1651637100828722
633 3514 0.018206400605371903
633 3529 -0.0034552464686117878
634 635 0.7166847119694536
634 649 -0.12076013882163308
634 3604 -0.3220933694445854
634 3619 -0.09497700507918615
634 3634 0.28669492880916253
634 3649 0.8010608784128432
634 3664 -0.2654111714423252
634 3679 0.1583398634830268
634 3694 0.23997341269331604
634 3709 0.251880009244147
635 650 -0.1641332841817065
635 3784 -0.314996096843485
635 3799 0.23476128795291978
635 3814 0.20557614303664323
635 3829 -0.1449926829772115
635 3844 -1.0
635 3859 0.21868999949867074
635 3874 0.5567108052066705
635 3889 -0.10252414664138233
648 649 -0.41769046289586836
648 3424 0.26820989280268526
648 3439 0.2931969161303546
648 3454 0.8469778787924038
648 3469 -0.4235185017013808
648 3484 0.6621807439242107
648 3499 0.5962184007237208
648 3514 -0.3802246345623573
648 3529 0.008589991748047704
649 650 -0.5981710684148425
649 3604 -0.3848261990886692
649 3619 0.4342621539559969
649 3634 -0.4825984745112435
649 3649 -0.18044112272654034
649 3664 0.17147860870295278
649 3679 0.9246377552176224
649 3694 0.054697059269136074
649 3709 -1.0
650 3784 0.001017585106504068
650 3799 -0.5974870629400554
650 3814 -1.0
650 3829 -0.09869417299189645
650 3844 0.14397465392139422
650 3859 0.0357947355574302
650 3874 -0.6545331602322694
650 3889 0.30410920837816613
663 664 -0.025321668407061383
663 678 0.8060981313018445
663 3424 0.7126722117744461
663 3439 0.017215720519989743
663 3454 0.7670236659167601
663 3469 0.5872427320740247
663 3484 -0.10253851856132516
663 3499 0.1843034940998857
664 665 0.14154635426008294
664 679 -0.10240414045593024
664 3604 -0.5934577603606638
664 3619 0.51969532646583
664 3634 0.355809831934976
664 3649 -0.5279384150110104
664 3664 0.048884536324909966
664 3679 -0.04955197906411125
664 3514 0.22198546264496175
664 3529 -0.2127286394574926
665 680 -1.0
665 3784 0.1148644923983545
665 3799 0.1119337886899613
665 3814 -0.5041061564973665
665 3829 0.774690067398254
665 3844 -0.4159250798245174
665 3859 -0.4043636971983573
665 3694 -0.22547538547875215
665 3709 0.6077282061928273
678 679 1.0
678 3424 -0.6500452743321731
678 3439 -0.3567441849772676
678 3454 0.1082291117019621
678 3469 0.4014652687255178
678 3484 0.2872762672461439
678 3499 -1.0
679 680 -0.7303329632304864
679 3604 0.31811812037396003
679 3619 0.12141194606328294
679 3634 0.2198796007490031
679 3649 0.09165008060456087
679 3664 -0.9716829799956078
679 3679 0.04247139356767571
679 3514 0.3887500536365066
679 3529 -0.1693440926051575
680 3784 0.5916772020591603
680 3799 -0.14452899324789065
680 3814 0.48712078163109884
680 3829 0.07065280023247332
680 3844 0.8893045428851213
680 3859 0.5738145052184258
680 3694 0.40433301598986965
680 3709 0.7120055626631621
693 694 -1.0
693 708 -0.28355845630249016
693 3424 0.46327410956937587
693 3439 -0.014285804498632048
693 3454 0.016874746239566585
693 3469 0.19060884780373213
693 3484 -1.0
693 3499 -0.15905024416546076
693 3364 0.9304769503214806
693 3379 0.002191766226693648
693 3394 -0.5694484595106178
693 3409 -0.23829701932871655
694 695 0.3776724962971448
694 709 -0.44858523590274707
694 3604 -0.4707105537897269
694 3619 -0.02392570958482503
694 3634 -0.9314880612574984
694 3649 0.9587156502487412
694 3664 -0.37455674078835405
694 3679 -0.08965523060799023
694 3514 -0.133310210844984
694 3529 0.3725202990947729
694 3544 0.5058603820065046
694 3559 0.8028444341101669
694 3574 -0.015913298952192113
694 3589 -0.3863369990172789
695 710 1.0
695 3784 0.101541480243165
695 3799 0.8064926477327755
695 3814 -0.19562531612742753
695 3829 0.1905154859588561
695 3844 -0.7462433466915092
695 3859 -0.3074626885068055
695 3694 0.14343210425275674
695 3709 0.4222507589972847
695 3724 -0.38873594534024253
695 3739 -0.1760560543395532
695 3754 0.836413043336559
695 3769 -0.001667283285590683
708 709 -0.36557632929039163
708 3424 0.12550878413432384
708 3439 1.0
708 3454 0.42333627982564204
708 3469 -0.7885997574039008
708 3484 0.31575443972871753
708 3499 -0.15800694118663258
708 3364 0.4188944497883715
708 3379 -0.23147200621714975
708 3394 -0.06648239868894035
708 3409 0.24733607116811296
709 710 0.007000016090134314
709 3604 -0.43714335434135176
709 3619 0.5247570221402327
709 3634 -0.7679483478711688
709 3649 -0.190596755953608
709 3664 -0.37255395715082384
709 3679 -0.28176429860052316
709 3514 0.43474161880796547
709 3529 -0.27770606711119655
709 3544 0.14675095890863826
709 3559 -1.0
709 3574 0.11059853410444878
709 3589 0.010952282883101645
710 3784 -0.17315531242825705
710 3799 -0.5887998354420215
710 3814 -0.3369097864925983
710 3829 -0.18320470160094196
710 3844 -0.49890339140248385
710 3859 0.21938995562887723
710 3694 0.8272988215656905
710 3709 -0.09762540232920236
710 3724 -0.5863232343932389
710 3739 0.35280684112319605
710 3754 0.26130605796343764
710 3769 0.2071075839173789
723 724 0.2627176777339447
723 738 -0.26281553327152934
723 3424 0.13412687658874872
723 3439 -0.6781311147809694
723 3364 -0.16758335185180798
723 3379 0.4197321353990526
723 3394 -0.6135650297031011
723 3409 0.6241906611199357
724 725 -0.09925512427539482
724 739 0.037425820317240906
724 3604 0.9359796311669477
724 3619 -0.25038233517670483
724 3454 -0.37153665815801706
724 3469 -0.6386068418325132
724 3484 0.4052868388977956
724 3499 -0.16855001715156206
724 3514 0.9416123798657838
724 3529 0.37622672163598186
724 3544 -0.8418118749843148
724 3559 -0.25344233651342224
724 3574 0.3289962334849391
724 3589 -0.3221013654825817
725 740 -0.3723051572738755
725 3784 -0.26662355461801174
725 3799 0.5064333346789713
725 3634 0.035583637747510645
725 3649 -0.0512881555672837
725 3664 0.11352328589996628
725 3679 -0.01120697877193099
725 3694 -0.8039544408228968
725 3709 -0.08530054105130445
725 3724 0.5766183751858583
725 3739 0.0946187647243396
725 3754 -0.14393257021298972
725 3769 -0.3996928506087673
738 739 0.01269477434740341
738 3424 0.8649693410356443
738 3439 0.28486605961656813
738 3364 0.374645854440208
738 3379 0.33731265383131004
738 3394 -0.17150947507608508
738 3409 0.18713222013585626
739 740 -0.09174287496159478
739 3604 0.5864045866597902
739 3619 0.4258631298383875
739 3454 0.7040911622239577
739 3469 -0.8710647233999637
739 3484 0.9187195337934899
739 3499 -0.9315587477465058
739 3514 -0.2873151142490956
739 3529 -0.005575309518464215
739 3544 1.0
739 3559 -0.41243907207415076
739 3574 0.3913575353109148
739 3589 0.2690751741804569
740 3784 -0.3183070863112714
740 3799 0.7863486787437842
740 3634 0.21461473824520078
740 3649 0.34713978755327635
740 3664 -0.23633338661386227
740 3679 -0.20340893443900096
740 3694 -0.3559870617102984
740 3709 0.364408066501522
740 3724 0.4072207774776104
740 3739 0.3745127501884884
740 3754 -0.08693628713402081
740 3769 0.6928201640520029
753 754 0.6370472110616286
753 768 -0.6485061336922517
753 3424 -0.7522439643346472
753 3439 -0.09891342366769774
753 3364 0.017046235847287018
753 3379 0.7434212739639064
753 3394 0.4340338949740276
753 3409 -0.08784030406963268
754 755 -0.1890991160666352
754 769 0.04728744438305079
754 3604 -0.934530694097937
754 3619 0.5290468428773426
754 3454 -0.2527688098303473
754 3469 -0.551932315287357
754 3485 -0.1495570805801012
754 3500 -0.33939046082372404
754 3515 -0.9039042473863854
754 3530 -0.3201823452715661
754 3544 -0.42710638059522715
754 3559 0.17354619737315816
754 3574 1.0
754 3589 0.1359849557504117
755 770 -0.638097731710013
755 3784 -0.3794261258575751
755 3799 -0.1707175582543126
755 3634 -0.47579043378224906
755 3649 0.5678755326502724
755 3665 -0.12984427065608822
755 3680 0.16325530401083888
755 3695 -0.8979465295554611
755 3710 0.5043225993599961
755 3724 -0.025989324434939013
755 3739 -0.18323345434781127
755 3754 0.0369623290946902
755 3769 -0.18640008830918545
768 769 0.2690793238178481
768 3424 0.7117970940916264
768 3439 -0.14591797271683166
768 3364 0.13375785900053913
768 3379 -0.1803829372096411
768 3394 -0.7043254153263103
768 3409 -0.5511507235931223
769 770 0.4991988316433884
769 3604 0.3695858293859393
769 3619 -0.04274582573558832
769 3454 1.0
769 3469 -0.16133082378062905
769 3485 -0.010159750415568953
769 3500 0.1491619523871342
769 3515 -0.13206588627070417
769 3530 -0.15839644290800697
769 3544 0.6770597736784306
769 3559 -0.9719419346930323
769 3574 0.5707905930520151
769 3589 -0.07461848212734604
770 3784 0.7454926284728342
770 3799 -0.15705039383318478
770 3634 0.3981875349722304
770 3649 -0.5001720844087261
770 3665 0.0798805291008268
770 3680 -0.5803022511264341
770 3695 1.0
770 3710 0.5924231885897374
770 3724 -0.272885965292629
770 3739 -0.8250697182736287
770 3754 0.5174043014167402
770 3769 -0.02177090469948266
783 784 -0.5787998024743026
783 798 -0.06281333010523542
783 3424 0.4902223651877174
783 3439 0.21393641418449047
783 3454 0.3696149964763675
783 3469 -0.42682123731821203
783 3485 0.7541324466027863
783 3500 1.0
783 3515 -0.32207862641845253
783 3530 0.791676693624445
783 3544 -0.4226518440561058
783 3559 0.7313866126949407
783 3394 -0.5345130932863069
783 3409 -1.0
784 785 0.5459145743688647
784 799 -0.1717559600180199
784 3604 -0.6999139591833552
784 3619 -0.72135162749274
784 3634 0.17290364585103343
784 3649 0.30532336770646074
784 3665 -0.37930853080096066
784 3680 -0.16810580470460593
784 3695 -0.28167267891974024
784 3710 -0.28293733533759347
784 3724 0.8497801987115617
784 3739 0.19881269706762983
784 3574 0.8038934848737799
784 3589 -0.13684827509742922
785 800 -0.059193405651053146
785 3784 0.2819061101389466
785 3799 0.5028921909081152
785 3814 0.07324076337857979
785 3829 -0.38631530755278953
785 3845 0.14611206812164768
785 3860 -0.6154560774589315
785 3875 0.3923063083871926
785 3890 -0.8133055684238935
785 3754 -0.1394431052925978
785 3769 0.9070831945654114
798 799 -0.06875355542508045
798 3424 0.01643310335899142
798 3439 -0.007536766778142936
798 3454 0.4760969591615634
798 3469 -0.2004929272890918
798 3485 0.29721841939685184
798 3500 0.22109568646112604
798 3515 0.1440475758040344
798 3530 -0.09185549263768705
798 3544 -0.5663465374792108
798 3559 0.24866668105091724
798 3394 -0.7294358915951746
798 3409 -0.002128116285526721
799 800 -0.2273593698894481
799 3604 0.0028648580236545302
799 3619 0.03103356683609408
799 3634 0.30374343098114537
799 3649 -0.3714613906208102
799 3665 0.1218573259761875
799 3680 -0.4071430113912005
799 3695 -0.47071939702526505
799 3710 1.0
799 3724 0.29295385531959184
799 3739 -0.6571100829360526
799 3574 -0.531256810950909
799 3589 0.32963095491277355
800 3784 0.1999323001192596
800 3799 0.1310898236377406
800 3814 -0.23832493156466708
800 3829 0.8685342020623281
800 3845 -0.31535389137199016
800 3860 0.5722301634117519
800 3875 0.18870618614958515
800 3890 0.45040119353140035
800 3754 -0.4000165852754471
800 3769 0.22824775296246266
813 814 -0.5420312928114183
813 828 -0.1010321519179552
813 3425 -0.525649019968152
813 3440 0.2644899470450938
813 3455 0.05323675144437144
813 3470 0.4730203389772216
813 3485 -0.5210679921115579
813 3500 -0.2791184966354026
813 3515 -0.575916347370501
813 3530 0.43915456020863325
813 3544 0.34838074431085847
813 3559 0.5351286556376539
813 3394 0.8695481556521901
813 3409 1.0
814 815 -0.29203102727788083
814 829 0.4710183406383891
814 3605 0.9905635669008171
814 3620 -0.39286272558548196
814 3635 0.0746988399592062
814 3650 -0.3203433323253138
814 3665 -0.4883482556455974
814 3680 -0.819456190431201
814 3695 0.7825699736844901
814 3710 -0.6094526415831486
814 3724 0.36926296802286007
814 3739 0.16036108683014327
814 3574 0.167286209914043
814 3589 0.028093822270472343
815 830 0.16547557624515172
815 3785 0.23772923880292454
815 3800 0.017146137537178113
815 3815 -0.2903570678442345
815 3830 -0.6376406896953475
815 3845 -0.04001081194473998
815 3860 0.6135068804601889
815 3875 0.8671783799354559
815 3890 -0.21620298861849926
815 3754 -0.05581846933162704
815 3769 -0.5016853111715432
828 829 1.0
828 3425 0.9911091429381133
828 3440 -0.15949326821194945
828 3455 -0.8484369429333807
828 3470 -0.2900605266094676
828 3485 0.11566124264620876
828 3500 0.4130902661185205
828 3515 0.255810330626588
828 3530 0.2944474828118652
828 3544 -0.14573348242255166
828 3559 -0.19348379616338768
828 3394 0.48667591718329256
828 3409 -0.8651605008484351
829 830 -0.43194368499230573
829 3605 0.10877695005968398
829 3620 0.44153964458916845
829 3635 0.5586330611217702
829 3650 -0.04126130043425479
829 3665 -0.5109468843708541
829 3680 0.0516811683538226
829 3695 0.8728800810867242
829 3710 -0.37801096026477593
829 3724 -0.10019403994588783
829 3739 -0.0066495085757168546
829 3574 -0.18579802422515118
829 3589 -0.6137346016560221
830 3785 0.478505562851412
830 3800 0.6698549998458719
830 3815 0.8840377331235026
830 3830 0.1384441779813108
830 3845 -0.3223946619829432
830 3860 0.22382039623877958
830 3875 0.019823243465454145
830 3890 -0.2403945143792332
830 3754 -0.4334250444210811
830 3769 -0.3524442006644959
843 844 -0.6542855433034187
843 858 -0.03598521293991852
843 3425 -0.16167040132520388
843 3440 -0.5098736201934736
843 3455 0.2114314058096157
843 3470 -0.25537977584165134
843 3485 -0.07194004518915083
843 3500 -0.6729172863915609
843 3364 -0.12767559906458015
843 3379 0.4908262441286998
843 3394 -0.015930421104270964
843 3409 0.20312629173898786
844 845 0.5356689044141086
844 859 0.27400331008022394
844 3605 0.0796100210072591
844 3620 0.09546878313414048
844 3635 -0.6876506131829236
844 3650 -0.2289498113753328
844 3665 0.4004782773105762
844 3680 -0.022587675550681714
844 3515 0.8032832247858178
844 3530 -0.13084971591619887
844 3544 0.07567142967460343
844 3559 -0.23465112725242745
844 3574 0.2748611853638904
844 3589 -0.18834634483655363
845 860 -0.5083683430793402
845 3785 0.20455435441754943
845 3800 -0.24644169122469636
845 3815 0.6173038627853096
845 3830 0.6609920651582448
845 3845 0.26217483744981973
845 3860 -0.3180511886762865
845 3695 1.0
845 3710 0.4981526228383449
845 3724 -0.5639921756091993
845 3739 1.0
845 3754 -0.043014694640230666
845 3769 -1.0
858 859 -0.02787038709248909
858 3425 0.6074082088648424
858 3440 0.09048780671186993
858 3455 1.0
858 3470 0.2526032679508971
858 3485 -0.08994510374142765
858 3500 0.3705705093610221
858 3364 0.07637280628946069
858 3379 0.24514338780758732
858 3394 -1.0
858 3409 -0.036809492624492776
859 860 -0.2195653365251354
859 3605 0.09757275183054842
859 3620 -0.3075983149678133
859 3635 -0.028118646906353708
859 3650 0.45998018279217656
859 3665 -0.33463644952748467
859 3680 0.3923400900234283
859 3515 0.1577667210383909
859 3530 0.453579438245229
859 3544 -0.09869879482442298
859 3559 0.4105494966464562
859 3574 0.18865827443409353
859 3589 -0.5361815512121033
860 3785 0.6301131621000188
860 3800 0.3801238707831573
860 3815 -0.9942602876344753
860 3830 -0.31644533476822784
860 3845 0.35073906485380285
860 3860 0.05642340892115772
860 3695 -0.28234542476237634
860 3710 -0.6171381416449488
860 3724 0.5235674727524148
860 3739 -0.7320438378992661
860 3754 -0.052132126621088834
860 3769 -0.06275518023590115
873 874 0.40562516271635607
873 888 0.5534541612648042
873 3425 -0.7197573129037945
873 3440 -0.8181041671142902
873 3455 -0.250061935976918
873 3470 0.07148121391730101
873 3485 0.23246229767424822
873 3500 0.39101373844241366
873 3365 -1.0
873 3380 0.34295790535651755
873 3395 0.424911952462162
873 3410 -0.5943029329778932
874 875 -0.8784997800102348
874 889 -0.5630917777867653
874 3605 0.7932535889681951
874 3620 -0.43228791341287237
874 3635 -0.22822064644515286
874 3650 -0.4046157040907227
874 3665 1.0
874 3680 -0.9199896160909431
874 3515 0.6732972790084452
874 3530 0.49099822579555247
874 3545 0.1260710660669683
874 3560 0.04201974633023969
874 3575 -0.40572985800651884
874 3590 0.2261195702298174
875 890 -0.835542823513468
875 3785 0.33797692036247895
875 3800 0.06682412653632058
875 3815 -0.15206535029612883
875 3830 -0.2748760746187504
875 3845 0.11510214989534676
875 3860 -0.1755477314779642
875 3695 -0.6076246088231526
875 3710 -0.01958842461581397
875 3725 0.36370582206472496
875 3740 -0.17456506615553155
875 3755 -0.13770644748136213
875 3770 0.5120120229882859
888 889 -0.2510446561147358
888 3425 -0.06726756085596486
888 3440 -0.09922823880415493
888 3455 -0.28228493439119584
888 3470 0.17850268843868036
888 3485 0.6107052179721995
888 3500 -0.9127370191381268
888 3365 -0.7343040491029049
888 3380 -0.02252299013561751
888 3395 0.26553696930982723
888 3410 -0.08423634044985
889 890 -0.45474974230125204
889 3605 0.7338843324500338
889 3620 1.0
889 3635 -0.21445726125217685
889 3650 -0.5997233115650298
889 3665 -0.9706970100673404
889 3680 -0.1479218827656888
889 3515 0.32172094700098747
889 3530 0.36375701795423204
889 3545 0.09308552118858435
889 3560 -0.5591495023383382
889 3575 0.5603693699849508
889 3590 0.15394622958795004
890 3785 0.14463668420387968
890 3800 0.037974208625496546
890 3815 -0.7881995801532367
890 3830 -0.19829370159069462
890 3845 0.07359146125098921
890 3860 0.5380827755269969
890 3695 0.22447694119527353
890 3710 0.8373181933099887
890 3725 0.7071072214214741
890 3740 -0.26407814619138215
890 3755 0.23844759086651227
890 3770 -0.5771851647144048
903 904 -0.13220519796243793
903 918 -0.572604303425255
903 3425 1.0
903 3440 0.09698644255087549
903 3365 -0.888455865399691
903 3380 -0.736991898115061
903 3395 -0.29653576700401363
903 3410 -0.7276608581774034
904 905 -0.9427767730084763
904 919 0.9650447457243586
904 3605 0.5591279513690821
904 3620 0.9430775609198601
904 3455 0.9487666044516316
904 3470 -0.25775825602996355
904 3485 0.3318672697307092
904 3500 0.14964665280574926
904 3515 0.12328822258480265
904 3530 -0.5221709072710143
904 3545 0.2738171373396663
904 3560 0.14344289555185424
904 3575 -0.24027267809389577
904 3590 -0.1344123810720305
905 920 0.08508910855664219
905 3785 -0.11100418516799695
905 3800 -0.6507463454459923
905 3635 0.4911899232578867
905 3650 -0.6725838293227568
905 3665 0.182568471735585
905 3680 -0.1358544875077467
905 3695 -0.025472445832028352
905 3710 -0.2980020642678264
905 3725 -0.6035219757395779
905 3740 0.21333970100347766
905 3755 0.0006338129821201156
905 3770 -0.2865911304218824
918 919 -0.38653960361583106
918 3425 0.5635593200342104
918 3440 0.06687329005409196
918 3365 -0.06366933220042087
918 3380 -0.19617895175569414
918 3395 -0.3840575542338166
918 3410 0.1945272898364928
919 920 0.8221389790466467
919 3605 0.3334203625265769
919 3620 -0.7804288865942332
919 3455 0.062478092340379515
919 3470 0.01616284896445279
919 3485 -0.25197547216965765
919 3500 0.40164945618707226
919 3515 0.3634954717247015
919 3530 0.01089270215378974
919 3545 0.41604370652197736
919 3560 -0.5934035949972565
919 3575 0.3692240667912712
919 3590 0.3620282095379786
920 3785 -1.0
920 3800 0.2691895838659975
920 3635 -0.438444396621858
920 3650 0.6660458761402234
920 3665 -0.2265079825605831
920 3680 0.01084680656216998
920 3695 -0.038537262218841316
920 3710 -1.0
920 3725 0.29217430920260373
920 3740 -0.24987358488622197
920 3755 -0.1640485131567121
920 3770 0.6154492073448607
933 934 -0.26310227264955904
933 948 0.7791367036166602
933 3425 -0.19974227826201787
933 3440 0.5752913477539617
933 3365 0.3972140438946561
933 3380 -0.551959540615275
933 3395 0.5206512672658619
933 3410 0.0918437666127683
934 935 -0.6911333603792684
934 949 0.5502167220142336
934 3605 0.17931617174835693
934 3620 -1.0
934 3455 -1.0
934 3470 0.16422959257331943
934 3486 1.0
934 3501 -0.8124222024524389
934 3516 0.3168602250080533
934 3531 0.2168900854885021
934 3545 0.11994470787380769
934 3560 0.332557365401174
934 3575 0.014288976295635318
934 3590 0.20149859638334444
935 950 0.1662091641458509
935 3785 -0.07879797911886265
935 3800 0.6763647494494167
935 3635 0.07915855030353727
935 3650 0.37574598991818453
935 3666 1.0
935 3681 -0.24207663937852825
935 3696 0.24677877244946794
935 3711 -0.26003853266091814
935 3725 0.06599954132511758
935 3740 0.05124326569957682
935 3755 -0.6408009925961338
935 3770 -0.36059713208878236
948 949 0.0988704807209373
948 3425 0.50971765624921
948 3440 -0.1567157106332108
948 3365 0.12162362107961142
948 3380 0.5556628007148647
948 3395 0.29294083536355386
948 3410 0.6159862703869317
949 950 0.1735236274719849
949 3605 -1.0
949 3620 -0.5292632949255063
949 3455 0.4601954737393212
949 3470 0.2215374569603085
949 3486 0.5228912651390087
949 3501 -0.35183126422168404
949 3516 0.5518390619269561
949 3531 0.4281464497530593
949 3545 1.0
949 3560 0.020131275881972915
949 3575 -0.4880383062025999
949 3590 -0.21810372064598535
950 3785 -0.5105700865943974
950 3800 0.7103724192283826
950 3635 -0.28082588060036373
950 3650 0.5345499250364047
950 3666 0.43330680220200246
950 3681 0.42945897073132877
950 3696 -0.4995789614382341
950 3711 -0.4179296451531374
950 3725 -0.6911298801039945
950 3740 -0.06443104433417189
950 3755 0.45084483397674235
950 3770 -0.5389039771729589
963 964 -1.0
963 978 0.04507646633342293
963 3425 -0.6173962543633773
963 3440 -0.1765951260513493
963 3455 -0.3729928058329862
963 3470 -0.2065599348319543
963 3486 0.5622114629625752
963 3501 -0.38348710156418064
963 3516 0.5006982086031588
963 3531 -0.3854428327406498
963 3545 -0.6256441470176008
963 3560 -0.07964859771249738
963 3395 -0.06503183428812821
963 3410 0.05550826446667556
964 965 0.5933379400507626
964 979 -0.5114024220568154
964 3605 -0.4123562994597164
964 3620 0.3611156501705945
964 3635 -0.23316244499217248
964 3650 -0.7063487651231211
964 3666 -0.0692097688779235
964 3681 0.07399646079703881
964 3696 -0.06707286221647
964 3711 0.5622670510101804
964 3725 0.3439725286740886
964 3740 -0.7057053243395099
964 3575 -0.22492001825894917
964 3590 0.35325175191310376
965 980 0.8140286687408161
965 3785 -0.318192395584367
965 3800 -1.0
965 3815 0.2938437857514588
965 3830 0.04175023828819218
965 3846 -0.6163915646012263
965 3861 0.691651553804999
965 3876 -0.2611738474382125
965 3891 0.5175267849999812
965 3755 -0.6514884114295839
965 3770 -0.007244088647126725
978 979 0.0760548213759645
978 3425 -0.267447302115812
978 3440 0.07091738339317073
978 3455 -0.8409612654817179
978 3470 -0.5966660930419345
978 3486 -0.5029647100270638
978 3501 -0.25833892336543723
978 3516 -0.6952578905575827
978 3531 -0.1452239289338004
978 3545 -0.08959801972625744
978 3560 -0.013594086212275303
978 3395 0.3542347324579235
978 3410 -0.1706179739816947
979 980 0.27577486857635986
979 3605 -0.04358933241070174
979 3620 0.6609040192200261
979 3635 -0.7410076801073449
979 3650 0.13671144835282908
979 3666 -0.8284040740260762
979 3681 -0.3063809595960233
979 3696 0.30611281782198435
979 3711 -0.14325363899675284
979 3725 -0.3434152238364201
979 3740 -0.3289114606450062
979 3575 0.6886138682004594
979 3590 0.03141894560224255
980 3785 0.14117784076845089
980 3800 0.8160866715280192
980 3815 0.3873936909033181
980 3830 0.4450402418243848
980 3846 0.3179228388782472
980 3861 -0.09428559279513239
980 3876 -0.7270961539089155
980 3891 0.47899917052957736
980 3755 -0.06892457240004714
980 3770 -0.5582013001315123
993 994 0.1324185953519482
993 1008 0.5769498453625387
993 3426 0.9071835763434302
993 3441 0.9689216890504775
993 3456 -0.30617018908606275
993 3471 -0.3303083165481201
993 3486 0.25124218620218375
993 3501 0.2814451862638453
993 3516 -0.0718768836365594
993 3531 -0.4245994684052235
993 3545 -0.5241683751216525
993 3560 0.5819912722156366
993 3395 0.016164773495911524
993 3410 -0.21556420940091545
994 995 -0.07786286718750185
994 1009 -0.08037760219098687
994 3606 0.1654420584341949
994 3621 0.13511729277632759
994 3636 -0.03908581758261825
994 3651 0.6426510247339051
994 3666 -0.47141951219029143
994 3681 0.2066762587808208
994 3696 -0.8400054795619728
994 3711 0.004382931050394017
994 3725 0.3493164446912228
994 3740 0.32148217646654215
994 3575 0.6410283665579516
994 3590 1.0
995 1010 0.45917780007064646
995 3786 0.36177344264690187
995 3801 -0.989524952352931
995 3816 0.29252548546735546
995 3831 0.300572337114506
995 3846 -0.059327002728340746
995 3861 0.6557699672257329
995 3876 -0.2667124996552742
995 3891 -0.42677013003948844
995 3755 -0.17537155795541015
995 3770 -0.7366595037785945
1008 1009 -0.2160864467739735
1008 3426 -0.529006516280916
1008 3441 0.4085471956729088
1008 3456 0.7761436669437564
1008 3471 -0.17499120215362618
1008 3486 0.00023090406491506837
1008 3501 -0.43577131949221126
1008 3516 -0.303753156989097
1008 3531 0.10663629358126202
1008 3545 0.0635686171559448
1008 3560 0.1554176361134143
1008 3395 0.009892925280682063
1008 3410 -0.029489625028624015
1009 1010 0.416027035085213
1009 3606 0.7163771131358797
1009 3621 0.09451435841643792
1009 3636 0.12302595371331143
1009 3651 -0.3685198764428252
1009 3666 0.07252501526518827
1009 3681 0.05979699469828655
1009 3696 -0.6603231231842759
1009 3711 -0.6370470418477862
1009 3725 0.1396891596456629
1009 3740 0.8196556350242099
1009 3575 -0.6681904781693411
1009 3590 0.5547855080331884
1010 3786 -0.17968216526979233
1010 3801 -0.7809664596519988
1010 3816 -0.3889352151933488
1010 3831 0.879353265928338
1010 3846 0.12213431864428832
1010 3861 -0.5707525866138806
1010 3876 -1.0
1010 3891 0.386547531581181
1010 3755 -0.166551363059982
1010 3770 0.10498535670320132
1023 1024 0.5662304060794907
1023 1038 0.9951114290160511
1023 3426 0.5377950811114238
1023 3441 0.6228462935722795
1023 3456 -0.2043616378402389
1023 3471 0.1317709046738035
1023 3486 0.3588033643757459
1023 3501 0.23288894433288185
1023 3365 -0.40517579012496163
1023 3380 -0.2445836195491414
1023 3395 0.9679151141093422
1023 3410 0.25616460889984494
1024 1025 0.125479730577658
1024 1039 -0.8003458242153291
1024 3606 0.7639490405321783
1024 3621 0.6793714063890213
1024 3636 -0.910601279996447
1024 3651 -0.30404635276465186
1024 3666 0.7150279040982204
1024 3681 0.2577821106479389
1024 3516 0.07889718827878964
1024 3531 0.28676166045681456
1024 3545 0.1488178811641205
1024 3560 0.3288258004655724
1024 3575 -0.054512339545678606
1024 3590 -0.007534801062086119
1025 1040 0.02104709619776206
1025 3786 0.692301049855868
1025 3801 0.0687034623070802
1025 3816 0.463593982769592
1025 3831 -0.642615336810525
1025 3846 0.7551609293301702
1025 3861 -0.3093255803280761
1025 3696 0.02268452767489397
1025 3711 -0.2830883236355494
1025 3725 0.13991766537545697
1025 3740 -0.01946650625292527
1025 3755 0.8063172446615386
1025 3770 0.22339464920397423
1038 1039 -0.3193483761759341
1038 3426 0.36532268679820323
1038 3441 -0.18372584750382087
1038 3456 -0.17410184507796092
1038 3471 1.0
1038 3486 0.32031220024523205
1038 3501 -0.42383887456203345
1038 3365 -0.17484089940235417
1038 3380 0.17444856073114542
1038 3395 0.6647835865237146
1038 3410 -0.8253460414819829
1039 1040 -0.1576908412934124
1039 3606 0.5628045189122204
1039 3621 -0.7472388486490988
1039 3636 0.5307347943258668
1039 3651 0.3075489908196017
1039 3666 -0.5294613494220717
1039 3681 -0.7081869201047238
1039 3516 1.0
1039 3531 0.5149936270282098
1039 3545 0.11222000066679651
1039 3560 0.061031118510810535
1039 3575 0.31731925649149073
1039 3590 -0.2164211720232257
1040 3786 0.10026294907640752
1040 3801 0.0806711246258221
1040 3816 -0.3495309110262859
1040 3831 0.9425350074664784
1040 3846 0.30316703686741425
1040 3861 0.5691043949138497
1040 3696 0.5318212857313843
1040 3711 -0.31822047077793714
1040 3725 -0.2940462959035681
1040 3740 -0.15834015818127026
1040 3755 -0.5291985761732184
1040 3770 0.13863830991050105
1053 1054 0.895890315767376
1053 1068 0.8191211959896388
1053 3426 -0.2311170825781657
1053 3441 0.20087545233148388
1053 3456 -0.8903120232271453
1053 3471 -0.557322048737007
1053 3486 -0.1937701638677444
1053 3501 -0.6766285115086689
1053 3366 -0.6396562270919304
1053 3381 -0.6434815125179603
1053 3396 0.6459090143730273
1053 3411 0.35312296106359903
1054 1055 -0.5959854783565739
1054 1069 0.05061023486098433
1054 3606 -0.1988132096326259
1054 3621 -0.2123233501323404
1054 3636 -0.30913466226730874
1054 3651 -0.006190146363987728
1054 3666 0.46031392025418394
1054 3681 -0.22569938937315373
1054 3516 -0.5881047219552782
1054 3531 0.3979095929928705
1054 3546 -0.29380671909595524
1054 3561 0.5738800532416821
1054 3576 -0.264328052035897
1054 3591 0.19368115706409128
1055 1070 -0.522161380234209
1055 3786 -0.12795369347261856
1055 3801 0.30714149399519847
1055 3816 0.32954296947583406
1055 3831 -0.4205221573581343
1055 3846 -0.13123401467638124
1055 3861 -0.04741398172181961
1055 3696 -0.03828918280223998
1055 3711 -0.27493715576069505
1055 3726 -0.31922123187188706
1055 3741 0.11894159297701225
1055 3756 -0.588942960711434
1055 3771 0.006973172362656335
1068 1069 -1.0
1068 3426 0.31059103409063016
1068 3441 0.03837692545727651
1068 3456 -0.5565325210163757
1068 3471 -0.03562742383997222
1068 3486 0.07943505178989069
1068 3501 0.10347869534487633
1068 3366 -0.4287218013859601
1068 3381 -0.34096167405985767
1068 3396 0.22928475808065094
1068 3411 -0.522851580179567
1069 1070 -0.056885159986209674
1069 3606 -0.031101809431248375
1069 3621 0.7261245319630537
1069 3636 0.2245784146414607
1069 3651 0.828178119712712
1069 3666 -0.320054543031735
1069 3681 -0.028425323298558243
1069 3516 0.03397762392471818
1069 3531 -0.5035579746254562
1069 3546 -0.4036562497551524
1069 3561 0.5277370917407079
1069 3576 -0.7536374709988888
1069 3591 0.40503581065539035
1070 3786 0.36172271662621786
1070 3801 0.7268328022677055
1070 3816 0.14228520509107212
1070 3831 0.262777779595144
1070 3846 -0.02749404277154872
1070 3861 0.612298730699698
1070 3696 0.32574552853055955
1070 3711 -0.7824373825133137
1070 3726 0.2198184673206691
1070 3741 0.6245600828257916
1070 3756 1.0
1070 3771 0.4987703228731742
1083 1084 -0.2808743500177055
1083 1098 0.12288363590568196
1083 3426 -0.12063506589387328
1083 3441 -0.0849725718050555
1083 3366 0.2552776448160765
1083 3381 0.3139198968467512
1083 3396 -0.8773963458636735
1083 3411 -0.19472917714009616
1084 1085 0.5315122696757141
1084 1099 0.6236976435340459
1084 3606 -0.00028041842375321226
1084 3621 -0.39486062101199343
1084 3456 -0.7453861228539393
1084 3471 -0.32562031016092
1084 3486 0.17280855300499068
1084 3501 -0.310555036484856
1084 3516 -0.012775776700387775
1084 3531 0.45481795275836157
1084 3546 0.018084670283599315
1084 3561 -0.6093099294986156
1084 3576 0.9881869357224623
1084 3591 0.4170902513265492
1085 1100 0.014062401119558223
1085 3786 0.4458877815333582
1085 3801 0.45015415534092457
1085 3636 -0.37435571060616596
1085 3651 -0.31819301881925377
1085 3666 0.1653269266469668
1085 3681 0.321400891508345
1085 3696 -0.3339795168902354
1085 3711 0.034875058721144846
1085 3726 -0.7423739480455728
1085 3741 -0.13885386296670912
1085 3756 -0.24236747198102673
1085 3771 -0.384765748426731
1098 1099 0.20248164594303425
1098 3426 -0.1686670949649762
1098 3441 0.10941073767339995
1098 3366 0.12944742640620563
1098 3381 0.09857273039182904
1098 3396 -0.3568860283679188
1098 3411 -0.43071657837949645
1099 1100 -0.08831756689051133
1099 3606 0.042707382114297504
1099 3621 -0.610106479665615
1099 3456 -1.0
1099 3471 0.4154613258921064
1099 3486 -0.22340490353855366
1099 3501 0.7045182873534339
1099 3516 -0.19178767109735023
1099 3531 -0.06992768101054297
1099 3546 -0.4080728622446022
1099 3561 0.3526522142638446
1099 3576 0.8967384617786297
1099 3591 -0.28345621239911
1100 3786 -0.2438301006347279
1100 3801 -1.0
1100 3636 -1.0
1100 3651 -0.31387471920731524
1100 3666 -0.31438359217520556
1100 3681 -0.1546067619138296
1100 3696 -0.3224670514642906
1100 3711 0.14347309340663203
1100 3726 -0.560448224664721
1100 3741 -0.26873327232353983
1100 3756 0.25497879802264284
1100 3771 0.43370661620412687
1113 1114 0.5123778340901712
1113 1128 -1.0
1113 3426 0.6209403214919337
1113 3441 0.5489186269881838
1113 3366 -0.03722719404594076
1113 3381 -0.27304136984578314
1113 3396 0.6066727191348353
1113 3411 -0.4203682627698428
1114 1115 1.0
1114 1129 0.7110998536962143
1114 3606 -0.38704259891601983
1114 3621 -0.47846861996347095
1114 3456 0.262338814047918
1114 3471 0.22200338159901456
1114 3546 1.0
1114 3561 0.35562272671108597
1114 3576 1.0
1114 3591 0.11216442691589562
1115 1130 0.39355027128407005
1115 3786 -0.4034757097832704
1115 3801 -0.19650593630520752
1115 3636 0.18612941850048445
1115 3651 0.0863487083014705
1115 3726 0.4552426720384942
1115 3741 0.6742917726861485
1115 3756 -0.3633434870702967
1115 3771 0.776318505311726
1128 1129 0.18998847453240653
1128 3426 -0.08471895381758426
1128 3441 0.5632119339612905
1128 3366 0.19680196773248068
1128 3381 0.032828998381912534
1128 3396 -0.11046897080190762
1128 3411 -0.011576598578859917
1129 1130 -0.14096544606704522
1129 3606 -1.0
1129 3621 -0.5269065093602469
1129 3456 -0.06123197459684942
1129 3471 -0.22480432261750347
1129 3546 1.0
1129 3561 -1.0
1129 3576 -0.38277544191417834
1129 3591 -0.05205594286633503
1130 3786 0.03813982347966808
1130 3801 -0.4328114305344983
1130 3636 1.0
1130 3651 0.35415878139451906
1130 3726 -0.05328043120631225
1130 3741 -0.3064525300375826
1130 3756 0.8054363829635671
1130 3771 -0.4574275131736483
3364 3365 0.082902941811463
3364 3379 -0.2439311586179704
3365 3366 -0.16678882647291216
3365 3380 0.09588235178843398
3366 3381 -0.013942331200754107
3379 3380 0.2760570987166073
3380 3381 0.2996363065000413
3394 3395 -0.5466152714117777
3394 3409 0.2856258478797194
3395 3396 0.2920653229081588
3395 3410 0.32949312864314473
3396 3411 -0.10137048361353937
3409 3410 -0.5920193238669633
3410 3411 0.2115552100970425
3424 3425 -0.5200022697949921
3424 3439 -0.14787948255121786
3425 3426 0.7835466701280851
3425 3440 -0.37153000393875163
3426 3441 0.051966172982155015
3439 3440 0.834264713445469
3440 3441 0.07032647307692323
3454 3455 -0.7627883393988015
3454 3469 0.8035111947039507
3455 3456 -0.13216349416450618
3455 3470 -0.1910846002848089
3456 3471 -0.522513236625345
3469 3470 -0.7148993754958121
3470 3471 -0.8175425314985
3484 3485 -0.2873271781241766
3484 3499 -0.46874693994461786
3485 3486 -0.4823107953099897
3485 3500 1.0
3486 3501 -1.0
3499 3500 -0.28184721603403506
3500 3501 -0.15448789826319492
3514 3515 0.6201477716546383
3514 3529 0.14866040872686928
3515 3516 0.17849170166947723
3515 3530 0.014713607732578484
3516 3531 -0.0041438276147271105
3529 3530 -0.14935461398695887
3530 3531 -0.4838274231671077
3544 3545 -0.26074007759682855
3544 3559 0.48329685045828025
3545 3546 0.6847590780204746
3545 3560 -0.8553682481823408
3546 3561 -0.17616137409959745
3559 3560 -0.6636347869855126
3560 3561 -0.4138861206911262
3574 3575 -0.47561889353213244
3574 3589 0.5443349263728763
3575 3576 -0.8606869808075337
3575 3590 -0.41753704579455175
3576 3591 0.8151409631515198
3589 3590 0.16536504003575614
3590 3591 -0.09926256899235782
3604 3605 0.6248082680868766
3604 3619 -0.21926668521999962
3605 3606 -0.8499731655281019
3605 3620 0.02701422525966143
3606 3621 0.3119018244659597
3619 3620 0.07311622831585754
3620 3621 0.381585072686464
3634 3635 0.2367779271653571
3634 3649 0.9254638334849298
3635 3636 0.11526465472313076
3635 3650 0.9400753365493305
3636 3651 -0.21335780940213275
3649 3650 -0.68515584167986
3650 3651 0.4877409220501516
3664 3665 -0.37355829754217657
3664 3679 -0.2267304421836283
3665 3666 0.6168429097777549
3665 3680 0.03227790440045671
3666 3681 0.41330131766881173
3679 3680 0.6462038042109937
3680 3681 -0.13914653163530485
3694 3695 1.0
3694 3709 0.25932439150916387
3695 3696 -1.0
3695 3710 -0.46375731062962733
3696 3711 0.7594638225207206
3709 3710 0.7292679724774727
3710 3711 0.023303667217313993
3724 3725 -0.1690452806429349
3724 3739 -0.5258215648622516
3725 3726 -0.05721134848342844
3725 3740 -0.32003547950051203
3726 3741 0.3159142758630975
3739 3740 -0.10498520994222837
3740 3741 0.22032853926312262
3754 3755 -0.895425414551486
3754 3769 0.5754327679644474
3755 3756 0.4319113582732433
3755 3770 0.6498374839588372
3756 3771 0.2564008973383673
3769 3770 -0.588954198061448
3770 3771 0.046538946836237376
3784 3785 0.5331789236397952
3784 3799 -0.7449352492252538
3785 3786 0.4495517386599142
3785 3800 -0.9484018317189987
3786 3801 0.4205609910415481
3799 3800 0.7881539705827154
3800 3801 0.3731976367622089
3814 3815 -0.27336464302055064
3814 3829 0.02848006143938202
3815 3816 -0.3269031814787589
3815 3830 0.5922736625847701
3816 3831 0.6452970819367881
3829 3830 0.19179459202507718
3830 3831 0.3542560653565283
3844 3845 0.1300272525347405
3844 3859 -0.08281622589475769
3845 3846 0.2847796916468739
3845 3860 -0.8607338360420417
3846 3861 0.3243757545332514
3859 3860 -0.5931424908412665
3860 3861 0.7321052499702837
3874 3875 0.264013638057493
3874 3889 -0.5679659671664002
3875 3876 0.22834075388216146
3875 3890 -0.3245385779145208
3876 3891 0.7208951742180841
3889 3890 0.9076724743295934
3890 3891 0.4402736408865529
