# 
603 603 1.9062046262241423
604 604 2.6493672616504615
605 605 0.3927023572769408
618 618 0.7903722755691707
619 619 -0.22025289186459382
620 620 0.8626783472042933
633 633 -0.44311178491895753
634 634 0.6033545384477654
635 635 -0.6941705124997695
648 648 0.6854450400860294
649 649 0.6026572942689901
650 650 -0.8193827883131791
663 663 0.1893233131932895
664 664 0.39956026013821544
665 665 0.629128138763228
678 678 0.6268920584175938
679 679 0.5642333984625805
680 680 0.8801037133592454
693 693 -0.6293627873994238
694 694 -0.04653969745692865
695 695 -0.9780419221439726
708 708 -1.5918277223244812
709 709 1.3310416449579192
710 710 0.20158118680847345
723 723 1.5137361500934245
724 724 0.4378429627836016
725 725 -0.8635714597829635
738 738 -0.18391195621262488
739 739 0.44247766487348755
740 740 0.13991225821849854
753 753 -0.4339439724286787
754 754 0.6291055246307867
755 755 0.5091592504020133
768 768 0.3014804660811319
769 769 1.4771195240938904
770 770 1.2404949972226123
783 783 -0.9687788586872599
784 784 -0.6085104611314658
785 785 -0.7217808754253298
798 798 0.07185449755462861
799 799 -1.1008738640358633
800 800 -0.5616893894900589
813 813 0.05023813704644921
814 814 2.4471300284369146
815 815 -0.7315391605767617
828 828 -0.40083983511683874
829 829 -0.7594267807930573
830 830 0.6392093343461487
843 843 -0.6525789758868462
844 844 0.21282533318444033
845 845 0.026271202651842497
858 858 -0.6570211877249572
859 859 0.7145630476979115
860 860 0.24451212750026885
873 873 -1.696842653430781
874 874 -0.32558454571430867
875 875 1.0056160657479751
888 888 0.19130801530326993
889 889 0.44096116650820133
890 890 2.1770338397903
903 903 -1.15096945562975
904 904 1.3459685475700032
905 905 -2.7526851268511647
918 918 0.9427284500313498
919 919 -0.5993836127202399
920 920 0.21442238934107768
933 933 -0.5624338958547757
934 934 -0.3410504027472917
935 935 -0.3239738296576821
948 948 0.5262614759913077
949 949 0.08956862901259441
950 950 1.0003809377429385
963 963 -0.5029274888705118
964 964 0.2560800638527581
965 965 0.6756568579262904
978 978 1.103776823515921
979 979 -1.769184058407619
980 980 3.9880455914619612
993 993 1.4456197178669952
994 994 2.112326822044584
995 995 0.547926486926108
1008 1008 -0.9585054777913805
1009 1009 0.6460335282674581
1010 1010 0.5908263079815517
1023 1023 1.014927125413316
1024 1024 -0.6710055408851516
1025 1025 -0.5747134275849519
1038 1038 -0.1985488932317769
1039 1039 -1.2639386189624287
1040 1040 -0.15026323297441055
1053 1053 0.3845144726441778
1054 1054 0.5463399634328965
1055 1055 0.3066104830812817
1068 1068 0.9336169321167009
1069 1069 0.649209609856814
1070 1070 -0.30708271249542374
1083 1083 2.1255688074861507
1084 1084 1.131135472775873
1085 1085 0.03361261672090825
1098 1098 0.48826004733161743
1099 1099 -0.20894740795094888
1100 1100 -0.11657704637167676
1113 1113 -0.3355546667787045
1114 1114 0.1573767866360523
1115 1115 1.1079347402146849
1128 1128 1.1830607541444733
1129 1129 -0.11476657000085246
1130 1130 1.2621348997054902
3364 3364 -1.3965344868974148
3365 3365 -0.32347250068061484
3366 3366 0.6868511888979673
3379 3379 -0.9851263926486209
3380 3380 -1.160895433924185
3381 3381 0.22557840529193876
3394 3394 -1.9320795336524168
3395 3395 -0.21043478233912735
3396 3396 0.38688257209443955
3409 3409 0.6349938953250416
3410 3410 0.8640941624826689
3411 3411 0.8487549089546873
3424 3424 -0.06159894400546675
3425 3425 0.22543905231284628
3426 3426 0.7143175191464803
3439 3439 0.11348017143750871
3440 3440 0.24906533404063028
3441 3441 0.12953680026212075
3454 3454 -0.9059912814793408
3455 3455 0.8028458546473335
3456 3456 0.04147883123290987
3469 3469 0.5792224146041944
3470 3470 1.0385895298270624
3471 3471 0.17993636333853494
3484 3484 -2.5603949939307533
3485 3485 -0.5016841728111048
3486 3486 1.0738700066399014
3499 3499 0.86947252849668
3500 3500 -1.5182669356763994
3501 3501 0.23722257644493652
3514 3514 -0.22452020751620697
3515 3515 -1.1014765996089624
3516 3516 -1.2508218764791905
3529 3529 -0.8580611969680144
3530 3530 3.1626834408285887
3531 3531 0.8330642510633014
3544 3544 0.9775699612903228
3545 3545 -0.0874858809774483
3546 3546 -0.27736381187387815
3559 3559 -0.24513286573033477
3560 3560 1.7369015716280711
3561 3561 0.2664062474703709
3574 3574 0.11020792239392165
3575 3575 0.5091562000412674
3576 3576 -0.8869484131678125
3589 3589 -0.07748750420563381
3590 3590 -0.7558229638639427
3591 3591 -1.8146943730640828
3604 3604 -0.965750449721874
3605 3605 -0.8396795663857735
3606 3606 0.05114378021944166
3619 3619 1.0715547636918545
3620 3620 -0.432936749071385
3621 3621 -0.09070599725673409
3634 3634 0.2802676567382189
3635 3635 0.39314726932604477
3636 3636 -0.6062515021462982
3649 3649 0.758072183266117
3650 3650 1.060800544863019
3651 3651 0.01730953439017796
3664 3664 -1.07804499730657
3665 3665 -1.095730872061154
3666 3666 -0.28837564383519576
3679 3679 -0.6854970246255506
3680 3680 -1.3621068468729263
3681 3681 -0.8574306239641626
3694 3694 -0.057329046235447115
3695 3695 1.54227077596864
3696 3696 -0.02627673254101034
3709 3709 -0.32842223626887523
3710 3710 0.7831944096206511
3711 3711 -0.5941599362668571
3724 3724 1.2808947637399304
3725 3725 0.862339432080798
3726 3726 1.007436519074971
3739 3739 1.0698630841748298
3740 3740 -0.8886960183421875
3741 3741 -1.2042277370642203
3754 3754 -0.9625092970134245
3755 3755 -0.17219753007525743
3756 3756 0.9433812081767722
3769 3769 1.1954881235643127
3770 3770 -1.8868236704172447
3771 3771 0.6508955641455495
3784 3784 0.38240130986566956
3785 3785 -1.2069194226982691
3786 3786 2.4758127148906355
3799 3799 -0.9620093691969526
3800 3800 0.5157780568036693
3801 3801 0.719746581725215
3814 3814 0.8415292580194259
3815 3815 1.0105053511067645
3816 3816 0.022892789213142688
3829 3829 -0.40785924011087593
3830 3830 0.01747863623088351
3831 3831 0.5760935750383668
3844 3844 -1.5653835052480582
3845 3845 -0.03312027416011281
3846 3846 1.3311444789755262
3859 3859 -0.5056061283687393
3860 3860 -0.9137301397335553
3861 3861 0.8732311260459829
3874 3874 0.6690614794341101
3875 3875 0.12506085419617488
3876 3876 -0.7954784297822658
3889 3889 -0.6422102155845646
3890 3890 -0.5285850401154762
3891 3891 1.2651066799952286
603 604 0.08099722040766263
603 618 -0.2032128916360722
603 3484 0.27397207909534854
603 3499 0.5640723608722401
603 3514 0.3430634093257416
603 3529 -0.26873102201553517
604 605 0.09079702339459274
604 619 0.18104913118201832
604 3664 0.4885089275745578
604 3679 0.03702567403193343
604 3694 -0.571146536720845
604 3709 -0.17070855137722685
605 620 0.5380942695468697
605 3844 -0.43231407849915315
605 3859 -0.34863786019301013
605 3874 0.4448978474577411
605 3889 -0.4681575869114678
618 619 0.5008790701721245
618 3484 -0.3790467590449093
618 3499 -0.15868286904223458
618 3514 -0.017798260862757556
618 3529 -0.10334624822718359
619 620 -0.3634390643477978
619 3664 -1.0
619 3679 0.5777815235892539
619 3694 -0.16373227409251087
619 3709 -0.35237251021634763
620 3844 0.010034707370141945
620 3859 0.06257055537470148
620 3874 0.34471743374755076
620 3889 -0.0029444041824083387
633 634 0.09200259440809463
633 648 -0.3896828996149694
633 3424 -0.0008352080174462263
633 3439 0.09231771535636044
633 3454 -0.012317626581242986
633 3469 0.40107315650810016
633 3484 0.30380760671504947
633 3499 0.200597023515164
633 3514 0.21889227287359636
633 3529 -0.3155051769473428
634 635 -0.10203360347792084
634 649 0.8797860305272152
634 3604 -1.0
634 3619 0.20322533402530402
634 3634 -0.03047541738785229
634 3649 -0.7431887592996914
634 3664 0.3511285438245208
634 3679 -0.7135573499742626
634 3694 -0.23644334685477178
634 3709 0.4006910003495775
635 650 1.0
635 3784 0.12189023951779843
635 3799 0.6868878222926746
635 3814 0.0387782546340127
635 3829 0.31856849716722624
635 3844 0.09917063554373852
635 3859 -0.24029132739137818
635 3874 -0.4398153537635007
635 3889 0.20702533405255336
648 649 -0.35027873084942346
648 3424 0.15835033639954443
648 3439 0.15435746677804998
648 3454 0.08213504163536663
648 3469 0.3366630738683857
648 3484 0.504062055351715
648 3499 -0.014773516752574808
648 3514 -0.9302278468618257
648 3529 -0.16454297851764962
649 650 0.15158254349784325
649 3604 0.2587216463897517
649 3619 -0.0323581102061694
649 3634 -1.0
649 3649 -0.3211605528550103
649 3664 -0.06655721553425896
649 3679 -0.11627753663244568
649 3694 -0.021557159228201554
649 3709 0.8700727784664883
650 3784 0.08457183436275892
650 3799 -0.0549859627279942
650 3814 0.05997135071430688
650 3829 0.16910154884804238
650 3844 0.14309249451991732
650 3859 0.701306135331817
650 3874 -0.8128207002987561
650 3889 0.1824445879779399
663 664 -0.22086141649317595
663 678 -0.6644180387232309
663 3424 0.4513467268586435
663 3439 0.3653074650414685
663 3454 0.4599573678591224
663 3469 -0.13700940596392217
663 3484 -0.4737334341038595
663 3499 -0.5121105940671
664 665 0.31235317193791645
664 679 -0.08875732001292042
664 3604 0.24414359698392782
664 3619 -0.32080726446856156
664 3634 -0.18091241135036504
664 3649 -0.29310549175336226
664 3664 -0.5764772873403439
664 3679 -0.3000571168788394
664 3514 -0.010521526626909262
664 3529 -0.34371570399017565
665 680 0.09722660823540655
665 3784 -0.9203756411793925
665 3799 -0.11016382436413906
665 3814 0.1369240123357801
665 3829 0.15852702533758709
665 3844 -0.06674688470082474
665 3859 0.11517161368774571
665 3694 -0.12180117897497734
665 3709 0.1288757974410459
678 679 -0.07737305287930908
678 3424 0.5630575488009547
678 3439 0.7003659579885796
678 3454 -0.3764034481266059
678 3469 -0.8342569408884748
678 3484 0.10640753889460863
678 3499 -0.25138595849750683
679 680 0.24532130025867346
679 3604 0.45940639001277955
679 3619 0.21719715221718083
679 3634 -0.1268261665092976
679 3649 0.6480708785267847
679 3664 0.1510774101933013
679 3679 -1.0
679 3514 -0.050136518602554137
679 3529 -0.3085939579763682
680 3784 0.3315935134681419
680 3799 -0.36968212651408894
680 3814 1.0
680 3829 -0.6275984646923659
680 3844 0.01217212065222274
680 3859 0.09453796672839765
680 3694 -0.3553033794214898
680 3709 0.20631424102861973
693 694 1.0
693 708 0.03366579923219856
693 3424 0.1902963281675916
693 3439 -0.8101126091381818
693 3454 0.010560544406217237
693 3469 0.6555039989214827
693 3484 0.005996989575093972
693 3499 0.6190063374095793
693 3364 -0.06878530444765342
693 3379 0.8016759110963675
693 3394 0.49261529148063044
693 3409 -0.7146870170836975
694 695 -0.04323079968633327
694 709 -1.0
694 3604 -0.6764570476013952
694 3619 -0.012587902166153415
694 3634 1.0
694 3649 -0.379716022995722
694 3664 0.24824762907934278
694 3679 -0.48307146211681873
694 3514 0.19430918861660362
694 3529 0.6539297840198836
694 3544 0.3830807381162129
694 3559 -0.06836221223428322
694 3574 -0.7309403272556851
694 3589 0.38313909786428924
695 710 0.4327495409841147
695 3784 -0.17151599930115904
695 3799 0.370418550944894
695 3814 0.17493559650812893
695 3829 -0.5287169481059405
695 3844 0.0005463122848583021
695 3859 -0.10960362327746437
695 3694 -0.07547341620447713
695 3709 -0.16577082206690844
695 3724 -0.16530089442990786
695 3739 -0.6118641807625124
695 3754 0.48891425477430045
695 3769 -0.3151743250770749
708 709 -0.46994028853487146
708 3424 -0.8780461388612101
708 3439 -0.22413009015600055
708 3454 0.05758214095181651
708 3469 0.7357476887078084
708 3484 -0.7584849270739683
708 3499 -0.19524091300787447
708 3364 0.6422720877299369
708 3379 -0.059717262816378465
708 3394 -0.6910298035189504
708 3409 -0.28926985784442044
709 710 -0.2869091896290926
709 3604 -0.2518533726823603
709 3619 -0.45896484870439785
709 3634 0.6358506386487854
709 3649 -0.6729481162833796
709 3664 0.32918210292538347
709 3679 0.6717899720946369
709 3514 -0.29044225644916605
709 3529 -0.5123460786183591
709 3544 -0.33696789539553457
709 3559 0.008744967984447904
709 3574 -0.31849535799060114
709 3589 0.5702492701175207
710 3784 0.24836397964893298
710 3799 0.10398109970770636
710 3814 -0.33552961022315264
710 3829 0.3419171225476263
710 3844 0.5814464227257673
710 3859 0.5806099673871289
710 3694 -0.29587551574507964
710 3709 0.05764775775409847
710 3724 -0.5997546929520099
710 3739 -1.0
710 3754 -0.14594792977802043
710 3769 0.32650809543002607
723 724 0.017687978402789628
723 738 -0.4746525950346674
723 3424 -0.2842201000278104
723 3439 -0.059732779617523844
723 3364 -0.0723660524828761
723 3379 0.22211157113166805
723 3394 -0.264656438367166
723 3409 -0.08171676223683373
724 725 -0.012307101537016274
724 739 -0.34058726328946437
724 3604 0.7272547600971123
724 3619 -0.41285458385110646
724 3454 0.8516825359028714
724 3469 -0.12130485306087364
724 3484 -0.4526088086423939
724 3499 -1.0
724 3514 0.5563658523966181
724 3529 -0.030231300374347122
724 3544 -0.2683538357061861
724 3559 -0.42596607669052444
724 3574 0.30463434224324604
724 3589 0.7997242497345824
725 740 -0.424764160113677
725 3784 -1.0
725 3799 -0.6966668955361157
725 3634 0.20185809815424224
725 3649 -0.007668869739002131
725 3664 0.3362108424298654
725 3679 -0.40027744288701445
725 3694 0.05544887959025801
725 3709 0.21220142994869107
725 3724 -0.007702766903181414
725 3739 -0.8964452881317837
725 3754 -0.038640786279142476
725 3769 0.6727570414569072
738 739 0.1769383548604932
738 3424 -0.8980084493958255
738 3439 -0.34610020097489136
738 3364 -0.6582587205839147
738 3379 -0.5700030737553766
738 3394 0.9169122792754836
738 3409 0.1280586518631054
739 740 0.8063537237204444
739 3604 1.0
739 3619 0.3565116617697328
739 3454 -0.49472638601069163
739 3469 0.10988411290678401
739 3484 0.367814265357128
739 3499 0.24228703262603185
739 3514 0.4157289221685321
739 3529 -1.0
739 3544 0.030534978607936848
739 3559 1.0
739 3574 0.11741931061707377
739 3589 0.13006472465287225
740 3784 -0.22694833671173203
740 3799 -0.4695310511938474
740 3634 0.7010640941564863
740 3649 1.0
740 3664 -0.8072377491577027
740 3679 0.6929049637686961
740 3694 -0.9925538140997622
740 3709 1.0
740 3724 -0.05490371637818334
740 3739 -0.05856085280711
740 3754 0.33382935658052265
740 3769 0.09761372869923142
753 754 0.002438352109516247
753 768 0.6454834692432919
753 3424 -0.1721455675807159
753 3439 -0.5601877142729053
753 3364 -0.5024679321882767
753 3379 -0.08564010441476577
753 3394 -0.06223586765217716
753 3409 -0.29088412704651645
754 755 0.3263087438724447
754 769 0.1305043853700137
754 3604 -0.4435952841808558
754 3619 -0.2706371605028027
754 3454 -0.6537153668159302
754 3469 0.061083169787567386
754 3485 1.0
754 3500 0.03882806062215772
754 3515 0.14231236846917802
754 3530 0.18338090276944952
754 3544 -0.2491861557999763
754 3559 -0.17872092984602547
754 3574 0.25440321522231885
754 3589 0.14636664171361732
755 770 -0.14650890880990097
755 3784 -0.8578944571789965
755 3799 0.04847323945628076
755 3634 0.4931736227169249
755 3649 0.8276399122127734
755 3665 0.5654465867104931
755 3680 -1.0
755 3695 0.005707381580390749
755 3710 -0.007418203909811565
755 3724 0.40943527963860266
755 3739 0.21071066369772828
755 3754 0.11277868245018878
755 3769 -0.6821987029476558
768 769 0.5667147428692927
768 3424 -0.7433979301346475
768 3439 0.5349515400405136
768 3364 -0.24732359495928424
768 3379 0.4359450258629682
768 3394 -0.37418906338954594
768 3409 0.24578934217116954
769 770 0.06836970048109178
769 3604 0.252995220150969
769 3619 -0.2211029526479112
769 3454 0.7713178436289356
769 3469 0.9489384718688036
769 3485 0.09654583311517528
769 3500 0.41472953375074995
769 3515 0.3881781244322467
769 3530 0.32382166071765006
769 3544 -0.1472706050984961
769 3559 0.3105697475594138
769 3574 0.26248179074360634
769 3589 -0.6379613342852314
770 3784 0.503820108110851
770 3799 -0.09785580572543845
770 3634 0.007242036224068171
770 3649 -0.5932540927868334
770 3665 1.0
770 3680 0.2754216858715692
770 3695 -0.8018100249502556
770 3710 0.14611150102834275
770 3724 0.24991302160000797
770 3739 0.195993747587513
770 3754 -0.03255648341487787
770 3769 0.5181377327093168
783 784 -0.1396171285178451
783 798 -0.3184532912881615
783 3424 0.05433103928271279
783 3439 0.3433704019234643
783 3454 0.4033563174765458
783 3469 0.3961736398858736
783 3485 0.12606550477717324
783 3500 -0.4171090135979401
783 3515 -0.543224400461557
783 3530 0.7007593377278917
783 3544 -0.3190651048705664
783 3559 0.5961060941842433
783 3394 -0.09907158917039291
783 3409 0.3738664534763929
784 785 -0.28567315442091373
784 799 0.03941642524288997
784 3604 -0.011389679424191225
784 3619 -0.32116664816409823
784 3634 -0.9046170456036383
784 3649 -0.366626899353142
784 3665 -0.007736131508525568
784 3680 0.05724874083350492
784 3695 -0.14122935461531647
784 3710 -0.8920448325459287
784 3724 -0.08717028476840559
784 3739 0.40212703757870466
784 3574 -0.7296144134377909
784 3589 0.12510144707639892
785 800 -0.32963424999592744
785 3784 -0.05994024372394493
785 3799 -0.4695404620413215
785 3814 0.25090625941864625
785 3829 -0.24677859203417232
785 3845 -0.6480919471645551
785 3860 0.1263891955872776
785 3875 0.6949813322244488
785 3890 0.001818879661403498
785 3754 0.3070078645439684
785 3769 0.12696088188974658
798 799 -0.4808310335415216
798 3424 0.1640468880252065
798 3439 -0.23846515786707428
798 3454 0.20955140645488343
798 3469 -0.48536374015956657
798 3485 0.21935517831895693
798 3500 0.2501749695028273
798 3515 0.3120320183496901
798 3530 0.8088931620757557
798 3544 0.17785823573125295
798 3559 0.4084891195892318
798 3394 -0.8477531112076173
798 3409 0.4024661232934511
799 800 0.29947026179371505
799 3604 0.27689140691511666
799 3619 -0.24127186244889215
799 3634 -0.01391423593590096
799 3649 0.3584298012930392
799 3665 -0.4606950048727202
799 3680 -1.0
799 3695 -0.1058890905349543
799 3710 -0.4039306550503272
799 3724 0.3840836929275357
799 3739 0.683431807052616
799 3574 -0.3801962632696299
799 3589 0.7905087362448994
800 3784 0.13766872112886136
800 3799 0.12489885552862186
800 3814 -0.03363352225268864
800 3829 -0.1541278952212131
800 3845 0.06588368133423826
800 3860 -0.07422700084030937
800 3875 0.19644802523739674
800 3890 -0.1563900719842565
800 3754 -0.5284817521701916
800 3769 0.6856596619499308
813 814 0.8503067695711205
813 828 0.24124261025128704
813 3425 0.23095206900500573
813 3440 0.26767832257373886
813 3455 -0.3128796940116645
813 3470 0.6834067324269453
813 3485 0.13707087636404738
813 3500 -0.32265150555250255
813 3515 -0.03674878920753814
813 3530 0.5684142284095188
813 3544 -0.17536260047326357
813 3559 -0.16828935119625454
813 3394 0.8317619038901138
813 3409 -0.20134819460155565
814 815 -0.3818824415914666
814 829 0.03600494568362834
814 3605 0.38024036959748314
814 3620 0.10595816012343771
814 3635 -0.5010950712421903
814 3650 -0.6104839563309659
814 3665 -0.5924130535791757
814 3680 0.0806728133627089
814 3695 0.22558117350581852
814 3710 -0.22269932668778405
814 3724 0.542884654492913
814 3739 0.995266494862688
814 3574 -0.11091092708929749
814 3589 0.001473608487561182
815 830 -0.11123896246478689
815 3785 -0.8950004397971034
815 3800 -0.5552266464991451
815 3815 0.15325790674648496
815 3830 -0.016473217694047852
815 3845 -0.2528561703243967
815 3860 -0.4127616498945171
815 3875 -0.9580160208611103
815 3890 0.1309007747656113
815 3754 0.26624421302013296
815 3769 -0.3128819449577703
828 829 0.3624647715877686
828 3425 -0.5877364716218118
828 3440 0.39759951849047653
828 3455 -0.19077224444736515
828 3470 -0.17109245854506025
828 3485 -0.007547937322893101
828 3500 -0.5235209699838337
828 3515 0.17038784983995456
828 3530 -0.09979073625545891
828 3544 0.6680890759273954
828 3559 0.8273892853110181
828 3394 -0.0413823952253443
828 3409 0.08179915910230398
829 830 -0.5170695044135918
829 3605 -0.3935257320976709
829 3620 -0.2795581213118561
829 3635 0.21302975092153714
829 3650 0.2815545057678307
829 3665 0.1711506673357937
829 3680 0.5718475615768632
829 3695 -0.24593237717955854
829 3710 1.0
829 3724 -0.46535498838035166
829 3739 -0.45405518805609896
829 3574 0.4325528440278993
829 3589 -0.13748673214314908
830 3785 0.4177237162758102
830 3800 0.5724459882817893
830 3815 -0.4373052463990705
830 3830 -0.09689451122506884
830 3845 0.01956682019793937
830 3860 0.1652585369797793
830 3875 -0.19460096157301562
830 3890 -0.9589105591745759
830 3754 -0.0038519244337111647
830 3769 0.301475166123573
843 844 -0.2178802372485162
843 858 0.1254289550508795
843 3425 -0.1382052501704985
843 3440 1.0
843 3455 0.5160984675646022
843 3470 -0.028446970837122488
843 3485 -0.4102664342765965
843 3500 -0.0326992100233611
843 3364 0.3896251412448328
843 3379 0.023909111454777816
843 3394 0.6173786983566668
843 3409 0.281375870021006
844 845 0.3045178371451314
844 859 0.2983680257058508
844 3605 0.2984776213641606
844 3620 -0.48081623713985616
844 3635 -0.07764856711854266
844 3650 -0.1598133972613196
844 3665 0.10583898229125276
844 3680 -0.36058412029325676
844 3515 -0.0084241306073993
844 3530 0.638718370737532
844 3544 -0.05507577286146873
844 3559 -0.3815284389494371
844 3574 0.17700734245356847
844 3589 0.27927787715610003
845 860 0.041918958170197466
845 3785 -0.5764253933096486
845 3800 0.3155097417985564
845 3815 0.017893949200715825
845 3830 0.21140005456120572
845 3845 1.0
845 3860 -0.671340519748142
845 3695 0.26479275262059626
845 3710 -0.11127864504740018
845 3724 -0.330012797244703
845 3739 0.12574697308284202
845 3754 0.6525045151015625
845 3769 0.14722290510085279
858 859 0.9599187769153885
858 3425 0.27244815098063385
858 3440 0.15037595531727774
858 3455 0.03813437501218943
858 3470 0.5232184164747401
858 3485 0.9636949029360122
858 3500 -0.6583596881125493
858 3364 0.6325233881051724
858 3379 0.00752159157740918
858 3394 0.08689493812236324
858 3409 -0.8557469021012621
859 860 0.13685462327744322
859 3605 0.7300632254967117
859 3620 0.30225481068370413
859 3635 -0.6853975745383869
859 3650 0.1349383588110077
859 3665 -0.1600026326673378
859 3680 -0.22230364144013406
859 3515 -0.1836322952211379
859 3530 0.09404092932375838
859 3544 -0.32719520471845764
859 3559 0.04332186292180675
859 3574 0.885663664266686
859 3589 -1.0
860 3785 0.030839217167678526
860 3800 -0.021486966600084832
860 3815 -0.24953939600475286
860 3830 -0.29960077566158033
860 3845 0.4663138233649616
860 3860 -0.48816036789132033
860 3695 0.5552571011168738
860 3710 -0.13067436254985798
860 3724 0.01311029332323285
860 3739 0.3221219480621501
860 3754 0.3405883483742771
860 3769 -0.2665525221108039
873 874 -0.2410594351277912
873 888 -0.31635537721164786
873 3425 0.08066449989214779
873 3440 -0.06700674067647734
873 3455 0.03105769052682342
873 3470 -0.6439723561550941
873 3485 -0.7467375253551501
873 3500 0.09354565573359049
873 3365 0.3048412379841626
873 3380 0.7239027357331657
873 3395 0.2662947638920925
873 3410 -0.8883466182396307
874 875 0.04930812666247426
874 889 0.12203087212696062
874 3605 0.13031123315158946
874 3620 0.42817468551445037
874 3635 -0.16056601107394375
874 3650 0.13716563253592362
874 3665 -0.11870032000329224
874 3680 0.3790654555998928
874 3515 0.26168554573638136
874 3530 0.07190385558474392
874 3545 -0.30714108475666185
874 3560 -0.13747018290781374
874 3575 -0.3936256321902023
874 3590 -0.106486557048776
875 890 -0.006830058319252094
875 3785 -0.01038638621729074
875 3800 -0.10608118710333184
875 3815 -0.6871482741812467
875 3830 0.040702184916909856
875 3845 0.11112455292117535
875 3860 -0.2609548371802931
875 3695 -0.3070045295209097
875 3710 -0.3083473235286011
875 3725 0.31986713886584583
875 3740 0.23982261842918431
875 3755 0.5269670934357851
875 3770 -0.6277207802701118
888 889 0.8081541446005275
888 3425 0.4228528294155107
888 3440 -0.10008624405797073
888 3455 -0.08045135101176357
888 3470 0.19494660634818575
888 3485 -0.7343067089079022
888 3500 0.1995262373867841
888 3365 1.0
888 3380 -0.357178794757682
888 3395 -0.146899549580063
888 3410 -0.17801792548396236
889 890 -0.4173286806917846
889 3605 -0.8450738294256882
889 3620 0.24152965361516215
889 3635 0.47299275188906514
889 3650 -0.6579202381816689
889 3665 -0.6899551168337299
889 3680 -0.23404652324017844
889 3515 1.0
889 3530 0.444300300417324
889 3545 0.015889423855194266
889 3560 0.47019292004728935
889 3575 -0.6955477741776308
889 3590 0.08506117220704258
890 3785 -0.860985695197568
890 3800 -0.37587309081251424
890 3815 -0.2567973233627196
890 3830 -0.1524963790461978
890 3845 0.5565233769525012
890 3860 0.042196048989820566
890 3695 -0.48680481010008575
890 3710 0.2351832260587736
890 3725 -0.17411782621475763
890 3740 0.45831812251223064
890 3755 -0.3518302620781468
890 3770 -0.9297273913343872
903 904 -0.0991143369959715
903 918 -0.3328204629300745
903 3425 -1.0
903 3440 -0.5742545974821643
903 3365 0.6548327058276263
903 3380 0.1425907116957649
903 3395 0.16426588993337932
903 3410 0.5359683409917713
904 905 -0.5825238292355892
904 919 -0.04000592434283162
904 3605 -0.3124780929642833
904 3620 -0.002914878706882295
904 3455 0.4239328669665125
904 3470 -0.3660277173254731
904 3485 -0.10787332283053737
904 3500 -0.34390128945282833
904 3515 0.008477518842492194
904 3530 -0.5267724856462408
904 3545 0.27219209724231797
904 3560 0.0657971677317085
904 3575 -0.31286911162191844
904 3590 0.022498735564022453
905 920 0.09799179145687448
905 3785 -0.0789036872512981
905 3800 -0.6678808429790293
905 3635 -0.2992519305655872
905 3650 -0.2600217856658319
905 3665 0.08930088302267958
905 3680 1.0
905 3695 -0.3257235666592482
905 3710 -1.0
905 3725 0.03865933106153216
905 3740 0.10008771550730672
905 3755 -0.4597548099216217
905 3770 1.0
918 919 0.552897498516476
918 3425 0.2559609110498021
918 3440 0.42996272938158386
918 3365 -0.4823169244495316
918 3380 -0.4784704562924847
918 3395 -0.30242917656260143
918 3410 0.14572943066772737
919 920 -0.19384676809119403
919 3605 -0.43051961246210063
919 3620 -0.25342271624029233
919 3455 0.44457170226797305
919 3470 0.30369585940639143
919 3485 0.6790488958456103
919 3500 0.10246638252716928
919 3515 0.1906746630909945
919 3530 -0.7601010696074467
919 3545 -0.2637779579274592
919 3560 0.04566372597609218
919 3575 0.5967356446452726
919 3590 -0.19729570612291109
920 3785 0.027417067530541555
920 3800 0.743679346041857
920 3635 0.4392302019420747
920 3650 -0.30331536508984913
920 3665 -0.34684010494678114
920 3680 -0.09161773714822118
920 3695 -0.49402355399947767
920 3710 -0.3855926198177639
920 3725 0.6438718042016505
920 3740 -0.42095930328627623
920 3755 -0.12640624190568134
920 3770 -0.3697517199852736
933 934 -0.39316364676523463
933 948 0.2948846014137046
933 3425 0.699578782298062
933 3440 0.027349169633497192
933 3365 0.6444383686682296
933 3380 0.8455088431209213
933 3395 -0.29647579028592436
933 3410 -0.5690066945702766
934 935 -0.3151459549227942
934 949 -0.40617834567926425
934 3605 -0.31176453718055525
934 3620 1.0
934 3455 -0.06832709029255774
934 3470 -0.24308584056177626
934 3486 0.3248281100387981
934 3501 -0.5227164845943519
934 3516 -0.5628771491113476
934 3531 -0.5308204476924007
934 3545 -0.45284498756056724
934 3560 0.2045033655415706
934 3575 -0.35810742648558325
934 3590 0.10920032461286781
935 950 0.12889785759293249
935 3785 0.21168804943351316
935 3800 -1.0
935 3635 -0.06133628278717951
935 3650 -0.4726602914430365
935 3666 -0.4009776687986545
935 3681 -0.27376217846963435
935 3696 0.061050408686692474
935 3711 0.12214546641687032
935 3725 0.20716562638732633
935 3740 -0.30046987041523465
935 3755 -0.3934995778362823
935 3770 0.23937191122535673
948 949 -0.7863906697051862
948 3425 0.5115046152299778
948 3440 0.1874948149378479
948 3365 -0.666838758622077
948 3380 -0.23227090697730457
948 3395 -0.09265996830269328
948 3410 -0.14595658589582047
949 950 0.3124139165819096
949 3605 -0.37958051665485687
949 3620 0.5240620397407842
949 3455 0.06865078395442346
949 3470 -1.0
949 3486 0.07979230515650794
949 3501 0.7753943120755282
949 3516 -0.10891115841510404
949 3531 0.48992337466871555
949 3545 -0.07499364980736553
949 3560 -0.4855749419581835
949 3575 0.22635453094990254
949 3590 -1.0
950 3785 -0.34748945397969866
950 3800 0.10057130276359726
950 3635 -0.19083790184459268
950 3650 0.05219999061851655
950 3666 -0.07486124924083146
950 3681 0.33976575122702385
950 3696 0.3948048698013451
950 3711 0.04321097421655054
950 3725 0.05549251698904512
950 3740 0.23058231410902902
950 3755 0.6814715427470038
950 3770 0.24128664836888672
963 964 -0.016727433659051417
963 978 0.2097874475708526
963 3425 1.0
963 3440 -0.2992713577880861
963 3455 -0.3553684455715641
963 3470 0.37338611874235067
963 3486 -0.1618878878978623
963 3501 0.1759844409452892
963 3516 0.7785659917172053
963 3531 0.5619059728658936
963 3545 0.002961464065611471
963 3560 0.817771997401594
963 3395 0.06474573868575835
963 3410 0.05388232829673914
964 965 0.40455759975057726
964 979 0.7177076377827274
964 3605 0.6615574777824671
964 3620 0.07409772753234846
964 3635 -0.023009020126777628
964 3650 -0.8748958201654188
964 3666 -0.3023934370508544
964 3681 0.1306935498977889
964 3696 -0.8296873672718847
964 3711 0.1921520149722767
964 3725 0.005315275661656073
964 3740 -0.2172266398470414
964 3575 0.650009373613147
964 3590 -0.20702227193557274
965 980 -0.2454087802285992
965 3785 -0.14526316112302498
965 3800 0.8608459232451415
965 3815 0.10023453447867167
965 3830 -0.12813896179313206
965 3846 -0.36483164540602353
965 3861 1.0
965 3876 -0.8565464012050615
965 3891 -0.3436846900195679
965 3755 0.031168271351329862
965 3770 -0.599354095179132
978 979 -1.0
978 3425 -0.13828135316734413
978 3440 0.24978506445973678
978 3455 -0.8177026770596547
978 3470 -0.2933933092250712
978 3486 -0.2977921846260927
978 3501 -0.1589591830845017
978 3516 0.34437093114665523
978 3531 0.045255314131634465
978 3545 -0.1204133731648317
978 3560 -0.19895216585328235
978 3395 0.027247528421903623
978 3410 0.35854828136677824
979 980 -0.855826554065352
979 3605 -0.347915073265757
979 3620 0.2653529866943977
979 3635 0.05777048920621771
979 3650 0.05187915125396514
979 3666 -0.14953047484691742
979 3681 -0.1963764829699353
979 3696 -0.6423640132680546
979 3711 -0.29762432565543884
979 3725 -0.7202995025518005
979 3740 -0.3982813419873893
979 3575 1.0
979 3590 1.0
980 3785 0.5981747217141754
980 3800 -0.028998838463946672
980 3815 -0.08060550821572411
980 3830 0.27507052041471625
980 3846 0.1720282047074512
980 3861 -0.15632894159294763
980 3876 0.5817421425646133
980 3891 -0.25015919123743974
980 3755 -0.2736815605399915
980 3770 0.5289233478303668
993 994 -0.08588922000942177
993 1008 0.3060685992141273
993 3426 0.3075646597224174
993 3441 -0.6667302401922193
993 3456 0.8333576386002092
993 3471 -0.012198288787482501
993 3486 0.012713241693061981
993 3501 -0.6314732982399064
993 3516 -0.028119971592796292
993 3531 0.21755658403429431
993 3545 0.3859889526042765
993 3560 0.6003635854238052
993 3395 -0.9392754090225713
993 3410 -0.56655511991859
994 995 -0.0032229602652069926
994 1009 -0.1260743635609774
994 3606 0.5899370082355557
994 3621 0.17392660726313733
994 3636 0.024343690560877988
994 3651 -0.5915883808041215
994 3666 0.5472344150428856
994 3681 0.11403197854407938
994 3696 0.05981701554157458
994 3711 0.1340570838163225
994 3725 -0.25848726906218517
994 3740 -0.3018354338595368
994 3575 0.10332394480983162
994 3590 0.035922309368566475
995 1010 0.7823172896140592
995 3786 -0.3381035460606134
995 3801 -0.21315689514521347
995 3816 -0.12310955692470012
995 3831 0.5940500216664082
995 3846 0.3269436000306358
995 3861 -0.009585398692120066
995 3876 -0.11119257672938411
995 3891 -0.2870233143013704
995 3755 0.1789990900051923
995 3770 0.6968600057502826
1008 1009 0.575500974607424
1008 3426 0.2330690436599885
1008 3441 0.2256610702935571
1008 3456 -0.0773310900755408
1008 3471 0.4333895330337702
1008 3486 -0.007764982643411481
1008 3501 0.8318495396724216
1008 3516 -0.4336809548744424
1008 3531 -0.28764621954302355
1008 3545 -0.5424219799007547
1008 3560 0.26494704378519446
1008 3395 1.0
1008 3410 0.16005231693997868
1009 1010 -0.0006900649246521373
1009 3606 -0.3050276789613796
1009 3621 -0.0951630858646934
1009 3636 0.7496878119080715
1009 3651 -0.6480894842155138
1009 3666 0.19806468319054685
1009 3681 -0.26547654032450907
1009 3696 0.6736734000305512
1009 3711 -0.5507435960253984
1009 3725 1.0
1009 3740 0.5852202723668429
1009 3575 0.11863746581954764
1009 3590 0.5369454598923518
1010 3786 0.2816529138424884
1010 3801 -0.4662746135369267
1010 3816 0.13876421086458424
1010 3831 0.4585224446497958
1010 3846 -0.14138295171917775
1010 3861 0.025457119437487206
1010 3876 0.16814030973467692
1010 3891 -0.10536127704196944
1010 3755 -0.21573456379872158
1010 3770 -0.20134181394079512
1023 1024 0.32274741327089407
1023 1038 -0.6034328761795332
1023 3426 0.5289904821113071
1023 3441 0.07861731205922015
1023 3456 -0.23742730699772735
1023 3471 -0.28173253092781236
1023 3486 -0.12007938732767186
1023 3501 -0.4302872428938801
1023 3365 -0.07055306041845305
1023 3380 -0.336265469977204
1023 3395 0.4913354259014868
1023 3410 0.13577318735493019
1024 1025 0.11159061252822611
1024 1039 -0.21664653375551907
1024 3606 -0.451721755045955
1024 3621 0.049813706622945146
1024 3636 0.18419533946549058
1024 3651 -0.43711328516531855
1024 3666 0.14857956585085152
1024 3681 0.8885903896310374
1024 3516 -0.009332996942853954
1024 3531 0.37257711058556525
1024 3545 -0.2095607676702144
1024 3560 0.3671331204491627
1024 3575 -0.799781844709237
1024 3590 0.13677550682144018
1025 1040 0.46110065151302787
1025 3786 -0.08974105497934347
1025 3801 0.4313477751068779
1025 3816 0.24753961073501554
1025 3831 0.1098987130948274
1025 3846 -0.6974256401587016
1025 3861 -0.9573249818503263
1025 3696 -0.09759255318925443
1025 3711 0.19942725762174837
1025 3725 -0.7538409909319572
1025 3740 -0.33352701637048304
1025 3755 -0.06712523263030022
1025 3770 -0.43662338517975935
1038 1039 0.10207617934971332
1038 3426 0.22754630585853103
1038 3441 -0.513394785654145
1038 3456 0.1533298903415416
1038 3471 -0.6648562981479839
1038 3486 0.3948645103788633
1038 3501 -0.44938208059693835
1038 3365 -0.13177239898742912
1038 3380 -0.3019002588625382
1038 3395 -0.7477861184475829
1038 3410 0.7141029191840474
1039 1040 -0.4554260198703627
1039 3606 -0.475822225288329
1039 3621 -0.039098102983506376
1039 3636 0.22514678696007104
1039 3651 0.3036848505258061
1039 3666 0.13257616782297782
1039 3681 0.7811731326148352
1039 3516 -0.11580175432925682
1039 3531 0.6709306255846749
1039 3545 -0.09471243656206622
1039 3560 0.14217700796542831
1039 3575 -0.7911247508701751
1039 3590 0.021811252052599144
1040 3786 0.2607374726134322
1040 3801 -0.46810349185219974
1040 3816 0.5670047795615201
1040 3831 0.6300809336417252
1040 3846 0.848412302954396
1040 3861 0.02226944564166493
1040 3696 0.2945474640302917
1040 3711 -0.07411230084893342
1040 3725 0.3927432246021138
1040 3740 -0.5596524180719346
1040 3755 0.05473818567886674
1040 3770 0.5371458549561545
1053 1054 -0.3531928645170168
1053 1068 0.5647194241465175
1053 3426 -0.16996272065224458
1053 3441 -0.4021976431450694
1053 3456 -0.47026451106738015
1053 3471 -0.08169538859034868
1053 3486 0.10787330024126278
1053 3501 0.6341328671799638
1053 3366 -0.24403678513525084
1053 3381 -0.2142086792446151
1053 3396 0.5106287337926236
1053 3411 0.30638186012084445
1054 1055 -0.3890937421711784
1054 1069 0.9268643933173684
1054 3606 0.10854476518007805
1054 3621 0.3117054615028908
1054 3636 0.09169647088804692
1054 3651 0.7586568326259853
1054 3666 -0.5393354221888272
1054 3681 -0.39184320617996105
1054 3516 0.5447176055855812
1054 3531 1.0
1054 3546 -0.33181381315203645
1054 3561 0.22225946731071547
1054 3576 0.21408278760691596
1054 3591 0.8929672506248874
1055 1070 0.3255736605172114
1055 3786 -0.5872304359861504
1055 3801 -0.1522111331910776
1055 3816 -0.3301440983711053
1055 3831 1.0
1055 3846 0.6630407968889288
1055 3861 -0.06422028715454745
1055 3696 0.3098153003517111
1055 3711 -0.3719610211675676
1055 3726 -0.4328159729718391
1055 3741 0.6127928216239794
1055 3756 -0.7333193193732648
1055 3771 -0.4385286849589811
1068 1069 -0.30398597041312675
1068 3426 0.11015441549774715
1068 3441 0.017575454003245113
1068 3456 0.11071812546508344
1068 3471 0.3075128485190848
1068 3486 -0.1087559265888281
1068 3501 0.6750727887294236
1068 3366 -0.6243446944728137
1068 3381 0.21337568039131108
1068 3396 -0.5990894258572859
1068 3411 -0.06708492022263808
1069 1070 1.0
1069 3606 -0.6562868570804768
1069 3621 -1.0
1069 3636 -0.2708062436846686
1069 3651 -0.170963289834016
1069 3666 0.09814982562955427
1069 3681 0.24229871057659444
1069 3516 -1.0
1069 3531 -0.220473173363388
1069 3546 -0.34052434126030007
1069 3561 -0.18267252749101306
1069 3576 0.0560406685213387
1069 3591 -0.022270811141420262
1070 3786 0.22652386353997236
1070 3801 -0.4322365955413386
1070 3816 0.05025513233145503
1070 3831 0.16418277466995349
1070 3846 -0.7791349433647443
1070 3861 -0.12352358524363626
1070 3696 -0.02663321600812022
1070 3711 -0.5912928322502288
1070 3726 -1.0
1070 3741 0.22354618303747428
1070 3756 -0.2942601576034487
1070 3771 0.3051388917060927
1083 1084 0.7876276136043193
1083 1098 0.7747418085279568
1083 3426 0.7062852031234906
1083 3441 0.42262038112666905
1083 3366 0.6336248648306587
1083 3381 0.24522028383648936
1083 3396 0.2090371389945143
1083 3411 -0.5948385831683337
1084 1085 -0.01780094845911056
1084 1099 0.07662101459083895
1084 3606 -0.01757026605902039
1084 3621 -0.6046360123871238
1084 3456 -0.3328021600363144
1084 3471 -0.5180291960437754
1084 3486 -0.4876390270567432
1084 3501 -0.002188880356202104
1084 3516 -0.32838261614080644
1084 3531 -0.8237445260527341
1084 3546 0.28300893193014465
1084 3561 0.5469467528976429
1084 3576 -0.06692106315961491
1084 3591 0.4171494195287891
1085 1100 0.9533080098620894
1085 3786 -0.8031224034204458
1085 3801 -0.03373703105247395
1085 3636 -0.4679286179876803
1085 3651 -0.1717976122224114
1085 3666 0.16132513030778323
1085 3681 -0.2977698891881368
1085 3696 0.5955317163725192
1085 3711 0.4299246604915463
1085 3726 -0.0029134801877477917
1085 3741 0.4142975173809379
1085 3756 0.5437419957187271
1085 3771 0.04981138535478729
1098 1099 -0.2462952134409568
1098 3426 -0.29383061179771114
1098 3441 -0.1479785982385046
1098 3366 -0.10354101942498631
1098 3381 0.4856640631700239
1098 3396 -0.35146712853708223
1098 3411 0.07488885173220898
1099 1100 0.3936778606793935
1099 3606 0.15148775491233055
1099 3621 0.22592677097646027
1099 3456 -0.4015331350300503
1099 3471 0.6329073207508527
1099 3486 0.3448573505359513
1099 3501 0.813664747606394
1099 3516 0.01979658944829065
1099 3531 0.49526065315966095
1099 3546 0.2964575970566352
1099 3561 0.10458886167175639
1099 3576 0.6468989756018868
1099 3591 0.002148624608940672
1100 3786 0.6356797659371631
1100 3801 0.4382414510693862
1100 3636 -0.4700104035859465
1100 3651 -0.34132732651733394
1100 3666 0.40839666130767904
1100 3681 -0.07315512589078131
1100 3696 -0.5400846923378714
1100 3711 0.29900399948516587
1100 3726 0.0935214258080573
1100 3741 0.3911119840262895
1100 3756 0.5402780983057207
1100 3771 0.11611417476485957
1113 1114 0.4039132053028882
1113 1128 0.17481331866215435
1113 3426 0.357094160928002
1113 3441 -0.01988467738025352
1113 3366 0.05230154445233675
1113 3381 0.08224808679712177
1113 3396 -0.03625351169702056
1113 3411 0.7794616125838391
1114 1115 -0.45470776845908834
1114 1129 -0.15971812655140882
1114 3606 -0.1982338109129934
1114 3621 0.863607100074951
1114 3456 0.9877333826675202
1114 3471 -0.1298299461010186
1114 3546 -0.4610946093186181
1114 3561 1.0
1114 3576 -0.5659570733355569
1114 3591 0.1622296830211681
1115 1130 -0.009257854528434036
1115 3786 -0.2982592651572565
1115 3801 0.28681471749958704
1115 3636 0.06107751144532404
1115 3651 0.22912030476696899
1115 3726 0.2643860990303355
1115 3741 -0.5044894302346898
1115 3756 0.3183476460792807
1115 3771 -0.07244463855307919
1128 1129 -1.0
1128 3426 0.7120037731512959
1128 3441 0.6577744607284987
1128 3366 0.4868998695677207
1128 3381 0.06555382243990465
1128 3396 0.43987344501623116
1128 3411 0.11080879305505564
1129 1130 -0.035188444962598396
1129 3606 0.29309971149315583
1129 3621 -0.17666677491132293
1129 3456 -0.168607111063464
1129 3471 -0.8818532388246905
1129 3546 0.6053951981749125
1129 3561 -0.06947332222328761
1129 3576 -0.46809500945271304
1129 3591 -0.15492179913616302
1130 3786 0.10714181808857294
1130 3801 0.24143656667972427
1130 3636 -0.08561065042870507
1130 3651 -0.28077664044175404
1130 3726 0.5002942906930863
1130 3741 1.0
1130 3756 0.5028465426082084
1130 3771 -0.5723679542307017
3364 3365 -0.15824062217712265
3364 3379 0.33674523570804604
3365 3366 -0.27421885790113326
3365 3380 -0.9399686655380571
3366 3381 0.8027066075677975
3379 3380 0.5165938938790927
3380 3381 -0.5399005550570711
3394 3395 1.0
3394 3409 0.4685027250956173
3395 3396 -0.48190509538002335
3395 3410 -0.22908197736839764
3396 3411 -0.7290323328412974
3409 3410 0.2874110853709993
3410 3411 -0.30370180247335016
3424 3425 0.4338851437825056
3424 3439 0.13705364389397162
3425 3426 0.30316090274053326
3425 3440 0.1605291278090473
3426 3441 -0.47915911692134033
3439 3440 -0.409882168589764
3440 3441 0.3348796840840968
3454 3455 -0.37859606189487394
3454 3469 -0.6740023713109533
3455 3456 -0.33202767462651545
3455 3470 0.8337247509866584
3456 3471 -0.21014085794514853
3469 3470 -0.054548198848027855
3470 3471 -0.04736019008925868
3484 3485 -0.5733051380262889
3484 3499 0.4488504867134561
3485 3486 -0.42201678135956633
3485 3500 0.9594916491813925
3486 3501 -0.6872327629407683
3499 3500 -0.4663019938703255
3500 3501 0.28129822577380154
3514 3515 -0.5692948881803911
3514 3529 -0.24106490261943855
3515 3516 0.5392354545882789
3515 3530 -0.1394864674889013
3516 3531 0.2638494753931692
3529 3530 -0.13148310429740548
3530 3531 0.09893839911499606
3544 3545 -0.11647315778212691
3544 3559 -0.49102085596403394
3545 3546 -1.0
3545 3560 0.9285842644141601
3546 3561 -0.4066531148941284
3559 3560 -0.28792254329152145
3560 3561 -0.013266346001119466
3574 3575 0.09311997624927934
3574 3589 -0.11866058362025071
3575 3576 0.21039830948157584
3575 3590 -0.5149640140558331
3576 3591 0.8943762714370666
3589 3590 0.31529996282025047
3590 3591 -0.35332468096329644
3604 3605 -0.34369680477771036
3604 3619 0.3876445693397606
3605 3606 -0.16826236098246722
3605 3620 -0.2466448744569618
3606 3621 0.4480161366399758
3619 3620 -0.16769908435409903
3620 3621 0.7110769010890643
3634 3635 -0.06693506850550855
3634 3649 -0.07126808912834486
3635 3636 0.016233159227165637
3635 3650 0.4956273334965508
3636 3651 0.5374994983981516
3649 3650 0.027704374366644396
3650 3651 -0.21099433240062948
3664 3665 0.2678074643315437
3664 3679 -0.5298554621944439
3665 3666 -0.10875373348293876
3665 3680 0.0734942399158514
3666 3681 0.0025972798315008114
3679 3680 -0.31699447690467186
3680 3681 1.0
3694 3695 -0.11781468487189978
3694 3709 -0.16480750155773713
3695 3696 -0.29426225635127007
3695 3710 0.12530498430647383
3696 3711 0.5940789449014976
3709 3710 0.3217041965306762
3710 3711 0.4965942908478576
3724 3725 1.0
3724 3739 0.06836737603055895
3725 3726 -0.48468527181689747
3725 3740 0.44579024992148264
3726 3741 0.3901390139778342
3739 3740 0.40322965515130776
3740 3741 -0.36528867905775564
3754 3755 0.559568732133099
3754 3769 0.227786736427052
3755 3756 0.7364129762366418
3755 3770 -0.5505580277075608
3756 3771 -1.0
3769 3770 1.0
3770 3771 -0.2699018978540585
3784 3785 -0.8181138763964299
3784 3799 0.0003382699553484124
3785 3786 0.36055608177466836
3785 3800 0.9467900407121909
3786 3801 -0.5633161103099968
3799 3800 0.06872833425996466
3800 3801 0.3371797303582588
3814 3815 -1.0
3814 3829 0.103581165408171
3815 3816 -1.0
3815 3830 -0.5363030705245184
3816 3831 -0.8504537328982888
3829 3830 0.8363067311927057
3830 3831 0.8466479364767391
3844 3845 0.5514574462988059
3844 3859 -0.35524660056805507
3845 3846 -0.2521430624233606
3845 3860 0.5681426315814246
3846 3861 0.5967963471681578
3859 3860 1.0
3860 3861 0.6443795574281793
3874 3875 -0.27683486084277265
3874 3889 0.98400376524605
3875 3876 -0.7740332988428225
3875 3890 -0.27816953972189273
3876 3891 -0.372910972269479
3889 3890 0.10573499161227379
3890 3891 -0.0195156206483391
