# 
3 3 0.7155140359141452
4 4 2.581791456465221
5 5 -1.7185946145277846
6 6 -0.2065216358266353
7 7 -1.1843290842905105
8 8 2.9341784705624194
9 9 3.7197770354974455
10 10 2.333090166239006
11 11 1.212187760909858
12 12 2.7272672490566743
13 13 2.49974041461779
14 14 -2.2244216366428047
15 15 -1.5740026680484007
16 16 1.5785813794895747
17 17 -1.1210809074111552
18 18 0.29372988629753927
19 19 -1.3906556010609865
20 20 -2.045975549533626
21 21 -0.8816549594214411
22 22 -3.6551253960586347
27 27 1.2626079411465119
28 28 3.204114781556987
29 29 -1.3180931933579352
30 30 2.892814284486845
31 31 -3.269532373293533
32 32 -2.671658502258608
33 33 3.5643969445719517
34 34 2.722968811896176
35 35 1.0054180530377126
36 36 3.1294404092486428
37 37 -3.6877041768600067
38 38 -0.3361531563960334
39 39 2.2502577075377577
40 40 -0.025649703258088685
41 41 1.7573866246539396
42 42 2.5474617660194268
43 43 -2.295434037839862
44 44 -2.8417133827202905
45 45 -3.7312884545404996
46 46 -2.003204941085607
3 4 0.6224714221442633
3 29 0.5293549039711605
3 30 -0.8649829537939844
3 31 -0.7873367577216683
3 32 -0.7263700845737542
4 29 0.33782447014804684
4 30 0.49682263286668515
4 31 -0.19904820448407068
4 32 0.7101103907789423
5 6 -0.03745371656592922
5 41 0.4734418386298138
5 42 0.951859871899994
5 43 0.43159565292173396
5 44 -0.010301617779728156
6 41 -0.37029252801138557
6 42 -0.5188565876999798
6 43 0.2947881340898486
6 44 -0.7057951272538969
7 8 0.5032829845006221
7 37 0.2572878221007602
7 38 0.6103181800001705
7 39 0.7632783284319151
7 40 0.36872359855794223
7 41 0.4352629459885786
7 42 0.146464744520318
7 43 0.1570013399668162
7 44 0.2119926425336991
8 37 -0.8278461150429772
8 38 -0.11281726855223728
8 39 0.3166860927717743
8 40 -0.23390456863107012
8 41 0.03348675809881008
8 42 0.911867902694389
8 43 0.13734376637877732
8 44 0.9332646451649351
9 10 0.6499338445542071
9 37 0.08151942684668612
9 38 0.4973883959583514
9 39 0.7972196451322211
9 40 0.3104450313973153
9 41 0.34672358066917575
9 42 -0.8275204265078941
9 31 -0.8000750621024499
9 32 -0.8935681700370597
10 37 -0.04755435743053882
10 38 0.45730180767206563
10 39 -0.34387982594732436
10 40 -0.8373828504401917
10 41 -0.23883923753357394
10 42 0.5788489468438012
10 31 -0.18817851652487838
10 32 0.36012140705214146
11 12 0.5476716789556779
11 37 0.2087801614539666
11 38 -0.8961289098717131
11 39 -0.0632571860953497
11 40 0.573267239785842
11 41 -0.14896418357511743
11 42 0.477233014867946
11 31 -0.40259457166233914
11 32 -0.07974489189884904
11 33 0.9536500091421172
11 34 0.15748842463018087
11 35 -0.22057130265582625
11 36 0.6400616952969209
12 37 0.9218947661917414
12 38 -0.22854561713723998
12 39 0.9976280366955972
12 40 -0.9007035455639498
12 41 0.89727224675641
12 42 -0.39766688677078865
12 31 0.4557859735921903
12 32 -0.6520246428028944
12 33 -0.2684479421363386
12 34 -0.7982080386299151
12 35 -0.48024957417839653
12 36 -0.3176680590553451
13 14 -0.4520231221400455
13 37 -0.7591678961526382
13 38 -0.16888691257402644
13 27 0.47627299609244744
13 28 0.10606141402179725
13 29 -0.0679403765983797
13 30 -0.27015325356571895
13 31 -0.6712194283436941
13 32 -0.38475896547185573
13 33 0.6731129600722687
13 34 -0.5693572509932046
13 35 -0.17818454930368155
13 36 -0.37065368885868977
14 37 0.9650221691260001
14 38 -0.2538041130959787
14 27 -0.8995680792753407
14 28 0.0850194221755669
14 29 -0.26524156983626823
14 30 0.6491981097642834
14 31 0.7752721554108881
14 32 0.34838322861346427
14 33 0.20122452057195184
14 34 -0.15522935178665098
14 35 0.4895965457235423
14 36 0.8616747583882811
15 16 0.5457897347546337
15 37 -0.07435255132595242
15 38 -0.32698589439513404
15 27 -0.591134611228809
15 28 0.5148175674718236
15 33 0.23306118624784689
15 34 0.2987632934129203
15 35 0.2668647925591787
15 36 -0.259066325288539
16 37 -0.5982524132319971
16 38 0.30736602338563834
16 27 -0.022532808611628985
16 28 -0.8878015163367237
16 33 -0.7347996812526252
16 34 0.5758538782329368
16 35 -0.2707105553649256
16 36 -0.8963768372973848
17 18 0.3602782778938012
17 37 0.7223784827987028
17 38 0.26250436731479754
17 39 -0.8068273167885271
17 40 0.04183962985994949
17 45 0.34718936124589717
17 46 -0.7590663325566425
17 35 0.08595231246944124
17 36 0.632648033068508
18 37 0.4293944876960052
18 38 0.22957548017238927
18 39 -0.9701656818253028
18 40 -0.3327898283621873
18 45 -0.2892555006644615
18 46 -0.3044438905525224
18 35 0.04979038656717649
18 36 0.9900233294005611
19 20 -0.7978801289544533
19 45 0.44353651099374236
19 46 -0.7605212840818307
19 35 0.5028392498164804
19 36 -0.048377070192547
20 45 -0.3058045928110793
20 46 -0.31519408431175533
20 35 0.5001522069075197
20 36 -0.25017864923490296
21 22 0.9875367171798677
21 33 0.20978865300795047
21 34 -0.3296951852470902
21 35 0.04734558257317589
21 36 -0.14012693723355718
22 33 0.21932562173332637
22 34 0.2996451576148973
22 35 -0.08165189900622183
22 36 -0.36643520087416204
27 28 -0.4049024006201325
29 30 -0.6916887280758548
31 32 -0.7109844939445313
33 34 -0.5061737019553703
35 36 -0.29345488336847736
37 38 -0.9681117085654334
39 40 -0.42016861463011934
41 42 -0.16714569129662094
43 44 -0.14706625519008942
45 46 -0.9143025471598623
