# 
3 3 -3.777619793404739
4 4 -2.101642608741237
5 5 -0.10048060580525586
6 6 0.5985540151653019
7 7 -2.4442800141444376
8 8 1.9960535233999073
9 9 0.3412901781522937
10 10 3.3831800916210284
11 11 -1.2987809466191846
12 12 -2.7082010970371595
13 13 -3.5318536245322374
14 14 1.8816971608751407
15 15 2.9610327125488842
16 16 1.539569059101547
17 17 2.3538422077217636
18 18 -2.2773827926281527
19 19 2.01375625237998
20 20 1.9400554009272124
21 21 -3.6111923083841067
22 22 0.5803075219862137
27 27 2.36071910428024
28 28 -1.8511340231917792
29 29 0.31432704509171305
30 30 -3.395388949565665
31 31 -2.076207362370658
32 32 1.1931449844673567
33 33 3.578582872556489
34 34 0.13969808903822312
35 35 3.656549906958876
36 36 2.870988334810704
37 37 1.9882547892458895
38 38 -1.0117826466561421
39 39 -2.078019312937207
40 40 2.244881002930966
41 41 2.1355766396779794
42 42 -0.4062116771569828
43 43 0.40283121974418634
44 44 3.1183134288644574
45 45 -2.117928866899721
46 46 3.2517052310618757
3 4 -0.8438207992039128
3 29 0.39565097440960373
3 30 -0.8868443718394856
3 31 -0.3916465190850431
3 32 -0.7019754034048775
4 29 -0.3386713800597725
4 30 -0.974551060533253
4 31 0.6475365291754296
4 32 -0.0794356369590119
5 6 0.4825649475851117
5 41 -0.39124928266800363
5 42 0.46949390414256476
5 43 -0.8690038058165537
5 44 0.2331534207459427
6 41 0.49878349543720013
6 42 0.6546762541423943
6 43 -0.8612632788350971
6 44 -0.6882113195753008
7 8 0.54704535784378
7 37 -0.7291886717112182
7 38 -0.4407676488443797
7 39 0.028998016054665454
7 40 0.40826164256568953
7 41 -0.09660134845070556
7 42 0.43745853075011243
7 43 -0.31124625092933655
7 44 0.4446330403172136
8 37 -0.7571814904175487
8 38 0.022271700342725076
8 39 -0.9091085527509897
8 40 -0.4563319284546983
8 41 0.6371058976198114
8 42 -0.035004578446848233
8 43 0.06045304868013668
8 44 0.2785997842041441
9 10 0.2534870270950511
9 37 0.2503523579883058
9 38 -0.826243633906097
9 39 -0.09373205698845455
9 40 -0.8078669065832915
9 41 -0.5031513137849428
9 42 0.6657559070680432
9 31 0.4340430204294907
9 32 -0.8685729573500847
10 37 0.36534072454236344
10 38 0.848358977439803
10 39 -0.9631854309468715
10 40 -0.4409163446255029
10 41 0.6177239048840051
10 42 -0.8780045496506992
10 31 -0.12685255618604208
10 32 -0.6692960250854139
11 12 -0.8765153865505622
11 37 -0.33386115843920683
11 38 0.4584393847646915
11 39 0.23010835927685314
11 40 -0.2604345474422951
11 41 0.9510468330488411
11 42 -0.8487931423407638
11 31 -0.1267133320707734
11 32 -0.13101363598867533
11 33 -0.9247805801914599
11 34 -0.6961856324847391
11 35 0.6278337467230068
11 36 0.1398975299484686
12 37 0.5058585109439577
12 38 0.6446774473168482
12 39 0.7413799221747956
12 40 -0.7541609811800385
12 41 -0.7230105424071414
12 42 -0.3390267848441373
12 31 -0.3149612697108475
12 32 -0.3008782673221184
12 33 0.13493787368382804
12 34 0.35373588941536727
12 35 -0.8104701450913998
12 36 -0.4270809549870631
13 14 0.22393918188384698
13 37 0.08593803340861661
13 38 0.985593145243365
13 27 0.6615325158063192
13 28 -0.2849928018590975
13 29 -0.6326883837725163
13 30 0.2878692108682426
13 31 -0.7887794861510811
13 32 0.009463796664554103
13 33 -0.27865787001411735
13 34 0.09835138274303312
13 35 -0.0004665983679772445
13 36 0.6348684722822868
14 37 0.5874752958959042
14 38 -0.6302984935798364
14 27 -0.7890731897411092
14 28 0.007759045650599816
14 29 -0.438197817991548
14 30 0.87606891247181
14 31 -0.040136404578791085
14 32 0.4715238235465482
14 33 0.33596483081185746
14 34 -0.6189847979648297
14 35 0.7031230155603985
14 36 -0.1613837368951001
15 16 0.691546780019642
15 37 -0.3777801343495115
15 38 0.8504981746962614
15 27 0.14570951160183854
15 28 -0.4811188450280848
15 33 0.7728618153817337
15 34 -0.09149273787949253
15 35 0.48062594692524807
15 36 -0.309032549299352
16 37 0.45156807643725694
16 38 -0.42625910569805403
16 27 -0.6265883915224817
16 28 0.17725793684725288
16 33 -0.6022029988780679
16 34 0.7593334227650306
16 35 -0.050641153079208356
16 36 0.5548533149057848
17 18 0.09981148832797082
17 37 0.4618057174350403
17 38 -0.589020616702169
17 39 0.9518795462866863
17 40 0.7463650857793576
17 45 -0.5935199175899464
17 46 -0.7166051992891465
17 35 0.6546797756085447
17 36 0.24084213037149738
18 37 -0.42855368676236405
18 38 0.17094864428959622
18 39 -0.6941990099798951
18 40 0.7255051653440152
18 45 -0.946093739682093
18 46 -0.3464474648368985
18 35 0.28885656280230787
18 36 -0.6115408766372026
19 20 -0.4349470900041825
19 45 0.16393324421750388
19 46 -0.9155320226629822
19 35 -0.7430248635890799
19 36 -0.5175803302385527
20 45 0.8573616013454075
20 46 -0.1596495087612475
20 35 -0.3867303222286156
20 36 0.7566252583282238
21 22 -0.5890804098876048
21 33 -0.0784738015825519
21 34 0.37302106560124404
21 35 0.7470364097762658
21 36 -0.4725090271634591
22 33 0.10323567130294364
22 34 -0.5223671023369241
22 35 0.44096871685477734
22 36 0.6091971297251604
27 28 0.6324715696954804
29 30 0.7782753534145606
31 32 0.6378534708864345
33 34 0.5895630052266752
35 36 0.49914662323515135
37 38 0.3721606243936977
39 40 0.834252788434714
41 42 0.9757547687382528
43 44 -0.3590659837727108
45 46 -0.3802644178652148
