# 
3 3 -3.7164773598629894
4 4 -1.3444302758903532
5 5 -0.6593174220203393
6 6 0.664118059202691
7 7 -2.1525766220850917
8 8 3.35530667227089
9 9 -0.9422958547293181
10 10 -3.502387604350738
11 11 0.7976460336355125
12 12 -2.6202972069636594
13 13 2.7898117641081353
14 14 -0.7926731675069183
15 15 -2.8430067773462975
16 16 -0.25491106076181946
17 17 0.10400866349407689
18 18 -2.013637221437178
19 19 2.4417404414055657
20 20 0.06708610287517569
21 21 -0.6504587050001467
22 22 -2.4414578862770835
27 27 -2.201513387980712
28 28 -1.7419492476170966
29 29 1.1528988648667697
30 30 2.0092157923752874
31 31 1.3446384863585514
32 32 0.6682176672216951
33 33 -1.6495273278103761
34 34 2.299424727538918
35 35 0.3598034507669592
36 36 -0.305117109956516
37 37 -3.531870175959127
38 38 1.9554362705728305
39 39 -1.547841215143146
40 40 0.5323031211416316
41 41 1.7022945377967513
42 42 0.2874093641678348
43 43 -0.017164775717669833
44 44 1.163170698877832
45 45 -1.5135232676392105
46 46 -0.19080260752747602
3 4 0.26860667299685126
3 29 0.5950511794911602
3 30 0.03567313646252712
3 31 -0.2526408473904418
3 32 -0.5642337184225528
4 29 0.1281030538640513
4 30 -0.2945218707307824
4 31 0.038803487861709174
4 32 -0.2521135782176813
5 6 -0.6880585178034133
5 41 0.5173705061531801
5 42 -0.3548020878439291
5 43 -0.08764930199021226
5 44 -0.8643664201577184
6 41 -0.03192049152108223
6 42 -0.6058139795333617
6 43 0.8756040812217953
6 44 0.7095482690198098
7 8 0.6903292422512526
7 37 0.265659625981737
7 38 -0.5116054847138207
7 39 -0.8994503043854145
7 40 -0.4851603636184221
7 41 -0.014358628232649329
7 42 -0.8554369779174475
7 43 0.12165772700250699
7 44 0.4230858031077209
8 37 -0.8635764255868379
8 38 -0.7944685155702791
8 39 -0.4834756221381089
8 40 -0.9796746293333587
8 41 0.16720336327390384
8 42 0.47715198309350115
8 43 -0.6939374076682621
8 44 0.10980750730556954
9 10 0.025231971167222866
9 37 -0.5425920121667704
9 38 -0.8717888479056557
9 39 -0.45920599158663644
9 40 -0.9740374709049449
9 41 0.9480706486812391
9 42 -0.4968574069990521
9 31 0.2881842756296751
9 32 -0.5151002942161533
10 37 -0.3544917972493895
10 38 0.4974549213350723
10 39 0.04167131620860354
10 40 -0.5942447644048843
10 41 -0.9512588567668694
10 42 0.10915837762321923
10 31 0.8449396694653504
10 32 -0.428935188895623
11 12 0.6745604545334012
11 37 -0.7492447528727151
11 38 -0.44207849701706015
11 39 -0.7909950430558694
11 40 0.8201156791547142
11 41 -0.07421620989307187
11 42 -0.8863613745946015
11 31 -0.3562775263796092
11 32 -0.5265997903184749
11 33 0.3115968827479727
11 34 -0.28106082378872
11 35 0.9669371045972046
11 36 0.8870986870329696
12 37 -0.33635421141133826
12 38 0.12457020679647313
12 39 -0.8274235651964181
12 40 -0.02481338878895234
12 41 0.33436838068901964
12 42 -0.013318671000419613
12 31 0.2180694279446478
12 32 -0.2986447591719863
12 33 0.2915236188441701
12 34 0.866866527943494
12 35 0.7103391144373599
12 36 -0.09278307620224369
13 14 -0.7893040765462183
13 37 -0.5859886620204793
13 38 -0.1286550719764996
13 27 -0.8241834431270036
13 28 0.4508468529084424
13 29 0.3089100687130357
13 30 -0.1351779038530554
13 31 0.734753163055758
13 32 -0.6732854191058608
13 33 -0.7096280850054191
13 34 0.9492720295410702
13 35 0.2719636317391516
13 36 -0.45265544545479197
14 37 0.06510069639950089
14 38 -0.13067376383759477
14 27 -0.1206194674055423
14 28 -0.4733371776055282
14 29 0.847289736633678
14 30 -0.8405020075357057
14 31 0.29030867343796185
14 32 -0.5491517865296534
14 33 0.3002145453498539
14 34 -0.3860374896524239
14 35 -0.13372008352754627
14 36 -0.45890972346037473
15 16 -0.649886515584827
15 37 0.5166469642268814
15 38 -0.9428812045670356
15 27 -0.2620219693600325
15 28 -0.2574603739397132
15 33 -0.9375383950193579
15 34 -0.36898015958459074
15 35 -0.5062311560243551
15 36 -0.12543706915355624
16 37 -0.6209964691696948
16 38 -0.602179100119294
16 27 0.596633913161938
16 28 0.260869758289892
16 33 -0.897313862401445
16 34 -0.44258510067789447
16 35 0.8311195879094635
16 36 -0.36031011815369185
17 18 0.3636892230243698
17 37 -0.9920100524665012
17 38 0.8446509307730143
17 39 0.44526950453051395
17 40 -0.32901874379538
17 45 -0.43910575205558766
17 46 0.2384976137721313
17 35 -0.537626789487935
17 36 -0.8590510439896633
18 37 -0.4554577907023698
18 38 0.6821519883384821
18 39 0.14230463794670278
18 40 -0.8903385692677537
18 45 0.305446140212702
18 46 -0.953039003060693
18 35 -0.33007453775290707
18 36 -0.47058930769580565
19 20 -0.9400557308515516
19 45 -0.9444109123064843
19 46 -0.2681514721876539
19 35 -0.6922517676762212
19 36 0.6884727675730344
20 45 0.3668164432784531
20 46 0.5046965754167343
20 35 0.8631994441281545
20 36 0.4844816819502564
21 22 0.11833406729012719
21 33 0.6101393480758097
21 34 0.17822900385861784
21 35 0.3714004643250792
21 36 0.12495005587268149
22 33 0.16923863393566485
22 34 0.7095482254717156
22 35 0.6018900318012381
22 36 0.6799649035579529
27 28 0.2605239910289039
29 30 -0.15282082000502362
31 32 -0.4513278244455161
33 34 -0.3087495094591506
35 36 -0.9395509185273099
37 38 0.8422300884940279
39 40 -0.9739059002846597
41 42 -0.7792103026254915
43 44 0.6643781960379727
45 46 -0.715897611793689
