# 
3 3 -1.1267557630131089
4 4 -2.020930289260315
5 5 3.4421301397826625
6 6 2.6961596714422464
7 7 -1.2593372240405225
8 8 -0.5810436020620964
9 9 -3.793752077883263
10 10 -2.612577770392539
11 11 -3.505049194310894
12 12 -1.693768576827896
13 13 0.665828470331415
14 14 2.3421355216440745
15 15 -1.428384190878936
16 16 0.9061064956239102
17 17 2.592770969435759
18 18 0.0621435691741512
19 19 0.4722727728443896
20 20 0.8786643463747241
21 21 -1.7666160437974217
22 22 -2.6475339789713015
27 27 -1.1702209873254112
28 28 -0.8502693345949659
29 29 1.1692545488607307
30 30 3.0658260903318393
31 31 -1.9932832292772584
32 32 -1.184527210300736
33 33 -3.974776813386696
34 34 3.272040092060675
35 35 -3.44970523614444
36 36 2.025498323965593
37 37 3.9418304247519265
38 38 -1.2058627308366656
39 39 0.3991179772531801
40 40 2.950726117484251
41 41 -1.8132588992166019
42 42 3.344642471145173
43 43 0.7854370884287043
44 44 3.883324308612379
45 45 2.2783624558211955
46 46 3.4989925385622582
3 4 -0.155901175172521
3 29 -0.7805515778188139
3 30 0.12466274028045388
3 31 0.7011865299744451
3 32 0.38061340666756616
4 29 0.7041331567929237
4 30 0.6632945417278615
4 31 0.5187386519467965
4 32 0.6793603484680371
5 6 0.5451623859146957
5 41 -0.9809615847707425
5 42 -0.10141178914539006
5 43 0.12173022729444583
5 44 0.26236747568879415
6 41 0.3203742931583957
6 42 -0.3821813000636143
6 43 0.5719603019390176
6 44 -0.6138754792478216
7 8 0.4175645065526661
7 37 0.7877861749016073
7 38 -0.2802694605377174
7 39 -0.5243866671545472
7 40 0.7999757013578104
7 41 -0.012110116550495764
7 42 0.49948027891412283
7 43 -0.33274394781371774
7 44 -0.5695997696927153
8 37 -0.7039384111594695
8 38 -0.560591256303318
8 39 0.5108801383358514
8 40 0.6507115252734499
8 41 -0.8724189712540309
8 42 0.5770277181058354
8 43 -0.6143643187471286
8 44 0.8820380839377318
9 10 -0.6544157822954482
9 37 0.9497212477635608
9 38 0.011803603847615918
9 39 0.47825787106952133
9 40 0.6513548111017522
9 41 0.1671230914484667
9 42 -0.4006419984843852
9 31 -0.676838454463554
9 32 -0.5711225053766209
10 37 -0.5409650790240459
10 38 0.11287709943000013
10 39 0.8796674223122642
10 40 -0.6165154960423558
10 41 -0.8383397141469267
10 42 0.08824955442473414
10 31 0.03719431275270746
10 32 0.6701202786546618
11 12 0.6709441059626884
11 37 0.5753961224075941
11 38 0.6038931792209956
11 39 -0.43603394631437453
11 40 0.19188138274942124
11 41 0.22293875248814543
11 42 0.8021000466957671
11 31 0.5998653732475736
11 32 0.6926837854727894
11 33 0.6876516993142836
11 34 0.06832359692999534
11 35 0.6874806510217943
11 36 -0.8949151112847646
12 37 0.6232942540589246
12 38 -0.8328766128988099
12 39 -0.27400774339805767
12 40 -0.9098129044608221
12 41 -0.03273281882757306
12 42 0.9405189018236555
12 31 -0.9048984617231399
12 32 0.8504099861815513
12 33 -0.2493750138276658
12 34 -0.7255818191763896
12 35 0.10789201400699633
12 36 0.51019247093838
13 14 -0.8955918446370013
13 37 -0.14298617176658368
13 38 0.6518259123388548
13 27 0.20670013479555926
13 28 -0.982793481882853
13 29 0.6756344028348253
13 30 0.13092938443470126
13 31 0.023005117089846427
13 32 -0.24623823446478865
13 33 0.8118695393188351
13 34 -0.36562841398446766
13 35 -0.35439950261424835
13 36 -0.7834243687720746
14 37 -0.6438355189541425
14 38 -0.6434607775376631
14 27 0.39018319876461693
14 28 0.1772133834144094
14 29 -0.7488119618160245
14 30 0.27638311958207096
14 31 0.9629351177294907
14 32 0.01208315461439513
14 33 0.4863382948660948
14 34 -0.45913405620862746
14 35 0.2294567873725133
14 36 0.7897189160292564
15 16 0.9280353524242473
15 37 -0.5173060490189951
15 38 -0.04209764726712795
15 27 0.806330153083394
15 28 0.7033711086745138
15 33 0.2620952628883737
15 34 -0.09038144763847722
15 35 0.16416068850373278
15 36 0.6305371033533824
16 37 -0.5472993441896106
16 38 0.012446572961618996
16 27 -0.5651373446061538
16 28 -0.38403267380496264
16 33 -0.07534747341908066
16 34 0.6894139361612275
16 35 -0.478383745847649
16 36 -0.6198314215106033
17 18 0.20445077843894377
17 37 0.4730015398706706
17 38 -0.8692084112462122
17 39 -0.5432591910879654
17 40 -0.6431829158246178
17 45 0.38835493318695
17 46 0.9850659764461702
17 35 -0.8923054058275475
17 36 -0.4722511132681022
18 37 -0.9614756432850904
18 38 0.6055841099061501
18 39 -0.25357379651057244
18 40 -0.12047220373320155
18 45 0.4954505224984376
18 46 0.9490402909832969
18 35 -0.08175510039926515
18 36 0.370007109903711
19 20 -0.7531035213582109
19 45 -0.29682478585605354
19 46 0.3247054089223058
19 35 0.46752351893992805
19 36 -0.2519074435428199
20 45 -0.08338543267831389
20 46 0.042677225887540304
20 35 0.5383863959013875
20 36 0.5106571916848199
21 22 -0.3188230439741542
21 33 0.7660636610867255
21 34 -0.23692079077992068
21 35 0.6736596713500804
21 36 0.21220518638290686
22 33 -0.611453537786599
22 34 0.006781290000304363
22 35 0.17842126177542483
22 36 0.05387642975573992
27 28 -0.3185236951212489
29 30 0.3071564024355242
31 32 0.0019294378667993328
33 34 0.19444745394650131
35 36 -0.603224329669845
37 38 0.13972577875924985
39 40 -0.9193618380293398
41 42 -0.4516512826955521
43 44 -0.6206640408289645
45 46 -0.06532017973075388
