# 
3 3 3.9245604355945707
4 4 -1.7002539833749317
5 5 -3.1048634854681083
6 6 0.7635500030875306
7 7 -2.625768897998416
8 8 -3.4301602964112243
9 9 -1.4788655251013187
10 10 -0.3778759065260635
11 11 -0.25191070253752557
12 12 -3.1029742865121825
13 13 -0.42898462598835163
14 14 1.2369013632438808
15 15 -3.6739530322771614
16 16 2.5329849668743982
17 17 2.4623045576782046
18 18 1.5309517649496964
19 19 1.1545418227044637
20 20 -2.324441513383646
21 21 0.8906194912240277
22 22 2.643498351782883
27 27 -0.42657180724925325
28 28 3.0906369971085415
29 29 2.3570401567856756
30 30 3.195093977821802
31 31 -3.897784267245699
32 32 3.5970221574161725
33 33 -0.8502551586347513
34 34 -1.6505319648378975
35 35 -2.834734995075218
36 36 1.2313064918435748
37 37 -3.9750443768996924
38 38 -1.3674016193690406
39 39 0.3039496982112766
40 40 -2.9505272328244665
41 41 2.614669674833279
42 42 -3.6641930409259977
43 43 2.281233874974137
44 44 3.8171102750729355
45 45 -0.031958328647688106
46 46 -3.7037852608431026
3 4 0.752105990606015
3 29 -0.3583161378534949
3 30 0.014750566610508553
3 31 0.3997892326953445
3 32 -0.15613272338776585
4 29 0.5476883062997433
4 30 -0.5318788149508926
4 31 0.9331105646631319
4 32 0.227440937418403
5 6 -0.4030088318989493
5 41 -0.6183851134686196
5 42 -0.8853155931973182
5 43 -0.026817274308059025
5 44 0.7221368551295739
6 41 0.8199841763039188
6 42 -0.7317149675587225
6 43 -0.95768808938853
6 44 -0.37682936149385604
7 8 -0.7818274248337167
7 37 0.6896287719924385
7 38 0.5570427880398405
7 39 0.9532194593374674
7 40 -0.8275045355059796
7 41 0.8159811408368369
7 42 0.0591781036871637
7 43 0.42036114575757266
7 44 -0.33372287437767545
8 37 0.08015069968781297
8 38 0.6998385789506121
8 39 -0.7026021309947701
8 40 0.05281769828648386
8 41 -0.7806991087156556
8 42 0.922146817472348
8 43 -0.1450983929931633
8 44 0.7021453209381925
9 10 0.1479230256892996
9 37 -0.3647110999746419
9 38 0.3698996695460133
9 39 -0.4521026282357672
9 40 -0.48914816976769715
9 41 -0.4599997539796292
9 42 0.40684313338908984
9 31 0.23304611839138278
9 32 0.6117376035216178
10 37 -0.4779128554911445
10 38 -0.24285521913423547
10 39 0.3265984895193925
10 40 0.3659596392682327
10 41 0.03942475192957917
10 42 -0.03738424292481368
10 31 -0.001359158908303515
10 32 -0.45075270963646585
11 12 0.24305763312401507
11 37 -0.5416763286965194
11 38 -0.80890169468118
11 39 -0.2567426598329481
11 40 -0.5630342550337715
11 41 -0.819800456122767
11 42 -0.08846791606456339
11 31 -0.8892394846521305
11 32 -0.9073925868236512
11 33 0.2640571202276174
11 34 0.8471411986968902
11 35 0.42472610255920107
11 36 -0.9859452001376701
12 37 -0.3955443561816294
12 38 -0.5694708229128547
12 39 -0.2845189447496854
12 40 0.8030786577314211
12 41 -0.3966166181460662
12 42 -0.09284834791837171
12 31 0.6663220956818738
12 32 -0.6613976710234606
12 33 -0.5172223980694552
12 34 0.8620823563775761
12 35 0.7557004776705911
12 36 -0.8229133790049543
13 14 -0.7045209657517002
13 37 0.7771438612091592
13 38 0.5422399663333
13 27 0.3481912708558612
13 28 -0.11441148236584198
13 29 -0.8027208454846475
13 30 0.980259350803584
13 31 0.21642233893808394
13 32 0.06094162358780886
13 33 0.7854044675204386
13 34 -0.2384108937785785
13 35 0.07612152224846569
13 36 0.8828177500587211
14 37 -0.4466664738178958
14 38 -0.12538360529388948
14 27 0.49907978195127956
14 28 0.28390771468132403
14 29 -0.7746191455131186
14 30 -0.6801148244305386
14 31 0.136094157781264
14 32 0.5673227767106068
14 33 -0.30242732925312366
14 34 -0.6247593827173603
14 35 -0.2196465455547303
14 36 0.13492527684822941
15 16 0.6767117940170944
15 37 -0.45380574583333155
15 38 0.7135312978106438
15 27 0.3794689627435046
15 28 -0.8004603569193953
15 33 -0.6544405979330867
15 34 -0.5334227992551202
15 35 -0.05054914414033673
15 36 0.553376038073377
16 37 -0.5351687042323561
16 38 0.2416548846035067
16 27 -0.6125221745097111
16 28 -0.6686303441752441
16 33 0.5112358718898595
16 34 -0.5410279973271503
16 35 0.9362556925149308
16 36 0.4109343945243711
17 18 -0.5161945927584088
17 37 0.28616342142171214
17 38 -0.30566317313049596
17 39 -0.9768011490547666
17 40 0.3795296774503285
17 45 -0.6833836972578624
17 46 0.5505632802483498
17 35 0.040377750006397095
17 36 -0.7498950811285883
18 37 -0.8878620469659237
18 38 -0.47938848292994907
18 39 -0.6501984503568474
18 40 0.8670939827726363
18 45 0.7148523734243981
18 46 0.4733320628145057
18 35 0.15424740801644998
18 36 -0.5178623611041044
19 20 0.9902496424772238
19 45 -0.5829848356015175
19 46 0.5502660120631262
19 35 0.2448139833773213
19 36 0.8068106173484064
20 45 -0.6978689954144821
20 46 0.9168925628496452
20 35 -0.770694254678715
20 36 -0.946762101815078
21 22 -0.11283186559006597
21 33 0.6032193455356853
21 34 -0.7636863826137146
21 35 -0.6240550172753798
21 36 0.029364254444717686
22 33 0.663603641883113
22 34 -0.7822102347765714
22 35 -0.5950943992684408
22 36 0.06056964642827256
27 28 0.31707503262228154
29 30 -0.5809635955659693
31 32 0.5862131410066242
33 34 0.8865746537144694
35 36 0.5987058515015931
37 38 -0.49957913362446815
39 40 -0.2506474454562151
41 42 0.5334320388001943
43 44 0.9194321274314254
45 46 0.10937000285928411
