# 
3 3 0.3745489925523948
4 4 -0.829783582923346
5 5 3.348872118602136
6 6 3.868500763507499
7 7 -1.7578133185732892
8 8 -2.1226975739930154
9 9 -0.6399329549625659
10 10 0.42372215460685325
11 11 -3.2481876126482385
12 12 2.2047773565290374
13 13 -3.5543545873517006
14 14 0.4194800687300715
15 15 0.07229394845551607
16 16 3.4249357624981593
17 17 2.5055078029889453
18 18 2.5295123539868962
19 19 -1.1927410294242602
20 20 3.5826389662825235
21 21 -2.036237201054144
22 22 0.19490346687260907
27 27 -0.7479775876154742
28 28 1.9068310842927225
29 29 0.08433339354947478
30 30 3.3755678397107634
31 31 1.500922810199671
32 32 3.4198548310903485
33 33 2.4689977585074567
34 34 -1.5359965064034231
35 35 -1.0765606269943753
36 36 0.800933615995369
37 37 1.5296509660433113
38 38 -2.328890782536921
39 39 1.1989057101565654
40 40 1.4900416653892847
41 41 -2.662826380646271
42 42 2.1728639859575
43 43 -0.9980643118653969
44 44 -3.1305246793904793
45 45 2.215658806094079
46 46 1.3762930153074873
3 4 0.8954860278994565
3 29 0.2100018329002682
3 30 0.14236662730447858
3 31 0.7854044471344739
3 32 -0.7132969607649591
4 29 0.5525854351713779
4 30 0.8452990345289664
4 31 0.262310490010331
4 32 -0.1870035602895901
5 6 -0.19139701124826347
5 41 -0.22490477299540323
5 42 -0.5308912614891099
5 43 0.32534239678339616
5 44 -0.03661742426262804
6 41 -0.5980860138839872
6 42 -0.6297569397096663
6 43 -0.8845795849494993
6 44 -0.7353794438805747
7 8 -0.6002586791942828
7 37 0.5450392326557676
7 38 -0.5760637927396528
7 39 -0.09681432283167135
7 40 0.283250575513031
7 41 -0.6052766618697305
7 42 0.5591608107543073
7 43 0.9418191583730899
7 44 0.24716108946811155
8 37 -0.4989930312179236
8 38 -0.14807835770304267
8 39 -0.08671334088913474
8 40 0.04879219556680847
8 41 0.8532261982524705
8 42 -0.49239469470958097
8 43 -0.9391867249839774
8 44 -0.04368027284891718
9 10 -0.8172668166353216
9 37 -0.9343279966570777
9 38 -0.8104803244029528
9 39 -0.7183124082448435
9 40 0.1195371211219165
9 41 -0.740728105846266
9 42 -0.4679199486968224
9 31 -0.5848081501076228
9 32 0.18849622646429154
10 37 -0.21740158361826412
10 38 -0.8002859702433991
10 39 0.9089939321168581
10 40 0.5022382837150412
10 41 -0.39222724091662986
10 42 0.8962911324007612
10 31 0.9859385462424974
10 32 -0.4920124436375144
11 12 -0.7879880678412292
11 37 -0.07263374096003772
11 38 -0.5533102234829927
11 39 -0.6800221924035281
11 40 -0.038082587805413404
11 41 0.6619535004146233
11 42 0.8482008822725344
11 31 0.4007682890210613
11 32 0.5922928720334675
11 33 -0.962563412843519
11 34 0.49637796891339403
11 35 0.4501626443431179
11 36 0.9608904081048713
12 37 -0.5056522286089733
12 38 0.808963715022988
12 39 0.9168186472894555
12 40 -0.9193310310623835
12 41 0.16841279346438065
12 42 0.06343355833742637
12 31 0.2953568830676043
12 32 0.5736373470504625
12 33 0.4662463808902011
12 34 0.13909716713549458
12 35 0.05441526295310628
12 36 0.8127327322439466
13 14 0.5989693481328848
13 37 -0.8050948804618334
13 38 -0.1596978861620435
13 27 -0.9089059638317878
13 28 0.579372649530749
13 29 -0.8447410619682583
13 30 0.013216611420467927
13 31 -0.5946036809592863
13 32 0.17349321976182597
13 33 0.7212171452471552
13 34 0.2027230748414437
13 35 -0.013654102020210335
13 36 0.43778747917266925
14 37 -0.5730638339355749
14 38 0.14223831844281065
14 27 -0.14515971794266802
14 28 -0.21484132936864042
14 29 -0.9368663455442257
14 30 -0.041002098228822614
14 31 -0.5356218051500088
14 32 0.5696354178928653
14 33 0.6410925693579317
14 34 0.34721420729515184
14 35 0.1634648088931212
14 36 -0.20440248189708088
15 16 0.7082319003848319
15 37 0.9541515218839083
15 38 0.9420877070711797
15 27 0.8576244349992139
15 28 -0.2521312412900305
15 33 -0.4502839444758382
15 34 -0.8949113520283547
15 35 0.8802665585717415
15 36 -0.9986639271947573
16 37 0.9565777978584467
16 38 -0.43160744135520024
16 27 0.7967906821236361
16 28 -0.6982550779430405
16 33 0.8700276222499002
16 34 -0.3275060942851662
16 35 -0.04025728190417155
16 36 -0.3899404518251284
17 18 0.6066932136900873
17 37 0.37320074454735974
17 38 -0.32697498422972426
17 39 -0.1325590535639538
17 40 0.8846137917764978
17 45 -0.39224406223996877
17 46 -0.4456891578868829
17 35 0.9430171058176251
17 36 0.16936069273602006
18 37 0.908196071902944
18 38 0.6750799245507584
18 39 0.8779184881671092
18 40 -0.37644546016763436
18 45 -0.19437490576290362
18 46 -0.9446083111129728
18 35 0.9735287839961231
18 36 -0.3919622405784635
19 20 0.8433155312505045
19 45 -0.4441790806130139
19 46 0.11491018722957413
19 35 0.9419504775210386
19 36 -0.3759627215071857
20 45 -0.9998123047813863
20 46 -0.20910639588787006
20 35 0.6082515362751928
20 36 -0.002112429818347694
21 22 -0.22382783771896753
21 33 0.977975967164262
21 34 0.11048951740151236
21 35 0.3954835864920574
21 36 0.4653503889756607
22 33 -0.4846170659435114
22 34 0.9523590592326991
22 35 0.2393135383558993
22 36 -0.16040104099793173
27 28 0.007131037509204408
29 30 0.1012790207096308
31 32 0.6016389319623152
33 34 -0.3180642966146472
35 36 0.019253273692081185
37 38 0.3614403138188058
39 40 0.013224828462528704
41 42 -0.572391945476884
43 44 -0.8292042840131284
45 46 0.6497188333789077
