# 
3 3 -1.0503676491014406
4 4 -2.8038177762410053
5 5 2.0806055807261057
6 6 2.901234113546277
7 7 0.2242752060018569
8 8 -2.631611328785538
9 9 0.21446288288873916
10 10 0.8756916479502737
11 11 3.2206946118852127
12 12 1.3291725923370628
13 13 0.9343643199178846
14 14 -2.987719798997005
15 15 0.32421993527165416
16 16 -1.5519343466609712
17 17 -1.883474400722923
18 18 -2.5306528568260642
19 19 -2.3739205957500547
20 20 3.7637665486433205
21 21 2.287437438387931
22 22 -0.8569497552485572
27 27 -1.4537875155167503
28 28 1.0197288208593145
29 29 0.9877477428885584
30 30 2.990207956112318
31 31 -2.8370564454991722
32 32 -1.440941230574941
33 33 2.9579354029842504
34 34 -2.6552871458443157
35 35 -0.25209970707815454
36 36 -0.8811976809105175
37 37 0.9227556031269106
38 38 2.9479577381338737
39 39 -0.7523957555600891
40 40 1.531882274815512
41 41 2.0095858164355054
42 42 -2.229372003250629
43 43 -3.7012993843720157
44 44 -1.370052618071452
45 45 -0.9569095208368221
46 46 1.7303888488969141
3 4 0.824925546072879
3 29 -0.7824608940311282
3 30 0.20472959488373754
3 31 0.9453549894234503
3 32 -0.4733682055775563
4 29 -0.19100722169780537
4 30 0.09719390008524575
4 31 0.964578246944271
4 32 0.02055309232655933
5 6 -0.01320133486642372
5 41 -0.18227628034745003
5 42 0.8965811483197816
5 43 0.8764365014679143
5 44 -0.10749079602983569
6 41 -0.33163155937861366
6 42 -0.1685488936351196
6 43 -0.9236637751950962
6 44 0.6377338347236032
7 8 0.5720902032304738
7 37 -0.5726996063082839
7 38 -0.5065503424056814
7 39 0.7414437452301528
7 40 0.30152686170711474
7 41 -0.4293674963448144
7 42 0.3854616212806665
7 43 -0.4317110530528656
7 44 0.4585470903365807
8 37 -0.7835302446252876
8 38 0.8141229248575756
8 39 -0.6334553036563704
8 40 -0.3543594505292398
8 41 0.18986276939529856
8 42 0.43704237167519167
8 43 -0.9855669642385787
8 44 -0.060168615286194216
9 10 -0.14920358047116666
9 37 -0.0991454814059638
9 38 0.18447409081843635
9 39 0.6360879993304644
9 40 -0.9161386240475016
9 41 0.68627004264985
9 42 -0.7786596875895684
9 31 -0.22573055428651267
9 32 -0.08866394600693184
10 37 -0.6024911110979565
10 38 -0.8829534146012823
10 39 0.9523408256521293
10 40 0.7194274313894136
10 41 -0.6273860171559693
10 42 0.49607007055570507
10 31 0.4891744839250649
10 32 0.31099624662564906
11 12 -0.694274787379686
11 37 -0.9176199124829325
11 38 -0.36200081628849357
11 39 0.8588840142034642
11 40 -0.4839355108106542
11 41 0.2687989915269511
11 42 0.05721300710100863
11 31 0.23780902494265965
11 32 -0.33530617615055025
11 33 0.7536657878760182
11 34 0.956963932564344
11 35 0.7709495922685123
11 36 0.2610162195381822
12 37 -0.23971192213555503
12 38 0.6375035380373131
12 39 0.39260368135656476
12 40 0.9771474581269521
12 41 -0.44732437403893277
12 42 0.9422170521014619
12 31 0.0030385966582311408
12 32 0.44624151274539936
12 33 0.8377158380592071
12 34 0.10917395579715317
12 35 -0.737616876139775
12 36 0.7092176021839456
13 14 -0.5382900275439821
13 37 0.37002752888194124
13 38 0.28169508653579567
13 27 -0.5792932075286552
13 28 0.8633596280163542
13 29 0.6686245404644904
13 30 -0.9333858883805917
13 31 0.7142991236926635
13 32 0.490103229943766
13 33 -0.6790308340221085
13 34 0.05842447783252447
13 35 0.21897585543352616
13 36 -0.9042600976694033
14 37 -0.6676682783873049
14 38 0.526822925665209
14 27 -0.2228572481450557
14 28 -0.07266325134699292
14 29 -0.4605175553553482
14 30 -0.8744771989402402
14 31 -0.5876716112136497
14 32 -0.8348552821669268
14 33 0.965464465280621
14 34 0.6862286354213594
14 35 -0.6768284201832622
14 36 0.43307533578603996
15 16 -0.48445983420094385
15 37 0.474647294533483
15 38 -0.18961163761612254
15 27 0.9773162579118133
15 28 0.16982113384751796
15 33 -0.31498780024479567
15 34 0.8052557249158887
15 35 -0.3025177542621733
15 36 0.8943270194241919
16 37 0.24400536189998578
16 38 0.7305694291366125
16 27 0.12053912540556433
16 28 0.4088084973299071
16 33 -0.684509217156634
16 34 0.5856558913476873
16 35 0.9221383993855314
16 36 -0.13013670346321904
17 18 0.35524471123516776
17 37 -0.5558350895829498
17 38 0.21670044911205033
17 39 0.3965502121651201
17 40 0.41079923298698384
17 45 -0.4411057224656858
17 46 -0.5600407676496475
17 35 0.07067731558888624
17 36 -0.6954507640678149
18 37 0.6698405961679843
18 38 -0.905349225859359
18 39 0.25017323639904765
18 40 -0.900214074555233
18 45 0.8582296499099027
18 46 -0.992413219097954
18 35 0.9463338488173301
18 36 -0.8753135649135915
19 20 -0.6808029846205119
19 45 -0.5718127444393881
19 46 0.5300731999689494
19 35 -0.20800253980701888
19 36 0.2186036885843039
20 45 0.759131718632911
20 46 -0.896738409854706
20 35 0.312560683622535
20 36 0.2968176352451388
21 22 -0.14834791725497176
21 33 -0.6608229765301747
21 34 0.8676419552538
21 35 0.7036836243516065
21 36 -0.03303103234991611
22 33 0.2115905052173852
22 34 0.6467493663695754
22 35 0.26862160940027024
22 36 0.18677324000068718
27 28 -0.003889313644700465
29 30 -0.587339098532085
31 32 0.7225923944296824
33 34 0.14068581185410256
35 36 -0.34889131627826986
37 38 0.7772771499365951
39 40 0.31729719184413474
41 42 -0.4269445351098873
43 44 -0.5185108606342423
45 46 0.7855589586540064
