# 
3 3 1.5696998342204553
4 4 -0.3998022659063212
5 5 3.065835909607194
6 6 0.9023803323605266
7 7 3.932056241331818
8 8 -2.8871557417363762
9 9 2.8503577315789563
10 10 -0.5300508492902063
11 11 -1.5710701154644564
12 12 -2.062234437203391
13 13 -2.1468684680165193
14 14 -2.7362850947291015
15 15 -1.3661964608203858
16 16 -2.8978359848597544
17 17 -2.873888088435476
18 18 0.26615682628972426
19 19 2.576704148624666
20 20 -3.3352687764940825
21 21 1.8940540267885186
22 22 -2.729336494634114
27 27 -2.013363686034797
28 28 -1.855026727814928
29 29 3.703359721447332
30 30 -3.229504379438506
31 31 1.2241154026851078
32 32 -1.5647454064804025
33 33 -1.24971066224734
34 34 -2.4397758860289684
35 35 3.11363702024211
36 36 0.3155239126984135
37 37 0.2727704462487628
38 38 -1.9668194707417577
39 39 -0.44829140801051093
40 40 1.9338969441772562
41 41 -3.202060223999534
42 42 0.8113318158125473
43 43 -3.614338353017761
44 44 0.8271542771819034
45 45 0.9615954974808485
46 46 2.474282044833574
3 4 -0.8694977386305367
3 29 0.9742979821650364
3 30 -0.5408506377882538
3 31 0.49985167084107984
3 32 -0.9859130831958622
4 29 0.13992451381872173
4 30 0.25878519671598244
4 31 -0.4697189823625705
4 32 -0.21401804795310797
5 6 -0.7979709660568737
5 41 -0.41331764860558673
5 42 -0.33777453277083325
5 43 0.10982788793628062
5 44 -0.3764516700808229
6 41 -0.7079299844010403
6 42 0.027952944236840693
6 43 -0.8496011216950365
6 44 -0.9334963331108057
7 8 0.4146877330721521
7 37 -0.3222520920060197
7 38 0.08364090305832117
7 39 -0.024368267319483605
7 40 0.4590807313887424
7 41 -0.6636992251922567
7 42 -0.8708101429902857
7 43 0.4612349493403072
7 44 -0.6553642656810998
8 37 0.08705648067746141
8 38 0.07482508180328962
8 39 -0.5346362538176344
8 40 0.2980868916770465
8 41 0.6282728171845604
8 42 0.03884451592591498
8 43 0.4925994571533612
8 44 -0.38225997484955476
9 10 0.7974176265087212
9 37 -0.9532656471051262
9 38 -0.4897700231020856
9 39 0.12546013759483454
9 40 0.0941520846525572
9 41 -0.0030534631613281515
9 42 0.11482782971149486
9 31 -0.31206242659424155
9 32 -0.7169785251980125
10 37 0.9499650377550399
10 38 0.3506261963623616
10 39 -0.903505998514726
10 40 0.08196754736835632
10 41 0.0509211938280707
10 42 0.5996929978979091
10 31 -0.8057392647205397
10 32 -0.6696534167971204
11 12 -0.6782172027969346
11 37 -0.24335180485257446
11 38 -0.3993693777127969
11 39 0.17472579640526553
11 40 -0.296333242562538
11 41 0.9604539834013806
11 42 0.1731285481373448
11 31 -0.010077722861999483
11 32 0.41241976409701864
11 33 -0.9263907699203293
11 34 0.15925532052438762
11 35 0.9445595522051715
11 36 0.9010105623397138
12 37 -0.26428321687348055
12 38 -0.40553533852398815
12 39 -0.9524163418031131
12 40 0.14419413026490702
12 41 -0.824720138733358
12 42 0.2797602188145547
12 31 -0.02853483985970695
12 32 0.73318553331346
12 33 -0.5690468710837735
12 34 0.3989092216198691
12 35 -0.5167956786686132
12 36 -0.026891829175516024
13 14 -0.05875093893562755
13 37 -0.5874506634398549
13 38 0.10489689941000702
13 27 -0.9106855925230937
13 28 0.4472701845134326
13 29 -0.3179352256162753
13 30 0.6024285693191622
13 31 0.5415779516508996
13 32 0.7322250898944234
13 33 -0.1941355951859387
13 34 0.2005418964297374
13 35 0.788910373864053
13 36 -0.3431951445629866
14 37 -0.03552887791348125
14 38 -0.2516931072142501
14 27 0.9149590897583773
14 28 0.8149677355010343
14 29 -0.2045510474123038
14 30 0.2957906080941677
14 31 -0.03357770038100183
14 32 -0.5148733477943781
14 33 0.5390805848144657
14 34 -0.1493033831602355
14 35 -0.48812408899955817
14 36 -0.5619252232653631
15 16 -0.09700567106556979
15 37 -0.19142334261464788
15 38 -0.9485660027623193
15 27 0.6313424053124121
15 28 0.6415416581604654
15 33 -0.8069321925671038
15 34 -0.7531795078550643
15 35 0.13465418773305493
15 36 0.4491785373318795
16 37 0.9357844492880532
16 38 0.21960987152641187
16 27 -0.287227533623716
16 28 -0.34006042876692955
16 33 -0.5439274598855404
16 34 -0.20306501621650264
16 35 -0.7017561333684275
16 36 -0.6395643305618635
17 18 0.3066606609632787
17 37 0.08835243422460182
17 38 -0.9158781973250696
17 39 -0.17232810979985302
17 40 -0.4951423810723312
17 45 0.5612471792932558
17 46 0.4406530292241455
17 35 -0.42646859687931316
17 36 -0.6298793074499056
18 37 0.9316891067167856
18 38 -0.8950797986015191
18 39 -0.7195565558417267
18 40 0.5336028350884128
18 45 0.7122397548401078
18 46 -0.8296279092750753
18 35 -0.8910507545834518
18 36 -0.8973126113607379
19 20 0.350193986179967
19 45 -0.019464559924563307
19 46 0.49759556643177527
19 35 0.39518453850277746
19 36 -0.05295910741914889
20 45 -0.910578458016607
20 46 0.9980366107985152
20 35 0.08115765383294038
20 36 0.691178093517383
21 22 -0.6430487065760049
21 33 -0.923595588748443
21 34 -0.8410705096215079
21 35 -0.08300429851635438
21 36 0.5801815973347741
22 33 -0.6553567997771055
22 34 0.8097238437094045
22 35 -0.032348388440904596
22 36 0.4976582951711064
27 28 0.39910026428658574
29 30 -0.9740565398749668
31 32 -0.9972657932600222
33 34 0.20991137794887726
35 36 -0.32561524001988373
37 38 -0.9658729924706055
39 40 -0.6966769724827315
41 42 0.4855516168759897
43 44 0.7558658142832493
45 46 0.7877721158588058
