# 
3 3 -2.17923132155605
4 4 -3.433592185064259
5 5 0.24248369769720668
6 6 -1.580481642046938
7 7 -0.05811652432890213
8 8 1.6411762689188194
9 9 0.7449850991238787
10 10 0.8453601139821174
11 11 2.3243665654664962
12 12 -1.8586068682766106
13 13 2.6889899443453995
14 14 -2.4351661519357464
15 15 1.7648604405793327
16 16 2.0334513762563757
17 17 -2.931428839989871
18 18 -3.557745184367632
19 19 -3.8546364257108046
20 20 2.1938962772218797
21 21 -0.5795944543942122
22 22 0.019696062180889484
27 27 -3.381890503598046
28 28 -0.5639638417660775
29 29 -3.4184281082731314
30 30 3.384864620164832
31 31 -0.5397584825843058
32 32 1.0225151854867036
33 33 -0.35531576689739985
34 34 -3.8182300611014695
35 35 3.1353275764541797
36 36 0.9225831391005688
37 37 -3.983270668033448
38 38 0.4766165186431186
39 39 -0.9117390958422247
40 40 -1.40491444820222
41 41 0.2563313654594408
42 42 1.355745781991656
43 43 -3.1573852127168367
44 44 0.8347105547242872
45 45 -0.28464243004079304
46 46 -0.02416621562492427
3 4 0.9207281453835805
3 29 0.7201345845796168
3 30 0.8430755519188609
3 31 0.6579931200985878
3 32 0.08558510876196213
4 29 -0.649128818574715
4 30 -0.40916868616637503
4 31 0.6659313639472104
4 32 0.45650080895417644
5 6 -0.5407180388975188
5 41 -0.807430346781479
5 42 -0.45147500760218007
5 43 0.3845669889987331
5 44 -0.6497754343906466
6 41 0.9784193109440862
6 42 0.9054736763385829
6 43 0.22153343320746388
6 44 -0.2939432585535713
7 8 0.387361484684692
7 37 -0.7274115475674741
7 38 -0.3083230031203765
7 39 0.2970186845898575
7 40 0.30242314664906167
7 41 0.7848462014271871
7 42 0.1385360647829912
7 43 0.4758226628158593
7 44 -0.3676356496352937
8 37 0.414678760619144
8 38 0.9771883734598892
8 39 0.23558286870617628
8 40 -0.47393547341042463
8 41 0.7669821231429095
8 42 0.031857260525141484
8 43 0.0411512629443791
8 44 -0.016309720248811388
9 10 0.47718829889023606
9 37 -0.19764350357973592
9 38 0.7313171312806623
9 39 -0.33722069543632704
9 40 0.21784632841870377
9 41 0.036867079459601104
9 42 0.9944753786352867
9 31 0.43613636810217793
9 32 -0.7233323006729913
10 37 -0.19033886032816394
10 38 -0.9521298556229727
10 39 -0.6416693419952957
10 40 0.6280101251672561
10 41 0.6029609021584934
10 42 0.4909080706263462
10 31 -0.18956721111826735
10 32 -0.7460425241651918
11 12 0.3224547267518827
11 37 0.8083539912967277
11 38 0.7811179793204135
11 39 -0.33235907668754994
11 40 -0.5458025987166482
11 41 0.6591870681020262
11 42 0.6730824141798111
11 31 -0.9322752633262543
11 32 -0.6078875609784395
11 33 0.6452190627307783
11 34 0.9075764422362371
11 35 -0.1425728907495809
11 36 0.7265171457715998
12 37 0.48212839434964394
12 38 -0.37272742493770417
12 39 0.5101622377925077
12 40 -0.6414437706713787
12 41 -0.3776942272364756
12 42 -0.41366451945467997
12 31 0.5867736625755411
12 32 0.3648104391801348
12 33 0.7236263636259477
12 34 -0.5330774614494127
12 35 -0.2925271833956089
12 36 0.975094091183399
13 14 0.8239035353204498
13 37 0.32553006887867286
13 38 0.9626660052731082
13 27 0.2712526919645726
13 28 -0.59077170426536
13 29 0.18742625152944514
13 30 -0.3530929990408731
13 31 -0.9878265068658567
13 32 -0.009598752524506482
13 33 0.11570442256859992
13 34 0.02925151934723269
13 35 0.8452232862639448
13 36 0.5653379500100473
14 37 0.7641948291634058
14 38 0.5011070213101296
14 27 -0.1808964809663598
14 28 -0.25314895710010843
14 29 -0.519668562874191
14 30 0.1949229730653752
14 31 0.9287363273243732
14 32 0.9456928159006333
14 33 -0.9574077220605919
14 34 -0.7277298861715975
14 35 -0.9429414694025693
14 36 0.17624917571583376
15 16 0.024192671331974003
15 37 0.06187205935103379
15 38 0.4890896758805343
15 27 0.08052323748421575
15 28 0.5906038862626726
15 33 0.6543641878059483
15 34 -0.6369539722104551
15 35 -0.8834416140588344
15 36 0.010828911278033093
16 37 0.3669712696777341
16 38 -0.4818899276073201
16 27 0.7654258174314166
16 28 0.8298578671615322
16 33 0.8110072383115221
16 34 0.2610417487262844
16 35 -0.08150992250262212
16 36 0.8557525321981654
17 18 0.6657209771045929
17 37 0.6169026603311998
17 38 -0.7866074916194419
17 39 -0.608008436514397
17 40 -0.10707907998040156
17 45 0.7425342720036583
17 46 0.29922192565425143
17 35 -0.9749362120170544
17 36 0.47713573303749657
18 37 0.8295573815744695
18 38 0.4326152669524348
18 39 -0.15862199130363885
18 40 -0.8480136076796405
18 45 -0.45266336487642933
18 46 -0.0031987966884763352
18 35 0.4389772152580418
18 36 0.6916853195959634
19 20 -0.6412070115580375
19 45 0.36423277879014604
19 46 -0.014905005959889639
19 35 -0.3232361276754936
19 36 0.632028416952074
20 45 -0.3738951674358535
20 46 0.003359740118335175
20 35 0.7075893814650307
20 36 0.9571135251588871
21 22 0.8960383436292987
21 33 0.3408718978484231
21 34 0.9447094332114274
21 35 0.7654961656623345
21 36 0.7007381045138859
22 33 0.6596150056714138
22 34 0.6200038046527923
22 35 -0.6684903492430239
22 36 -0.20811368311624134
27 28 0.15534069820347818
29 30 0.9452576773450732
31 32 -0.9038417382807991
33 34 -0.8357929643986404
35 36 0.04491149171935116
37 38 0.20864196582570704
39 40 0.6573145972893681
41 42 0.9769616985991085
43 44 -0.519678698418665
45 46 -0.29341272745585845
