# 
3 3 -0.5333499664682568
4 4 1.0963381629926792
5 5 -0.9395910824211775
6 6 1.1301159972949675
7 7 -2.489837953731514
8 8 -2.3001187175801974
9 9 1.8934433658909144
10 10 1.4635041730057008
11 11 3.5889538443940205
12 12 2.322178418223989
13 13 2.1364301527603304
14 14 0.14176143143177988
15 15 -3.011866594426575
16 16 0.9275764692100861
17 17 -0.5655831539851599
18 18 0.9772050573581721
19 19 -0.7736161317864925
20 20 3.1350329843678706
21 21 -1.5439048814012173
22 22 -0.46428352014898433
27 27 0.394663430254667
28 28 2.434071264675243
29 29 -1.0031472872070673
30 30 3.9845879495450633
31 31 2.3862078979907775
32 32 -2.6113895458542737
33 33 2.7791041187316434
34 34 -3.7072996974732186
35 35 -3.2649391836910517
36 36 -0.09456373052674039
37 37 1.194016599201067
38 38 -3.311770452645499
39 39 -1.9819605852953135
40 40 -2.426421106806819
41 41 2.115792302754823
42 42 1.8417793700076057
43 43 -2.5400275380859405
44 44 -2.443955911972979
45 45 0.9878152124936079
46 46 -1.7273818314738651
3 4 0.02809837290730699
3 29 -0.8462613723464765
3 30 0.12609323419954266
3 31 -0.049872807964393306
3 32 0.9757298527606653
4 29 -0.057820515414217066
4 30 -0.4978169406424231
4 31 0.061460332905321824
4 32 0.47636420551192016
5 6 0.3161402448150068
5 41 0.22724645753934536
5 42 0.6363666292371588
5 43 -0.06625540651835693
5 44 -0.4237159670126813
6 41 -0.857531990440964
6 42 0.5282701545402784
6 43 -0.9482985277885674
6 44 -0.4520251353366338
7 8 0.21504763358483991
7 37 0.2061284201249327
7 38 -0.8512600780140382
7 39 -0.06904638394290297
7 40 -0.5264276477299155
7 41 0.6199157412378298
7 42 -0.4624779017628564
7 43 -0.49421156557572954
7 44 -0.2094357429028213
8 37 0.435919565896814
8 38 0.472327960201385
8 39 0.34939249221569146
8 40 -0.4740779017208281
8 41 -0.1570376168270724
8 42 0.5941488538659518
8 43 -0.5795557267764986
8 44 -0.0880510440983644
9 10 0.332071264105553
9 37 0.42035211517652127
9 38 0.008131410612669976
9 39 -0.9737086752082937
9 40 0.3697420182085396
9 41 0.38601401605386676
9 42 0.6866728000575264
9 31 -0.05835247764039675
9 32 -0.379174892067228
10 37 -0.7482708879820952
10 38 0.17248366570788742
10 39 -0.5591094070530869
10 40 -0.5771853083468261
10 41 -0.41719243217831314
10 42 -0.9634525571689625
10 31 -0.1938863832340687
10 32 0.9011073151653561
11 12 0.3704677678919899
11 37 -0.19453049862023652
11 38 0.04989365780129784
11 39 0.8122658362441457
11 40 -0.3346494348722844
11 41 0.8361062094057232
11 42 -0.2625316045222883
11 31 0.6058788373982378
11 32 0.8393253234997926
11 33 -0.16461478064626545
11 34 -0.31191376817324734
11 35 0.20917806636118152
11 36 -0.06080586373663466
12 37 -0.3533737753183197
12 38 -0.7623761651765928
12 39 -0.5719892336724972
12 40 0.21964979199729662
12 41 0.2074912425602189
12 42 0.9177658879215886
12 31 -0.9412135973343831
12 32 -0.21931654524553923
12 33 0.8701694134747402
12 34 -0.7693601157116479
12 35 -0.7496440400069904
12 36 -0.1374037706637663
13 14 -0.7675699210849447
13 37 0.09766355130980653
13 38 -0.6700885574913922
13 27 0.6545232492562927
13 28 -0.1734975021355607
13 29 0.4780777771492897
13 30 -0.9458936163509726
13 31 0.5899615379082106
13 32 -0.5940066116247154
13 33 0.6334570051716242
13 34 -0.5210647484651476
13 35 0.10640669879888542
13 36 0.29080384123081715
14 37 -0.7252424504890593
14 38 0.8886859359309944
14 27 0.028290874504532715
14 28 0.24115610420437927
14 29 0.9624606590002898
14 30 0.6492454549085405
14 31 0.6272985019102848
14 32 0.5289562930844491
14 33 0.9075557072466853
14 34 -0.6564065029457036
14 35 0.8228288950335492
14 36 0.32891791501568046
15 16 0.14461500620439782
15 37 -0.1644615957903861
15 38 0.7536525663196436
15 27 -0.10837215798697342
15 28 -0.11794324199570916
15 33 0.23805782427027533
15 34 0.47124543135411834
15 35 0.3830764604392991
15 36 0.6707401987396451
16 37 0.25488866473118477
16 38 0.2898895992407975
16 27 0.8545692215057983
16 28 -0.6417190827963688
16 33 -0.07241510242756566
16 34 -0.7224020798517592
16 35 -0.5927330970518223
16 36 0.4869847257364832
17 18 -0.43627330835537936
17 37 0.020082541222815165
17 38 -0.7965840877854276
17 39 -0.8423118571341655
17 40 0.7528939075325147
17 45 0.21760380209325536
17 46 -0.5598285582393097
17 35 -0.16607473784961924
17 36 0.9426599477130413
18 37 0.030196408865459823
18 38 0.9480695832515902
18 39 -0.7559201831649951
18 40 -0.8055788125455261
18 45 -0.3003322993785118
18 46 -0.9552979900687522
18 35 0.08553014931254332
18 36 0.8039728039786596
19 20 -0.284965035850526
19 45 0.9695889390305641
19 46 -0.09849825508955057
19 35 0.455039207887044
19 36 0.8648422427874318
20 45 0.887184593307889
20 46 0.4053830136978709
20 35 0.40780844213475076
20 36 -0.7161267361584862
21 22 -0.45650914144926613
21 33 -0.9852294225587519
21 34 0.6690601786342312
21 35 -0.6183361837776531
21 36 -0.010843317521771922
22 33 0.571428501662476
22 34 0.9805950887705821
22 35 0.5380415900064697
22 36 0.4281791660193335
27 28 0.1337573719383529
29 30 -0.6657274433157929
31 32 0.7632896040644099
33 34 0.679604102675391
35 36 -0.3827595011634357
37 38 -0.21106764798632138
39 40 0.7271999733915846
41 42 -0.25631291726648375
43 44 0.4553579360748661
45 46 0.9745761833802506
