# 
3 3 1.1678687136642054
4 4 -3.8098395670466516
5 5 0.7656043789407763
6 6 -0.5965087885549112
7 7 -1.7291701075450367
8 8 0.8896129139369764
9 9 1.4079958509534967
10 10 2.4333544430782714
11 11 -3.5139954682090897
12 12 -2.3440811436443605
13 13 1.3111470397689313
14 14 0.16647222791045913
15 15 -1.7025268082228209
16 16 0.21648862685746195
17 17 -2.671857479924827
18 18 -0.032870982373997215
19 19 0.0003108689478059645
20 20 -3.2422661965218698
21 21 3.951818854683272
22 22 -1.6783063039146207
27 27 -3.4271096664195033
28 28 1.3282072164295728
29 29 -2.0941059543229343
30 30 -3.1057941211907885
31 31 0.5796026813869766
32 32 2.4597314570142252
33 33 -0.3539123694770989
34 34 -3.369057458172456
35 35 -2.7020180104133473
36 36 3.0527737762632263
37 37 3.552308876658957
38 38 1.3348547485231501
39 39 -3.1938182400830204
40 40 0.8059961583517294
41 41 -3.099095893389622
42 42 -1.3317111044499441
43 43 3.302960469453823
44 44 2.544077021748773
45 45 2.6571857585876053
46 46 -3.2495515323426973
3 4 -0.2984657971809743
3 29 0.7671922255669894
3 30 -0.7103003659781248
3 31 0.6561899136611828
3 32 0.038703598676808726
4 29 0.3848203346373775
4 30 0.48986882895175765
4 31 0.9047663498051557
4 32 0.7717488315685817
5 6 0.37378958150171204
5 41 0.5524927962405737
5 42 -0.6340672825912752
5 43 -0.8165413007516156
5 44 -0.909311225873052
6 41 0.5786959564062062
6 42 -0.4088467669216489
6 43 -0.8316514149365508
6 44 0.609219057832747
7 8 0.39070262310050197
7 37 0.9988975121718202
7 38 0.0390453634791077
7 39 -0.49016369347784505
7 40 0.5549586718485731
7 41 -0.09837768689046689
7 42 -0.9960593377301381
7 43 -0.5533990155113653
7 44 0.7503673446912069
8 37 0.9561739172658401
8 38 0.411145201280553
8 39 0.7434106383583698
8 40 0.5813413189240293
8 41 -0.5467825387157561
8 42 -0.33649125204974184
8 43 0.6633863363940591
8 44 -0.6559835507488605
9 10 0.6115357451775536
9 37 -0.4525429370435954
9 38 0.3988125899090831
9 39 0.021635857850739848
9 40 -0.07138251038464971
9 41 0.5702243737047361
9 42 -0.8272080698714284
9 31 -0.4291564632616125
9 32 -0.26368539014996895
10 37 0.9867083401919383
10 38 0.3835490090498548
10 39 -0.9631566782727392
10 40 0.31885754951227985
10 41 -0.5633039243102602
10 42 0.09960244420035336
10 31 0.8951457623618542
10 32 0.6127144904552124
11 12 0.7792347724456441
11 37 -0.2763893682921137
11 38 0.24806160343639116
11 39 0.07463990655041597
11 40 0.7574756308852582
11 41 -0.7616812860849882
11 42 0.0962078256570178
11 31 -0.7292395836060777
11 32 -0.5988791811275507
11 33 -0.09939732741193241
11 34 -0.4373916920164882
11 35 0.9169209066394313
11 36 0.6092107469671455
12 37 -0.8819972362260571
12 38 0.9344450375041928
12 39 0.961880511276964
12 40 0.22806399380170816
12 41 0.26628628367456875
12 42 -0.9362522757926157
12 31 -0.23982128267420055
12 32 0.784985697812151
12 33 -0.3679653982545894
12 34 -0.03864621851338401
12 35 0.6173058419491602
12 36 0.47966427241223153
13 14 -0.8675048663241987
13 37 0.24504769350911948
13 38 -0.8145880199257953
13 27 0.6739887380356191
13 28 -0.43562248231730405
13 29 -0.8823200412565111
13 30 -0.19537671479694896
13 31 -0.7934950697365983
13 32 0.8461037248202632
13 33 0.3178191032539437
13 34 -0.7999662931875462
13 35 0.4149958119009023
13 36 0.787883885305581
14 37 0.7626622934071954
14 38 -0.6891516339666626
14 27 0.741835585699758
14 28 0.42814343377027186
14 29 -0.16491277781314007
14 30 -0.46958239238529487
14 31 0.9633862573591285
14 32 0.18577235321120522
14 33 -0.13836750829676658
14 34 0.4135917772526425
14 35 0.10908285417905539
14 36 -0.6379300147059337
15 16 0.7794887601680833
15 37 -0.5429090213814338
15 38 -0.26166299433625206
15 27 0.06351285967488307
15 28 -0.2831127043320487
15 33 -0.20600860032426804
15 34 -0.19108476245776584
15 35 -0.6660701042224557
15 36 -0.9066435848840513
16 37 -0.045458516013478834
16 38 0.9373739272070167
16 27 -0.1814933115442523
16 28 -0.9102927841932915
16 33 -0.02636491011160813
16 34 -0.3564240283657676
16 35 -0.768699848698408
16 36 -0.6328977609492112
17 18 -0.3876567985901944
17 37 -0.9244391499123337
17 38 -0.07986574936588475
17 39 -0.9832791476094063
17 40 -0.9674239009063199
17 45 -0.18471129282184595
17 46 -0.37771081930814154
17 35 0.7599433168657734
17 36 -0.16841476908385244
18 37 0.4179547553492844
18 38 0.753880513972695
18 39 0.3071255580408494
18 40 -0.5665041982398002
18 45 0.6279494347469738
18 46 -0.8278743625316536
18 35 0.31047014667026174
18 36 0.8376936135283859
19 20 0.7677396212345211
19 45 0.09102153802532253
19 46 0.10705008942377048
19 35 0.6248851761445195
19 36 -0.21619675411519235
20 45 -0.6986530866967304
20 46 -0.4532335571145605
20 35 -0.4716730847397983
20 36 0.6924528620508292
21 22 -0.9298591405025702
21 33 -0.040825322019730326
21 34 -0.28729726890784635
21 35 0.34280315540063544
21 36 -0.8072803870821921
22 33 -0.14888032567594478
22 34 0.432948998388055
22 35 -0.633119283808147
22 36 -0.9024863295936332
27 28 -0.2441097881490637
29 30 -0.0015990509943177855
31 32 -0.06505332236327499
33 34 0.29916779497674506
35 36 -0.2971291774299323
37 38 -0.9977604021642577
39 40 -0.6222724121337753
41 42 0.9695369371332669
43 44 -0.6741181439402746
45 46 0.8370393829965681
