# 
3 3 0.9380760417134688
4 4 1.6672102988044717
5 5 2.1926135847700836
6 6 -0.37981366187988286
7 7 -2.4077019102164012
8 8 -3.687373132905144
9 9 -1.6165792635546783
10 10 0.9269792814099507
11 11 3.145220621863757
12 12 3.2862552966287586
13 13 2.345297853056615
14 14 3.205548215135317
15 15 -0.2071467857617062
16 16 0.3908212875900814
17 17 0.05391523235001561
18 18 0.3015831971012872
19 19 1.160156320222816
20 20 -0.4035274633367356
21 21 1.214015393968701
22 22 -2.603351313159286
27 27 0.8920053589854726
28 28 2.618837328869059
29 29 0.6328662281347448
30 30 -1.9525210063857816
31 31 1.462631266713374
32 32 0.6367072235008111
33 33 -1.1327089595194826
34 34 2.405945154558075
35 35 2.272336418749144
36 36 -3.601135075375865
37 37 -1.3265105882004837
38 38 2.120946461587363
39 39 1.3212761667678796
40 40 0.7788837724525486
41 41 -0.8089949684903557
42 42 -0.2373880395198782
43 43 -0.45659803328630577
44 44 -0.29291247750433946
45 45 -3.114005690879096
46 46 -2.460982317695475
3 4 -0.3475818894917946
3 29 0.27759534827449883
3 30 -0.5115395517099244
3 31 -0.004405285923159807
3 32 -0.6186903058835045
4 29 -0.25367327977224297
4 30 -0.5431767349402992
4 31 0.08948756817919801
4 32 -0.8541764362410347
5 6 0.841782267835554
5 41 0.2272816317075146
5 42 -0.968428495110548
5 43 -0.7083436047939491
5 44 0.24086365557802614
6 41 0.4556053586881552
6 42 0.8113065671686415
6 43 0.15532574061677784
6 44 0.5699297147310018
7 8 0.2301220841047471
7 37 0.7354500581879655
7 38 -0.39881340019196854
7 39 -0.31732327853035636
7 40 -0.36613660893312905
7 41 0.11885885028554477
7 42 -0.38138740091380363
7 43 0.43996695164876676
7 44 0.7172766859229192
8 37 -0.8125473449421496
8 38 -0.7694345465370294
8 39 -0.6110338323541298
8 40 0.6620409193037562
8 41 0.46552037456818884
8 42 0.8713056163220063
8 43 -0.02393327503395115
8 44 -0.8563907034099876
9 10 -0.43959825593959834
9 37 0.6629746260870166
9 38 0.7598501899816839
9 39 -0.07521569022019015
9 40 0.49826006215565255
9 41 -0.9873152119568072
9 42 0.30794244880941446
9 31 0.8000778157033479
9 32 -0.721000779783437
10 37 -0.46780319953522165
10 38 0.4188189100213058
10 39 -0.4505978993030797
10 40 0.41297834798840993
10 41 -0.41824403119744114
10 42 -0.677719175620779
10 31 -0.48670253671763053
10 32 -0.6116678975618648
11 12 -0.8282468191968317
11 37 0.03580386098148369
11 38 -0.799978736493526
11 39 0.6808976202143862
11 40 0.08598989882934815
11 41 -0.12543723357645575
11 42 -0.43813454367663485
11 31 0.6775010755205271
11 32 -0.8623056746690032
11 33 0.7813845936390149
11 34 0.39291888466843394
11 35 0.36952262479692055
11 36 -0.9676807081945962
12 37 0.3976235750318904
12 38 -0.550327432843589
12 39 -0.911757367266596
12 40 0.03804132256731263
12 41 -0.6675063507627246
12 42 -0.031021089287492476
12 31 -0.651560596065508
12 32 0.05509338848534706
12 33 -0.4188081839879947
12 34 -0.48527101781682913
12 35 -0.8858460580609919
12 36 -0.7428248504596549
13 14 -0.7144052582816847
13 37 -0.10326940498553094
13 38 0.8629727196907346
13 27 -0.8208048854968963
13 28 0.5966981079043172
13 29 0.2800756508404256
13 30 -0.67748659038288
13 31 0.22889447930437168
13 32 -0.34518442995806975
13 33 -0.5450098518142092
13 34 0.6232986232064277
13 35 0.24088361840789885
13 36 -0.06589785800016057
14 37 0.5825714578618513
14 38 0.2718800609804968
14 27 -0.40573612458074493
14 28 0.12447353675848771
14 29 0.932722038940242
14 30 0.004648220889375887
14 31 0.020873900046779692
14 32 -0.7834595008599687
14 33 -0.5707419296806129
14 34 0.9267261912480473
14 35 0.6181475262272673
14 36 0.07989871535064896
15 16 -0.7699299643914759
15 37 -0.8037940818981999
15 38 -0.4050989617556271
15 27 -0.000678750607826073
15 28 -0.860981338308815
15 33 -0.8200976197470438
15 34 -0.14802702548273317
15 35 0.6981211395824414
15 36 0.370884605096917
16 37 0.15620892597821512
16 38 0.13716299171199386
16 27 -0.5898345581595372
16 28 0.023160981505725653
16 33 -0.2504150037804591
16 34 0.30943081453610843
16 35 -0.37548220568155655
16 36 -0.7969550062722408
17 18 -0.49219417810011334
17 37 -0.23999781542770826
17 38 0.37418868955459583
17 39 -0.45833451227026645
17 40 0.5690202447926627
17 45 0.719596632332838
17 46 0.48966586716079674
17 35 0.24344614296003564
17 36 0.3801656060302747
18 37 0.28767716578769753
18 38 -0.8652871940027997
18 39 -0.0675462375811613
18 40 -0.7550330441360784
18 45 -0.7915393000399142
18 46 -0.2920283329600577
18 35 -0.257112110037782
18 36 0.9714111920092612
19 20 -0.19517515656696927
19 45 0.17547164865707665
19 46 0.7787044334575772
19 35 -0.04132901343069939
19 36 -0.35577619867206534
20 45 0.08518258740174223
20 46 0.5924802383421937
20 35 -0.8074841348953494
20 36 -0.08151517819651688
21 22 -0.10373152249691131
21 33 -0.5231764471663845
21 34 -0.7737855860005887
21 35 -0.5325256514227434
21 36 0.7158856211072337
22 33 0.6557034592821622
22 34 -0.48578417324376333
22 35 -0.3079461949491853
22 36 -0.324238063938342
27 28 0.6515123096065831
29 30 0.31867125386323036
31 32 -0.5582916101729081
33 34 0.9925378228371207
35 36 0.38568058810518635
37 38 0.41158109694832423
39 40 0.567628978932883
41 42 0.9976008047357501
43 44 -0.26050608747914694
45 46 0.43627853961457985
