# 
3 3 -1.6765882659949387
4 4 2.9688926325222766
5 5 -2.1820594911890234
6 6 -0.7942365064923829
7 7 -3.3916572732007726
8 8 -0.7099637562002963
9 9 -2.4866902104241406
10 10 -3.381009225301357
11 11 1.8674479478348012
12 12 -1.8953706751441368
13 13 1.5607555455776883
14 14 2.430512669230623
15 15 0.8637212339267837
16 16 2.228922610076414
17 17 -0.7814447481925946
18 18 1.0308874485240267
19 19 -0.0344152206993078
20 20 1.9839478409045945
21 21 1.2330162818151615
22 22 -2.170090610351197
27 27 -1.5578029402094868
28 28 0.7931575808329665
29 29 -1.1498852341467618
30 30 -3.212995264633604
31 31 -1.3527293828861513
32 32 1.7939767859505764
33 33 3.1208944785782844
34 34 0.7981898055535686
35 35 3.5757492912354563
36 36 3.157301491548007
37 37 -0.5365413620801531
38 38 -0.2223521871892471
39 39 -0.9187318467808439
40 40 -1.0745119290469605
41 41 1.9601203727971876
42 42 -2.8807313281339626
43 43 -0.09854801016952663
44 44 -1.3563518736161368
45 45 0.2604086220138617
46 46 3.144271049076349
3 4 -0.7676677917967676
3 29 0.5227543920315769
3 30 -0.169567839679033
3 31 0.5505208855840145
3 32 -0.20214396588373806
4 29 -0.6320373458185562
4 30 -0.08530500422777454
4 31 -0.9242168723481037
4 32 -0.620835446975446
5 6 0.29222447239291727
5 41 0.2657564464135993
5 42 0.7628980602293198
5 43 -0.9382185924470079
5 44 -0.9285295143530028
6 41 0.3008705702820307
6 42 0.14502790159658585
6 43 -0.2890989255186611
6 44 0.7239387149215513
7 8 0.8029363900388311
7 37 -0.06966261636521676
7 38 -0.5779918135923676
7 39 0.7603798866274578
7 40 0.8505894288249989
7 41 -0.4336834350855028
7 42 -0.9709679860621947
7 43 -0.37156159755923723
7 44 -0.7833007200022504
8 37 -0.3286425146391936
8 38 0.148713701875812
8 39 0.22567133757302948
8 40 0.32104903432962506
8 41 -0.41894739417546845
8 42 -0.7382571814848686
8 43 -0.33930106886659694
8 44 0.8842508856566551
9 10 -0.7521388195097296
9 37 -0.7965904449823884
9 38 0.09387408336360248
9 39 0.4139419328860383
9 40 -0.3660357088172155
9 41 -0.14710138552789465
9 42 0.4862249243882606
9 31 0.2294979275835909
9 32 -0.5273294089401914
10 37 -0.3970703041472867
10 38 -0.5844561481072412
10 39 0.5540396087418853
10 40 0.6756635106771136
10 41 -0.29608881269112386
10 42 0.5443800229270492
10 31 -0.8935587943669743
10 32 0.4708088674200903
11 12 0.6247997176970741
11 37 0.9413414562595721
11 38 -0.9573400241299239
11 39 0.15950382097843763
11 40 0.5064033280343516
11 41 0.3786228650110315
11 42 -0.46851067291938464
11 31 0.8466023872561084
11 32 0.15704312051853941
11 33 -0.6893792133525283
11 34 0.6401208526187041
11 35 -0.7962610763957068
11 36 0.7152175255380051
12 37 -0.8747856516380541
12 38 0.8706983255299505
12 39 -0.6664448079778564
12 40 -0.41119588371657456
12 41 0.49207333379479845
12 42 -0.9397367804142156
12 31 0.029660291004164785
12 32 0.8989019454905145
12 33 -0.14151130863777017
12 34 0.07032331303187123
12 35 0.7704406988845309
12 36 -0.4309686921261924
13 14 0.7253327987160971
13 37 0.9615564792929363
13 38 0.46388426671862604
13 27 -0.8820210931016734
13 28 -0.8369058525373483
13 29 0.16189791037437695
13 30 0.7003658160738415
13 31 -0.8537191130618398
13 32 0.8755344474911546
13 33 -0.23020680669780091
13 34 0.4688207560390738
13 35 0.8887300375252478
13 36 -0.30058311218808687
14 37 -0.6698064864321172
14 38 -0.935283102456852
14 27 -0.9232678523107101
14 28 0.6987538992194884
14 29 -0.76340820439677
14 30 0.7942314340446444
14 31 0.5536017263567623
14 32 -0.3462922060403151
14 33 -0.9161500177877342
14 34 -0.8468154455279464
14 35 0.8308923956221961
14 36 -0.7112308688171733
15 16 -0.7102487335128342
15 37 -0.0681447040199683
15 38 0.9956047387581499
15 27 -0.568688810915247
15 28 -0.24327306163836293
15 33 -0.7556906923300415
15 34 0.6933328159317023
15 35 0.8187214916881478
15 36 0.7430593529992013
16 37 -0.01729276228817267
16 38 -0.3645372880129232
16 27 -0.8772979371877214
16 28 -0.8821312012572411
16 33 -0.2495625740452525
16 34 -0.9209066525921814
16 35 0.5893995241337058
16 36 0.5600443191614892
17 18 -0.4426448102026401
17 37 -0.4155772199783414
17 38 0.8779602637018866
17 39 0.35059750385437916
17 40 0.8715434332102181
17 45 0.16597787281426557
17 46 -0.29381616682006273
17 35 0.8455866416136952
17 36 0.2405792144264003
18 37 -0.5809575241941496
18 38 -0.6825068166555777
18 39 0.5497404304802955
18 40 -0.6429081976028919
18 45 0.7088852733042741
18 46 -0.7908486277430966
18 35 -0.30013663292210757
18 36 0.7502796638275444
19 20 -0.1667040457979474
19 45 -0.27570727138717954
19 46 -0.8104344418486207
19 35 0.692652365894965
19 36 -0.30761136472033024
20 45 -0.8637950329115147
20 46 -0.7559168033811323
20 35 -0.9378573043886516
20 36 0.42469626416371
21 22 -0.6583671409127811
21 33 -0.9942325872861115
21 34 -0.13775159321294494
21 35 0.6459992960640635
21 36 -0.28096161654486185
22 33 -0.47027632665725605
22 34 -0.880802188249376
22 35 0.04672764874703894
22 36 -0.9442170411026056
27 28 -0.9680950830736115
29 30 -0.08785557809533184
31 32 0.9869767251433896
33 34 -0.014427394512221747
35 36 -0.7149608754082815
37 38 0.07261496061058725
39 40 -0.8246076902679229
41 42 -0.8196681804068611
43 44 -0.02306726841929385
45 46 0.3828384878549791
