# 
3 3 -2.446441003509685
4 4 0.17471058621173086
5 5 2.633167566416896
6 6 0.9564856910520794
7 7 3.830674863817613
8 8 1.5245775842355629
9 9 -0.7181478443080156
10 10 -3.375598341681216
11 11 -1.0490156996379012
12 12 0.2822766187352066
13 13 -1.8589047815470048
14 14 -2.5539046348359475
15 15 -1.0919968289594477
16 16 3.036953231905925
17 17 3.474771504079709
18 18 -3.56235751324943
19 19 -2.6670384542745458
20 20 -3.3159787351730756
21 21 1.3115754326226918
22 22 2.9887798178274423
27 27 -0.9794179492656845
28 28 3.120894074150992
29 29 0.4207398731975971
30 30 -1.7370742067300453
31 31 3.169643897303212
32 32 -1.8542941705904186
33 33 3.5768952489862578
34 34 0.09300654402651443
35 35 1.1860777228288937
36 36 1.4845365719504633
37 37 -0.3057692416513955
38 38 -1.4979889453005004
39 39 1.4314624012883685
40 40 1.1429088461611796
41 41 0.32642860765457726
42 42 -1.88298537058719
43 43 0.4403775415183757
44 44 0.5320229060448431
45 45 -2.8058596248356826
46 46 2.5713261426668215
3 4 -0.47921582905027926
3 29 -0.43859354049169696
3 30 -0.458222963348792
3 31 -0.19879091703705898
3 32 0.5690687133479213
4 29 -0.3101213306350763
4 30 0.2028941871448644
4 31 -0.8751255429722093
4 32 0.5684900440245126
5 6 0.7807757437560305
5 41 -0.4168352256814776
5 42 -0.6486105430468503
5 43 0.5728013499080793
5 44 0.1292217065236232
6 41 -0.15820067890031786
6 42 -0.1313914654093966
6 43 -0.12360216555862902
6 44 0.7339610323273702
7 8 -0.9338029435972763
7 37 -0.38493928238732233
7 38 -0.5635534932580517
7 39 0.19934591965461368
7 40 0.3904349413958639
7 41 -0.5202551242382467
7 42 -0.36538448909339993
7 43 -0.21404401076078128
7 44 0.6878365170619354
8 37 0.2258126935785909
8 38 0.23516322169456472
8 39 -0.12279330632763652
8 40 -0.40084233941308955
8 41 0.7781802220984586
8 42 -0.015702420650986815
8 43 -0.6078501715070332
8 44 0.7902389477730916
9 10 0.4070253302150124
9 37 0.6478247797327159
9 38 -0.9184214117291636
9 39 0.9093341598618512
9 40 -0.831538232826287
9 41 0.550092039041747
9 42 -0.2985848793310708
9 31 0.9220894786274227
9 32 0.46471223452562516
10 37 0.16956422088645984
10 38 -0.6549386458558863
10 39 0.41792608537067943
10 40 -0.2134818562721672
10 41 0.702193027331419
10 42 -0.4270680595669287
10 31 -0.5218417205726562
10 32 -0.15233261688813915
11 12 0.8640235429611169
11 37 -0.5059441901424158
11 38 0.8528993219022145
11 39 -0.4244624260373462
11 40 -0.923925423816726
11 41 -0.37057240055702434
11 42 0.9475294631218427
11 31 -0.29753222967387893
11 32 0.09525806309850648
11 33 -0.5858134248313713
11 34 0.6860315824955574
11 35 -0.5686900481195853
11 36 0.05873880710858259
12 37 -0.6113382739766815
12 38 -0.16342170852754068
12 39 0.15887153641236829
12 40 0.6305452568405794
12 41 -0.6550956411876945
12 42 -0.583876734687585
12 31 -0.050536378859644904
12 32 -0.3940010239174192
12 33 0.2265980283342186
12 34 -0.18033353894400217
12 35 -0.24262507985071924
12 36 -0.7963002546506253
13 14 -0.6409685492525272
13 37 -0.6584986418789553
13 38 -0.18886078600447687
13 27 0.7631844203729115
13 28 -0.22551578587061427
13 29 -0.7245714133848906
13 30 -0.21334580029186268
13 31 -0.3203515809390225
13 32 -0.10842200758689047
13 33 0.4562369106187598
13 34 0.3564610574419611
13 35 -0.9273741215619855
13 36 -0.25447359308068207
14 37 -0.5730577591510291
14 38 0.7084220672389889
14 27 -0.6632347237983451
14 28 0.029242298254042343
14 29 -0.18806427100336687
14 30 0.609623710585919
14 31 0.8234089980076693
14 32 -0.8034138448160404
14 33 -0.02069759031434515
14 34 -0.26628872757690214
14 35 0.6818011031524713
14 36 -0.3652150574857047
15 16 0.8761577905026547
15 37 -0.7763392472531334
15 38 -0.11645774149358656
15 27 -0.3875139716252649
15 28 0.4827575674049036
15 33 0.6373806818209189
15 34 -0.20831004193565938
15 35 0.7421481871173843
15 36 0.8555206932957833
16 37 0.09137967100913746
16 38 -0.3810832947564413
16 27 0.8585429453506364
16 28 0.11756559076745776
16 33 -0.03284310515476885
16 34 -0.542342788761988
16 35 0.24100659224539056
16 36 -0.9245347385138254
17 18 0.12182975103339899
17 37 0.7556294975375089
17 38 -0.42515842261990455
17 39 -0.7563510234004811
17 40 0.10746000637018271
17 45 -0.533322105240845
17 46 -0.24367948865496003
17 35 0.2435185993157436
17 36 0.2306501710947142
18 37 -0.7073008676179879
18 38 0.20615140917986174
18 39 0.5099112852382937
18 40 0.07412832045113693
18 45 0.7286356103509717
18 46 -0.2968628641496389
18 35 0.5043555661408594
18 36 -0.3638498296542001
19 20 0.2917556791612774
19 45 0.670486637948938
19 46 -0.3747455535855786
19 35 0.4204463598720414
19 36 -0.3806922066693861
20 45 0.8678942223717803
20 46 0.31129403068284445
20 35 0.38496193219927943
20 36 -0.8453150310722448
21 22 0.10949906578359037
21 33 -0.6461263601581451
21 34 0.4401683602373314
21 35 -0.10809318444689375
21 36 0.7517877658900141
22 33 -0.9871739368754078
22 34 0.650034414970007
22 35 0.3823974573706066
22 36 0.10811379899124196
27 28 0.09000900100207865
29 30 -0.435049007810433
31 32 -0.512190466006083
33 34 -0.8565486656750863
35 36 0.5588089565849497
37 38 -0.924676953817338
39 40 -0.10762728285592593
41 42 -0.5602563390121271
43 44 -0.04715236226471364
45 46 -0.5907287753521389
