# 
3 3 3.5216714739569763
4 4 2.2574661395673727
5 5 1.927266746034845
6 6 1.6119097618659932
7 7 -3.313974300936769
8 8 -1.752981952248886
9 9 0.7905399268779902
10 10 1.0023479201401608
11 11 0.9963247233142924
12 12 0.24215875141759113
13 13 3.8658909441146188
14 14 -3.899862744886768
15 15 2.6902777450115014
16 16 1.835598428692352
17 17 -0.313628269993683
18 18 3.6596418733720295
19 19 -1.3726112158874706
20 20 0.0013009333617732821
21 21 2.0183274646345915
22 22 0.5703493561416613
27 27 3.7369310321020706
28 28 -2.2532226020403625
29 29 3.2472370984904195
30 30 -1.971069836103653
31 31 -0.8132180755571321
32 32 -0.23137848031804076
33 33 -2.1799128640352716
34 34 -3.7478508998585722
35 35 0.07342376741387024
36 36 2.7325753060605207
37 37 -1.7057155461672746
38 38 1.4772186291455185
39 39 -2.006905429525472
40 40 1.4497925204388817
41 41 -1.2016157955720628
42 42 1.8167619411203813
43 43 -2.863951440133574
44 44 -2.643562576419346
45 45 -0.4088452424331406
46 46 1.9852711378634051
3 4 -0.701788923299584
3 29 -0.29268646126548625
3 30 -0.8809364963674835
3 31 0.7201497419925769
3 32 0.5572531244289405
4 29 -0.8047513215446849
4 30 0.8614272322776451
4 31 0.9318122965366029
4 32 0.16756476777822304
5 6 0.012264830601055321
5 41 -0.9438717974419364
5 42 0.16804842252858054
5 43 0.665506724704463
5 44 -0.6545260525018768
6 41 0.4446814388315934
6 42 -0.31807157059012714
6 43 0.375769180543881
6 44 0.9498960596396553
7 8 0.9587080543178399
7 37 0.44643332258491464
7 38 -0.4291499647357364
7 39 0.21313292272943185
7 40 -0.7094279138427846
7 41 -0.04637543461989013
7 42 -0.7293517933364444
7 43 0.48845847905091566
7 44 0.5407837474515147
8 37 0.7331449959712899
8 38 -0.7024770262699509
8 39 0.16145065132730707
8 40 0.18407689537847438
8 41 0.008904329648742104
8 42 0.9066225116680924
8 43 0.3310612854952788
8 44 0.9372985388951207
9 10 0.5779173828383914
9 37 -0.4643180588624427
9 38 0.8245342030154319
9 39 0.4996091389003141
9 40 0.2632769023191093
9 41 0.6993298637062679
9 42 -0.9101823512505292
9 31 0.34487744335600756
9 32 0.32289430319159806
10 37 0.46385294905899266
10 38 0.7957632698607227
10 39 0.5781635916589105
10 40 -0.008490642481151278
10 41 0.4673150804148476
10 42 0.9175963770983748
10 31 0.6982435427632803
10 32 -0.4145879074309293
11 12 0.8511336849815698
11 37 0.6020928771808807
11 38 0.9001053667023531
11 39 0.9698977568029943
11 40 0.6633438544214421
11 41 0.7495968279803591
11 42 0.04490794718655766
11 31 0.5289124945370338
11 32 -0.9892872513459039
11 33 -0.12459028058281563
11 34 -0.5986435354337925
11 35 -0.7115645212213015
11 36 0.8844799356862807
12 37 0.09464382576019581
12 38 -0.08946080105895593
12 39 0.8794182770109293
12 40 -0.20915302218026
12 41 -0.6096641053527332
12 42 0.0817097975620169
12 31 -0.8608619423498869
12 32 -0.4773497864153444
12 33 -0.278765438653922
12 34 0.398923691832503
12 35 -0.543787326855502
12 36 -0.10891906661455719
13 14 -0.565749693026735
13 37 -0.07255585165993605
13 38 0.8868950530079054
13 27 0.7029942516846928
13 28 -0.312053588593064
13 29 -0.7945137217458584
13 30 -0.18455292536494716
13 31 -0.6638160750815392
13 32 0.11870993191063572
13 33 -0.8093840566343131
13 34 0.3487083086100553
13 35 -0.7195571211618546
13 36 -0.5074929882187806
14 37 -0.12708908709078104
14 38 0.3302357700679188
14 27 -0.6971389135364172
14 28 0.5307603372624783
14 29 0.10777092279020417
14 30 -0.13628442450224965
14 31 -0.7646195488065906
14 32 0.3722988745794169
14 33 -0.5540159678563426
14 34 0.23833127218633843
14 35 0.45126954685959975
14 36 -0.9928200406492342
15 16 -0.8428666013895068
15 37 0.42389351076760295
15 38 -0.2888693782405687
15 27 -0.46145687972200955
15 28 0.73328189201438
15 33 -0.5387264421694447
15 34 0.5661743225698219
15 35 -0.4847874234949483
15 36 0.910578426536121
16 37 -0.9632602503840686
16 38 -0.4180451239289258
16 27 -0.3509024368722291
16 28 0.8875510911484195
16 33 -0.3898941330739658
16 34 -0.9740679881171512
16 35 0.8021485051981379
16 36 -0.5154801657002654
17 18 -0.10357981087649648
17 37 0.4286431607301844
17 38 -0.049110517600784
17 39 -0.8275125993449977
17 40 -0.08913925563583214
17 45 0.30599993186085883
17 46 0.5112014347456086
17 35 0.8913491040539439
17 36 0.1071949609038676
18 37 0.8542786238998619
18 38 -0.5801248925698648
18 39 0.4949894903968004
18 40 -0.32449870740800435
18 45 -0.3865229919406783
18 46 -0.1630035874068243
18 35 -0.2662226836374608
18 36 -0.9395819235233329
19 20 -0.1348082084664557
19 45 0.26650449112063557
19 46 -0.5239161754176698
19 35 -0.6544881114947334
19 36 0.13637205061520552
20 45 -0.3719674192375515
20 46 -0.21854765233557139
20 35 0.5578074508747355
20 36 0.33064701895016024
21 22 0.747155238499009
21 33 -0.7901936715629807
21 34 -0.5075741799433993
21 35 0.5435322147082176
21 36 -0.95929980610695
22 33 -0.41427462080755983
22 34 -0.40871529206690416
22 35 -0.7387770301231062
22 36 -0.8957120668918594
27 28 -0.9672311041422328
29 30 0.9971029728218148
31 32 -0.5025746165067801
33 34 -0.0250692903414913
35 36 0.9417610223884927
37 38 0.4684119151040569
39 40 0.281078909929817
41 42 0.8549776225281074
43 44 -0.7580925548912654
45 46 0.002850911676441248
