# 
3 3 1.571525656474015
4 4 -0.8737547707279445
5 5 3.2029313476993666
6 6 3.64132981983329
7 7 -1.0622734977870243
8 8 2.705709221934537
9 9 3.920840587575362
10 10 -0.8612522702968413
11 11 1.9950481819628472
12 12 2.054208079687813
13 13 0.581225940150687
14 14 1.8428076780117886
15 15 1.0691346711264105
16 16 0.2634416150080483
17 17 3.8015609189711332
18 18 -0.8790705223350299
19 19 -1.9507283104907902
20 20 -2.1647620594027757
21 21 2.825681314798577
22 22 0.5088090984303495
27 27 3.1737703712633856
28 28 -0.11386935133451281
29 29 -0.3600588751869793
30 30 -3.014630975889288
31 31 2.6859774054618626
32 32 2.7773580539094658
33 33 1.888462585992083
34 34 -1.3421269619558478
35 35 1.8285996165087965
36 36 -3.3928265723286684
37 37 -1.1392846894602808
38 38 -3.6157361665919385
39 39 1.1806549283493952
40 40 0.17725940529149042
41 41 -2.532070684912739
42 42 -2.572774881250141
43 43 -0.08548218699162913
44 44 -0.8728292233990373
45 45 2.4703034079905786
46 46 -0.1780694777846481
3 4 0.24660464703006246
3 29 -0.5192435126477692
3 30 0.09417890322403277
3 31 0.19747395266857382
3 32 -0.950178725948509
4 29 -0.5402206359337631
4 30 -0.06507691426862272
4 31 -0.9353749551223405
4 32 -0.27197961048445696
5 6 0.9978121209631414
5 41 -0.3013913344891377
5 42 -0.5532414289996423
5 43 0.0644486134500879
5 44 -0.7930484568415321
6 41 0.30017592689745265
6 42 -0.4456221728301286
6 43 0.3438613531560146
6 44 0.3991453943986798
7 8 -0.5090123936745496
7 37 0.43863312161983736
7 38 0.5397308658329956
7 39 -0.6460468824196306
7 40 -0.6157794534113468
7 41 0.3518566524964559
7 42 0.025656744566707523
7 43 -0.8389977017853256
7 44 -0.7097789610124936
8 37 -0.014648182901296547
8 38 0.40028802979125433
8 39 -0.8483481432823317
8 40 0.2535825733688275
8 41 -0.5423060290145929
8 42 -0.7635388505756129
8 43 -0.897686504341985
8 44 0.17693288449326472
9 10 -0.3600786390701207
9 37 -0.4375532007123919
9 38 -0.404054229017037
9 39 0.0016206110534267015
9 40 0.843524332039534
9 41 0.3171408995489968
9 42 -0.5694155937902665
9 31 -0.6399199420474158
9 32 0.547677036188233
10 37 -0.9616986088696895
10 38 -0.9130980408773595
10 39 -0.1313006724864556
10 40 -0.6907873194568679
10 41 0.18530540113093985
10 42 0.9583727673396685
10 31 0.7309074061885343
10 32 0.48291097751325074
11 12 0.14548015423962823
11 37 -0.9846510065980802
11 38 0.8903761778484645
11 39 -0.2079235011673597
11 40 -0.0755142648147562
11 41 0.5032687929375972
11 42 0.5662320778883714
11 31 0.05645829890749332
11 32 0.8379112196257086
11 33 0.9066171136440329
11 34 0.766336497025
11 35 0.27395723778411885
11 36 0.2436161346518697
12 37 -0.8995011550134073
12 38 -0.06838600655709293
12 39 -0.8539915392090172
12 40 -0.0743704715814626
12 41 0.29209353532830606
12 42 -0.13909809319098154
12 31 0.1577660639150542
12 32 -0.8558981968471131
12 33 0.5005780259247956
12 34 0.003087979930016971
12 35 -0.06781896453583691
12 36 -0.2677203611752539
13 14 0.9914880650106315
13 37 -0.9052528201337524
13 38 -0.4010853613937271
13 27 0.0944647036867563
13 28 0.4221220205730243
13 29 0.4629594953623002
13 30 0.7695159977011263
13 31 0.7454180017723397
13 32 0.16221574156630192
13 33 0.9450581733266288
13 34 -0.3492240676078051
13 35 0.8347594007144357
13 36 -0.5522865264533883
14 37 0.968087021080964
14 38 0.26023916722456497
14 27 0.0992381998757017
14 28 0.18407685018744124
14 29 -0.6004657317917279
14 30 -0.8859629869338814
14 31 0.6590309989946797
14 32 -0.09130734598651213
14 33 0.9031788938084864
14 34 -0.8957872077661435
14 35 0.26741098707500743
14 36 0.8370218813645296
15 16 -0.7731736245005734
15 37 0.9400194429817528
15 38 -0.24994625274953242
15 27 -0.1008652906380536
15 28 -0.04703083829557464
15 33 -0.5446755408690782
15 34 0.4345296589175942
15 35 0.19385580850764628
15 36 0.19894475972718406
16 37 0.3005011977324332
16 38 0.40098107078400247
16 27 0.2128939329153774
16 28 0.42865809901741514
16 33 -0.706476245463393
16 34 -0.1354478944308044
16 35 -0.02896801403270377
16 36 -0.9689299602124515
17 18 0.9989624094380642
17 37 0.32921785301663653
17 38 -0.8903394911565261
17 39 0.5090669179088283
17 40 0.1762202908314472
17 45 -0.6166106651843373
17 46 0.049044938389653625
17 35 -0.2906902475051929
17 36 0.2539086259971972
18 37 0.48079903106831257
18 38 -0.31411511147525006
18 39 0.19021390003365113
18 40 -0.9199720120131456
18 45 0.7739939003807834
18 46 0.8635275352838527
18 35 0.38337943431389365
18 36 0.8986759832911957
19 20 0.17900400687431461
19 45 0.25153221980210216
19 46 -0.7387055316627125
19 35 0.10966394373632027
19 36 0.5679651721476819
20 45 0.5212599078525175
20 46 -0.0795780115016711
20 35 0.915766926783306
20 36 0.45577757169987887
21 22 0.8647518832447332
21 33 -0.46853179168997094
21 34 -0.6782014314058906
21 35 -0.7062146991077431
21 36 -0.9621541118587886
22 33 -0.846228978659767
22 34 -0.7979908516015786
22 35 -0.7021315246171753
22 36 -0.7690925876727117
27 28 -0.23542172301994446
29 30 -0.7750912428329573
31 32 0.6058040891186338
33 34 0.18612408736980357
35 36 0.36237767339367233
37 38 -0.2849565019505744
39 40 -0.5817528662246254
41 42 0.623925641091658
43 44 0.49455610051636967
45 46 0.8893478920631714
