# 
3 3 2.360968212242983
4 4 2.307434748540116
5 5 3.432510747264379
6 6 -3.9430203361752945
7 7 3.7315372347457076
8 8 3.231615856551594
9 9 -1.0315739675312923
10 10 2.102692710215716
11 11 2.604144366745621
12 12 1.9506691926752664
13 13 -0.3845465597055524
14 14 2.947630218470013
15 15 2.2868065072412715
16 16 2.5363903344622125
17 17 -3.5894348845657964
18 18 3.7376546030669617
19 19 3.700210027741047
20 20 2.1177139247957406
21 21 -2.672758356606077
22 22 1.1911589941666438
27 27 2.5791571320563635
28 28 2.0226534813585166
29 29 -2.0992676779560258
30 30 -2.4609271476139556
31 31 -2.983510892796885
32 32 -3.2607130263699577
33 33 0.6203974471708946
34 34 3.4254488166625885
35 35 2.456863768233754
36 36 0.2986298530259832
37 37 2.6172815540685503
38 38 -1.5511055100198403
39 39 2.7792448475588305
40 40 1.0337151309085622
41 41 0.772648006231659
42 42 2.0383883389026707
43 43 -1.706520516121043
44 44 -1.9519867575542733
45 45 1.901181903792529
46 46 3.733187672479782
3 4 0.9027523183159778
3 29 0.5714366540952247
3 30 0.8899319080429415
3 31 -0.709467753579633
3 32 -0.6096041867861186
4 29 0.1292283897621962
4 30 0.8353024989570048
4 31 0.33355889352398305
4 32 0.558353108919712
5 6 -0.42804594948528485
5 41 -0.843101768362631
5 42 0.3104799377738696
5 43 0.6096882669664294
5 44 -0.9614535379232358
6 41 -0.6465448580399535
6 42 0.0052785363344822755
6 43 -0.05014841558822769
6 44 0.6483949167745964
7 8 -0.022376447433713142
7 37 0.4458807259946753
7 38 -0.43301282504360383
7 39 -0.06728443362433456
7 40 -0.45187585068025116
7 41 -0.07496133107905001
7 42 0.01792621389434146
7 43 -0.8965892116416223
7 44 -0.43081292306068386
8 37 -0.17118987127770602
8 38 0.9368679451496447
8 39 0.7899378246145474
8 40 0.5271641629529291
8 41 0.5833096108988396
8 42 -0.6456940341878334
8 43 -0.7776018816201238
8 44 -0.6371137355133523
9 10 -0.3736112356751289
9 37 -0.6906698247813907
9 38 -0.8789793571093809
9 39 0.3185156540623677
9 40 -0.7312676258340269
9 41 -0.42654022981287176
9 42 -0.9733329454753279
9 31 -0.38606907897167053
9 32 0.764404884536563
10 37 0.09264775526206548
10 38 -0.26771224616174694
10 39 0.044170391669087206
10 40 0.17305573258519225
10 41 0.708256451916643
10 42 -0.08801596967916114
10 31 -0.3727206023277685
10 32 -0.9382293656022465
11 12 0.9269698109273405
11 37 -0.3817129102229435
11 38 0.6180292903131017
11 39 0.16219410565074366
11 40 0.8597457892746834
11 41 -0.4824125651236495
11 42 0.30274336763925436
11 31 0.4354066127397267
11 32 0.23440084715135123
11 33 0.06615089287055276
11 34 -0.519174715611294
11 35 -0.5761355283880016
11 36 0.6517503555456701
12 37 -0.9419262182979935
12 38 0.4139617846699504
12 39 -0.2991609522783736
12 40 -0.8205400372805343
12 41 -0.49821372211896575
12 42 0.8330192127424967
12 31 0.25935867246669564
12 32 -0.890146918790431
12 33 0.19551304410990133
12 34 -0.9146023562645318
12 35 0.24895285776095677
12 36 0.4576965298999449
13 14 0.11987872842572678
13 37 -0.5438804159834343
13 38 0.5181326199502461
13 27 -0.7767905086637292
13 28 0.4865066324597791
13 29 0.3156521511236272
13 30 -0.6688375153493495
13 31 -0.4844028694636202
13 32 -0.650557156791004
13 33 0.6178528963853085
13 34 -0.8144762541112374
13 35 -0.9489954813446022
13 36 -0.2240617652891943
14 37 0.06377140942570425
14 38 -0.050427553392445645
14 27 0.848206350495144
14 28 -0.7391456690657647
14 29 -0.9779903233077276
14 30 0.9632869715914278
14 31 -0.3484269905606121
14 32 -0.062132033692618105
14 33 -0.28804212621003966
14 34 -0.8034853517442202
14 35 -0.3522905267261267
14 36 0.09645152810121527
15 16 -0.08057108073444375
15 37 0.9688476397298291
15 38 0.42055468846768473
15 27 -0.19917344191723796
15 28 -0.23964102289619738
15 33 0.9285745643692997
15 34 -0.5828728877573237
15 35 -0.7376720358276154
15 36 0.10680712009391491
16 37 0.11679457689142092
16 38 -0.42339088974804806
16 27 0.922274526938625
16 28 -0.7604202745098794
16 33 -0.2758590058250949
16 34 -0.9872942317168483
16 35 0.7458498875316644
16 36 0.6042313074763142
17 18 -0.6313123136895955
17 37 0.1263926031937308
17 38 -0.4924580946756383
17 39 0.7443150252031638
17 40 0.33066491388248664
17 45 0.21698926675191332
17 46 0.7766739174160402
17 35 -0.7090530839456854
17 36 0.033243133385582935
18 37 0.4451387117827934
18 38 -0.9495699882239299
18 39 0.1333823361992581
18 40 -0.3948238619044271
18 45 0.7897255269011683
18 46 0.7477522390094711
18 35 -0.6975532749313835
18 36 -0.5763188712038805
19 20 -0.8896879504965167
19 45 0.5184189672745481
19 46 -0.9069277086972545
19 35 -0.4824209126539294
19 36 -0.2625054704981804
20 45 0.9254233778205636
20 46 -0.880999037164512
20 35 0.5157697954196512
20 36 -0.8279747067421575
21 22 0.7568925627209078
21 33 -0.7279163758239187
21 34 -0.9578439751734333
21 35 0.611418028757442
21 36 0.38446670347984857
22 33 -0.1606490054597267
22 34 -0.8891133682633943
22 35 0.21825758320345412
22 36 -0.0715339163213351
27 28 0.6924981648075244
29 30 0.40702524082633884
31 32 -0.21387767591309736
33 34 -0.8655113644040842
35 36 -0.8754635310941261
37 38 -0.8961915883037337
39 40 -0.43624927329624263
41 42 -0.15121660615974242
43 44 -0.8646586821304476
45 46 0.20712533497578245
