# 
3 3 0.6814787454194233
4 4 -1.193985690160443
5 5 -2.1926091281586135
6 6 2.6341608113954793
7 7 0.317507686492597
8 8 -0.7461479559359896
9 9 1.6484858999434158
10 10 -2.644541630427801
11 11 0.17904227666864614
12 12 -3.558366144950213
13 13 -1.3524149875344929
14 14 -0.14172022019227448
15 15 -2.2255867027591236
16 16 -0.5938540948908697
17 17 1.8141464882149672
18 18 -3.938177349765696
19 19 0.3573837058122873
20 20 2.826982339232673
21 21 -2.942848955076397
22 22 1.069268998620192
27 27 -2.5660125760658525
28 28 2.368256251964075
29 29 -3.483399756410707
30 30 -1.4488686660658967
31 31 -2.322919787911556
32 32 0.6361667507182611
33 33 0.3457954076262659
34 34 1.0787837403899196
35 35 -2.7723130460052916
36 36 1.7342545368578408
37 37 2.332086698939179
38 38 3.6959248044209456
39 39 -1.434442180786914
40 40 -0.1670374723224608
41 41 2.259596727254679
42 42 1.9954788793272566
43 43 -2.6292031521579515
44 44 1.7790861313185928
45 45 -3.9618900551837646
46 46 -3.267136473499524
3 4 0.21805421793964586
3 29 -0.6946975345996811
3 30 0.9077686390850932
3 31 -0.4089718931308306
3 32 -0.012251291148623888
4 29 -0.4142852498919254
4 30 -0.8340594849310605
4 31 0.17387081629421863
4 32 -0.10820345524671326
5 6 0.9823090727111286
5 41 -0.5960838684105625
5 42 0.7653586487714557
5 43 -0.5618560561085253
5 44 0.6403496016177825
6 41 0.5551993374744741
6 42 0.3681755737948602
6 43 -0.38130140742829677
6 44 0.8053478429206615
7 8 -0.12460898000133547
7 37 0.312738505859143
7 38 0.00611441777010735
7 39 -0.7813204268741643
7 40 -0.01416058485310967
7 41 -0.7881326119186032
7 42 0.38042968536448285
7 43 -0.5791573066315416
7 44 -0.7777676111729168
8 37 -0.488500210962455
8 38 -0.621114815487404
8 39 -0.725317777083998
8 40 0.39868727011589433
8 41 -0.8580263756401545
8 42 -0.5011831114026248
8 43 0.40636556112920275
8 44 -0.647013268265793
9 10 -0.8880969992932335
9 37 -0.8579574225716138
9 38 0.5500648578765996
9 39 0.48066435511879857
9 40 -0.8055569335573274
9 41 -0.8292059440787336
9 42 -0.1514952665559699
9 31 0.5959444812570609
9 32 -0.843962191406461
10 37 -0.7871688765520146
10 38 -0.05488459914668953
10 39 0.11754640045292408
10 40 -0.1227610216673729
10 41 0.09571701323508708
10 42 -0.1618309887320042
10 31 -0.7660083287279351
10 32 0.8999842418231971
11 12 0.47730950529579474
11 37 -0.17294579208433025
11 38 0.9737644832586547
11 39 -0.815424539049739
11 40 0.9925246357213262
11 41 0.399300230690091
11 42 -0.6155616955680716
11 31 -0.7554098119580308
11 32 -0.5455181780238703
11 33 -0.1943574509437458
11 34 0.34191748168933955
11 35 0.7528233541067884
11 36 0.5099684434509311
12 37 0.16451654692944606
12 38 -0.80486569546553
12 39 -0.3497479414132183
12 40 0.9222435715711295
12 41 0.0976386732684067
12 42 -0.5274872100059143
12 31 -0.2593005348270301
12 32 0.43718865717753075
12 33 -0.3222810182878686
12 34 0.5266673465088092
12 35 -0.0009793264651982714
12 36 -0.9756254156831357
13 14 -0.41314989606461316
13 37 0.8950652621966244
13 38 -0.9145423325255113
13 27 -0.7991665346211603
13 28 0.889496129696018
13 29 0.6688501830658242
13 30 0.7501418532679631
13 31 -0.11509662529255826
13 32 0.6745735555605106
13 33 -0.8793276812678759
13 34 0.37054204677662406
13 35 -0.9707186012033422
13 36 -0.5087091148746261
14 37 -0.3222437423315283
14 38 0.693060029642615
14 27 0.695018437063111
14 28 -0.8536691983114089
14 29 -0.8503505294381919
14 30 -0.2145043054792266
14 31 0.9358830082430925
14 32 0.5895100320039142
14 33 0.5425700658238388
14 34 0.8084902462866019
14 35 -0.5705309330008757
14 36 0.9058312309226786
15 16 -0.630813915325241
15 37 0.3491242517319586
15 38 -0.19792627070123214
15 27 -0.5809349644275343
15 28 -0.9381534563681522
15 33 -0.4579975644978307
15 34 -0.4356884406105759
15 35 -0.2380307497212275
15 36 0.47324473837306535
16 37 -0.4859907306195155
16 38 0.2596208531238633
16 27 -0.3099727797505869
16 28 0.6480173568799601
16 33 -0.31350415464971215
16 34 0.6997657988829402
16 35 0.616969474080713
16 36 0.19362601916154398
17 18 0.11544256435259914
17 37 -0.8238849159180828
17 38 -0.6318257731271704
17 39 -0.33109718780420394
17 40 0.3795486487662285
17 45 -0.2211598304095832
17 46 0.1676831519161739
17 35 -0.9638635470869799
17 36 -0.5532933140102276
18 37 -0.8440372304516033
18 38 0.882907613756811
18 39 -0.048611718928525116
18 40 -0.6369359389126674
18 45 0.3593580957893747
18 46 0.01649464367307729
18 35 0.3897734027516817
18 36 0.909911614835313
19 20 -0.7924631252980257
19 45 -0.8191172825694861
19 46 0.2612313469380967
19 35 -0.7828104068284809
19 36 0.7833539616887988
20 45 0.291577208290523
20 46 -0.5981229872975582
20 35 -0.5810282319004603
20 36 0.45981580643913333
21 22 0.8900973115796442
21 33 -0.5438594000529888
21 34 0.377944414331141
21 35 -0.6612004964036133
21 36 0.0251727486898079
22 33 0.5431461435153657
22 34 0.21887997468893072
22 35 0.7385984308922837
22 36 -0.04035580259317628
27 28 -0.05392829277339484
29 30 0.3464990106635748
31 32 -0.08474518422011879
33 34 -0.443997502449591
35 36 0.3970676067317951
37 38 0.32340670200482013
39 40 0.23019971650861426
41 42 0.41593908838574634
43 44 -0.6798444695100117
45 46 -0.17979075008831913
