# 
3 3 -0.35852859549650873
4 4 -3.5452856762948537
5 5 0.06386441832556233
6 6 -0.3862928517910351
7 7 -1.9335152587743005
8 8 0.06923427190026477
9 9 1.5199583146841364
10 10 2.3524296054202365
11 11 3.212965728620711
12 12 -1.477347137583072
13 13 -0.8754968270302443
14 14 3.7861614969833965
15 15 1.1184288600326333
16 16 1.8845097345998472
17 17 1.8993608681610459
18 18 1.0927965248646974
19 19 -1.9440799883057212
20 20 -1.3938880099094488
21 21 2.261926208446207
22 22 -2.953997412722167
27 27 -0.7471124379409808
28 28 0.7919751160555819
29 29 -2.9743884139829477
30 30 -3.51424598243477
31 31 0.016183926089554213
32 32 -2.6519907033222356
33 33 0.4067808845095069
34 34 -3.5315965166334253
35 35 1.5139513935798847
36 36 2.6227614756245616
37 37 -1.9423515453142004
38 38 -2.0259498014819073
39 39 -3.3188615355043476
40 40 2.4395199209982765
41 41 -3.893088155840714
42 42 3.929136294216896
43 43 -1.0217946484798457
44 44 -0.6731814929424713
45 45 0.6334470655587596
46 46 2.516538526337998
3 4 0.18889133207449293
3 29 -0.3717086125320497
3 30 0.29794380676002574
3 31 -0.8142478134136932
3 32 0.27514649946720526
4 29 0.479384938839726
4 30 0.3509490348447586
4 31 0.9266035678852473
4 32 -0.43986885020238686
5 6 -0.374796005921171
5 41 -0.807074738979936
5 42 -0.5461359354658437
5 43 0.5270622181289804
5 44 -0.2495621515004518
6 41 -0.6753873348529897
6 42 -0.9775959338931148
6 43 -0.4760310426454586
6 44 0.7773230529491051
7 8 0.7517696289273732
7 37 -0.5231946076057057
7 38 -0.6410578475835824
7 39 -0.07708558833655443
7 40 0.5387442763963943
7 41 0.9395018156806849
7 42 -0.2590614783917582
7 43 0.04954315844057855
7 44 -0.9641554924982945
8 37 -0.6675534791055846
8 38 0.80500264547347
8 39 0.6364431039193912
8 40 0.22035478663671348
8 41 -0.46365717194494027
8 42 0.5398966765453554
8 43 0.4427553515014455
8 44 -0.7378970665164335
9 10 -0.599627947707627
9 37 0.04341174591096664
9 38 -0.8358673852220628
9 39 0.41237984227051605
9 40 -0.3721774922274017
9 41 -0.5373204701217322
9 42 0.6376401956172764
9 31 0.5690256421590623
9 32 -0.3893242743704317
10 37 0.595970919121799
10 38 0.9700375758760291
10 39 -0.6782502339516299
10 40 0.3799600859324066
10 41 -0.5580779560508542
10 42 0.60383743547339
10 31 -0.8122385175987294
10 32 -0.22248532850629266
11 12 0.28746564705436417
11 37 0.1276140227378344
11 38 0.8438804711595989
11 39 -0.1589761270031278
11 40 -0.35267212365781075
11 41 -0.08409741414874516
11 42 -0.6246170752864266
11 31 -0.21127659062138826
11 32 -0.34453618486587345
11 33 0.8116442569546982
11 34 0.6344407992305074
11 35 -0.2669663788231216
11 36 0.6149886989768418
12 37 0.17705443067909155
12 38 0.05033174496984505
12 39 -0.26153488173366757
12 40 0.4053035641364875
12 41 -0.06655222794621118
12 42 0.20598165096751564
12 31 0.8391588059602455
12 32 -0.8387993637971609
12 33 0.6284272300370926
12 34 0.10681203486390212
12 35 0.15599850959423334
12 36 0.8292479860047608
13 14 0.3623331298916517
13 37 -0.8256457304836293
13 38 0.6017332558588078
13 27 -0.1104825563059717
13 28 0.8060966663228291
13 29 0.4823598616512186
13 30 0.11401680001604042
13 31 -0.06634456123929433
13 32 -0.25766634425607426
13 33 -0.545704410149219
13 34 0.22731390342112934
13 35 0.6641552363144569
13 36 -0.38837614953784283
14 37 0.6735642629362621
14 38 0.9758107592073377
14 27 -0.026486289215330805
14 28 -0.7737913001907093
14 29 0.8669592452366601
14 30 0.9832430244371135
14 31 0.7665238600804936
14 32 -0.7586065030361511
14 33 0.37158719866214684
14 34 -0.16850262128692117
14 35 0.43419239584290836
14 36 0.051112602503906146
15 16 -0.09450253276183229
15 37 0.3912070607250011
15 38 0.5532155027511125
15 27 -0.57031222560104
15 28 0.5186219892690753
15 33 -0.35283361175850825
15 34 0.10697584518047099
15 35 0.06904504027492009
15 36 -0.4966246556673066
16 37 -0.18589118909167168
16 38 0.8641713754103497
16 27 0.1272760227605616
16 28 -0.1696581749876651
16 33 -0.36884619866716006
16 34 -0.12444753888113724
16 35 -0.6752073771919334
16 36 0.4591648285927097
17 18 0.7801814928635844
17 37 -0.8801800619976696
17 38 -0.5925755844954774
17 39 -0.4267511458076656
17 40 0.8400243400307525
17 45 0.374936505603336
17 46 0.5494206137728033
17 35 -0.45238864487391006
17 36 0.25561587082621684
18 37 -0.2286957659389237
18 38 0.5041206736023276
18 39 -0.23013900306518864
18 40 -0.8686509122800115
18 45 0.5639708163538963
18 46 0.10087381464012668
18 35 -0.021890602476074328
18 36 -0.6258353546789719
19 20 0.548157438315277
19 45 0.3006255295338631
19 46 0.047985236313452306
19 35 -0.32020427717624744
19 36 -0.779405725282033
20 45 -0.4072684299169467
20 46 0.15355112820441175
20 35 0.3967660898963423
20 36 0.7901992648733924
21 22 0.7388833798392305
21 33 -0.37006362078660016
21 34 -0.5273206370000267
21 35 0.8342502156890552
21 36 0.3134436265103069
22 33 0.864715904853063
22 34 -0.30588802540795523
22 35 0.21737395008596416
22 36 0.16441961649386916
27 28 -0.007744051911228178
29 30 0.4457603737031335
31 32 0.9358449228739323
33 34 -0.9647771073131177
35 36 -0.3558899053175999
37 38 -0.5740212665133129
39 40 -0.4464353931159728
41 42 0.6036408998213045
43 44 -0.8536671763196535
45 46 -0.718669602367082
