# 
3 3 3.2401386628579925
4 4 -3.3329237720537135
5 5 -2.6433888555516036
6 6 -3.766656440983792
7 7 -0.9697038268563825
8 8 3.102314991964077
9 9 -2.0748576428852754
10 10 -0.9084697037135401
11 11 3.288840015638222
12 12 0.9920344168610438
13 13 -2.1754908777239503
14 14 -0.2721647790185058
15 15 2.16513556230365
16 16 -2.713140873499527
17 17 2.7785276476385983
18 18 -2.967417104231159
19 19 -0.6413888794632285
20 20 -0.14438370404089884
21 21 0.15862966455939898
22 22 3.679218628099087
27 27 0.2768400307573655
28 28 -0.9914331644043513
29 29 0.6112570242047761
30 30 -0.5305014705181206
31 31 3.8522342181869638
32 32 -0.4558691471601106
33 33 -3.28616613494735
34 34 2.6035560314940156
35 35 -1.2020581756797482
36 36 -0.9374716170103845
37 37 2.641454968866867
38 38 -3.8024094938448574
39 39 2.3102428561110324
40 40 1.841065588980654
41 41 -2.6495139265967884
42 42 1.8087152037381173
43 43 0.9291964219176494
44 44 -3.733582924716024
45 45 -3.2824145971183034
46 46 -3.554211694282624
3 4 -0.8529647957375954
3 29 0.26333158171443016
3 30 -0.2568726539764903
3 31 -0.28530325930957745
3 32 -0.0595703083391228
4 29 0.4421458465503161
4 30 -0.6432102160457187
4 31 0.7743559268469495
4 32 -0.6325001077561136
5 6 -0.35046970953882894
5 41 0.8996047508594378
5 42 -0.7142132767632206
5 43 -0.3857296418482039
5 44 0.2888690732832764
6 41 0.3449703849784431
6 42 -0.4567146074609809
6 43 -0.7028086545330818
6 44 0.10662168780186065
7 8 -0.9458715618838167
7 37 -0.7146783433849104
7 38 0.423053172083278
7 39 0.06901364687964118
7 40 0.23037556108479929
7 41 -0.9920674800242009
7 42 -0.3100620506597973
7 43 -0.19758331071414914
7 44 -0.09461399584249075
8 37 0.7197758012180382
8 38 -0.00017120649431290325
8 39 -0.9665796268795734
8 40 -0.19785205504174064
8 41 -0.7103631417223568
8 42 -0.07264240037561454
8 43 -0.09386622609762685
8 44 0.7108462172407499
9 10 0.20188925267810864
9 37 -0.28436765987304424
9 38 0.2254600638776325
9 39 0.02382708309873438
9 40 0.05554406296687797
9 41 -0.26395959548910297
9 42 0.7109900922632431
9 31 0.814961404644112
9 32 -0.3805223049340869
10 37 0.9402008379616071
10 38 0.7253796035061135
10 39 -0.32835519159684723
10 40 0.268215219442419
10 41 -0.2657282025193426
10 42 0.7958845560857788
10 31 0.367265042791435
10 32 -0.6311114754423259
11 12 0.8266787574122496
11 37 0.542826195122559
11 38 -0.9761023499615096
11 39 -0.7508444724968033
11 40 0.22887436619397827
11 41 0.01836876821270539
11 42 0.7868613541340117
11 31 0.13966087288791806
11 32 -0.012807986418483353
11 33 0.8916518249135907
11 34 -0.8584655604062812
11 35 -0.8143420957040743
11 36 0.9797209182035505
12 37 0.5858109679310666
12 38 -0.5391589292081262
12 39 0.38970407802677975
12 40 -0.3904403822735407
12 41 -0.8496757518487055
12 42 -0.3229436845042126
12 31 0.7377665691191582
12 32 0.6016182569650479
12 33 0.5401982376710528
12 34 0.08082963644090646
12 35 -0.24761239670583213
12 36 0.007180666761589238
13 14 -0.5996347046442048
13 37 -0.09631449131169179
13 38 -0.9716365102692353
13 27 -0.1356369761217504
13 28 -0.035207655716809505
13 29 -0.6633945324242512
13 30 -0.4549222087583191
13 31 0.5423372588929374
13 32 -0.46793826866196553
13 33 0.20863124988993742
13 34 -0.6939174873669767
13 35 0.42732030734183835
13 36 0.2842532656352663
14 37 0.20434103304192153
14 38 -0.17010200213411508
14 27 0.21562006974360526
14 28 -0.32313724333795957
14 29 0.7510444175461211
14 30 0.06486566238108216
14 31 -0.724082092002817
14 32 -0.429674908645705
14 33 0.40165881324868113
14 34 -0.5423054638291744
14 35 0.6525429896723611
14 36 0.5113177313706552
15 16 -0.04438875665917319
15 37 0.4747023007837263
15 38 -0.49254840074885986
15 27 0.349221159309814
15 28 -0.8016479129840872
15 33 0.6122740022339321
15 34 -0.8959143816232666
15 35 0.31229097138620787
15 36 0.24209859382031862
16 37 -0.8595692759778006
16 38 0.11174094387087896
16 27 -0.05315198335709126
16 28 -0.9199557915726091
16 33 -0.6335466294769994
16 34 0.20863622329672982
16 35 0.7592999142794767
16 36 -0.6955142229979552
17 18 0.03971326161386268
17 37 0.6420422418113834
17 38 -0.0866477156655836
17 39 0.4850466270820013
17 40 -0.38692191857075464
17 45 0.5475658682187288
17 46 -0.18143407928107802
17 35 -0.3628667337027647
17 36 0.61138494350308
18 37 0.6898065454796727
18 38 -0.4082591583563526
18 39 -0.40295111778452286
18 40 0.29403985243181086
18 45 -0.5059627639032978
18 46 0.29430660326334346
18 35 0.004111342228264592
18 36 -0.7243876015234234
19 20 -0.6080328398962955
19 45 -0.9769246795764361
19 46 0.32621909595504395
19 35 -0.13910243145357426
19 36 -0.00402611816037135
20 45 0.9085420105821445
20 46 0.021886760423137863
20 35 -0.30340119394834164
20 36 -0.2504320601147425
21 22 -0.01218068764017377
21 33 0.5726438387076445
21 34 0.3393601172838454
21 35 0.5628177576287292
21 36 -0.6512029644468365
22 33 -0.7995996953837115
22 34 0.0800966959117535
22 35 -0.48856997962359494
22 36 -0.9681066002307848
27 28 -0.9385777408564699
29 30 -0.9214616843175063
31 32 -0.48296252617540114
33 34 -0.8642810592103571
35 36 -0.1864464067149132
37 38 0.3141644840156199
39 40 0.33982445870271927
41 42 -0.6168794499172454
43 44 -0.3506039375579173
45 46 0.5530809317087397
