# 
3 3 -0.42864283171822937
4 4 3.4930968133854456
5 5 -1.049681391730262
6 6 -2.9111283445457703
7 7 -3.9101790617123786
8 8 -2.824135862435045
9 9 1.7991235390877698
10 10 1.7063012666399393
11 11 -3.8568749213817
12 12 -0.9147462982379642
13 13 -2.048211421728805
14 14 1.2570825475092455
15 15 -1.7345013268581209
16 16 0.07940396468004263
17 17 -3.058622797926401
18 18 2.3140411261629
19 19 -0.6318394088154298
20 20 -3.179647358593246
21 21 3.8732878008581766
22 22 -1.2054407812556072
27 27 -1.2025704930692553
28 28 -2.245496456062625
29 29 -1.6197513084920878
30 30 0.1446023278398334
31 31 3.1153393790003703
32 32 -2.824590694254276
33 33 0.6499072966065045
34 34 -2.583359795766648
35 35 2.491372917083952
36 36 3.5371828960270832
37 37 -0.48340332585332657
38 38 -1.4852917522881315
39 39 -3.4801250454432475
40 40 3.1146849849062663
41 41 0.7370085754481766
42 42 3.763990524057161
43 43 -0.8181068131454019
44 44 1.8166075989931283
45 45 3.544851338787942
46 46 3.424172320580557
3 4 0.9465208154149016
3 29 0.6201678200638456
3 30 0.09977280374099728
3 31 0.3577075931781466
3 32 0.20933354787390113
4 29 0.7215750217679098
4 30 -0.6356660647755141
4 31 -0.9124020203285912
4 32 -0.241838296867948
5 6 0.7755169982541423
5 41 -0.061700497359602036
5 42 0.7491392934178596
5 43 0.8494656415177433
5 44 -0.43255980517328996
6 41 0.13417989115736284
6 42 0.638640634924289
6 43 -0.21922540979927496
6 44 0.4873036479886539
7 8 0.9262643036799281
7 37 -0.23896741328344717
7 38 0.1254191684338548
7 39 -0.40596841557395025
7 40 -0.27134494778416496
7 41 0.5723727855319294
7 42 0.06634747294152055
7 43 0.6777369781942695
7 44 -0.26092892339902507
8 37 0.7794240276470084
8 38 0.8372868257408723
8 39 0.02204399268719337
8 40 0.5402317883112537
8 41 0.7892443942497276
8 42 0.2355907954844989
8 43 -0.11289838795770257
8 44 -0.22984871638988436
9 10 -0.7967627797600212
9 37 0.41344549470407665
9 38 -0.803371167121836
9 39 0.26746126205057386
9 40 -0.8800379879320324
9 41 -0.8484379841679861
9 42 0.5217107474716598
9 31 -0.34870459717733504
9 32 -0.48110196840847164
10 37 -0.21602548875957406
10 38 0.2010845243092021
10 39 -0.14473893640902724
10 40 -0.40135866626201877
10 41 0.06824873783302854
10 42 -0.2520878668146853
10 31 0.3687894696266354
10 32 0.9339801426316994
11 12 -0.5007860094845262
11 37 -0.5956971653485952
11 38 -0.0994645188579042
11 39 -0.5901471515551471
11 40 -0.11716801699686785
11 41 0.03968122138917263
11 42 -0.7623179162959375
11 31 -0.7775264369292387
11 32 -0.9244677708350348
11 33 0.7321344434599311
11 34 0.5760348030077482
11 35 -0.5294602413520801
11 36 0.0117821891849903
12 37 -0.34127503610734955
12 38 -0.6174990617556331
12 39 0.9931496908240109
12 40 0.051838578229117305
12 41 0.6706357230176243
12 42 -0.03397074434071956
12 31 0.6571325705380091
12 32 0.3300441931496465
12 33 0.2930510445727694
12 34 -0.9152695792959069
12 35 -0.6049519174398401
12 36 0.3515781508753162
13 14 -0.41623438094743426
13 37 0.7145311591800771
13 38 -0.5057073889384263
13 27 -0.8718391583647234
13 28 -0.4125654439936717
13 29 -0.4830902003524573
13 30 0.26312995868802513
13 31 -0.9961316254978476
13 32 -0.5552760106009358
13 33 0.9247856962432079
13 34 0.9304372931474751
13 35 0.32478201042527344
13 36 0.7113877710146164
14 37 0.25539970940196
14 38 0.4349411407698849
14 27 -0.5734210628923804
14 28 -0.5186626307356781
14 29 -0.7809346725271766
14 30 -0.8675724530953894
14 31 0.4977169307973197
14 32 -0.7574860032077417
14 33 -0.9836777709215117
14 34 0.053163095701014296
14 35 0.16551841371191434
14 36 -0.9976254528144983
15 16 0.7328165552698698
15 37 -0.03722069025579389
15 38 0.8063275899242672
15 27 0.8170195172894734
15 28 -0.5421311756895248
15 33 -0.7224687388075106
15 34 -0.1942647964722446
15 35 0.4321799416399319
15 36 0.18824399468426223
16 37 -0.5448935068426493
16 38 -0.487465404773036
16 27 0.8337379180893127
16 28 -0.16625979745903363
16 33 -0.06774233101524962
16 34 -0.778679211613349
16 35 0.29018347863821403
16 36 0.6282828059077679
17 18 0.8584169606533529
17 37 0.9447304618351071
17 38 0.5929878727328384
17 39 0.213430906506489
17 40 -0.1349993388944497
17 45 0.7715866269799894
17 46 0.01438940454388593
17 35 0.7008623817490844
17 36 -0.45870855416138845
18 37 -0.9319378744331346
18 38 0.4273397771470355
18 39 0.04088419775308472
18 40 0.02487029150684239
18 45 0.28785648575227785
18 46 0.5103733451457182
18 35 0.6315669276150113
18 36 -0.5742851537778901
19 20 0.019512992930284856
19 45 0.06024969967093141
19 46 -0.02378883996677006
19 35 0.09903673919647171
19 36 -0.4546345518938084
20 45 -0.11979553772992957
20 46 -0.24532581460650715
20 35 0.7361346713532844
20 36 -0.24048796127430538
21 22 -0.8216846325334506
21 33 -0.41093685644370614
21 34 0.8632890811594023
21 35 -0.24742529218906006
21 36 0.4261491332793741
22 33 -0.9652565675102398
22 34 0.6742362475877897
22 35 -0.9226278039713078
22 36 -0.7267419622247497
27 28 0.7788313864959053
29 30 -0.9090762354269408
31 32 -0.3581762180451684
33 34 -0.104646463128657
35 36 -0.3781132708991104
37 38 -0.4201066689783124
39 40 0.26697051278484607
41 42 0.7290510965065127
43 44 -0.37004017993326466
45 46 -0.04521536029621975
