# 
3 3 1.1553671826638086
4 4 1.1216219429341807
5 5 1.0442466217886617
6 6 1.4051090196727651
7 7 3.859795101174724
8 8 1.5883818755170989
9 9 -0.8036567281707638
10 10 -0.09054605838231922
11 11 -1.0090665743026106
12 12 -2.5680671461775813
13 13 -3.680413890607256
14 14 -2.3079485701608693
15 15 -3.118207542678798
16 16 0.07115015365674893
17 17 2.9250121662322606
18 18 -2.4451777477501357
19 19 0.8697353789134254
20 20 0.8173725556199027
21 21 -2.7908928179958883
22 22 -0.5014379876177433
27 27 2.5663273380856575
28 28 0.6082998183358423
29 29 -0.06343890690789866
30 30 -0.8712939578754453
31 31 3.213817548421022
32 32 2.531081536982664
33 33 1.2460036491052637
34 34 1.0403580157326147
35 35 -1.0129996731665267
36 36 -2.0976048874486084
37 37 1.9843587505870977
38 38 -2.1827281944619576
39 39 -3.275384535430872
40 40 3.425671643201059
41 41 -0.7747100387077017
42 42 -2.94715123761833
43 43 3.982792206510685
44 44 0.7220573395140422
45 45 3.1915887599541
46 46 2.716097986360765
3 4 -0.6495115331241277
3 29 -0.027937886036776938
3 30 0.8892974634467994
3 31 -0.5366472806437033
3 32 -0.9318559781346538
4 29 0.053113334979111526
4 30 -0.6390342582520325
4 31 0.27134149298855825
4 32 -0.7160299041185627
5 6 0.47208801564617464
5 41 0.15770597413408427
5 42 0.05527668588794521
5 43 0.3097287514139251
5 44 -0.772711182137718
6 41 0.929412555270472
6 42 -0.4345134096584491
6 43 0.4431401365537464
6 44 -0.7292547691090625
7 8 -0.8712383798865089
7 37 0.15006990001650644
7 38 -0.46709141881464045
7 39 0.0898963815935323
7 40 -0.5312987129361639
7 41 -0.3346967004041401
7 42 0.721374702662325
7 43 0.6041972772475215
7 44 0.4803182557818211
8 37 -0.27928206988604565
8 38 -0.5502462127286194
8 39 -0.7923587005695025
8 40 -0.5821712947615176
8 41 0.6506880357918252
8 42 -0.6727458808253655
8 43 0.7256476938345442
8 44 -0.1410476917160879
9 10 0.9705712018997283
9 37 -0.3506318132115991
9 38 -0.37453243692884985
9 39 -0.0921176290529393
9 40 0.8079258117968453
9 41 0.254966657169323
9 42 0.843774364636519
9 31 -0.35873510342017245
9 32 -0.9466035039973109
10 37 -0.9078564170776104
10 38 0.7348781103531905
10 39 -0.6123051832872377
10 40 -0.37094940533175325
10 41 0.8159178613438927
10 42 0.31515183147468284
10 31 -0.8590993970998624
10 32 0.8262500887894029
11 12 0.9635800983606
11 37 -0.786262054020044
11 38 -0.5541076915870304
11 39 -0.8322804442420018
11 40 -0.6625130826506194
11 41 0.12444781823377848
11 42 -0.017578311848852834
11 31 0.30213044282203283
11 32 0.3164147059536804
11 33 -0.5947631640049746
11 34 -0.44266854375696707
11 35 0.20776119932869141
11 36 -0.5140605522540396
12 37 0.5842394844261993
12 38 -0.5555487339731822
12 39 0.919793158707112
12 40 -0.21749128027634912
12 41 -0.9145908149330468
12 42 -0.6771818353237833
12 31 -0.7828605417250867
12 32 0.30294434627678246
12 33 0.7752674466132259
12 34 -0.46536646311810226
12 35 -0.06071033956618477
12 36 -0.02979858797684809
13 14 -0.870002491433354
13 37 -0.43110354123665484
13 38 -0.14958418465131773
13 27 -0.07301782399193524
13 28 0.05951516452665495
13 29 0.6375828174664464
13 30 -0.624021117372767
13 31 0.4962894929773949
13 32 0.7984056761370277
13 33 0.40583655612377156
13 34 0.5096668757670548
13 35 -0.6734979572859132
13 36 -0.6060688600669495
14 37 0.1230288629316385
14 38 -0.9133153771053464
14 27 -0.20513385473951873
14 28 0.20267887734985668
14 29 0.08510946738720127
14 30 -0.6681333181628444
14 31 -0.8329918148389441
14 32 -0.9861794367711414
14 33 0.9410081939988502
14 34 0.1636450548284698
14 35 0.9081342291552266
14 36 -0.7931841741717807
15 16 -0.11430971683111935
15 37 -0.5532826483167597
15 38 0.837152175511308
15 27 0.5651784980658228
15 28 -0.3169915483650576
15 33 0.23359940313000926
15 34 -0.44245053573454185
15 35 -0.08934467920434197
15 36 -0.7721606502549381
16 37 0.7936334547698409
16 38 -0.9312336982563427
16 27 -0.6155672048772938
16 28 -0.8180739615347334
16 33 -0.3586565585534103
16 34 0.6558526023310405
16 35 -0.610616119048357
16 36 -0.04724554969682315
17 18 0.9703936966525162
17 37 -0.6645375892100431
17 38 -0.13830731306204158
17 39 0.6206549965298345
17 40 0.35205838622943464
17 45 -0.6410986827684468
17 46 0.7416410255847434
17 35 0.029282153074739137
17 36 -0.23563307144241086
18 37 -0.5693511812563807
18 38 -0.5633292952848641
18 39 0.7848685799050263
18 40 -0.5988841883666232
18 45 -0.8646631460817349
18 46 0.5366089894729782
18 35 0.1310071346549846
18 36 -0.5126198310635905
19 20 0.21011147807104513
19 45 0.23016926999488252
19 46 -0.9560061228431582
19 35 -0.5420604319188802
19 36 0.4482952470853079
20 45 0.24246249034646272
20 46 0.1414767037691289
20 35 -0.6803995417166815
20 36 -0.4388407909384684
21 22 0.5301775449921371
21 33 -0.9897608139510758
21 34 -0.8581315204229967
21 35 0.36128946842978027
21 36 0.6947505943573709
22 33 -0.17178802652237812
22 34 -0.44678838796146714
22 35 -0.13314868374821387
22 36 0.448721873808718
27 28 -0.7687395806685311
29 30 0.8080808511978539
31 32 -0.598542436736418
33 34 -0.9837613822979498
35 36 -0.11084716071856526
37 38 0.15314027421107523
39 40 0.028583303284827055
41 42 0.5357819042725218
43 44 -0.9448097153980775
45 46 0.48670139022006853
