# 
3 3 2.722628393518878
4 4 3.247011724072679
5 5 2.4226795992548116
6 6 -1.7998289003615957
7 7 0.16787422173202415
8 8 -0.16712287150103133
9 9 -2.1547157302333932
10 10 -0.7248642439544533
11 11 1.9159634216834585
12 12 0.6548821923695183
13 13 0.9424253583596238
14 14 -3.5725800820027658
15 15 -1.0605641706378224
16 16 3.7963127437196897
17 17 -2.1039641144060326
18 18 -0.7712924522609743
19 19 0.43694679057772934
20 20 -2.7544614474248466
21 21 1.3420883026704047
22 22 -1.8480899015569134
27 27 -1.6630019317817197
28 28 0.533084672890701
29 29 -3.25177221756646
30 30 1.783521870989964
31 31 -0.044643383257468194
32 32 3.295710196794704
33 33 1.0779207928118666
34 34 -2.4776350334819437
35 35 0.3318782366150197
36 36 -2.266359556922482
37 37 -0.18990099884886114
38 38 1.0962446791780502
39 39 -2.3613293214111577
40 40 -2.250439213628316
41 41 -3.4996181754814515
42 42 -3.558909425837478
43 43 1.8536319594173776
44 44 -2.869682147895225
45 45 2.5551428833883074
46 46 2.938284736629347
3 4 0.929256513350883
3 29 3.792886832365561e-05
3 30 0.5989147266487593
3 31 0.24443856234216743
3 32 0.4373112118054179
4 29 -0.2583448069444443
4 30 -0.9931313668550636
4 31 -0.2218613633095068
4 32 -0.0963775316727753
5 6 0.34168034412032156
5 41 -0.7651324084050584
5 42 0.4033946871899414
5 43 0.19098909663895047
5 44 -0.8234398226301143
6 41 -0.685604991357937
6 42 0.6458755662524276
6 43 -0.4619734310074495
6 44 -0.4235894303580574
7 8 -0.16514727935545181
7 37 -0.6879642948769236
7 38 -0.8434285926901524
7 39 0.6204267997091533
7 40 -0.8731605488987924
7 41 -0.14962755144713924
7 42 -0.9859384008097287
7 43 -0.871190483094306
7 44 0.2612413413824164
8 37 -0.315162225366741
8 38 -0.8146698727627011
8 39 -0.05739543125345059
8 40 -0.255089189715451
8 41 -0.5393671219752099
8 42 -0.81207748137064
8 43 -0.5485431831482348
8 44 -0.7771495307511289
9 10 0.9614749472030686
9 37 0.1581029056139851
9 38 0.32810627123875147
9 39 -0.08923355322217685
9 40 0.72856696549245
9 41 0.08392568018648627
9 42 0.7862268018883816
9 31 0.849237759124787
9 32 -0.2776375702660516
10 37 0.23318726923408284
10 38 -0.9510150374740709
10 39 -0.24528041164820036
10 40 -0.7640823762800815
10 41 -0.428287487803622
10 42 -0.1210302037695632
10 31 -0.2004762492591723
10 32 0.008181436277245435
11 12 -0.8645841135739007
11 37 -0.2687054449357078
11 38 -0.5378134719644727
11 39 -0.057571205497480404
11 40 -0.7010609206316059
11 41 0.3856920978190599
11 42 -0.622430265706956
11 31 0.21269113812784068
11 32 -0.37570749589921926
11 33 0.6215092979453936
11 34 0.6492797227935532
11 35 -0.09336140226550738
11 36 -0.7599379302101621
12 37 -0.1715181718978207
12 38 -0.479567550156085
12 39 0.7001310421897964
12 40 0.2797615648322944
12 41 -0.5437123720404058
12 42 -0.4698165651794157
12 31 -0.5674432733612784
12 32 0.6314169779826615
12 33 -0.4787858683568387
12 34 -0.3385373316049938
12 35 -0.6185033905095669
12 36 -0.819600536825406
13 14 -0.16914718652716387
13 37 0.07163448723569976
13 38 -0.6198778291304974
13 27 0.48671774907686416
13 28 0.577913819893763
13 29 0.16904352112669296
13 30 0.7269038634787983
13 31 -0.1554435826969225
13 32 0.5283048568933943
13 33 -0.1463415652879707
13 34 -0.8395640290528887
13 35 0.38126107879687643
13 36 -0.5069850202791464
14 37 -0.19842735668369405
14 38 0.26920704337529777
14 27 0.9350368545875063
14 28 -0.14764118698838113
14 29 0.6361108077564337
14 30 -0.2733770095895607
14 31 -0.2561389178376352
14 32 0.2313401120516525
14 33 -0.37960432148378076
14 34 0.031266736231425396
14 35 -0.07118920838076592
14 36 0.7489247709719997
15 16 0.08398771395730087
15 37 0.9865623051194718
15 38 -0.41709740086855884
15 27 0.9628017482636655
15 28 -0.305237813809244
15 33 0.09931556438294709
15 34 0.7312690213035999
15 35 0.4179008208674475
15 36 -0.017298236287424107
16 37 0.921522781332403
16 38 -0.06081554934347522
16 27 -0.7758787369448468
16 28 0.9116906664395312
16 33 -0.5183038493228069
16 34 -0.48005063872911813
16 35 -0.19195293102832167
16 36 -0.7174723828955236
17 18 -0.12666490885890158
17 37 -0.7256342413068098
17 38 -0.36492683466722653
17 39 -0.8675035157033961
17 40 -0.1995524348555635
17 45 -0.5749369575171439
17 46 -0.6887046192369688
17 35 0.7463497974686
17 36 0.14805961637189036
18 37 0.048369121506472545
18 38 -0.31333670614583764
18 39 0.18454829073171242
18 40 0.2951093852577389
18 45 0.9122405225835049
18 46 0.2034448998713687
18 35 0.1314274623613365
18 36 -0.5166503497759338
19 20 -0.618703722907344
19 45 -0.6332284849529703
19 46 -0.17224420201031854
19 35 0.02581156936036999
19 36 -0.9015308198119083
20 45 -0.6333171713513432
20 46 0.7617397800902692
20 35 0.5721711541999375
20 36 -0.8996293605463466
21 22 -0.7720453110888563
21 33 -0.06503978215589523
21 34 0.6872155877909476
21 35 -0.7217552838595538
21 36 -0.0269939174919418
22 33 -0.40801452065721056
22 34 -0.7445684827335457
22 35 -0.3146997663197635
22 36 0.5148315303799893
27 28 0.9152278759821517
29 30 -0.42139974756108045
31 32 -0.41171669896028584
33 34 0.4662196800783007
35 36 -0.6859008187350648
37 38 -0.46775966797116997
39 40 -0.4436915613209331
41 42 -0.1976356360531064
43 44 -0.5223847532468608
45 46 0.23612316482830997
