# 
3 3 -3.7941571775127736
4 4 -2.320292780115256
5 5 -3.012943633723922
6 6 -0.15558278942089832
7 7 2.5686150916162287
8 8 0.4099871856671147
9 9 -0.23252507957135382
10 10 -0.49953823452440105
11 11 -2.5139011527684083
12 12 3.957425675020981
13 13 -3.1039012080114334
14 14 0.4336023320094231
15 15 -3.5365134367664233
16 16 2.953725986059827
17 17 -3.0295369178096347
18 18 3.8856006034408646
19 19 -2.774996313798434
20 20 -1.6106938248057663
21 21 -0.7233054411687734
22 22 0.7734701786158507
27 27 -2.9732565451645128
28 28 1.670905367763167
29 29 -3.5189479560396313
30 30 -2.0962757914550023
31 31 -1.3187004960968123
32 32 0.8817478515076598
33 33 3.7968969930386764
34 34 -0.06619725321998349
35 35 2.9356462289717573
36 36 1.7552979173171952
37 37 3.9274314043907745
38 38 -3.10781601373077
39 39 2.7293229929377993
40 40 -2.334257348037541
41 41 0.0792581580427072
42 42 1.7789744808906747
43 43 -0.5777307189469276
44 44 -3.3983721914697034
45 45 -2.7385169986899367
46 46 -0.7730995769926281
3 4 0.11855458158322829
3 29 -0.8585788712305569
3 30 0.8970568917174744
3 31 0.8173070153183841
3 32 -0.3494454938474303
4 29 0.6774166667137858
4 30 0.6003675807690161
4 31 0.24055059187800132
4 32 -0.589983009336156
5 6 0.7046585957834006
5 41 -0.8127333057053494
5 42 0.4493364424816195
5 43 -0.7905692162351488
5 44 0.5361008913847654
6 41 0.3962452201000848
6 42 -0.0370751984433495
6 43 -0.595367747906214
6 44 -0.42205901673096013
7 8 0.8177082133567091
7 37 0.0011996980103616828
7 38 0.8640833904055514
7 39 0.6668327467288551
7 40 0.4716042065779382
7 41 -0.2556951787435555
7 42 0.3951619357887677
7 43 0.4785037231448883
7 44 -0.15653300302733042
8 37 -0.378855200309804
8 38 -0.899965285155276
8 39 0.691264636702269
8 40 0.3239369677491921
8 41 0.9446352787889054
8 42 0.1093722095973586
8 43 -0.6681473704121108
8 44 -0.5103917988071691
9 10 0.9033771178489887
9 37 -0.22585475854756432
9 38 0.39112782245088695
9 39 0.0027660398506113015
9 40 -0.10821427337779932
9 41 -0.1264027059776347
9 42 -0.7016913842978376
9 31 0.15174263439523283
9 32 -0.30397182698691805
10 37 -0.9736629528712821
10 38 0.2948165842691144
10 39 -0.1372419421482043
10 40 -0.1975597072661912
10 41 0.8322765809934818
10 42 0.8453544423679817
10 31 -0.12423052497815523
10 32 0.2808683503310383
11 12 0.03772875982899904
11 37 -0.5596621552528176
11 38 -0.13394402958379192
11 39 0.48623631106871446
11 40 -0.4043140943732808
11 41 -0.5892098193372413
11 42 -0.45588729388007776
11 31 -0.9581405454968908
11 32 -0.14005020029892057
11 33 0.5447764977745129
11 34 0.6777112042575786
11 35 0.7668816513915657
11 36 -0.767389978286867
12 37 -0.6189329290113597
12 38 0.9257783498337047
12 39 -0.6297940084982496
12 40 -0.17089730349911036
12 41 0.27987788072381115
12 42 -0.7284159405127832
12 31 0.504403982319118
12 32 -0.5276359166558942
12 33 0.6918290841687156
12 34 0.5035014188558429
12 35 -0.456617259079775
12 36 -0.8318885229037498
13 14 0.22956564262114298
13 37 -0.09822965721554655
13 38 0.46606531608401314
13 27 -0.03133241607454784
13 28 -0.5662448415839023
13 29 0.997533413054204
13 30 0.3421943251841626
13 31 -0.36275012313443833
13 32 0.012292893739058064
13 33 0.20449679146445
13 34 -0.16290374424347265
13 35 -0.08891813206343646
13 36 -0.0964893818998589
14 37 -0.46857266085925464
14 38 0.1049559667283646
14 27 -0.3514539477459828
14 28 -0.2276247246799803
14 29 0.4931499812007616
14 30 -0.90134938305713
14 31 0.31330056634182535
14 32 -0.15532127734486623
14 33 -0.8132757709284988
14 34 0.8365015069442883
14 35 0.3804923398281508
14 36 0.21642580203898243
15 16 -0.7316490263542965
15 37 -0.47981086957245966
15 38 -0.11026249561078494
15 27 -0.03291931430802708
15 28 0.7614127235672645
15 33 0.5035569530090873
15 34 -0.981668228602403
15 35 -0.8048668660716369
15 36 -0.39414241000350536
16 37 0.03818430791833549
16 38 0.6587724592172504
16 27 0.25233086456603093
16 28 -0.3364117067961703
16 33 -0.9265001808173339
16 34 -0.8197180555097852
16 35 -0.8793527862827992
16 36 0.7530542944075236
17 18 0.47516390589444035
17 37 0.3483712440956548
17 38 -0.5911292162299255
17 39 -0.12825155677789568
17 40 -0.9261893506331604
17 45 -0.5044765928750787
17 46 0.30943103618680845
17 35 0.9466716761101668
17 36 -0.8108353499307226
18 37 -0.5566157853259248
18 38 -0.48619665983115046
18 39 0.7558555841632688
18 40 -0.8980768633527916
18 45 0.23518905241563504
18 46 -0.8058427229489162
18 35 -0.9611119893542184
18 36 0.6904730427926227
19 20 0.9406865812466263
19 45 -0.4295208636991792
19 46 0.6064265432245073
19 35 0.6397260314881366
19 36 -0.2927718837611659
20 45 0.6893788590291641
20 46 0.4736687537863473
20 35 -0.1849497068940138
20 36 -0.6371957488487885
21 22 -0.727635280747198
21 33 -0.5816295147281394
21 34 0.8722636053308785
21 35 0.8010965284266818
21 36 -0.004810629478233741
22 33 -0.10664835596097721
22 34 0.05262127738244504
22 35 -0.798298657422962
22 36 -0.8654053993683815
27 28 -0.8212270533412949
29 30 0.05089829646518784
31 32 0.9199071968559098
33 34 0.44522770465802064
35 36 -0.6987260879747623
37 38 0.928866457097618
39 40 -0.693797784686986
41 42 -0.8783221805734904
43 44 -0.1335953941935406
45 46 -0.9946560944717016
