# 
3 3 -2.4602044290289404
4 4 -3.2470482528263362
5 5 1.5847991948774265
6 6 0.7945093025682723
7 7 0.5990560327017214
8 8 1.0466076474772867
9 9 3.5933649789834803
10 10 -1.604291624169523
11 11 -3.916375986376676
12 12 3.9497057062690066
13 13 -3.864138334767559
14 14 -2.935864710355496
15 15 -0.1601228212843111
16 16 -0.9147593850019842
17 17 2.8728906159484016
18 18 0.11032645591151002
19 19 -1.9580773667115015
20 20 1.4767995703408676
21 21 1.2542309402765035
22 22 -3.8442922027082487
27 27 -1.4579785233636953
28 28 -0.7010292874120854
29 29 -2.250018832444577
30 30 -1.592611114007334
31 31 -2.5377148179936926
32 32 -0.17886624245027072
33 33 2.2731789225441243
34 34 -0.6105487418013489
35 35 -3.555407529948879
36 36 0.6663285243135348
37 37 -2.364554470020922
38 38 1.7420660450645302
39 39 -3.2102137187651376
40 40 -2.2042581422434218
41 41 -2.899848925874048
42 42 -0.234577070236079
43 43 1.9259678927265949
44 44 3.3586213482694633
45 45 -2.4750993175497493
46 46 1.6477069590510371
3 4 -0.27676047218844047
3 29 0.46489539973514615
3 30 0.7075127980026876
3 31 -0.8055838802576152
3 32 0.1396953901485405
4 29 0.4029264450106249
4 30 -0.7220740727314097
4 31 0.5850198307985175
4 32 0.13977818345003956
5 6 -0.1451267291727356
5 41 0.6916965372559865
5 42 0.5635555039966171
5 43 0.1069367047413512
5 44 0.9815545898138416
6 41 0.6833848729602832
6 42 0.07132582899711726
6 43 0.916045352412197
6 44 -0.6465104827472821
7 8 -0.30112095184475574
7 37 0.8865835080242757
7 38 0.23472433953715677
7 39 0.8018552894871731
7 40 -0.12333417285071047
7 41 0.5430677721197401
7 42 0.4116971838381476
7 43 -0.22867083918781184
7 44 -0.9905275556866493
8 37 -0.7129551907222906
8 38 0.04182804399953888
8 39 0.26111632815937
8 40 -0.7724048444295404
8 41 0.8153527492442452
8 42 -0.15908734287932647
8 43 -0.3130499612627058
8 44 0.029038210227576355
9 10 -0.1327715743265041
9 37 -0.42127941323475104
9 38 -0.3471327951466301
9 39 -0.33796020178928354
9 40 0.32215026632440047
9 41 -0.8205962534811784
9 42 -0.05297523644026403
9 31 -0.1809489393748953
9 32 -0.2621111826555138
10 37 -0.27469062162689895
10 38 0.4208409205768149
10 39 0.3452925145357051
10 40 0.40237013238343544
10 41 0.8926637410398972
10 42 0.8756628463006928
10 31 0.7983381068754478
10 32 0.9571074573640304
11 12 0.14991177138248757
11 37 -0.6681767478753249
11 38 0.7744391407063573
11 39 -0.731455977379621
11 40 0.6771759245579168
11 41 0.7049448033223535
11 42 0.5595688665348593
11 31 -0.8468970262127635
11 32 0.24826710825350995
11 33 -0.05963741365015651
11 34 -0.976268734756732
11 35 0.09636814408617944
11 36 -0.3769851747955524
12 37 0.845365945045349
12 38 0.33276168755620694
12 39 -0.326488363786398
12 40 -0.24789878727495673
12 41 -0.23613921858362086
12 42 0.9467058033518161
12 31 -0.5580494316660305
12 32 -0.9399006574639821
12 33 0.8243290272661894
12 34 0.17297337377213995
12 35 -0.06914751704188604
12 36 0.89849256616681
13 14 -0.4960334188604256
13 37 -0.0054392531873670436
13 38 0.39940467625723053
13 27 0.17847897869280827
13 28 0.29143813540064656
13 29 0.7380704409919574
13 30 0.27360937052468404
13 31 0.7774912925701019
13 32 0.9067134190215835
13 33 -0.4149306520816247
13 34 -0.3052488931919046
13 35 0.29992178840364403
13 36 0.6173866222332489
14 37 -0.5482538779094515
14 38 0.5941845977893097
14 27 -0.12139016817206527
14 28 0.1894416594741377
14 29 -0.24816957328248912
14 30 -0.060288639535382105
14 31 -0.09263275391440828
14 32 -0.6159815784150873
14 33 -0.2741177544095752
14 34 -0.5996421263178147
14 35 0.7013875258466848
14 36 0.8432960693444291
15 16 0.7817832402514309
15 37 -0.0782472805765555
15 38 -0.3213711491340241
15 27 -0.6265460482243022
15 28 0.3361569398205766
15 33 0.7995268285629178
15 34 0.40038171038506976
15 35 0.014447422459260784
15 36 -0.3532692220205127
16 37 0.6652657508690283
16 38 -0.0016847989867387891
16 27 0.4364511233702355
16 28 0.3341809290723856
16 33 -0.05318450380816819
16 34 0.7022128727094203
16 35 -0.6332435945513681
16 36 -0.7562119274616002
17 18 -0.514714521302492
17 37 -0.8077636984949126
17 38 -0.2806359678417947
17 39 0.27087237489189775
17 40 0.7427132459710255
17 45 -0.976688902300674
17 46 0.3115441372086776
17 35 -0.5291849731569527
17 36 0.12011091464814294
18 37 0.2467399862233881
18 38 -0.6163792905737113
18 39 0.5845991956709407
18 40 0.008626784490107342
18 45 0.10955636122589096
18 46 0.9886906715157833
18 35 0.5389900372482821
18 36 0.034373530708046385
19 20 0.19532773938701187
19 45 0.6477658552909917
19 46 0.3224755110900892
19 35 0.004855042531586529
19 36 -0.3824546925545358
20 45 0.30877762123573915
20 46 0.506574529188736
20 35 -0.5673170046192568
20 36 0.09175952267130216
21 22 0.910019131990363
21 33 -0.10686332111161834
21 34 -0.33886258747259324
21 35 -0.1830982051881025
21 36 0.7239596414795777
22 33 -0.5802421023976438
22 34 -0.8233840492750661
22 35 -0.20885614256516827
22 36 -0.08823995417135966
27 28 0.8426819708555777
29 30 -0.10458831033180394
31 32 0.4116528177289187
33 34 -0.9037534206311981
35 36 -0.7244833000260493
37 38 -0.4929339673478921
39 40 -0.9301632905222839
41 42 -0.9992290320481301
43 44 -0.8860508328068835
45 46 -0.047141790341577616
