# 
1 1 0.918589021308326
2 2 2.3922151049146163
3 3 0.26522353269354376
4 4 0.7898712591351128
5 5 -0.4121948587395672
6 6 0.3510068404168277
7 7 -1.2438559270026393
8 8 0.7900319296195634
9 9 -0.5935820369154392
10 10 0.4412859798089108
11 11 0.9090111237887244
12 12 -0.059900984310357626
13 13 -0.7135775571196137
14 14 1.173340267153352
15 15 2.792618738104027
16 16 0.13241616277195103
17 17 -0.658600770604801
18 18 -0.1121367845369351
19 19 1.7569713380042966
20 20 -1.6891726937633647
21 21 0.25803510179546973
22 22 -1.494030539267147
23 23 0.04429794761011932
24 24 -0.33379074979816287
25 25 0.5471775016518732
26 26 0.11331646604773307
27 27 -1.7556774634974261
28 28 1.0796727734262082
29 29 -1.2978394387661778
30 30 -0.14536846172814272
31 31 0.7918569979839934
32 32 -0.5574751621458864
33 33 1.3340021600092098
34 34 0.5935274915951395
35 35 -0.23431030664894262
36 36 0.8178644567431047
37 37 0.39324187303042707
38 38 0.5035616146303067
39 39 -1.3973933102154115
40 40 0.8790019162671602
41 41 -1.4190397955117648
42 42 -1.793268569578714
43 43 -0.26185438410088235
44 44 1.4852824682066694
45 45 1.3415198777524908
46 46 0.5022941126781915
47 47 0.8361378869863497
48 48 0.3285579221313048
49 49 0.18465201608941487
50 50 -1.9629937675361675
51 51 0.8261737212662801
52 52 -0.5038980519496234
53 53 -0.6885397966043457
54 54 -0.9720693826071116
55 55 -1.1416595448891802
56 56 -0.6717087493589026
57 57 -0.3098505499712549
58 58 0.9731180195767182
59 59 0.2677341861198569
60 60 -0.5057092266268842
61 61 -0.7059860938974505
62 62 -1.4608230357267766
63 63 -0.6699473864271039
64 64 1.3679480069443035
65 65 -1.6156160448485082
66 66 0.2637134786928991
67 67 0.9274321649743374
68 68 1.7508147734769863
69 69 1.783500591205677
70 70 -0.14373102904595772
71 71 0.23015909800176754
72 72 -1.4623548197195324
73 73 -0.4929402336421887
74 74 -0.5330415541672032
75 75 -0.928508475802904
76 76 0.697997721618298
77 77 -0.11921488788724156
78 78 -0.8123480932048724
79 79 1.4494845716299245
80 80 1.4258781650736112
81 81 0.18915983519279342
82 82 1.1558506041943293
83 83 -0.5178000917244346
84 84 -1.9249006156183965
85 85 -0.8056029065214779
86 86 -0.09320670431878278
87 87 -0.11472101337764262
88 88 0.7504722455691715
89 89 -0.2592961145418806
90 90 0.5308016994975061
91 91 0.5793835184371693
92 92 -0.6126325216387808
93 93 -0.8675676832159077
94 94 -1.4391366025694208
95 95 0.01599091570968861
96 96 0.692363004538715
97 97 -0.12282309615268033
98 98 0.44434579715950995
99 99 0.4385767761996187
100 100 -0.3058167413913174
101 101 1.1563601355941897
102 102 -2.0638880426785984
103 103 -1.061865415998018
104 104 0.8573013464728865
105 105 0.0058904675018525065
106 106 -1.1571184432773665
107 107 0.5621140372288047
108 108 0.11015804096639721
109 109 -2.0368057091514444
110 110 0.15291339181192706
111 111 -0.08220535171984174
112 112 0.7137752329689561
113 113 -0.4036755315221319
114 114 0.669142931824638
115 115 0.32122036285584726
116 116 -1.1344673359778406
117 117 -0.2998915766943656
118 118 -0.4118590600435786
119 119 -1.5200514886447125
120 120 1.367776305071756
121 121 -1.5797658486234574
122 122 -0.4645487798763704
123 123 0.36129223700774443
124 124 1.8837206089230638
125 125 -1.186220447854597
126 126 -0.9162794904917133
127 127 -0.47748187802363246
128 128 -1.971476443709316
129 129 -0.8996519445938229
130 130 0.7868225103723847
131 131 -0.42500533024844517
132 132 0.2013487618796111
133 133 0.7163746707330733
134 134 0.2686760590583384
135 135 -0.014503488942611095
136 136 1.7359036859779713
137 137 1.755261963538579
138 138 -1.1660282722220745
139 139 0.15530210380094414
140 140 0.15173930206550978
141 141 -0.3910142581860643
142 142 -1.6580275332458763
143 143 -0.2808591549704432
144 144 -1.8387146762175286
145 145 -0.8462129652417805
146 146 -0.5465713404875081
147 147 -1.4444761675254092
148 148 0.4924705153417927
149 149 1.704553882365402
150 150 -0.15920553269998106
151 151 -0.7311724369973535
152 152 1.3036812574947678
153 153 -0.8315466711979238
154 154 0.6866992028193989
155 155 1.4008955050116596
156 156 0.596997518110401
157 157 1.4416727115688361
158 158 -1.2102458308528186
159 159 -1.6016698189098344
160 160 2.7730092282975662
161 161 0.4061288769050206
162 162 0.49278929546488554
163 163 0.09692369063926015
164 164 0.5580133191476843
165 165 -0.5931726673412475
166 166 -0.15092102267881602
167 167 1.4554317929462177
168 168 -1.997374609418384
169 169 -0.013901927549944149
170 170 -0.9136138259793537
171 171 0.5385875234701395
172 172 -1.273705209237913
173 173 0.30766789114627136
174 174 -0.6281518085833515
175 175 -1.2760255698220222
176 176 2.346572320850029
177 177 0.9238371806113563
178 178 0.6578513502145839
179 179 0.6364137818829548
180 180 0.6739869001824005
181 181 0.23304234910073557
182 182 -1.2164963952538184
183 183 -0.5675315218226185
184 184 0.4622749855671661
185 185 -1.57764189075215
186 186 0.09409411446596302
187 187 0.5338026953642635
188 188 -2.0869102960967005
189 189 -1.7543572740802091
190 190 -1.20307959277786
191 191 -1.3060561101702854
192 192 1.4523738866604423
193 193 0.015215725873513605
194 194 1.0110648105349074
195 195 -0.1336097926498324
196 196 0.50907801997078
197 197 1.091715666007812
198 198 0.048411442294035545
199 199 0.8455265981272203
200 200 -0.26581149201316484
201 201 0.8305156217848851
202 202 -1.3516360062850938
203 203 -0.41012155828962016
204 204 0.1600935448306615
205 205 0.5586977574247385
206 206 -0.8592819178529381
207 207 0.8755081391699945
208 208 -0.044603234583086404
209 209 -0.8865681552380478
210 210 0.5157747602645744
211 211 0.6843559958646276
212 212 -0.8891724003270863
213 213 -0.37477039693106046
214 214 0.04577004684534038
215 215 -1.2617489025599995
216 216 1.30493138037271
217 217 -0.43078068266203184
218 218 -0.17304376920876072
219 219 -0.6462474049098986
220 220 1.1107221304367219
221 221 1.4101391649536132
222 222 1.3467478160136035
223 223 0.11828352162746844
224 224 0.5548160004896723
225 225 -0.34429809869512135
226 226 -1.1001359499759755
227 227 0.6613017656313678
228 228 -1.4542503932499788
229 229 -0.7279034642126311
230 230 1.7212744357942216
231 231 -0.6493386856677014
232 232 -0.878729275947036
233 233 -0.7450348146066802
234 234 -0.594924168002815
235 235 -0.2606424361952402
236 236 -1.0534908121501567
237 237 -0.09834657082894918
238 238 1.9387056859516998
239 239 -1.9381943652565976
240 240 0.2893956643366576
241 241 -0.15679016617470443
242 242 -0.44559336031854174
243 243 -0.14994796010846956
244 244 0.4113937784672179
245 245 0.9385138155669561
246 246 0.28665334239904944
247 247 -0.5896402199696035
248 248 0.23087120362271196
249 249 -1.6754151329975062
250 250 0.1886233938692069
251 251 0.22926368295911734
252 252 0.11697199047131052
253 253 -0.6963764370600392
254 254 -1.3725273910543296
255 255 -1.4369934538443803
256 256 0.6774897966105453
257 257 1.0337846559119166
258 258 0.16012607615307334
259 259 -1.1405517608120799
260 260 1.2912907023341427
261 261 0.8857293682669337
262 262 0.8566442213122952
263 263 0.8993551972224229
264 264 0.45903319851149965
265 265 -1.564083732291794
266 266 -0.6195925644834293
267 267 -0.3145840438028204
268 268 0.44741486661911795
269 269 0.7796600972591483
270 270 0.2377015333205626
271 271 0.1828111289949368
272 272 -0.07220673639612553
273 273 0.6290116436248872
274 274 0.7475827076756665
275 275 0.08853091017569281
276 276 -0.5395720385947811
277 277 -0.3169811754384054
278 278 0.6678679335562717
279 279 0.5913808470218034
280 280 2.3617292659429943
281 281 -0.5458870598281983
282 282 0.8366158001808374
283 283 0.07062453869642593
284 284 0.20098139808314713
285 285 -1.2956549378036257
286 286 -0.020278284480795026
287 287 -0.31789672139238656
288 288 -0.7252930885824977
1 2 1.2386605391668413
1 4 2.421783701643644
2 3 -0.694488387767362
2 5 1.1930715589049237
3 6 0.14621760780538565
4 5 -1.182998279506724
5 6 0.17560337481265087
7 8 0.9684950718081548
7 10 -0.10006140549728239
7 157 0.9523827958315922
7 160 -1.442866456933163
7 163 -1.0028483833151918
7 166 -0.13148018475056722
8 9 -0.1824663060934302
8 11 -0.14403051976115577
8 193 -1.238024473157251
8 196 0.12529543704991902
8 199 -0.7459880387289769
8 202 1.285431476505442
9 12 0.6317497402772118
9 229 -0.24741545249146238
9 232 -0.17245638784076367
9 235 -1.7073521192945789
9 238 -1.5575225735939768
10 11 -0.52225176994941
10 157 1.3081610859907673
10 160 -2.7430305707908174
10 163 1.0864065006610562
10 166 -0.48277651612957706
11 12 -1.4995002549147824
11 193 0.01911548611883901
11 196 1.321162621652924
11 199 0.12509396193270178
11 202 0.24984962144030262
12 229 0.2007459243079502
12 232 0.49824482803266107
12 235 0.5255544989898293
12 238 -0.22396433020656306
13 14 0.45643833958998986
13 16 1.3308777302681445
13 193 0.7510656931862556
13 196 -0.44640755608999616
13 199 0.06048481536908125
13 202 1.7591196354857528
14 15 -2.0345710052437163
14 17 0.5826526274850639
14 229 0.7471103297353164
14 232 -0.38788368813543844
14 235 0.8343858520281373
14 238 0.9897725858415259
15 18 1.0857057746251286
15 265 -0.4704925438616003
15 268 -0.36590351533009824
15 271 -0.32682492035652533
15 274 0.9184003635567595
16 17 1.3554551276426976
16 193 -0.20113040987091438
16 196 0.8730685185671935
16 199 0.9044061837382217
16 202 0.2060612619425119
17 18 0.6643597146985853
17 229 0.9663066305712084
17 232 -0.2258737187162242
17 235 -0.1550024805771031
17 238 0.07998273124785352
18 265 -0.4511713985224959
18 268 -0.3694336714082526
18 271 -1.0392429120821787
18 274 -0.1311914451183574
19 20 1.42094621585464
19 22 0.028517739020133204
19 181 0.9103813561002507
19 184 0.04054375876325148
19 187 -0.3453495064660372
19 190 0.43801861656896907
19 193 -0.8503321764973911
19 196 -0.8296925373632924
19 199 -0.34804663605244746
19 202 1.440613481372486
20 21 0.3066918153657653
20 23 -0.43271566151854773
20 217 -0.06164189707105449
20 220 0.06393473916461358
20 223 1.2012163381343943
20 226 -1.5995294115041108
20 229 0.6432174111305763
20 232 -1.5382567018650788
20 235 1.187930612154451
20 238 0.4120947058669859
21 24 -2.397679964710574
21 253 0.4148538992784525
21 256 -0.5240249318275568
21 259 -0.30059594187973937
21 262 -0.5060965118066151
21 265 -0.741427994150399
21 268 -2.0491797060814236
21 271 1.6254422333798721
21 274 0.22337472527346805
22 23 -0.6434965860591806
22 181 0.0731642693108606
22 184 -0.08851529641633138
22 187 0.9441767492458328
22 190 1.0148232326009305
22 193 -0.35884344273836416
22 196 -1.6460039925809307
22 199 0.6237650138370553
22 202 1.4655491928116102
23 24 -0.5893798549729939
23 217 1.4564523679084231
23 220 -1.1566431627815965
23 223 -0.2949425451930758
23 226 0.958426692306863
23 229 1.1079023409892592
23 232 1.0838950990034997
23 235 0.620600748521588
23 238 0.34419698115157915
24 253 -1.426194867209477
24 256 -0.13024963942848974
24 259 -0.21738535501431902
24 262 1.3942325567784897
24 265 0.04486726312795234
24 268 0.10660008158108378
24 271 0.7626310288557657
24 274 0.2807982512128052
25 26 1.0278559983569144
25 28 0.25001629493722877
25 181 -1.1613422561915165
25 184 -0.16606521581404765
25 187 1.0363480098467237
25 190 0.19871155311887848
25 193 0.5906562826556007
25 196 -0.28833846256047796
25 163 1.0394839416649648
25 166 0.677069673390037
26 27 0.12241828092754653
26 29 0.6203964649864149
26 217 -1.5016798367698783
26 220 -1.5583741034847753
26 223 0.3736748968044122
26 226 0.5023943588385059
26 229 1.5660741355886985
26 232 -1.8172272948129624
26 199 1.3149117978136318
26 202 0.07478133467970129
27 30 -1.932301984888121
27 253 0.7589657605542376
27 256 -1.2816239933517408
27 259 -0.591602297819132
27 262 -0.742578912226203
27 265 -2.5285036123657485
27 268 -0.16477173833149716
27 235 0.43786290269112593
27 238 0.030666633397775082
28 29 1.2433014792245831
28 181 -0.9584322094941281
28 184 -0.8146562745309877
28 187 0.10001717095501618
28 190 -0.6568682098657046
28 193 1.5362422542868943
28 196 2.7999885297408724
28 163 1.592203506900065
28 166 -0.04007861326490843
29 30 -0.4052844597290817
29 217 -0.48838255991098256
29 220 -1.2349311544764683
29 223 -0.23770434339146662
29 226 0.2440489334096771
29 229 -0.28607710169648987
29 232 0.3566924485895591
29 199 0.2978450767093133
29 202 -0.2827758585215816
30 253 0.660762225353269
30 256 1.06847866096179
30 259 -0.6551208183971886
30 262 0.7045868102162964
30 265 -0.20953677830142622
30 268 -1.4609040050147972
30 235 0.5705303581517802
30 238 -0.5779856648364963
31 32 0.7303668702565833
31 34 -0.9359287528461707
31 181 -0.5702510067138874
31 184 -1.2969186149818932
31 187 0.9585832013775237
31 190 0.31994988504004596
31 193 -0.9488633836240468
31 196 -0.0919199619952369
31 163 -0.08142418167200251
31 166 0.22688157253721272
31 169 0.614112369302419
31 172 1.5819164408202817
31 175 0.08932156445794108
31 178 0.11925301555702704
32 33 -0.8364235396702133
32 35 0.010796568372976713
32 217 -2.0481989666409124
32 220 1.7228148390847369
32 223 0.8890396951863715
32 226 0.744164304109007
32 229 0.506066557882812
32 232 0.4051300941545653
32 199 0.3932508171466882
32 202 -2.0079624552759814
32 205 -1.1030320339624584
32 208 -0.5988599725848552
32 211 0.46283335324977
32 214 -0.18303124366280124
33 36 0.4850239132293566
33 253 -0.5249705992300109
33 256 -1.0028300386319158
33 259 0.805070377701898
33 262 0.08639911439200545
33 265 0.2840258432843096
33 268 0.7972787579526553
33 235 -0.7336666911721269
33 238 1.259914797917259
33 241 -1.5114452917643286
33 244 -0.6452557285539441
33 247 0.7502893454371983
33 250 -0.9829618833812749
34 35 -1.474769704794252
34 181 -0.2912453305549137
34 184 1.123699235127326
34 187 -1.0069953236605946
34 190 0.9005698576839358
34 193 1.0630700185262132
34 196 0.12050296662230119
34 163 0.6325246668158696
34 166 -0.6052168362848938
34 169 -0.22516068824291838
34 172 1.554907377118528
34 175 -0.5711685861699983
34 178 -0.1399733657601847
35 36 1.0215121629766861
35 217 -0.0057497175694148405
35 220 1.9480354498731407
35 223 1.281860906100156
35 226 0.7252191804399813
35 229 -1.6863527846192692
35 232 0.8347546115025204
35 199 -0.4324400668182013
35 202 0.06262318672866136
35 205 0.24330547277287085
35 208 -0.11361493619452627
35 211 0.5037867771368901
35 214 0.04946069600474527
36 253 -0.08906465615148589
36 256 1.3697016825360946
36 259 1.891145361385926
36 262 1.0701794419042907
36 265 -0.8632218674298817
36 268 0.07677170383635812
36 235 -1.1745618692244184
36 238 0.7715614654587648
36 241 0.3129296998884501
36 244 3.2217097697337254
36 247 0.7043985215184835
36 250 0.04320994176897748
37 38 2.1316435003182854
37 40 0.9186379043158476
37 181 -0.13441022489373722
37 184 -0.746326788484577
37 151 0.04050726691203087
37 154 0.38385492691146256
37 157 -0.9607808788741461
37 160 0.8242642751192825
37 163 -0.36094373521111545
37 166 -1.0732296382511823
37 169 -1.1561611097794453
37 172 0.6545078294177507
37 175 0.9131790795481008
37 178 2.0466968299168418
38 39 -1.3493558401962695
38 41 -1.0952926519817527
38 217 0.5120875938654317
38 220 -0.23556091683941038
38 187 1.6754640441329842
38 190 0.8095948635815609
38 193 -0.018968660066817623
38 196 0.1944305402996715
38 199 -0.4350987223566279
38 202 -0.13643385568312638
38 205 -0.06982113052501934
38 208 -0.19505059190629376
38 211 -0.35625458061839255
38 214 -0.0927454510529858
39 42 1.078913371105758
39 253 -0.47744059237792974
39 256 1.221985411680097
39 223 0.5038676599774397
39 226 -1.355524151890161
39 229 1.7147300227565545
39 232 0.11094243400402083
39 235 -0.7993995517187105
39 238 1.1318018050903205
39 241 0.21544479140531028
39 244 1.574253573545327
39 247 0.2357349615562156
39 250 -0.07922306988464235
40 41 0.26056621637608307
40 181 0.5422805721773515
40 184 0.20151058607369896
40 151 -0.3962389032915861
40 154 -0.9107459321087222
40 157 -0.07099624212811224
40 160 -0.3374314153150281
40 163 -0.22187122654029762
40 166 0.9300763123312163
40 169 -0.9614459150321841
40 172 0.16776832928917323
40 175 -0.6791141836442565
40 178 -0.20589862430585207
41 42 2.155573529246848
41 217 -0.6166367656647525
41 220 0.27651789501729934
41 187 -1.3738383185862644
41 190 -0.028221147885848986
41 193 0.00015242535564766798
41 196 -0.4552223495471832
41 199 -1.4138479978931562
41 202 0.21255309544945203
41 205 -1.1637231735155324
41 208 0.45200531481069395
41 211 -0.2997752670706101
41 214 -0.42841355826831595
42 253 -0.7496756286194147
42 256 2.0883209627335857
42 223 -1.113638615512682
42 226 -0.5091160224782892
42 229 -0.24561074125800653
42 232 0.8727727896100491
42 235 0.697152637634855
42 238 1.878154355712898
42 241 -0.5387838495809137
42 244 0.17992982650324876
42 247 1.3153330052482697
42 250 1.9970167063804247
43 44 0.087228722532934
43 46 1.3675366118484267
43 181 0.05005832721464681
43 184 0.10677114816307409
43 151 -0.4548601569855897
43 154 1.6754845372465965
43 158 0.670253087815769
43 161 -0.7775508250064073
43 164 0.19365662319037513
43 167 0.2050039439800882
43 169 -1.0264352465687838
43 172 -0.12450561183271082
43 175 -1.8938813785690383
43 178 -1.195507049565821
44 45 1.10774211214208
44 47 0.7426658101786733
44 217 0.24670612077602908
44 220 0.2524250234956846
44 187 -0.1070763327470768
44 190 -1.616799866923765
44 194 0.1458287634011887
44 197 -0.5261788918162084
44 200 1.079544925309621
44 203 -0.42465859727625305
44 205 -0.4295751528006575
44 208 -0.5456519022822399
44 211 0.2663484612422673
44 214 -1.579462415588512
45 48 -0.17742243867681137
45 253 -0.8118110918815734
45 256 -0.4896080479824032
45 223 -1.7019128140094593
45 226 -0.10393029009684901
45 230 -3.1095929270396803
45 233 -0.1655649045715977
45 236 -0.005820730724658949
45 239 0.29366517446457635
45 241 0.5753964825849748
45 244 -1.7809748888933987
45 247 -0.4243940556846403
45 250 -0.20347104035238817
46 47 1.9867747974929308
46 181 -1.052842869312806
46 184 -0.0880102950066785
46 151 0.1285674395040586
46 154 -0.1910035360295821
46 158 -0.6174071100325754
46 161 -0.6207299991191375
46 164 0.29658298993394355
46 167 0.7317824116524857
46 169 -0.7029242786118006
46 172 0.1010835323196151
46 175 -1.528571754558404
46 178 1.148398525074826
47 48 -0.6825587195159072
47 217 0.42687749705905575
47 220 0.5767980679190909
47 187 0.6287980504943207
47 190 -0.12259000506286878
47 194 1.185625955367494
47 197 0.2002485848635058
47 200 -0.1058733973821115
47 203 -0.732480877099223
47 205 -0.2755259378536518
47 208 -0.08449853942465646
47 211 0.16242750010588244
47 214 -2.4432735465380566
48 253 1.0811891255459203
48 256 0.39413852651814196
48 223 0.971558525585931
48 226 0.6720237626359783
48 230 0.6382574840055225
48 233 0.006185568468722158
48 236 -2.3713363972934682
48 239 -1.0029915006343217
48 241 1.4213420962674737
48 244 1.7077477501157348
48 247 -0.8680935729977912
48 250 -1.0357882485097092
49 50 -0.7164440490445221
49 52 2.607873966910401
49 181 -1.0918057149540823
49 184 -1.7242997345459865
49 187 -0.22683888123101864
49 190 -0.6703062546198421
49 194 0.9875864433720227
49 197 -0.5728476967898378
49 200 -1.3343436868272534
49 203 -2.0256107384613786
49 205 -0.6320893020303752
49 208 -1.4263855655928275
49 175 0.014477586935511504
49 178 -3.5338924112738734
50 51 0.09672600702755356
50 53 -1.5798642087383161
50 217 0.5822857753166634
50 220 -1.311160953747349
50 223 1.0948046335262578
50 226 0.004751843384338998
50 230 -1.1305109509162279
50 233 2.0915785420619724
50 236 -0.2881915879691994
50 239 -1.8653606573046781
50 241 0.020086012624708924
50 244 -0.5453351684215497
50 211 -1.7618322017916659
50 214 -0.6820500363095426
51 54 -1.4668001912512088
51 253 0.1619417889021318
51 256 -0.4559921216884608
51 259 0.8406255117002278
51 262 0.2927874468683175
51 266 -1.5318913506502936
51 269 0.3671963463083233
51 272 -0.05241139142694202
51 275 0.3357034886182703
51 277 0.3996505879928634
51 280 -0.690835360223812
51 247 -0.28100834514820433
51 250 -1.2086233652053031
52 53 0.02741242415618109
52 181 1.9681139164443295
52 184 0.42401411662695554
52 187 -1.1964267785011007
52 190 0.7400443292129717
52 194 0.11227898529542682
52 197 0.5171163159413817
52 200 -1.7865807584337998
52 203 -1.4372686154955663
52 205 0.9527991353082008
52 208 -1.0218264814504163
52 175 -0.14336673608105407
52 178 0.5144251619362166
53 54 -0.4725223706775677
53 217 0.027740321296935017
53 220 -1.2171424890787128
53 223 1.3907246802972986
53 226 1.1132289754143059
53 230 -1.7991653281677662
53 233 2.513237569771152
53 236 -0.3137918666839256
53 239 1.643439691152836
53 241 -1.0915163438100006
53 244 -1.929023545732814
53 211 -0.1141425799113575
53 214 -0.6104084106924755
54 253 -1.9917091213410765
54 256 0.3422615323880773
54 259 1.254966280718254
54 262 0.4363525278021485
54 266 -0.6267184122481847
54 269 0.5001597300996244
54 272 -0.8986964455947095
54 275 -0.9662275459106626
54 277 -0.0020063263123525988
54 280 -0.9288406745212264
54 247 0.11498387180672584
54 250 0.1787349312074345
55 56 1.8477317128795643
55 58 0.03847546120328505
55 182 -0.2977236784575689
55 185 1.8530981047771393
55 188 -1.497142400823248
55 191 -1.098506442620767
55 194 0.5155291485263093
55 197 0.01841867255613102
55 200 -1.3024199595936428
55 203 -0.10775730000481422
55 205 0.023656234103156194
55 208 -0.8662940535460151
55 175 0.7993351255395964
55 178 -0.8841351663416402
56 57 1.474662987836212
56 59 0.44508628079185925
56 218 -0.5407781669478697
56 221 -1.0801413176525845
56 224 -1.521401730894073
56 227 -0.9061979799050522
56 230 -0.2177334144587919
56 233 -0.8811717567512332
56 236 -0.6385474894596851
56 239 -1.2623329559444463
56 241 -1.1296271910069864
56 244 0.8591087045553673
56 211 -2.8106293835878287
56 214 -0.13438703297500335
57 60 1.117425145928489
57 254 -0.5763082408486456
57 257 0.9537499828011197
57 260 -0.5650921702027857
57 263 1.4875911556445687
57 266 -0.7139050083589757
57 269 1.270626837089118
57 272 0.059996493684733025
57 275 1.0979247619142196
57 277 -0.054611357097945915
57 280 -0.3534987095051762
57 247 -0.011191146283698196
57 250 0.7395620745232888
58 59 -1.7167046032702074
58 182 -0.44943081372182764
58 185 1.0761514515011232
58 188 -1.3735559544058245
58 191 -0.8844829506443483
58 194 -0.6500982062950553
58 197 -0.8632374602503099
58 200 -0.37692003092417703
58 203 2.151532669737108
58 205 -0.9102742461743892
58 208 -1.1144042170283364
58 175 -0.668965820681116
58 178 0.44210706948210193
59 60 0.08776430771776857
59 218 0.8606677381685762
59 221 0.7481820396560873
59 224 0.25419034505081145
59 227 0.7731981504620007
59 230 0.0523455038194603
59 233 1.3697475157591767
59 236 -1.4376433609364383
59 239 -0.4788585437733279
59 241 0.4372430307468144
59 244 1.997643498227368
59 211 3.053665006316153
59 214 -0.09796682048189574
60 254 -0.29252328033226377
60 257 -0.30222436928647983
60 260 -0.024455167226597616
60 263 -0.6212739782214987
60 266 0.3714516190091139
60 269 -0.5831377050667551
60 272 0.12192623329417514
60 275 0.18477208746197993
60 277 -0.1857473358359583
60 280 1.0277935685953277
60 247 0.6373715690467607
60 250 -1.1363623868697104
61 62 -0.8838549646439878
61 64 -1.0283582883356621
61 182 -0.687165432358791
61 185 0.5744134228351756
61 188 -0.6093960365796417
61 191 -0.43871653354114615
61 194 -0.5740659275244047
61 197 -1.2393584974482317
61 164 0.2615193673597959
61 167 0.5049419600567762
61 169 -1.0861052749701745
61 172 -1.9192301117189792
61 175 -1.5735405512513927
61 178 0.011449314050535479
62 63 1.3471597717116337
62 65 0.8153444651215277
62 218 0.5254694469768568
62 221 1.0106254246772373
62 224 -0.04345685550924854
62 227 -0.23896609475317013
62 230 -1.4089556267040013
62 233 -2.501142306402348
62 200 -0.5896334783179652
62 203 0.6358103504823163
62 205 0.11038314218532999
62 208 -0.31594711738190245
62 211 -0.0031299420709293537
62 214 1.541178426728473
63 66 -0.6173856942230935
63 254 -2.8366080507618685
63 257 0.6693550187038264
63 260 -1.3269016750441787
63 263 -1.3083023394671187
63 266 1.1714948098902742
63 269 0.507307701958845
63 236 1.581252564941044
63 239 0.7656417471298098
63 241 -1.1825495084660076
63 244 1.1207151376406057
63 247 0.5563637955151391
63 250 -2.0151928464498043
64 65 2.518217843695268
64 182 0.023720888618495688
64 185 1.0727901708984948
64 188 0.15579350608803905
64 191 -0.38632739147395734
64 194 0.4374033262174786
64 197 0.3875267381183713
64 164 -0.6723838010361193
64 167 -0.49707676812457674
64 169 0.8352219523099731
64 172 0.30542375073173583
64 175 -0.38116963073752247
64 178 1.7969357533104355
65 66 1.1883997520015661
65 218 1.3353794975394115
65 221 -1.5221166886429283
65 224 1.062534752422685
65 227 -2.7054026421447603
65 230 -2.085162874581019
65 233 0.12682274365433494
65 200 0.5235830503102141
65 203 0.21165686840175074
65 205 -1.801310625563375
65 208 -0.646461555539094
65 211 1.4699386673848562
65 214 -0.6187016824557947
66 254 -0.1535716051263714
66 257 -0.7985420512722117
66 260 -1.494139900164778
66 263 2.9128122914138435
66 266 -1.9050932069125086
66 269 -1.9735469282111755
66 236 0.019339702245390323
66 239 -0.599905350871829
66 241 1.1291408334078523
66 244 0.48278325729779853
66 247 -1.689309363038103
66 250 -0.2997482775865669
67 68 -0.33507564007580265
67 70 0.4508906140942102
67 182 1.1304143046258153
67 185 -0.20120063967191953
67 188 -0.7657013746969442
67 191 2.5735130638073587
67 194 -1.8346093202869493
67 197 -0.00858231151311865
67 164 -0.1023846243448878
67 167 -0.44973752260477323
67 170 0.2753404541723158
67 173 0.3995455474446471
67 176 -0.3141875505210641
67 179 -0.24652310103733363
68 69 1.5716654300060722
68 71 -0.8026981479762917
68 218 0.2770155273033866
68 221 -2.3849862522463448
68 224 -0.6513177142797898
68 227 -1.7253726227351718
68 230 -0.08890884235754257
68 233 1.419647996033197
68 200 0.01759932992803344
68 203 1.394355092119609
68 206 -0.13485212250069392
68 209 -1.7200744543156727
68 212 -0.263235354078779
68 215 -0.032837872773616265
69 72 -0.5002597936743161
69 254 -0.006289409419129873
69 257 -0.945136977952584
69 260 -0.7588785367790687
69 263 -1.178533604491861
69 266 -0.09302371635075138
69 269 1.7760722122448231
69 236 -0.5514440788880777
69 239 0.4440568628601837
69 242 -0.1741761111597544
69 245 -1.4696547838765748
69 248 0.8203288450467051
69 251 -1.3273123817630834
70 71 0.9281213248764357
70 182 0.5696676506429553
70 185 -1.0313413670555593
70 188 1.1317421732739141
70 191 0.31106427172591206
70 194 -0.33565600708810744
70 197 -0.7290246899869594
70 164 1.3284300769194661
70 167 0.11977269768324178
70 170 -0.3266970716894491
70 173 0.2489249014200082
70 176 0.22284110361635298
70 179 0.007886104479989673
71 72 -0.29472149205095166
71 218 -0.5487914021873344
71 221 -1.7442790987658967
71 224 -1.291703444191249
71 227 0.14741950927537237
71 230 1.882924997093981
71 233 -1.1179359260717308
71 200 -1.1491649299507216
71 203 -0.7445348867739687
71 206 1.4509725948528835
71 209 -1.436177512293232
71 212 1.6899072524300267
71 215 0.4268510718323991
72 254 1.6960909951232919
72 257 0.1704070768987439
72 260 -0.8586365342387153
72 263 0.3508469752505056
72 266 0.05333956302325871
72 269 -0.5714361010739061
72 236 -0.7017517973980243
72 239 0.6358596990604312
72 242 0.2702895255590465
72 245 -2.051454727024351
72 248 1.1282361529626994
72 251 -0.3688947078264753
73 74 2.0670792883753384
73 76 -0.7320712053513497
73 182 -1.2883020740877678
73 185 0.31335680141952177
73 152 -0.4091888426707419
73 155 0.22593720937374195
73 158 1.150573724736574
73 161 -0.0756356554764895
73 164 0.4796897368376914
73 167 -0.10422165346993116
73 170 2.2594068372461336
73 173 -0.3806031583038116
73 176 -0.7251260019031424
73 179 -1.1829487399902758
74 75 -1.4034856363845236
74 77 -0.3146561206222825
74 218 -0.9329604593966554
74 221 0.698089718794017
74 188 2.283731698404235
74 191 0.6511900818646125
74 194 1.1185298688199823
74 197 -1.4971624029861057
74 200 0.525055090711851
74 203 0.34056024320337364
74 206 0.006627569897859587
74 209 0.07329428562400112
74 212 1.488014978312995
74 215 0.814366315332237
75 78 0.7376950833000682
75 254 -0.10027616350972321
75 257 -0.6625318084587606
75 224 -0.27316236638094066
75 227 0.5559326864547698
75 230 0.694582663708844
75 233 0.26630688519573564
75 236 -1.6920791737775756
75 239 0.33993660835143114
75 242 0.5436219133515344
75 245 -0.9404880347898368
75 248 1.1050116252974558
75 251 0.2747539061529119
76 77 -0.12361029353678385
76 182 0.22949607626914245
76 185 -0.5878485721897183
76 152 -0.1606686569414033
76 155 -0.5704428078646621
76 158 0.6188851357406487
76 161 1.0134781383690858
76 164 -0.7999901528447061
76 167 -0.14268265896550764
76 170 1.4924128986522358
76 173 0.8965735694486563
76 176 1.1764562220550947
76 179 -2.058900841242035
77 78 -1.159686872620742
77 218 0.18129820130296093
77 221 -1.3554604357104507
77 188 0.8679389409842028
77 191 1.1224426444878213
77 194 -0.7028841910835788
77 197 1.4171615422113684
77 200 -0.3972368193910115
77 203 -0.025740606591739493
77 206 -0.02421159652967288
77 209 -0.27212342490332536
77 212 2.069574640750126
77 215 0.31100456077070326
78 254 0.18298370503070224
78 257 -0.45557437053121336
78 224 0.3703153369910737
78 227 0.691822748402289
78 230 0.6811075859244914
78 233 0.5566003004258141
78 236 -0.5867139129593906
78 239 -0.0891455364756256
78 242 -0.10684036981685353
78 245 -0.4179511553593942
78 248 -0.8528685841154366
78 251 1.2196959526302522
79 80 -0.4996758039541921
79 82 0.34634041029626694
79 182 -1.2155300864440262
79 185 1.8400980084794865
79 152 -0.10671669540007463
79 155 -1.6506893078421045
79 159 0.2492824317791025
79 162 0.4157541864817896
79 165 -1.4780712479343627
79 168 0.16996036484267715
79 170 -0.4843274350898959
79 173 0.5831307763191227
79 176 0.8173635985021536
79 179 -0.36492546007862753
80 81 0.09381472504086542
80 83 1.1200136495511597
80 218 -1.5329573465393191
80 221 1.1564611581354944
80 188 -0.007388056270556395
80 191 -1.5216096552525367
80 195 -0.5852808878090046
80 198 -0.5718470945747776
80 201 -0.33253456298568645
80 204 1.0943935800463729
80 206 -1.3767804391124694
80 209 -0.2533973653868273
80 212 -0.00881159009745193
80 215 1.6518382750495553
81 84 -2.873787319808575
81 254 1.132610992183081
81 257 0.4630291126005378
81 224 0.019079814451261445
81 227 -0.11752870586891134
81 231 -0.3485142001586821
81 234 -0.11275976278145874
81 237 -0.03056745571008092
81 240 1.092633141566303
81 242 -1.0340207436177722
81 245 -1.7674004092816902
81 248 -0.5259061208029776
81 251 -1.677180666449829
82 83 -1.3658617094059293
82 182 -1.2761180450463991
82 185 -1.5301956878527398
82 152 -0.4716424716711809
82 155 -1.5021845425889764
82 159 1.101279278705895
82 162 -0.581584783780247
82 165 -0.4089846024241205
82 168 0.46163950149484545
82 170 0.10123559965039901
82 173 0.7622080824086481
82 176 0.4464658618333398
82 179 0.8100805538944149
83 84 0.21884182730213914
83 218 -0.9505741780542688
83 221 -0.007702522991707653
83 188 -0.923297440351243
83 191 0.9411422276824619
83 195 0.32343015950594084
83 198 -2.026291084875341
83 201 1.2495923592908575
83 204 1.7403285246720104
83 206 -0.5379169518067916
83 209 -0.8237875796332913
83 212 -0.6851001168492143
83 215 -0.3895886945640802
84 254 1.2669767356746482
84 257 0.5081172416726075
84 224 0.8073488935027837
84 227 0.4369286954803586
84 231 0.4529672753009926
84 234 1.0764736873436576
84 237 -0.41755069913414655
84 240 -0.14578160663552805
84 242 0.5324500833029894
84 245 0.7700516059218214
84 248 -0.7225201214570276
84 251 0.7864188604586357
85 86 0.4303251675394553
85 88 1.05466535046479
85 182 -0.7115391281157422
85 185 1.0481647407351689
85 188 0.36868086637951847
85 191 1.761388503951803
85 195 0.7434497579188688
85 198 0.4002994250352126
85 201 -0.5461901397234584
85 204 -0.4430592596322383
85 206 -0.5598139324538415
85 209 -1.9853735471250342
85 176 1.3255420195093282
85 179 0.3858872904001823
86 87 -0.5106446208445772
86 89 -0.550323639580058
86 218 -1.3667484778611565
86 221 0.42505901589860867
86 224 -0.4209214098316444
86 227 0.7466251098181891
86 231 0.9436276304097853
86 234 -0.4796848388807786
86 237 1.0373593027520436
86 240 0.4645139613576992
86 242 -0.02774940503792453
86 245 0.6537792230121311
86 212 -0.22576082992037488
86 215 -1.5773985730954723
87 90 0.5972368565511846
87 254 -0.2628654008247701
87 257 -0.7970740928883934
87 260 -0.16175224156001303
87 263 -1.2919025523252896
87 267 0.44807791972090216
87 270 1.3804231346748865
87 273 0.07422374632677375
87 276 -1.0738821052267655
87 278 -0.055697228106370594
87 281 -0.1501096085100698
87 248 -0.6743178160848988
87 251 -0.4756445637878451
88 89 -0.9663844966438794
88 182 -0.21773463214533476
88 185 0.702222875597791
88 188 0.9701905747470657
88 191 2.0781769738591156
88 195 -1.3006929545633246
88 198 -0.6665537416490412
88 201 1.0301556965828886
88 204 1.1079894851091243
88 206 -1.4357147257046656
88 209 1.126881804277224
88 176 0.5240656220037322
88 179 -0.18351180503340145
89 90 -0.31536640540458005
89 218 0.46909990087261055
89 221 1.0119872221243804
89 224 -0.1242499617283796
89 227 0.7868009774865449
89 231 1.3316375041366981
89 234 1.6341293754259962
89 237 -0.5760852201046537
89 240 0.23077964183351954
89 242 -0.8994648340212923
89 245 -0.06227307697386487
89 212 1.0546308947705194
89 215 -0.1472844549277487
90 254 1.0713090554867868
90 257 -0.6144860631975381
90 260 -0.8738861709106553
90 263 -1.1362948563750201
90 267 1.3720652608609758
90 270 -0.3252987459698973
90 273 -0.2608210002828084
90 276 -0.5981219584906861
90 278 0.49111502291350073
90 281 1.444023055717073
90 248 -0.3461680454922427
90 251 -0.13575319456196835
91 92 -0.7085093455757923
91 94 0.13959936291742517
91 183 -1.4916825308976878
91 186 0.6494511127558376
91 189 1.1007121534995257
91 192 0.635468151214191
91 195 -0.9372241656690034
91 198 -0.1861271738464263
91 201 0.08096067836175135
91 204 -0.34395372589036854
91 206 -0.7020081682943926
91 209 -1.3519900587879432
91 176 -0.4543349272393742
91 179 0.2894279685182149
92 93 0.15163526800324637
92 95 -0.3990275455382736
92 219 0.35136685366831044
92 222 -1.0210042313215755
92 225 -0.6717751611836857
92 228 -0.03211380716377313
92 231 -1.2726139158351821
92 234 -0.21805863524146388
92 237 -0.8785889232018632
92 240 2.2558930131520136
92 242 0.48268751465041837
92 245 -0.43007009756643255
92 212 2.0565051325380974
92 215 0.3709597684033047
93 96 -1.3700219940967684
93 255 1.0888168336453459
93 258 -1.1883287565024447
93 261 1.3261300942251644
93 264 -0.7976649734846075
93 267 -0.7535368976996982
93 270 0.376379502338344
93 273 0.35326101836991747
93 276 0.2849975778498808
93 278 -0.0545935187867721
93 281 -1.740795459184382
93 248 1.381027546271914
93 251 -1.9000471678863524
94 95 0.35394101925452237
94 183 -0.978654753084378
94 186 -0.4094849216909279
94 189 0.42552016878864624
94 192 0.11794532606852763
94 195 -1.436595373958386
94 198 -0.7305567227435612
94 201 -1.28688026634665
94 204 0.9743273160793002
94 206 -0.720124829654843
94 209 -0.09044022437030017
94 176 0.21710941936964231
94 179 -1.180994485488349
95 96 0.39526906793894573
95 219 0.5907921854173077
95 222 0.015212345320003179
95 225 0.13196112904514873
95 228 0.6047108240007943
95 231 -0.5036024257522752
95 234 -1.9111391823069468
95 237 0.7672892708025291
95 240 -0.5031591657125976
95 242 -1.0951656558911564
95 245 1.4994492575173466
95 212 -0.9522531811497906
95 215 -0.6303733565177903
96 255 0.18915070835774656
96 258 -0.60988453441014
96 261 -0.9302549306361224
96 264 -0.1497260547259009
96 267 -1.4650527560004631
96 270 0.35386006617669613
96 273 0.5215162186503096
96 276 -0.019042077518998342
96 278 0.8367575883782523
96 281 2.043403830257533
96 248 -0.7129550816828574
96 251 1.6364920177877451
97 98 -1.689961090941967
97 100 0.15833032242178693
97 183 0.2914207723926446
97 186 1.077429071424546
97 189 0.37634234562468283
97 192 0.7352857699800607
97 195 1.3027191110420167
97 198 -1.1749643123556446
97 165 -0.2461832549615116
97 168 2.7580912999278384
97 170 -0.1887054540994471
97 173 -0.7164493725599147
97 176 0.15459862168418487
97 179 0.6127796667882888
98 99 -0.29930982745604606
98 101 -0.32308801366553475
98 219 0.9290957619258644
98 222 0.201357812888779
98 225 0.3399303890013225
98 228 -1.6078354795027083
98 231 -1.1309932487272527
98 234 0.31705456550359795
98 201 -0.3384776767942197
98 204 -1.1769454859479112
98 206 -0.7420113676453026
98 209 1.3402927969119487
98 212 -0.6240133883763429
98 215 -0.5410312079944865
99 102 0.8369008080589837
99 255 -0.9883919260349096
99 258 0.8551926889732392
99 261 0.9883830337085818
99 264 1.004766100114428
99 267 -0.5989942496821311
99 270 -1.2241351862229872
99 237 -0.09093325333913739
99 240 0.4085932621342474
99 242 1.2171261914769074
99 245 0.5207919285861695
99 248 0.7215211209466239
99 251 -0.8136846658399929
100 101 0.6040859110947391
100 183 -0.44701970270460045
100 186 0.22729146703373476
100 189 0.5213532449079815
100 192 -0.2412720994619901
100 195 0.7056879402372627
100 198 -0.5523788195456146
100 165 -0.022924558660241002
100 168 0.2765886325196525
100 170 -1.2221079304196103
100 173 0.49539543458149854
100 176 0.9971048303762914
100 179 0.8509111172084354
101 102 -0.5357274681966995
101 219 1.2494620628703224
101 222 -1.7256286671383643
101 225 1.0026471511072774
101 228 0.22256917057559164
101 231 1.740650928695532
101 234 0.02699667765755559
101 201 0.7578174650111187
101 204 -1.2362943357286236
101 206 1.9352362166380785
101 209 0.5098247375364675
101 212 -0.4436083877572173
101 215 0.4919391548507014
102 255 -0.9773558318058487
102 258 -0.8803018106481353
102 261 -0.9764494692149017
102 264 1.4646802172713833
102 267 0.5470810938570665
102 270 0.35542616628103246
102 237 2.28569436688421
102 240 -0.8574092762938289
102 242 0.8355912840615625
102 245 1.124545500521066
102 248 -0.22196931885158347
102 251 2.567954035516661
103 104 -0.141595235870645
103 106 -0.019601207810959174
103 183 1.5460701574349724
103 186 0.3088370165389798
103 189 -0.900579916414406
103 192 -1.8589647696433125
103 195 -2.237203327296991
103 198 0.05477799694280923
103 165 0.5197097819242995
103 168 1.60294451677007
103 171 -0.1670694067604552
103 174 1.9289768565086967
103 177 -0.0035693590936043563
103 180 0.5088664501700297
104 105 -1.3729033229034553
104 107 -0.5272679653165213
104 219 -0.2547262482052453
104 222 0.6945901344378275
104 225 -0.6715374877823779
104 228 0.5161692673155431
104 231 0.34954832377986167
104 234 0.09855349100658183
104 201 -1.5083359696805676
104 204 -1.7859297322770977
104 207 0.18095583589214195
104 210 -0.6462980177708103
104 213 0.3758575588019416
104 216 0.7690655227587252
105 108 -0.6076607570667096
105 255 0.238376485856798
105 258 0.20634243233714802
105 261 0.9628658666099189
105 264 -0.2692176805765333
105 267 1.4466416210103341
105 270 -0.6585954896404032
105 237 1.3729420537172894
105 240 0.9995211518699375
105 243 1.1377962044613257
105 246 0.6510572559736082
105 249 0.22541685052204763
105 252 -1.110645098134353
106 107 0.6489420008885199
106 183 0.09695242317168974
106 186 -0.8134187802225342
106 189 0.6642272684130012
106 192 -0.7507318401263009
106 195 1.050660651886341
106 198 -1.1772398053678341
106 165 -0.10938275692087071
106 168 -0.6316923419646473
106 171 -1.120516252218857
106 174 -1.6147701914915313
106 177 -0.8565288177839289
106 180 -0.14097434156036429
107 108 1.04143305064314
107 219 -0.3383343756829135
107 222 1.391591191405413
107 225 0.6488633639317322
107 228 0.06576335554502294
107 231 0.5612067293248582
107 234 0.7649364786046043
107 201 0.9992806817735226
107 204 1.3962622206588722
107 207 0.29403499443979153
107 210 1.254609741384874
107 213 0.4207385246590218
107 216 0.5310795109062945
108 255 0.30556842522339966
108 258 1.2629730027196275
108 261 -0.5389096446119053
108 264 -0.12013005052082032
108 267 1.7189264354859934
108 270 -0.6405191419939378
108 237 -0.07487218337085913
108 240 0.3237008089249384
108 243 -0.6588329910031843
108 246 -0.3028380752357457
108 249 0.9967890735195862
108 252 0.3143423810994297
109 110 0.6737975362513394
109 112 -0.8581453818827409
109 183 -2.23917701876337
109 186 0.7357351817240837
109 153 -0.6134842295436996
109 156 -1.8774217354313143
109 159 -2.3665065702289985
109 162 0.23327579053449155
109 165 -0.9189755054309753
109 168 1.086700440954474
109 171 0.392316935793618
109 174 -0.38338520284760613
109 177 -0.5297217573386422
109 180 1.1972259358429151
110 111 -2.0107857167565637
110 113 -0.14445413701918552
110 219 -1.0987881630544494
110 222 -1.5422234259859882
110 189 -0.77508725060104
110 192 0.16600055567408
110 195 0.5757075609268474
110 198 0.2640332885818374
110 201 -0.8514644473883154
110 204 0.21206489765848133
110 207 0.4666750297938964
110 210 -0.6432545076777383
110 213 -0.5761046850776933
110 216 -0.323505237470149
111 114 -0.9795611495170353
111 255 -1.7680917466373445
111 258 -0.718498958626433
111 225 -0.8170613701095515
111 228 1.2399573693862351
111 231 2.1691107598798673
111 234 0.7611398576379113
111 237 0.5609181020492048
111 240 -0.24973382905742264
111 243 0.2358926991718499
111 246 2.3027296227778367
111 249 0.7662631514613298
111 252 0.9254148692191395
112 113 -0.503495959884382
112 183 0.6639112457597551
112 186 -0.15966950615911907
112 153 0.10125565124404863
112 156 0.29552422204613266
112 159 -0.059448683841791736
112 162 -0.5969517439022985
112 165 -0.5674811183583514
112 168 0.19830292364057564
112 171 -0.685685060624504
112 174 -0.35205675783448226
112 177 -1.438991716385958
112 180 0.23659897367621607
113 114 0.7109004473214683
113 219 0.6446681285293728
113 222 -0.520395590189109
113 189 -1.488785495158526
113 192 0.40668730456129143
113 195 -1.1812676106503612
113 198 0.027097125774139467
113 201 0.4580387382680173
113 204 0.14104387655765946
113 207 0.7675810251097781
113 210 -1.2749340369569548
113 213 -0.02689263539998631
113 216 0.13556433867968398
114 255 0.7430624412484085
114 258 0.6014268208211185
114 225 -0.6229799986858623
114 228 0.15238819680835486
114 231 -0.049418355236291026
114 234 1.4979127256569795
114 237 0.4165637966715239
114 240 1.367513140751772
114 243 1.2251661038553119
114 246 -0.8632424803537176
114 249 0.9043059691136411
114 252 0.4741826958497919
115 116 -1.0204193351399304
115 118 0.7480101741059543
115 183 -1.1150572645663896
115 186 -0.1786779894945706
115 153 -0.774275234381851
115 156 0.06800625547166031
115 171 1.7065899652260295
115 174 1.114298912463589
115 177 0.9613844180869973
115 180 0.3699374851069392
116 117 0.09449082790850234
116 119 2.011925778450976
116 219 -0.09473663704085349
116 222 -0.37867483471227664
116 189 0.2294455773609492
116 192 0.47554502530060705
116 207 -0.14370295014164577
116 210 -0.1668072907977842
116 213 0.12141735870338753
116 216 0.7806361185399239
117 120 -1.3521235305603359
117 255 -0.12216870707519416
117 258 0.1548170095070866
117 225 -0.3895495596145917
117 228 0.6048685203686363
117 243 -0.5752723093349119
117 246 0.309651618044518
117 249 -0.881592589432225
117 252 1.0468494937790467
118 119 -0.431588978279329
118 183 -0.26621499762745376
118 186 -0.16241761325927695
118 153 0.30253963750678775
118 156 -0.4130160525492452
118 171 1.0280272884725254
118 174 0.1964957206049872
118 177 -1.1249283758824364
118 180 0.05616548780177877
119 120 -0.8086197027289431
119 219 0.12997232975918216
119 222 0.2831994006750845
119 189 0.007045457035963088
119 192 -0.5123751187932357
119 207 -0.3479089714728702
119 210 0.263092088538504
119 213 0.21176755348307355
119 216 -1.8882040138883263
120 255 1.6021893210795428
120 258 0.4788777293622546
120 225 -0.2081269947475853
120 228 0.2529297409566708
120 243 -1.2833313987857686
120 246 0.7013013396313429
120 249 1.702187440764891
120 252 1.5900316407869681
121 122 -1.1402744803149643
121 124 0.37995116138018736
121 183 -0.37394173588295204
121 186 0.03759630161571794
121 189 0.11133999907058482
121 192 -0.09468129065911751
121 207 0.8950198982484844
121 210 -0.41607129886999966
121 177 0.006820906575058178
121 180 2.2483715712487045
122 123 -0.05256926100656205
122 125 -0.7065681392177074
122 219 0.9905589128925121
122 222 -0.34743543843537034
122 225 -0.8612877923441453
122 228 -0.22671714940962323
122 243 2.7043411598613876
122 246 0.3579175674974798
122 213 0.5045952519554261
122 216 0.045147997056217824
123 126 -0.9270420106606191
123 255 -0.08631622824315693
123 258 0.7114348451974568
123 261 0.6294057950489158
123 264 0.5187369249927274
123 279 -0.584030302074934
123 282 -0.2177021116879527
123 249 2.16651476399491
123 252 1.428051178827556
124 125 -0.7796098510008893
124 183 1.1317501079559842
124 186 -0.030570108046539847
124 189 -0.802302589025284
124 192 0.25102181982449123
124 207 -0.06464712237319835
124 210 -0.6610207586380602
124 177 1.4228053417549216
124 180 -1.4706944276647411
125 126 -1.1217134519864436
125 219 1.7365232557550168
125 222 -0.0992982153142188
125 225 0.44940470663387116
125 228 0.35960001831958227
125 243 0.47923230206531153
125 246 -0.687137937434265
125 213 -1.007200938643013
125 216 -0.49773160811819656
126 255 -0.635236026578672
126 258 1.992016002154623
126 261 -0.6836130476310736
126 264 0.9844494735169802
126 279 -0.3334312820965539
126 282 -0.08556137108317169
126 249 1.316775568772223
126 252 0.22382883783467014
127 128 0.0036875900391198616
127 130 1.9149432489380152
127 207 0.44767620378272555
127 210 -0.6224968712109111
127 177 -0.9797601299599836
127 180 -0.4816748966396937
128 129 0.8106428986660957
128 131 -1.1615440087899471
128 243 0.6036290568155298
128 246 0.7057326986268929
128 213 -1.357967599990551
128 216 0.6301993032580141
129 132 -0.6117794493232507
129 279 0.5313789067582524
129 282 0.5504199914660995
129 249 -1.6338455474789648
129 252 -0.9215814370811046
130 131 -0.9963403694132472
130 207 -0.2134478630117016
130 210 -0.5758127787438586
130 177 0.4084435440642536
130 180 0.25686159415336435
131 132 0.1365966553456909
131 243 -0.48606406061960405
131 246 0.8883329639414981
131 213 0.03012327175063592
131 216 -1.6054431224503343
132 279 0.6843880200307343
132 282 -2.2001094834735313
132 249 -0.012414451949843282
132 252 1.8228484680149988
133 134 1.8488634593467046
133 136 -0.39786738095947854
133 171 -0.7134242254241119
133 174 1.7086871147989502
133 177 0.4020786930989038
133 180 -0.49842272659272624
134 135 -0.5475939859610713
134 137 0.05808127143393966
134 207 -0.2649628558456719
134 210 1.859708614186942
134 213 0.7669967238070448
134 216 0.2236115692697642
135 138 0.545209346315367
135 243 -1.0075374327529565
135 246 0.39840739700536354
135 249 -1.2766522761205616
135 252 1.4140429103166336
136 137 0.8295234715319011
136 171 -0.895839955587854
136 174 -0.27439604296106157
136 177 0.006295938004509724
136 180 -0.45224108116111844
137 138 0.00819998272571336
137 207 1.0144857220787753
137 210 1.6748914517671185
137 213 1.2471588065824761
137 216 -0.4437921275402151
138 243 0.39104910467588566
138 246 0.29039875472831456
138 249 -0.6028084909076484
138 252 0.02224139957504815
139 140 1.2151857521029032
139 142 0.24714182019533426
140 141 2.1089161790610014
140 143 -0.46536023104908597
141 144 -0.05783457327582877
142 143 0.6654579618044927
143 144 -1.833757658724141
145 146 -0.7489007516918458
145 148 -1.503634135953611
146 147 -0.1426242303924612
146 149 -0.39042564671223445
147 150 -1.6849148988638558
148 149 0.6368894266889363
149 150 0.778347170639783
151 152 1.287410700252801
151 154 -0.8131889828782879
152 153 -1.181246504465579
152 155 0.11642713818352003
153 156 0.9408721308447361
154 155 -2.282158717665864
155 156 -0.8074337729739379
157 158 -0.21738706333435684
157 160 -1.8814406737902132
158 159 1.5966266034570737
158 161 0.22141408436511437
159 162 -0.6101456799618101
160 161 -1.595997070842775
161 162 -0.059801919069426626
163 164 0.22113311274590064
163 166 -0.5836179778256281
164 165 0.6899257398030594
164 167 1.962977716799947
165 168 -0.7690428570287073
166 167 0.7113920759826439
167 168 -1.901934707450601
169 170 0.11878977256986104
169 172 -0.2762113892866703
170 171 1.1090574154696324
170 173 -1.7222305503491133
171 174 0.6801398110365836
172 173 0.9097303734506968
173 174 0.48606646557299066
175 176 0.9644747056422514
175 178 -0.6463597781376564
176 177 0.7060614858241387
176 179 -0.7568048466472587
177 180 -0.4349279596115036
178 179 -2.3682268414762544
179 180 -1.7727597207571468
181 182 -1.8359248686895355
181 184 -0.46060902591907116
182 183 0.9791658986174677
182 185 0.31018158160648296
183 186 -0.7234844119321832
184 185 -0.04581049926822171
185 186 -0.7409399161401072
187 188 0.7139961559162067
187 190 0.3647425057248875
188 189 -1.6608684439605543
188 191 -1.1632435306962692
189 192 -1.2042194372746302
190 191 -0.598976572313051
191 192 -1.5656567784742679
193 194 -0.11066562263587186
193 196 -0.19502119909806118
194 195 0.9924224474567339
194 197 -0.9627150010049624
195 198 -0.640158863529166
196 197 -1.0931252465594954
197 198 1.482498069230853
199 200 0.9421053605244614
199 202 -0.3262237777599557
200 201 0.9207738842859627
200 203 -0.7586625446694262
201 204 0.20872479791182186
202 203 -1.683196071639215
203 204 0.7100031136993478
205 206 -0.6308168747550034
205 208 0.15153370982380046
206 207 0.9099818868035243
206 209 -1.3698916653682989
207 210 0.2945096676643487
208 209 -1.1368779347419253
209 210 0.2591566484044013
211 212 0.9228371873514276
211 214 -0.08845289169191158
212 213 -0.0830450644554808
212 215 -0.4591430473186507
213 216 -1.5641370846502067
214 215 -1.6992396195215087
215 216 1.3252854960842615
217 218 -0.3206508429765122
217 220 0.628236737963723
218 219 0.3242177701368847
218 221 0.13462994465437125
219 222 1.1037125246421255
220 221 1.1545393527821313
221 222 0.9572934063028751
223 224 -0.2977688437926439
223 226 -0.5264746588126936
224 225 0.368290512189598
224 227 -0.45801762506208116
225 228 0.33411679628902435
226 227 -1.9106048328054808
227 228 0.6461468401998187
229 230 -0.2687758723381833
229 232 1.1095260705557046
230 231 0.20812741260915274
230 233 0.23455712646037669
231 234 -0.7419035971355423
232 233 -0.1804591769637823
233 234 1.4439880326550414
235 236 0.11839348072649133
235 238 -0.792710468024081
236 237 0.13983002238000114
236 239 0.506589841930147
237 240 -1.4443951970295723
238 239 1.438900295720956
239 240 0.829173783628264
241 242 0.9349104680666895
241 244 0.6476015930801939
242 243 -0.5660287745243945
242 245 -1.252156245497743
243 246 0.6499023544409214
244 245 -0.36323611748182816
245 246 -0.06148552030445732
247 248 -1.7191636376456128
247 250 -1.2374581857548708
248 249 -0.926056892805632
248 251 -1.9969378965482403
249 252 0.7120062255368746
250 251 -0.4228413871882849
251 252 -2.099455312571079
253 254 -0.11230096366517485
253 256 0.899921970142595
254 255 -0.045633593997829645
254 257 -0.3057503289658655
255 258 1.8697739195141077
256 257 1.302705502664768
257 258 -0.13949670983149773
259 260 -1.529223058080837
259 262 0.6577971570713771
260 261 -0.6622895013017237
260 263 0.14431395415000575
261 264 -1.2031376577462136
262 263 -0.7670833404530448
263 264 -0.7740095890503437
265 266 0.9900050558944493
265 268 -0.8258205310760577
266 267 0.37038305437614133
266 269 0.5157677523221669
267 270 1.014467508550289
268 269 0.7100948712191635
269 270 -0.5056808185118029
271 272 -0.0018563338471279229
271 274 1.0660389099615217
272 273 -1.6533333513471897
272 275 0.5069954359053669
273 276 -0.1531047745388586
274 275 -0.31053576764953567
275 276 -1.3688752223011194
277 278 0.10701141409387309
277 280 -1.0392384036851459
278 279 1.0912912195441806
278 281 0.5228757700092085
279 282 -0.16198872081779006
280 281 0.2043658268816493
281 282 -1.8800202993936637
283 284 1.1162084768426788
283 286 0.9718996916339254
284 285 0.8452413663754634
284 287 0.4470342864341455
285 288 -1.5419606928184724
286 287 0.6910291065906293
287 288 0.35124321726935787
