# 
1 1 -0.8766314304550324
2 2 0.4466699927743879
3 3 1.6459087905786007
4 4 -2.011736129080931
5 5 -0.3613134085462531
6 6 -0.47638927991973806
7 7 -0.2682932656011016
8 8 -0.45052609364663115
9 9 -0.6545690653809617
10 10 0.3630798002936871
11 11 -0.0013885525179000871
12 12 -1.2077924686135468
13 13 1.7810905159287547
14 14 -1.0104701026302954
15 15 -0.9291996451711657
16 16 0.9699806421311549
17 17 -0.8811768416519348
18 18 -0.8446869321600962
19 19 0.0087794249188617
20 20 0.8619682263377734
21 21 -0.5984290879797856
22 22 1.2765034021997688
23 23 -0.5717078275006443
24 24 -0.1411148573062222
25 25 -0.024968141086000022
26 26 -0.7778573368112552
27 27 0.07092214419631636
28 28 0.1167510419678035
29 29 0.48213065901260976
30 30 -0.22410576758490686
31 31 0.9889952540684848
32 32 -1.0640457665091114
33 33 -1.4837346231073834
34 34 0.09952117573854398
35 35 -0.6890152313604031
36 36 0.8371144263163478
37 37 1.279684803394722
38 38 -0.6064349984091667
39 39 1.189990456929574
40 40 -0.5277748698736376
41 41 -1.3375205678598754
42 42 -0.6787400108494158
43 43 -1.86035275186223
44 44 0.10318687658926402
45 45 0.9322755131383395
46 46 2.6046705907992864
47 47 0.6199136562311753
48 48 1.1146887181525242
49 49 0.38055013549506983
50 50 0.4656655526125562
51 51 0.8598396196729197
52 52 -0.0011380185124333288
53 53 0.9608274305565582
54 54 -2.0068291562680507
55 55 1.504951427271545
56 56 -0.41233193442942917
57 57 -1.1137995825569416
58 58 0.10866560834843636
59 59 -1.495597557681
60 60 0.28815744513690744
61 61 1.5729195294215228
62 62 -1.6558735490308871
63 63 -1.860655079716997
64 64 0.6377147746427496
65 65 0.45507223339229613
66 66 1.0739523963579576
67 67 -1.5525516261803336
68 68 -0.6493072090421743
69 69 0.7624542294000448
70 70 1.2574680881917943
71 71 -1.0331202812415345
72 72 1.0506018495332519
73 73 -0.7425611198967944
74 74 0.4828408048917103
75 75 0.30017184763231464
76 76 0.7831032258080441
77 77 1.20540696076918
78 78 -0.7970339926688677
79 79 -1.2258988061369571
80 80 -1.8148160887331373
81 81 -0.3382923407646893
82 82 -2.0149268490459393
83 83 -1.1213737572728342
84 84 0.5305154751483433
85 85 1.23102968380263
86 86 0.5387739704757685
87 87 0.03590500276233747
88 88 1.0372132708476485
89 89 -0.1846988859555444
90 90 -1.368641430952377
91 91 -1.0253645162021414
92 92 0.2756212272337219
93 93 0.5684731175908623
94 94 1.7894951188494799
95 95 -0.6549575588375521
96 96 -0.8020215918573305
97 97 -1.539877148703005
98 98 -0.04877743502746989
99 99 -1.2012568785890034
100 100 0.020976178303528856
101 101 -0.6154654730639478
102 102 0.006366810374500204
103 103 1.749813998847461
104 104 0.01729800075150049
105 105 -1.5458384089890829
106 106 -0.3983243048811446
107 107 0.5562871231394372
108 108 -0.02543399702935702
109 109 -1.8178246483872573
110 110 1.001017832555403
111 111 0.0629892787334296
112 112 -0.834705200251937
113 113 -0.5586792940851201
114 114 0.2799581618086341
115 115 -1.226702862806152
116 116 -0.45935138732164754
117 117 0.5349199909405585
118 118 -1.0402094705740859
119 119 -0.6547401461590515
120 120 -0.7493671753829937
121 121 -1.030497955683759
122 122 -0.06359175961597854
123 123 -0.5486017531155605
124 124 1.8261156839514883
125 125 1.896679439905443
126 126 0.0720771661753763
127 127 1.4893495469434825
128 128 1.7973490201675744
129 129 -0.6680676738295421
130 130 0.7351915758545309
131 131 1.1556158271091632
132 132 1.0552968165070953
133 133 -1.1145922187801196
134 134 -1.6188928481195333
135 135 0.31694172472578447
136 136 0.15971952890017813
137 137 0.6122759171207511
138 138 -1.1781978984574257
139 139 -0.44683845299191427
140 140 -1.3036963314193848
141 141 1.8014843018301232
142 142 0.2926161940576717
143 143 -1.3806269396156714
144 144 0.5723629469042885
145 145 1.332444294680211
146 146 -0.8953358451507497
147 147 0.612741740096871
148 148 -0.6612169800643936
149 149 1.0871161303097558
150 150 2.091202942356642
151 151 -0.38172401947104173
152 152 0.37235410629801236
153 153 -2.2723972748884407
154 154 -1.8500092640226704
155 155 -0.07646001389972533
156 156 0.0047326420028599835
157 157 -0.58603849148844
158 158 -0.6935993918684195
159 159 -0.32375714197013045
160 160 -1.2830356299973404
161 161 -1.4298858575376405
162 162 0.61654290270864
163 163 0.8452859746801888
164 164 -1.052183818833787
165 165 -0.7748395097059335
166 166 1.1149505315602146
167 167 0.6486239884510406
168 168 -0.21079836486541859
169 169 -2.0845480586669756
170 170 -1.0008152065463427
171 171 0.04183181831483854
172 172 0.7864832875144846
173 173 0.19942183159889862
174 174 -0.9330504838142465
175 175 0.6604114163461069
176 176 1.200905415357581
177 177 -0.3673079875048172
178 178 -1.1386058662900678
179 179 0.12380863101641473
180 180 -1.330611844628445
181 181 0.3243218330467398
182 182 -0.5617454370677517
183 183 1.5871913923031857
184 184 0.36859408596149373
185 185 -1.8202744681829033
186 186 0.13573890678199263
187 187 -2.4709339363862344
188 188 -0.15814251666517157
189 189 -0.12934795187770629
190 190 1.2862470889661004
191 191 1.7342441447717627
192 192 0.36630078038143526
193 193 0.6561155091191906
194 194 1.1649960089756368
195 195 -1.3022804868924374
196 196 -0.6447125411310468
197 197 -0.24494095040108022
198 198 0.06238498686243761
199 199 1.7675510137280077
200 200 -0.7343405210048504
201 201 0.528242152209105
202 202 1.3503478552285555
203 203 -0.7177084637105249
204 204 -2.1695912703411584
205 205 -0.9757928201229151
206 206 0.32148173057518326
207 207 -0.704632698891441
208 208 3.0149899156776945
209 209 -0.5912272296802991
210 210 -0.005731786290633624
211 211 0.42926407292588914
212 212 2.0462225652226715
213 213 -1.2729150063745986
214 214 -0.20871803427553312
215 215 -0.7800258289246318
216 216 -1.0337743786488494
217 217 -0.5098806452110023
218 218 -1.271840782017065
219 219 0.140124097106499
220 220 0.31455159628620755
221 221 1.6194370815906618
222 222 2.9133574793193873
223 223 0.13512005712209474
224 224 0.170494527898526
225 225 -1.1616433249248312
226 226 1.5479057488453094
227 227 -0.6095279044858466
228 228 1.5343882463684526
229 229 0.5377297702551627
230 230 -0.611400429691821
231 231 0.9127165433199371
232 232 -0.9565974673360663
233 233 -0.8184983351831222
234 234 1.165577121824195
235 235 -0.8029026819331125
236 236 1.7264119961784883
237 237 0.14996167009297048
238 238 -0.22626708489689723
239 239 -0.714443456953421
240 240 1.1580341606257354
241 241 -0.9399273541673112
242 242 -0.6173770990597549
243 243 0.3228730750920679
244 244 -0.4118200954438341
245 245 0.04526319539270458
246 246 0.3411484780962789
247 247 0.3991177686157708
248 248 0.21158285003887145
249 249 -1.7899455713815444
250 250 -1.2069581229919129
251 251 0.18519464377015252
252 252 -0.4968691659839537
253 253 0.48857608290325577
254 254 0.9121787878624243
255 255 0.8923459944711215
256 256 -2.135578200355182
257 257 -1.096510432506867
258 258 -0.9326644826160965
259 259 -0.30475593379034716
260 260 0.9815634915133801
261 261 -0.4300113868232384
262 262 0.3305447998969112
263 263 -0.4685056152496171
264 264 -0.4635388338115889
265 265 1.022026773080663
266 266 0.792084175910178
267 267 -0.6814286981214549
268 268 -0.988048451904211
269 269 -0.9475631239319957
270 270 -0.022652431823306066
271 271 0.7713708974244052
272 272 -0.463056711446433
273 273 0.1711020883761944
274 274 -0.035089908886898946
275 275 1.422919384073952
276 276 -1.518027515339112
277 277 0.8864806462635256
278 278 0.23234964260320476
279 279 0.19715750289441403
280 280 -0.7038974137466343
281 281 0.36245060380543165
282 282 0.6398557069484129
283 283 -2.292401520724102
284 284 -0.6552526697083201
285 285 -0.4699981845214554
286 286 -0.40099448863744963
287 287 -0.3034160829007508
288 288 -1.5367951296698108
1 2 0.2594489744221267
1 4 -2.1266315199479835
2 3 1.207412060580418
2 5 1.4948795363836935
3 6 -0.8637418252495318
4 5 0.2557874126850001
5 6 -0.4049300326944865
7 8 -0.16969659878363583
7 10 0.9269357445934814
7 157 0.03812162379792682
7 160 -1.0869111848611142
7 163 1.2410526380930276
7 166 1.0837788798150911
8 9 0.14829217436873224
8 11 0.7989182894689639
8 193 0.12907816322571872
8 196 0.5752514934720775
8 199 -2.052476089186027
8 202 -0.4079085090851115
9 12 0.3307517724019958
9 229 0.1686588334290285
9 232 -0.10464916428661336
9 235 -1.1919959760465941
9 238 -0.39141854823618466
10 11 -0.8317647156679245
10 157 1.0075635598851131
10 160 0.3940490610327297
10 163 -1.6675298348889667
10 166 1.193771310922945
11 12 0.8297466777115652
11 193 -0.3578038675312976
11 196 0.6239674862162807
11 199 -0.8459713548911346
11 202 -0.034920419616917775
12 229 0.63759683178932
12 232 -1.2933862997841123
12 235 0.12238239715554061
12 238 1.000340585061502
13 14 -0.8426024643023474
13 16 -0.16447508502021346
13 193 0.08468028757255058
13 196 -1.1015385202541539
13 199 0.10087834719708053
13 202 0.20029822636758488
14 15 -0.7761048099241696
14 17 -2.007437141687493
14 229 -0.020361680792713645
14 232 0.9009220128344699
14 235 -0.6542664661666389
14 238 0.21690526127266932
15 18 0.16519783638235938
15 265 0.12892801821937117
15 268 -0.21655540021170225
15 271 0.677988956717873
15 274 -0.9662613615861219
16 17 0.17905487843232623
16 193 -0.9992693303020526
16 196 0.011111228254095893
16 199 1.4289584375587603
16 202 0.7764907630879861
17 18 0.8486068434004393
17 229 -0.33187207685433323
17 232 0.08524488955513326
17 235 -0.5765207342994562
17 238 -1.6656094673995383
18 265 -0.7187358817354971
18 268 -0.18673708987987056
18 271 0.15330775195129626
18 274 0.151002954322514
19 20 0.9860750636503027
19 22 -1.7138257836906798
19 181 1.2455159380237344
19 184 0.47177376490368583
19 187 0.7335570619101133
19 190 -0.2867727847835503
19 193 -0.03276714900244584
19 196 -1.6063735910067898
19 199 1.238663647460973
19 202 -0.10233295722859219
20 21 -0.3284820976314261
20 23 0.8419997587685066
20 217 0.08066012569494146
20 220 0.8777476921907661
20 223 0.08880203157925017
20 226 -1.9402752360286601
20 229 0.18216392321368874
20 232 0.7384540594918325
20 235 1.3182464707228208
20 238 0.06973149896921188
21 24 -0.4954626102188774
21 253 -0.21834571057279376
21 256 -0.24927742882469847
21 259 -1.0818218786324885
21 262 -0.5136533657735687
21 265 -0.9707470018456181
21 268 2.332078454590263
21 271 0.8840414739429063
21 274 -1.859434782174197
22 23 -0.8309884122318993
22 181 0.20502773483699027
22 184 0.0754033326563694
22 187 -0.2712726321386548
22 190 0.3810820137347857
22 193 -0.20837454762086854
22 196 0.3213414211858991
22 199 -1.7908218299889647
22 202 -0.14982135037538044
23 24 -0.24749530814743523
23 217 0.0043543391573830845
23 220 0.22453692715255652
23 223 0.036312768492065495
23 226 0.3196803623077012
23 229 1.8809620302655587
23 232 -0.6878358503280274
23 235 0.5671226450593475
23 238 0.45368816760090325
24 253 1.2312644739718088
24 256 -0.8043798392483774
24 259 -0.2921195699254989
24 262 -0.03907756992325931
24 265 -1.16241622694959
24 268 0.7151733968814464
24 271 -1.1334426234100246
24 274 0.4467275301557777
25 26 -0.3730502557354677
25 28 1.0490385087390555
25 181 -0.039312262650201275
25 184 1.4269123985836427
25 187 0.8264204587590146
25 190 -0.6430890810574127
25 193 -0.7970655519601961
25 196 -0.06972869445574723
25 163 0.8618341763251092
25 166 -1.4204400713046637
26 27 1.34322888025698
26 29 0.5557153555995568
26 217 -0.6354194941990137
26 220 0.45313586213494156
26 223 0.9427864564423362
26 226 -0.20910087468693137
26 229 0.9400947055487666
26 232 -0.9605726092109245
26 199 0.2124761933097844
26 202 1.124655562231899
27 30 -0.3369972341580047
27 253 -0.08040178260764139
27 256 -0.6227220174414245
27 259 -1.3065581920027975
27 262 -0.660758300028644
27 265 -0.15553072334314794
27 268 -2.809291812347363
27 235 -0.19538911622517802
27 238 -0.7666472011638108
28 29 -0.8480817579053351
28 181 0.7272299596761871
28 184 -2.4205759132586175
28 187 -0.2824211080917194
28 190 0.40945347089083567
28 193 -0.4391323766166817
28 196 1.285709709064848
28 163 0.0887366155422215
28 166 0.22643891220555212
29 30 -0.9801215801496655
29 217 0.1943917889209682
29 220 0.7128886337253921
29 223 0.45808539041387136
29 226 -0.8282533139420736
29 229 -0.9786653565391947
29 232 -0.9306466359905915
29 199 2.895985407979859
29 202 -1.8497994047509325
30 253 0.833074734171165
30 256 -0.5262490293839099
30 259 0.6704144669204377
30 262 1.0087201761129045
30 265 2.379212588089513
30 268 -0.3393885537816268
30 235 1.63302327302323
30 238 -0.03441705804612829
31 32 0.45077645687426043
31 34 -0.03853182887035748
31 181 0.19518127174790142
31 184 -0.805681169784643
31 187 -0.14402720581664036
31 190 0.24870252365048356
31 193 -0.980837583687542
31 196 -1.7197562992771518
31 163 -1.0794440254831357
31 166 -1.6594591005011337
31 169 -0.4311288840529251
31 172 0.44666830018585785
31 175 -1.2454865073321122
31 178 -0.49010074634509676
32 33 0.5422088049882876
32 35 0.02199370385680111
32 217 -1.1843509323493426
32 220 -0.11162431521581206
32 223 -0.10570559185289737
32 226 -0.531178317168413
32 229 1.1697831515967572
32 232 -0.019171228765089227
32 199 0.27002381998761776
32 202 -0.769897039635778
32 205 -0.022354852155531586
32 208 -2.0416519305081207
32 211 0.7979979266156237
32 214 -1.730697870492805
33 36 1.4184831232326833
33 253 -0.7596125716485829
33 256 0.049779314877583074
33 259 -0.5276471229876697
33 262 -0.9980725881381661
33 265 1.6959652813014552
33 268 -1.2375804416758194
33 235 1.1416628911900177
33 238 -0.7835733210618042
33 241 0.15182325747178552
33 244 0.22952525639446444
33 247 -0.04288533976904244
33 250 0.1795360514181047
34 35 2.2717817792850594
34 181 0.7250278695989054
34 184 0.702666400802076
34 187 0.32332192208805866
34 190 0.5544098354899849
34 193 2.240449337241467
34 196 0.18912053886570335
34 163 -0.4752467383774599
34 166 -0.10379517185328843
34 169 1.5024183246718217
34 172 -0.07518085872464253
34 175 1.0465722958147963
34 178 0.5650790339314632
35 36 0.23883393381729237
35 217 0.39960871430388983
35 220 -0.530793830740021
35 223 0.601670389910681
35 226 -0.17135732797695133
35 229 0.8123324019236646
35 232 1.6932052084031601
35 199 3.2587870400757684
35 202 0.9992301045906622
35 205 1.0807401265903704
35 208 2.1256941010135897
35 211 -0.4288660523732667
35 214 0.39619091769735965
36 253 -0.06795983027074749
36 256 -0.3193645245289952
36 259 -0.872468571040162
36 262 -0.5043324846122418
36 265 0.8218305346985593
36 268 -0.538679199372875
36 235 -1.2706765922160017
36 238 0.7209344483833311
36 241 1.782973059828015
36 244 -0.0033298217698032057
36 247 1.7260611934937466
36 250 -0.450529336666847
37 38 -0.5941142997968658
37 40 0.30391633551826597
37 181 -1.1219131912740243
37 184 -1.5839212099632167
37 151 0.9337190651863214
37 154 1.1227920932679447
37 157 -1.0273620663675351
37 160 -0.01910280864139324
37 163 -0.4012200030376971
37 166 1.4222871760000253
37 169 0.12290285022870918
37 172 1.4544983510970544
37 175 0.9398589760504563
37 178 -0.33198190470600697
38 39 -1.6234413381149715
38 41 0.9351117664076211
38 217 0.5526210186963862
38 220 0.6422271060730483
38 187 -0.16920129904769574
38 190 -0.21318252165974522
38 193 -0.11643111538631093
38 196 -0.37369438732466487
38 199 0.15474396371682447
38 202 -2.2670273358379442
38 205 1.2322030005192124
38 208 -0.1685909977488176
38 211 1.170052259275752
38 214 0.7786415467307454
39 42 1.0880104452980883
39 253 -0.5338442974735362
39 256 2.0902853776827324
39 223 0.7541863895647967
39 226 -2.3194219014544206
39 229 0.49230455843048465
39 232 1.9546256263783797
39 235 0.9373628010931158
39 238 -1.1905753834725743
39 241 -2.3410308551439685
39 244 -0.1334558111741405
39 247 0.6969077721698246
39 250 2.0634003427679772
40 41 0.2730107939605297
40 181 1.8728225559604768
40 184 -0.516093720675914
40 151 0.3061729630271407
40 154 0.07058801944488093
40 157 -1.387801942764152
40 160 0.922222991831838
40 163 -0.39993135769278054
40 166 -1.7137239250335083
40 169 0.009300715808248976
40 172 0.888629031617823
40 175 0.2482614170803654
40 178 1.6443019902023994
41 42 -1.959616948018399
41 217 0.9102419888062033
41 220 1.1229687809654232
41 187 1.4836444143649288
41 190 -0.04877071343678998
41 193 0.31332747253803633
41 196 -0.9389525228571393
41 199 -1.7566333541426462
41 202 1.4017203316547011
41 205 0.16091207365159926
41 208 0.5926298119687133
41 211 -0.596794175733609
41 214 1.6263776714281302
42 253 0.5818165859592411
42 256 -0.728354533879122
42 223 -1.0969011153337802
42 226 0.47191049998023815
42 229 -0.30641108601843237
42 232 -1.355000844496215
42 235 -0.4022318292406991
42 238 -0.3728774988071155
42 241 0.618763306570653
42 244 -0.19818142991222162
42 247 0.3885168199979053
42 250 -1.2173240100952711
43 44 -0.3115543562512867
43 46 1.033012975711107
43 181 -1.124027044353971
43 184 -1.3801794018444595
43 151 0.016859019328830965
43 154 1.2714099461264448
43 158 -0.80637238064543
43 161 0.7216403268707388
43 164 -0.4229810945564451
43 167 -1.738804434011511
43 169 -1.4108509894587424
43 172 -1.3205153046155358
43 175 -0.46022555812388066
43 178 1.1969870079661797
44 45 -1.7215070844370772
44 47 -0.2897782302939698
44 217 1.0546944909945504
44 220 0.16650111361378583
44 187 -0.07473512508033925
44 190 -1.3712698286818326
44 194 -0.33243533862706637
44 197 1.129766059268643
44 200 1.3452390983804234
44 203 0.4243959369161733
44 205 -0.8963345591918741
44 208 -0.8158510121675968
44 211 0.044530627374506006
44 214 -1.2127371536467741
45 48 -1.7485655731244552
45 253 0.8336728327989159
45 256 0.7435837591879968
45 223 0.28184535595318666
45 226 -1.7096127619722137
45 230 0.24878560249926981
45 233 0.6083863931447802
45 236 -0.22704052128942334
45 239 1.0118931110898977
45 241 0.617403140810843
45 244 -1.0934119388455437
45 247 0.3700523409820177
45 250 1.5003781761068478
46 47 -0.5010610596310097
46 181 -0.8153881935346348
46 184 -1.809891015227628
46 151 -2.3515426261456844
46 154 0.9568832005811196
46 158 -0.690826671624353
46 161 0.18742430808712257
46 164 -0.012019995673063798
46 167 0.015440217712991106
46 169 0.7653877873653606
46 172 1.5248335200543515
46 175 0.48064680239073065
46 178 0.39267551382841437
47 48 -0.36020657524053795
47 217 0.9868272845267512
47 220 -0.9321929456067906
47 187 -1.0694167954152407
47 190 -2.0713295815343034
47 194 -0.38750423257888167
47 197 1.1516083795001806
47 200 -0.7594087385182211
47 203 -1.1017389087572274
47 205 -0.39678217054740056
47 208 -1.3518656462134633
47 211 -0.9636654492968437
47 214 -0.8969923577839101
48 253 1.6554497549916218
48 256 -0.10336015137811194
48 223 0.49155094901379165
48 226 0.6171690536500717
48 230 1.3197826129540888
48 233 -0.1572703891530014
48 236 0.29853325921438056
48 239 -0.7224863127287868
48 241 -0.11484918323342218
48 244 -0.876164053185649
48 247 0.031558778923400754
48 250 0.13030761171483102
49 50 -1.0266474659046114
49 52 1.582210337180878
49 181 1.2489889086804082
49 184 0.7481564222177247
49 187 0.7436222040355518
49 190 -1.1762266543070117
49 194 -0.7958017376338861
49 197 0.1664257144801882
49 200 -0.5285759601240189
49 203 -0.06760733583921824
49 205 -0.7924675210345942
49 208 1.8145063873200922
49 175 -0.8215122660756616
49 178 1.6498096094120671
50 51 -0.34478470545473666
50 53 0.9917475811402445
50 217 0.2612051122083128
50 220 -0.5512029353176905
50 223 -1.1444490550426611
50 226 0.9993535662536441
50 230 -1.4877331982231992
50 233 0.2487427730473631
50 236 -0.024575136533015917
50 239 -0.004896468440808451
50 241 0.6135390712065676
50 244 -0.5522248198499133
50 211 0.7079695424015285
50 214 1.476848433769582
51 54 -0.24564668164457124
51 253 1.5726948399606093
51 256 0.5186804052895141
51 259 0.27905249194217
51 262 -0.19475142934467904
51 266 1.0048570323512336
51 269 -0.22943872018906078
51 272 0.20430850814873472
51 275 -0.9082971015514472
51 277 -0.7522482328467615
51 280 0.9165530512226538
51 247 0.8448003801692228
51 250 -0.0233194414933603
52 53 1.6005104310311804
52 181 -0.06166817733921649
52 184 0.26932505148252656
52 187 1.0508459319128534
52 190 -0.46503997431742916
52 194 1.6534189251978133
52 197 -1.407418784764987
52 200 1.3154188475536965
52 203 -1.170302000967005
52 205 -1.0249691362135764
52 208 -0.8050313806883085
52 175 -2.151866851272633
52 178 0.20658906495434132
53 54 0.6984547238846716
53 217 0.47820537551476494
53 220 0.3939782996533187
53 223 1.3287428077066015
53 226 0.8352400955066844
53 230 -0.2732554167502894
53 233 2.009892736835568
53 236 0.5759191837356199
53 239 -1.0420769212683998
53 241 -1.4431443152501762
53 244 -0.842711315339095
53 211 -0.9857278554844507
53 214 -0.04517893712600862
54 253 -1.0564238083752073
54 256 -0.18287352858272393
54 259 -0.8350618173048514
54 262 0.38747399501972074
54 266 -0.6195681389185371
54 269 -1.0071027573337368
54 272 -0.3597624924825093
54 275 0.5570234825845535
54 277 0.07846088669347843
54 280 0.4829792529269788
54 247 1.959680309143049
54 250 1.833560034254356
55 56 0.6639355756092619
55 58 1.126978516791832
55 182 -1.1810237438271365
55 185 0.09889656679559936
55 188 0.07182493367931952
55 191 0.007355317801369578
55 194 0.45494478834610447
55 197 -1.059693495846636
55 200 -0.6831913302870918
55 203 -1.041692271809409
55 205 -1.3788368492357668
55 208 -0.10325673618812177
55 175 1.6684519772137254
55 178 -1.9148968124321089
56 57 1.09536908788987
56 59 0.42006754054719436
56 218 -0.264654072699709
56 221 -0.49440305910961624
56 224 0.5242885720484473
56 227 -0.31741924647330155
56 230 -0.1445969765127314
56 233 -0.493546148192167
56 236 0.32613290611618295
56 239 0.4792523650325198
56 241 -0.16239383827715184
56 244 -0.27352040906089703
56 211 -1.5170962655204125
56 214 -0.5568258459118345
57 60 -0.1189647493699934
57 254 -0.7259932637043278
57 257 0.4084120211623999
57 260 -0.5188507095118416
57 263 0.26958966944942087
57 266 0.11694749628249777
57 269 -0.36496540587649395
57 272 0.11312134431330523
57 275 -0.5755761053187484
57 277 -0.989640650824525
57 280 2.322082576785653
57 247 -0.6025329117266633
57 250 0.7782085955159191
58 59 -0.45565924288246434
58 182 1.257977687852091
58 185 0.8314204635419774
58 188 0.12873983586863008
58 191 -1.158526966982918
58 194 1.371015007119515
58 197 -1.1126917362017186
58 200 0.46689319368984566
58 203 1.3680016661630479
58 205 -1.0981852989851981
58 208 0.44906788267098624
58 175 -1.1358315452890897
58 178 0.3228804279011142
59 60 -0.5258327481767816
59 218 0.31505642542789825
59 221 -0.5615697439274928
59 224 0.10472338689958051
59 227 0.26093064738899385
59 230 0.23496329482821718
59 233 -0.12747073404276596
59 236 2.1360976570405485
59 239 0.6332548414877611
59 241 0.3393232479734483
59 244 0.530578892615104
59 211 -0.6477438245664628
59 214 2.5717993518456685
60 254 -0.2419766090254161
60 257 -0.30392984971907516
60 260 -0.7427135297037276
60 263 -0.40071386586405083
60 266 0.42294038192556876
60 269 -1.0500726310585455
60 272 0.028329806615726715
60 275 -0.7580532457655047
60 277 0.3313843008852504
60 280 0.824116131154806
60 247 0.38658789724835185
60 250 0.40928562953218894
61 62 -0.5122703218227602
61 64 1.737413693614683
61 182 -0.5054544466802067
61 185 -1.1515287833355683
61 188 0.5976756249198785
61 191 -1.4470987123253822
61 194 -0.6734835789243429
61 197 -1.3287853752233227
61 164 -1.8474248498789971
61 167 -1.5952965294556332
61 169 -1.1783365704031046
61 172 1.8782985046796603
61 175 0.31555653270508305
61 178 1.1303177109140994
62 63 1.0784292187408608
62 65 0.23016271122922916
62 218 0.515541643205187
62 221 0.22641905460303638
62 224 -0.8464911013726368
62 227 0.677675163163903
62 230 1.489263895449894
62 233 0.4668849260988097
62 200 1.5046535469632594
62 203 -1.7179965056853843
62 205 2.5327800032781904
62 208 -0.20720565247501269
62 211 -0.7412927416930158
62 214 0.17815676782425827
63 66 0.684635495092283
63 254 0.4506810297308566
63 257 1.3124601768956905
63 260 1.0657908939355893
63 263 -1.876353485177239
63 266 -1.0550907442223556
63 269 -0.09625265251361939
63 236 -0.032100506029289495
63 239 -1.2545787067512324
63 241 0.592141541440088
63 244 -0.9367273522193127
63 247 -0.8452637853735893
63 250 0.9023285978247653
64 65 1.0231778002264051
64 182 0.4399474354542692
64 185 -2.1845347729636044
64 188 -1.0981343417718643
64 191 1.411417737154998
64 194 0.039564913784392156
64 197 -0.60981774606081
64 164 -1.6353167315972579
64 167 -1.0555307171225796
64 169 0.24001074509336856
64 172 0.6103239927634552
64 175 -0.6466500677334744
64 178 -1.4117821548454759
65 66 -0.1386034605618548
65 218 0.2442399744570622
65 221 -0.7185623307878249
65 224 -1.8909043370812704
65 227 -1.0471685438938119
65 230 -0.21622468930789387
65 233 -0.7721037914830798
65 200 0.9125565582834948
65 203 1.2762873511724118
65 205 0.5741146600045921
65 208 0.4211833665805376
65 211 -0.3327846915109101
65 214 -0.06359350561630275
66 254 0.12635316457642068
66 257 1.9308349148123254
66 260 -0.8614048524768572
66 263 0.404890886969296
66 266 -0.3046335270855144
66 269 -0.03298378299924391
66 236 -0.1832545374313041
66 239 -0.8268572859270584
66 241 -0.14604642895512035
66 244 0.1500016395686151
66 247 0.8266849904140748
66 250 -0.818773769557181
67 68 -0.08662455502102856
67 70 -0.12669032329475313
67 182 0.3207444861003124
67 185 -1.1912745760546648
67 188 0.058541986754929214
67 191 -0.23246291470740796
67 194 1.9047344753117545
67 197 0.056911104881330936
67 164 0.8787966087961218
67 167 0.7578303815695319
67 170 0.19588490834733782
67 173 0.9782781151850168
67 176 0.16682751186444547
67 179 -0.5506987535772573
68 69 -0.9987586987165341
68 71 -0.2810829745237892
68 218 -1.0175407806678547
68 221 -0.3565469202255133
68 224 1.201637543019306
68 227 1.0014314406089244
68 230 1.897395840773706
68 233 1.0493194713810519
68 200 1.9935806631643456
68 203 -1.271675925944554
68 206 -1.433958879111435
68 209 -0.8667306680680185
68 212 1.0926416016068763
68 215 0.14234651427867426
69 72 -0.08921806667648514
69 254 -0.6641775450536842
69 257 0.10299641225916345
69 260 -0.3724600488678331
69 263 -0.0481855116750548
69 266 0.3903690900872036
69 269 -1.0336582663356713
69 236 1.6390976007577778
69 239 -1.292499076053667
69 242 -1.5802696193928971
69 245 -0.6298205368413117
69 248 0.3632381909677894
69 251 -2.3328096388800073
70 71 -0.23500343092716472
70 182 -1.3653589838172753
70 185 2.195694137850356
70 188 -2.2371856394274245
70 191 0.4893409032115424
70 194 3.4137227488245925
70 197 -0.6469170922939798
70 164 -0.3404376474048147
70 167 1.5588131369222271
70 170 -0.8646711441038762
70 173 -1.1886869433480172
70 176 1.0590431127369258
70 179 0.41517205959128795
71 72 -0.61879721182088
71 218 -0.6101177448127438
71 221 -0.05302804729263335
71 224 -0.1910164310589083
71 227 -1.8672604683556362
71 230 2.1166579644029153
71 233 -0.5344288421490307
71 200 -1.0237500821620849
71 203 1.1057580467702786
71 206 -1.4051984500828334
71 209 -1.0716680884913656
71 212 2.3790562093360177
71 215 0.5115277413766747
72 254 2.374958420592007
72 257 -2.109861723759543
72 260 0.8073307125134171
72 263 0.9881562548862887
72 266 -0.5357241520842297
72 269 1.2578634915181492
72 236 -0.16699111765947006
72 239 -0.7362836883675997
72 242 -1.188478093548447
72 245 2.116107135173772
72 248 -2.018129791670295
72 251 -0.7803246893739775
73 74 -1.2256600186674738
73 76 -0.13299822308228584
73 182 1.088669407748597
73 185 -0.5415619991825288
73 152 0.7289591041660003
73 155 -1.1032029184666647
73 158 -1.5545973018010317
73 161 0.3032628865871243
73 164 0.8490951206491687
73 167 0.7800452792193269
73 170 1.6009938662485528
73 173 -0.7307027920428267
73 176 0.1780113718071219
73 179 2.134351657880612
74 75 0.7560325959273245
74 77 -0.5660786282194004
74 218 0.15995552286920742
74 221 2.047537287397041
74 188 2.0354031782024578
74 191 0.6327787436915244
74 194 -1.8425826339297837
74 197 -0.5037355656433344
74 200 0.8450025041556433
74 203 -1.3536543273053023
74 206 -0.010980897217002841
74 209 0.03941851231958651
74 212 -0.07761910053209346
74 215 1.71427579412058
75 78 -1.3404579190534256
75 254 1.3492293605220012
75 257 0.02654486608088325
75 224 -1.2768697299607465
75 227 -1.702819396993954
75 230 1.127551965551684
75 233 0.0026463589009325934
75 236 0.34541506469564165
75 239 -0.5746998208469384
75 242 0.941413926910956
75 245 -0.1928003130393112
75 248 0.05368003577061222
75 251 0.162518959835512
76 77 -0.26246254585127415
76 182 0.7114058598479014
76 185 0.6227731145911447
76 152 -1.0703356654777896
76 155 0.04581508937505735
76 158 0.09855859825996169
76 161 -0.06743783772810874
76 164 -0.04907039981498483
76 167 0.2630040565167327
76 170 0.7891948554616698
76 173 -0.8923345682099744
76 176 -0.4208774025453593
76 179 1.214693484368673
77 78 0.9658284054887566
77 218 -1.5737401789431158
77 221 -0.2868325795097979
77 188 -3.0059582643907325
77 191 2.112170332471651
77 194 0.27534118610841696
77 197 -1.1339312727756001
77 200 1.7078477626529756
77 203 0.6616888254393145
77 206 0.8827219052640842
77 209 1.385936754897654
77 212 1.085185447106065
77 215 -1.0279833342375542
78 254 0.9279172439500332
78 257 1.7608518859743891
78 224 1.2087140094284052
78 227 0.13493542063020417
78 230 0.36374925958169196
78 233 -1.0485514706580878
78 236 0.48487472224799527
78 239 0.8248730114104488
78 242 -1.9494861148951848
78 245 -2.894709883897385
78 248 -0.6245694987148079
78 251 0.14253373458300797
79 80 -0.5084691672754812
79 82 -0.4142403515568369
79 182 0.0015302343854732329
79 185 -1.1173064738291436
79 152 0.3601952874390672
79 155 -1.1395906913771605
79 159 0.2796851410618893
79 162 -1.279557028217399
79 165 0.2816145957351618
79 168 -0.5906308087584926
79 170 -0.8156584029883673
79 173 -0.09959594174174569
79 176 0.008061830267257365
79 179 1.4972916744929867
80 81 -1.6996414072503518
80 83 -1.7841438738131161
80 218 1.6934313520635407
80 221 0.16281944944068008
80 188 0.1654077346064357
80 191 -1.0308805539450332
80 195 0.8685610561556946
80 198 0.2657808402700383
80 201 1.4151917387846065
80 204 1.3184112091363014
80 206 0.1771795290432908
80 209 0.4444669147680206
80 212 -0.24550436213017138
80 215 -0.030729641821709112
81 84 -0.42287924108445296
81 254 0.4883862503088181
81 257 0.5479501154005583
81 224 0.7170731410782355
81 227 -0.2970729482449345
81 231 0.6456556330600902
81 234 0.4833465629794459
81 237 0.2646878528317714
81 240 1.8949111689674605
81 242 -0.8983769686998412
81 245 0.21961458014572263
81 248 0.011656152251235908
81 251 -0.430580186790931
82 83 1.0723356113963538
82 182 -0.28310435662686356
82 185 1.6370016217877632
82 152 -1.6184685991716221
82 155 0.08190976162721854
82 159 0.6066170606286421
82 162 0.8993920853513224
82 165 -0.48755385797462153
82 168 -0.6004592733310894
82 170 -0.3443096249917887
82 173 0.01878162599028479
82 176 -1.1215830209687063
82 179 0.9626262913502337
83 84 -0.6725728848459337
83 218 -0.2785905731496909
83 221 0.00639694324575682
83 188 -0.4025762957706075
83 191 1.2956289299450086
83 195 -0.2168684771975086
83 198 0.13619228359636174
83 201 -1.8584159023775495
83 204 -0.7979271459038212
83 206 0.819274739552771
83 209 0.36404143286815543
83 212 -2.1209011579341936
83 215 0.19710696672443107
84 254 -0.995081302299097
84 257 0.5020229948948262
84 224 0.9575291333803115
84 227 -0.18839259365102973
84 231 -1.6120501316466602
84 234 1.4617723306595196
84 237 -1.2076480689413713
84 240 -0.472755919397433
84 242 0.19950024160647833
84 245 0.137331878192094
84 248 2.064416345417179
84 251 -0.5250486501792673
85 86 -0.09276225668587361
85 88 1.9404692277939923
85 182 -1.1516481441700093
85 185 -1.2196041795940042
85 188 -1.2560634764701408
85 191 -1.4881576860117978
85 195 0.7943718948868882
85 198 -0.9367392001326914
85 201 -1.7011950799618458
85 204 -0.6616268710130033
85 206 -1.6162707709281126
85 209 0.17021872179504413
85 176 -0.713709339901533
85 179 1.324193579068142
86 87 -1.0896593843777242
86 89 0.04759593671055056
86 218 -1.6705218322685929
86 221 0.931352017050568
86 224 -0.9902435007491638
86 227 -1.41566796860795
86 231 -2.3286235329411107
86 234 -0.4762098275500689
86 237 1.691408118063124
86 240 0.5073873451777775
86 242 0.07582499343484447
86 245 0.2651963618224618
86 212 -0.34405056594887423
86 215 0.7216221529735711
87 90 0.11787840867716734
87 254 1.0140129161663154
87 257 0.3187656366815087
87 260 -0.9375879747335091
87 263 -0.6594503924425903
87 267 0.46586499116013197
87 270 0.4744648844033165
87 273 -0.15978954179550192
87 276 -1.2638494971355583
87 278 0.14388263382846292
87 281 0.32682607699235333
87 248 0.8798658821980808
87 251 -0.3063097305610821
88 89 0.056240761137824405
88 182 -0.4691031621347476
88 185 0.5180952936741525
88 188 -0.22632512103096025
88 191 -0.6729070287174373
88 195 1.4038096555736084
88 198 -1.788175995427044
88 201 -2.4304642792803657
88 204 0.3733499175152125
88 206 0.8469121200513222
88 209 0.9705506057935396
88 176 0.18251091395336133
88 179 1.4389495788534743
89 90 1.384013505317933
89 218 -0.9005441925533779
89 221 0.018346959150948198
89 224 -0.4682433663732178
89 227 -0.7909359243095283
89 231 -0.22586624104216266
89 234 -1.5590826518279657
89 237 1.470584947475313
89 240 0.41336536965905285
89 242 -0.18197518101058704
89 245 -0.08639742129003306
89 212 -0.09597943806600974
89 215 0.12085568194422329
90 254 -1.102178966317094
90 257 -0.5252263732494522
90 260 0.3343865948854111
90 263 -0.5989254160756253
90 267 1.9459853465428085
90 270 0.9841702254971828
90 273 -0.7557368867292148
90 276 -0.9072301835259048
90 278 -1.6881629392847788
90 281 0.31897330074254454
90 248 -0.8588945493348532
90 251 -1.0181699361735037
91 92 0.7234756206408172
91 94 -1.3774610055054708
91 183 -1.9712927001482452
91 186 0.5639644297167065
91 189 -0.7477892725587785
91 192 -0.9275893720494902
91 195 0.3150859932435126
91 198 -0.0697672838005109
91 201 2.1104100524799163
91 204 0.40502385806345836
91 206 1.525401796490192
91 209 2.172884840811045
91 176 -0.9885930835407374
91 179 0.1369070277342697
92 93 0.5062472073121026
92 95 -0.7391899715439926
92 219 0.7220001201896256
92 222 0.0561879612477036
92 225 -1.010311047812549
92 228 0.2650411618448798
92 231 -1.4247414917728929
92 234 0.19218824801769202
92 237 -1.8829915926176426
92 240 0.4581009818137951
92 242 -0.4647991638387889
92 245 0.31971074672103084
92 212 2.0078590791944073
92 215 -0.19894583929116355
93 96 -1.2279907039136295
93 255 -1.2080176865709702
93 258 -0.10773819518892366
93 261 -1.0059506772079818
93 264 0.4685873263083081
93 267 0.7696183051061608
93 270 1.4731269253553894
93 273 2.018829434420009
93 276 -0.9688900685763505
93 278 -0.041948017507957
93 281 -0.919484143362505
93 248 -0.7222893607156866
93 251 -1.0119500938166792
94 95 -0.3268947296200377
94 183 -0.0318598849914754
94 186 0.3684249514660357
94 189 -0.505990168789332
94 192 -2.5994618633859172
94 195 1.5655473178790416
94 198 0.4425582214051515
94 201 0.5973911207691784
94 204 1.0730654145133436
94 206 -0.32764967187753546
94 209 0.6553318208954001
94 176 -0.4390483692022769
94 179 -0.1755294010499467
95 96 -0.9598095774170959
95 219 -0.42780925381452406
95 222 1.1621599894002295
95 225 -0.98826096285196
95 228 1.248573818964473
95 231 0.2850664733947203
95 234 0.134350073201653
95 237 -0.506886747722742
95 240 -1.2819434537752046
95 242 -0.3430283223908866
95 245 -0.4267834700778508
95 212 -0.8155466558031563
95 215 1.4649006441584949
96 255 -0.9374719367317128
96 258 0.5550906791554284
96 261 0.0604759362070323
96 264 1.3539732917189944
96 267 0.40248401618188373
96 270 -2.8088752817763694
96 273 -0.18480836355816402
96 276 -0.6711452739307407
96 278 0.8435652309651985
96 281 -0.15675823851444012
96 248 0.2630622025177777
96 251 1.1194311741662473
97 98 0.2656316298776314
97 100 -0.09938230568325114
97 183 1.835045607619464
97 186 1.2456302192296373
97 189 -0.13318365115633538
97 192 0.19859773139990897
97 195 0.3987168287465137
97 198 0.18346770512854624
97 165 -0.36072122448774824
97 168 0.1836218715381422
97 170 0.7820153142561643
97 173 -1.985870695479838
97 176 -0.6362686109381134
97 179 0.6929868559624107
98 99 0.4649493858158476
98 101 1.3616181292671867
98 219 0.42475597995628184
98 222 0.010664952231362098
98 225 -0.6998357676203922
98 228 0.6541950626669397
98 231 -0.06302865592467673
98 234 0.8725979036405044
98 201 0.46788810421867943
98 204 1.0001055316525655
98 206 -0.698191510826796
98 209 -1.9206945041551953
98 212 -0.467333237865989
98 215 1.468870296119416
99 102 0.21270643508461973
99 255 -0.9245620821912627
99 258 -1.4153234148440257
99 261 0.7308266650928074
99 264 1.182315909133529
99 267 -1.6467641884283497
99 270 -1.173501502905771
99 237 0.20463503087951768
99 240 -0.20254099412294718
99 242 0.5842191997225278
99 245 0.10604887949484931
99 248 0.6637367976989459
99 251 -0.40250071880734417
100 101 -0.09778431828643214
100 183 -1.1374816572071276
100 186 1.514885966293442
100 189 -1.1487281681754873
100 192 -0.8424580735111644
100 195 -0.8088052812400993
100 198 0.36148708653677764
100 165 -1.9339055377196406
100 168 -0.22077577598728712
100 170 0.001833884363906524
100 173 -1.0584566715514336
100 176 -0.08301522648137355
100 179 0.04172498877526499
101 102 0.6330928320679097
101 219 0.41341942945648524
101 222 1.6293681445824002
101 225 1.292176596111141
101 228 -0.780164393454318
101 231 1.7002648754584786
101 234 -0.724950091851117
101 201 -0.21966059829904214
101 204 0.1647315696892794
101 206 1.57388377623111
101 209 -0.6498756751995012
101 212 -0.6795794363033264
101 215 0.3425848817834138
102 255 1.6914225991193146
102 258 1.6902231436897817
102 261 0.6204977467983386
102 264 0.11800711583582243
102 267 2.3034534890117864
102 270 0.07537861954199167
102 237 1.449947126708525
102 240 -1.1288275082360153
102 242 1.342694671649421
102 245 -0.8340845560332681
102 248 0.7339750536802975
102 251 0.45560431964057
103 104 0.09343595231844651
103 106 1.1194842520526318
103 183 0.11751444367585576
103 186 0.05172781885461249
103 189 -0.6611743848809779
103 192 0.12324868288542179
103 195 -1.4416336602312725
103 198 0.7412520946838573
103 165 -2.2520085935983145
103 168 -0.11864352053907118
103 171 0.9848144282459378
103 174 0.8197387997385043
103 177 0.1392497783359573
103 180 -1.0470206147801582
104 105 -0.3477966779930403
104 107 -0.5619488891865471
104 219 0.1345784644188063
104 222 -1.1816527636332528
104 225 1.346412411722198
104 228 -0.11752296166090746
104 231 -0.1381933880280171
104 234 0.6499319638692813
104 201 0.0442094633668039
104 204 -0.2520533368258755
104 207 1.7566408959075093
104 210 -0.06993169128844041
104 213 -1.2144497635674478
104 216 0.39255432366957416
105 108 -0.15715318410490642
105 255 1.1241416156659072
105 258 -0.5694847505926658
105 261 0.9054761240722944
105 264 0.31578938572682325
105 267 1.2772510327635105
105 270 0.5091116552101396
105 237 1.7013016494268554
105 240 0.6655098279603591
105 243 0.403768572158197
105 246 0.7552067603662846
105 249 0.47301317502059326
105 252 1.1347994724635184
106 107 -0.6062294416128946
106 183 -0.029054481701349482
106 186 2.797326743740516
106 189 -1.2427049449723004
106 192 1.1008317970656398
106 195 -0.6744561055368877
106 198 -1.2501072593261224
106 165 2.0641864772371914
106 168 -2.7765982985387336
106 171 0.5693364198992891
106 174 0.5141754616377435
106 177 0.5828769313227498
106 180 -0.06244237640410939
107 108 0.8791918660457532
107 219 -0.6157825578922589
107 222 -0.42216550673614234
107 225 -0.7258669592504639
107 228 -1.1678598531598672
107 231 0.6487542305541311
107 234 -0.034924908049863326
107 201 -0.47346887398100534
107 204 2.2244116900440343
107 207 -0.34205761217713404
107 210 -0.5633655497946355
107 213 0.7272134898148057
107 216 -0.04230327023025761
108 255 -1.6836141352650635
108 258 -0.1312759132184847
108 261 -0.7509832165369716
108 264 -0.5692054190620769
108 267 0.6797861833280298
108 270 0.3190509407480017
108 237 0.8677222428346943
108 240 -0.2229699155853676
108 243 2.644397684128328
108 246 -0.4738594614108832
108 249 0.9722661384686576
108 252 2.01092135403636
109 110 -1.4415614255943576
109 112 -0.5018190497213075
109 183 -1.3055626078077798
109 186 -0.010790157570969865
109 153 -0.17849421757039827
109 156 0.335319903761317
109 159 -0.4663376461373
109 162 0.9245024746043324
109 165 -0.04465084381749045
109 168 -0.4620894357565163
109 171 1.681527766015214
109 174 -0.2760868304890276
109 177 2.229107055161183
109 180 -1.2707785462970438
110 111 0.5869969851176287
110 113 -0.11585533639315554
110 219 1.2992512063425399
110 222 -0.530877678128773
110 189 -0.09968609987747883
110 192 2.234207359965664
110 195 -0.3048926999155212
110 198 0.3781964746816982
110 201 0.8954438520408152
110 204 -1.3764307023076172
110 207 0.44900014558625373
110 210 2.2941115322423795
110 213 -0.8600758161909976
110 216 -1.2703812704222324
111 114 0.5946429671560415
111 255 -1.1416544639840385
111 258 0.7708341584961119
111 225 0.6171126368956665
111 228 0.08648821050357453
111 231 1.0286869314033267
111 234 -1.0955586089170395
111 237 0.4692117354247226
111 240 -0.5961927282483448
111 243 1.2328535768063529
111 246 -0.7114078358094192
111 249 0.44377380592903454
111 252 -0.9575453203690527
112 113 0.6631316121293437
112 183 1.3180250324928733
112 186 -0.2513909431158408
112 153 -1.7271228286249924
112 156 0.3438368835510683
112 159 1.0451724599012016
112 162 -0.44351424093772357
112 165 -0.10241272007195039
112 168 -0.13407021709145392
112 171 -0.39037753482925663
112 174 -0.07076508663794523
112 177 1.2283778893376618
112 180 0.9421234059742304
113 114 -1.6996512743720755
113 219 0.6366844717053307
113 222 -0.40513534125197737
113 189 0.21838350042688826
113 192 -0.4509199533232412
113 195 -0.09390889376064661
113 198 0.957338164654626
113 201 -0.8344473338645707
113 204 0.9684619614594893
113 207 -1.0436765762680698
113 210 -0.34832189816253806
113 213 -1.543577960676643
113 216 0.6770167408686202
114 255 0.34639716598017833
114 258 0.4929186667015291
114 225 -0.15255099610440057
114 228 -0.10278148664528793
114 231 -1.0258756576087904
114 234 0.518709194070138
114 237 -1.4249198882223537
114 240 0.4979444456372778
114 243 1.4486940163175308
114 246 -0.5561271505548375
114 249 -0.4503136640647582
114 252 0.703624941775843
115 116 1.4661266885195754
115 118 -0.47510074796912927
115 183 -0.12708461488124695
115 186 -1.0885003742836272
115 153 -0.8920056777194358
115 156 -1.1129407571777057
115 171 -0.5988956713139689
115 174 0.18268653419910208
115 177 0.09208428856986199
115 180 0.33030886976773605
116 117 1.5453612203460507
116 119 0.3569200281480381
116 219 0.3123880354320318
116 222 0.9425048589445348
116 189 -0.9704996881085473
116 192 -2.3099041165639798
116 207 0.475790945625879
116 210 -0.9533600378368633
116 213 0.39494903116070607
116 216 -0.7000533769255811
117 120 -0.10445264438914242
117 255 1.2555289626894013
117 258 0.44449963688415883
117 225 0.5394031472085031
117 228 -0.8160126131103469
117 243 -0.07752800929569241
117 246 -0.749911047331712
117 249 0.567843941605539
117 252 0.13038782688315967
118 119 -1.8625598252870688
118 183 0.5509126757893366
118 186 -0.49968673417277615
118 153 0.557215796466242
118 156 -0.3276832768243411
118 171 -1.7114339059807055
118 174 -0.1950026365431785
118 177 0.3561276113600191
118 180 -1.6743978455483584
119 120 -0.3167349052991157
119 219 -0.2973158973912925
119 222 1.3176771871320807
119 189 -0.3627737973360713
119 192 0.9260231366928208
119 207 -1.1364755442023144
119 210 -0.5366366736493604
119 213 0.9011173418183257
119 216 0.2483965827998866
120 255 -0.7268770038965007
120 258 0.16551889990887872
120 225 -1.784115910938545
120 228 -1.7124014341480591
120 243 0.9333156096317903
120 246 -0.41765123320150316
120 249 -0.11272057095874469
120 252 -1.043092209356663
121 122 -1.1166515051508128
121 124 1.6372192343849798
121 183 0.3621759640570396
121 186 1.1288148519568795
121 189 -0.4071608503638284
121 192 -1.1578922518640569
121 207 -0.8439845072179954
121 210 -1.2552279882128945
121 177 -0.6332708546263256
121 180 -1.1924582664503902
122 123 -0.2758910165688374
122 125 0.11321593750794413
122 219 -1.7941424436958926
122 222 1.0415783061683637
122 225 0.543573939863197
122 228 0.7511610539751747
122 243 -0.02977139837756878
122 246 -0.7469157151426421
122 213 2.1881797327074928
122 216 0.16204049782256252
123 126 0.38706914238085227
123 255 -0.9163040580230746
123 258 -0.9849405470023103
123 261 1.426578036058851
123 264 -0.06011912099635391
123 279 0.9153038954561208
123 282 0.25379071181236723
123 249 -0.700524111708528
123 252 0.041529179333862826
124 125 0.1591627344907072
124 183 -0.19263974649950205
124 186 -0.7568579195273462
124 189 1.4659157621076335
124 192 0.2147983404019195
124 207 0.7222637071187353
124 210 -1.6999439632206768
124 177 0.2033720249613638
124 180 1.1784948117294478
125 126 -0.6639612203239469
125 219 0.49585567072842607
125 222 1.4909465887638413
125 225 0.9729349615205855
125 228 0.920894450253447
125 243 1.7462718983252272
125 246 -0.04539652826432333
125 213 -0.24591517227910858
125 216 -2.0440166623008755
126 255 0.34185070180940824
126 258 1.2267657429769694
126 261 0.8518857200099871
126 264 0.8801224809829844
126 279 -2.2942508311345944
126 282 -0.7879949379268735
126 249 -1.1502116464329974
126 252 -1.4673832794565917
127 128 -0.08194955316478894
127 130 -0.6101178105214935
127 207 0.18167931763521544
127 210 0.6668125524025678
127 177 -0.42192865448528144
127 180 0.8666630606972736
128 129 -0.5024129174821921
128 131 -0.348499323555706
128 243 -1.1966939917574295
128 246 -0.6479440734721795
128 213 -0.6031063497848342
128 216 0.38895768004036896
129 132 -1.2150417995082283
129 279 -0.4244340683989041
129 282 0.488707496231249
129 249 0.06106936103674247
129 252 -1.013249490665926
130 131 -0.5181171538375967
130 207 0.02703748814826873
130 210 0.7289506221714888
130 177 -2.1358458128727986
130 180 -0.028916585108723563
131 132 -1.956813106403869
131 243 0.2563802757621825
131 246 0.053217289848316904
131 213 -0.33007740990142065
131 216 -0.6787220475426534
132 279 -1.3190166256931202
132 282 -0.7556888016624554
132 249 1.6461815524913437
132 252 -1.029990137570952
133 134 -1.266603077501806
133 136 -0.23877569636164733
133 171 -0.10001670227945612
133 174 -0.5585860482038286
133 177 -1.001568816858409
133 180 -0.0826332297615753
134 135 -0.7524023376297035
134 137 -0.1511138357613791
134 207 0.5260394290214004
134 210 -0.5126201464819302
134 213 0.14997926344247556
134 216 0.3767234858812675
135 138 -0.9173693344419137
135 243 -1.1264708397234764
135 246 -0.17122520475036443
135 249 -1.2111342191481582
135 252 0.5655860917741751
136 137 0.24438589282408535
136 171 0.14778176460500092
136 174 -1.0036431658544138
136 177 0.646240447527702
136 180 0.9631206478669762
137 138 1.1683827209347764
137 207 -0.595542934033204
137 210 -0.3138828174747456
137 213 0.640667337815393
137 216 0.4110687912838549
138 243 0.05110682810407508
138 246 0.6609694515131495
138 249 -0.09783525010970094
138 252 -0.571669580007459
139 140 1.3188635936223059
139 142 -0.10023346642460233
140 141 -0.13471914409807087
140 143 -0.42331138254982525
141 144 1.053018089707246
142 143 -0.11983817115670684
143 144 -0.35869442126728623
145 146 1.0494151331713897
145 148 -0.3774351589377046
146 147 0.4421828359314362
146 149 -0.354689096564451
147 150 1.0506099636117707
148 149 0.8817930402489392
149 150 0.35353874794093976
151 152 0.5321888563725182
151 154 -0.7180423599671582
152 153 1.1745807138228859
152 155 1.3730523085496094
153 156 -1.0606860839505465
154 155 -0.28949504418643507
155 156 0.2875694891628112
157 158 0.04216701571620309
157 160 -1.43686336201221
158 159 -0.9875134092218807
158 161 0.8640756554161005
159 162 0.07254579676137098
160 161 -0.5071822661640857
161 162 -1.1442933978240004
163 164 0.6337458618163818
163 166 0.6280729775919336
164 165 -0.26921947308458827
164 167 -0.16584821689786122
165 168 -1.0982821979033353
166 167 2.2848309671498415
167 168 1.019877142788925
169 170 -1.8090628431558178
169 172 -0.28811022160777044
170 171 0.5496692731937184
170 173 -0.591647150002205
171 174 -2.0484085444841296
172 173 2.5921490972963652
173 174 -1.7325994905352557
175 176 0.026234307221759064
175 178 1.0171627432996413
176 177 0.10642778730969682
176 179 -0.07656663673149054
177 180 -0.15576679306014696
178 179 -0.616339687012387
179 180 -0.3107201081165092
181 182 0.36611828276119035
181 184 -0.6760073158404805
182 183 1.835862355258561
182 185 -0.06615873677022115
183 186 0.36890476120668797
184 185 0.21553262729422717
185 186 2.058761574545467
187 188 0.7383540635023909
187 190 0.09488751322309048
188 189 0.3419889155460352
188 191 -0.817820700413023
189 192 -0.438727233619253
190 191 0.09208472686518585
191 192 0.11348367537017164
193 194 -2.4150854573878515
193 196 -1.1624119990548916
194 195 0.06354526155812378
194 197 0.7442499599130978
195 198 -0.031858901392181525
196 197 1.4314285627683931
197 198 -0.571835507443345
199 200 1.371423456362673
199 202 -0.06326253847810288
200 201 0.3759882534459642
200 203 0.4682109742090597
201 204 0.1847098501584489
202 203 -0.7972560126340772
203 204 -0.2978561603149199
205 206 1.3134182139722854
205 208 -0.5049378899855651
206 207 -0.905661133173891
206 209 -1.2615058018048029
207 210 -0.7896058252480369
208 209 -1.4194208351536959
209 210 0.13975894986877196
211 212 1.6317640406024858
211 214 -0.3379152026299959
212 213 -0.5847762018332576
212 215 -0.9466805182298231
213 216 -0.3983289689582326
214 215 0.14360669879482313
215 216 0.9189468809533778
217 218 0.15272669270868058
217 220 -0.5549138758553049
218 219 -0.7294984395020091
218 221 0.6541713600961339
219 222 -0.03254818660794205
220 221 -0.10664563286730537
221 222 0.7741144354800226
223 224 -2.3341181310768584
223 226 -0.5252855294480255
224 225 -0.7787232117228573
224 227 0.5168963606890363
225 228 -0.6119456609681674
226 227 -0.06982031366185124
227 228 -1.3138239730582975
229 230 0.7891207057550134
229 232 0.17843032372370093
230 231 -0.3851592781127302
230 233 -0.34793193013206763
231 234 -0.1380280230156693
232 233 0.3804895837226394
233 234 1.0980243649255514
235 236 -2.9160769395959685
235 238 0.13293665789747916
236 237 0.2626739908950443
236 239 -1.0057000632175765
237 240 0.5868857362808058
238 239 -0.736114236553454
239 240 -0.2750690991055311
241 242 0.9570567711328176
241 244 -0.31482096922517605
242 243 -0.41605302961347457
242 245 -0.06618364368953897
243 246 0.28169292195357015
244 245 -1.1419142203949066
245 246 -0.92819840082677
247 248 0.8548836083437483
247 250 -1.0535483099801526
248 249 -1.591021406663839
248 251 -0.6383091459228621
249 252 1.2668748927889886
250 251 -0.7997657182471587
251 252 -0.32121911278595094
253 254 -1.2369018248439132
253 256 -0.1534659549010288
254 255 -0.39481332962863536
254 257 2.378659286090618
255 258 1.1304406731965662
256 257 0.07589242819041976
257 258 -2.4241578985402024
259 260 0.6293033008397311
259 262 0.9511687158294284
260 261 -0.2751256496757368
260 263 -0.6054477426030254
261 264 0.1491360403054065
262 263 -1.1933627800950584
263 264 2.111598610081839
265 266 0.4827885453021035
265 268 -0.21289186540237942
266 267 -1.015805723554142
266 269 -1.927935874698222
267 270 -0.04586287696995884
268 269 -0.21739092225324197
269 270 1.4981097792584939
271 272 0.3918075942865311
271 274 -0.10292468564222011
272 273 -0.12015677424405075
272 275 -0.08102085839230869
273 276 0.1713093194552233
274 275 0.3690127840948297
275 276 -1.9707067344504305
277 278 0.5534363773183163
277 280 1.5526607169333178
278 279 -1.1710702578470578
278 281 -1.39412826466179
279 282 -1.4749630142131214
280 281 -1.3898687242585817
281 282 -0.1243596267332305
283 284 -1.3298997675811755
283 286 0.8494340756937085
284 285 0.142184187001555
284 287 0.5143985873387394
285 288 0.19283208978640035
286 287 0.9539992440042961
287 288 0.24322583034916734
