# 
1 1 -1.8757766321106097
2 2 0.5098367821530351
3 3 -0.26138610310070015
4 4 -1.252186400859636
5 5 1.9680841320824658
6 6 -0.4895123722092249
7 7 -0.8092866877035283
8 8 -1.0815723186999686
9 9 -0.5658314956081373
10 10 -1.4811751626265979
11 11 -0.9124603297192531
12 12 -1.8914201299161384
13 13 -2.202136488311441
14 14 -0.22989928842499466
15 15 -0.2717789395919229
16 16 1.6412026766436867
17 17 1.2002385329115215
18 18 1.3551258024803854
19 19 0.8504872531451134
20 20 1.6832093722171582
21 21 0.6261174243710814
22 22 0.6942382356960551
23 23 -1.109653317347279
24 24 0.3351727160422691
25 25 0.46987921965692975
26 26 -1.1858383092509246
27 27 0.04367169399141125
28 28 1.5433642259749754
29 29 -0.5955765615215828
30 30 0.2804609643214209
31 31 -0.3075531705798713
32 32 -0.47226421842225463
33 33 -0.13417060807172054
34 34 0.2424539029575118
35 35 -0.2301508607821908
36 36 -0.5997758916970483
37 37 -0.015570067563017586
38 38 0.7242717330554624
39 39 -1.8813253504497114
40 40 0.6319605254001845
41 41 0.8634063354748259
42 42 0.3474366148213558
43 43 -0.15760134703410625
44 44 -1.6448608141024306
45 45 0.2766367750781845
46 46 -0.4433756433113343
47 47 -0.27088835018924157
48 48 -0.5424846842928397
49 49 0.1654442920125806
50 50 0.05671813892599849
51 51 0.1466237612259689
52 52 -0.6344131306944736
53 53 0.9995167708052821
54 54 -1.4951817107447594
55 55 -0.13282343946304692
56 56 -1.7649186104251482
57 57 0.6881252143447765
58 58 -1.703503113551022
59 59 0.19211420931804016
60 60 -2.6575452089470346
61 61 1.9219858129755072
62 62 -0.9472590529170151
63 63 0.8553744829707813
64 64 -0.367284950889287
65 65 -0.18651798267715508
66 66 -1.0869744775720813
67 67 0.3550144515048046
68 68 0.3834209341123239
69 69 -0.9663999871806698
70 70 0.07858393098649141
71 71 -1.112364302562629
72 72 -1.3748870082056532
73 73 0.1710851292152968
74 74 -0.5679857499384371
75 75 0.791671478008646
76 76 -1.5548462445085078
77 77 -0.8449191407724918
78 78 1.3089294336662416
79 79 0.3164641343095702
80 80 -1.4338901924983496
81 81 1.109279863485423
82 82 0.4461849010851066
83 83 -0.019812581998005948
84 84 0.3303862263376758
85 85 0.6499708052615488
86 86 -0.3184621592418755
87 87 -0.3071650197287143
88 88 -0.5470862743935944
89 89 -0.188035954548868
90 90 -0.47293018727746755
91 91 -0.5039411410318887
92 92 -0.1546394205278671
93 93 -0.028834136606479335
94 94 0.11212247840115103
95 95 0.3359422066384708
96 96 -1.0351278571350366
97 97 -1.8141486386522905
98 98 0.6496008371357543
99 99 0.2764327601216447
100 100 -1.2272766892207232
101 101 -1.806264058528209
102 102 -1.5779402832532115
103 103 -1.8066354596273113
104 104 -0.027893094411845988
105 105 0.2184024967136635
106 106 -1.8153712304611254
107 107 1.9794930423794213
108 108 0.5842030354167945
109 109 1.1898082608080711
110 110 -0.132753160450763
111 111 0.9465624874481972
112 112 -1.3638650371516876
113 113 -0.5587011137134462
114 114 -1.0138062316775296
115 115 0.7848543149975302
116 116 -0.631870664092595
117 117 0.9822878520802946
118 118 -1.4296258561079047
119 119 1.4499205002456261
120 120 0.3436976611741154
121 121 -0.448082205674868
122 122 -0.16926561457358746
123 123 0.015932651916765482
124 124 0.3102936631611802
125 125 0.18206481240718056
126 126 -1.2817420041051062
127 127 -0.911260111795223
128 128 -0.6603658068075363
129 129 1.2960155966815605
130 130 -0.16994440212706383
131 131 1.1163411560783663
132 132 0.7213725612082191
133 133 0.5329793474537596
134 134 0.29464327088215037
135 135 0.3350548421827842
136 136 0.1393848507808219
137 137 -1.2667149817934742
138 138 0.23149022933374205
139 139 -0.1585568077965446
140 140 0.9102608394612484
141 141 0.4023415158066591
142 142 -1.4025290941364632
143 143 0.6576038774375969
144 144 0.04379874809852103
145 145 -0.22072353930211402
146 146 -1.1461350621615167
147 147 2.480911581243499
148 148 -1.089213389314543
149 149 0.13025908171594086
150 150 -0.6251229267883088
151 151 -0.8249182140439731
152 152 0.3508998661874733
153 153 0.6406000008128098
154 154 -0.28003571996613474
155 155 0.37694723889970266
156 156 -0.17684636525840314
157 157 -0.8179465317710349
158 158 -0.22335194914717893
159 159 -0.14300806903900332
160 160 0.4688762719083855
161 161 1.3689885721045136
162 162 0.3511021378064947
163 163 -0.13597281027844801
164 164 1.1432417427608588
165 165 -1.138512640488899
166 166 1.7937066715755816
167 167 1.1975006596337443
168 168 -0.5458459132724184
169 169 0.2814847609772455
170 170 0.020731063816499876
171 171 1.214314900746691
172 172 0.7293968866418689
173 173 0.4517598706833815
174 174 0.09193218467129845
175 175 0.2655686598017222
176 176 -0.16048495825391404
177 177 1.1584639601078788
178 178 0.20543191597475507
179 179 -0.3050969601536399
180 180 0.26495381988329786
181 181 -1.2730280099000855
182 182 0.3842510991016585
183 183 -0.49491414208513923
184 184 0.5976660624669868
185 185 -0.21079099707251708
186 186 -0.49295776124153445
187 187 -0.17914888102156548
188 188 0.7932555875184739
189 189 -0.884854393423975
190 190 -1.8729955069245559
191 191 1.1761294943612415
192 192 1.1632017774746333
193 193 2.103480164688783
194 194 -0.6599786555810655
195 195 0.36562977861676105
196 196 0.7600517563968856
197 197 2.545165030800235
198 198 0.5617792437352803
199 199 0.4449456433672784
200 200 -0.4615112031305585
201 201 -0.5471305192532981
202 202 1.4557846484866197
203 203 0.5165781184536915
204 204 1.3186621863448085
205 205 -0.05419719246669042
206 206 0.11690963087500895
207 207 0.8202434388649712
208 208 -0.4084341089818491
209 209 0.02536173108910463
210 210 0.6037667505701709
211 211 0.6701848222991834
212 212 -0.2568191714326912
213 213 -0.3397099443094261
214 214 0.32016259781883705
215 215 -0.8309057551722504
216 216 0.5300499598308969
217 217 -0.35542622811790514
218 218 -0.8458137426059826
219 219 -1.1077924787448719
220 220 -0.7061898382953149
221 221 -0.7417954012623718
222 222 -0.6097493346509436
223 223 0.008486776051571679
224 224 -0.30312410165332093
225 225 -0.3272979470115645
226 226 -1.4913773528557945
227 227 -0.22967328546381469
228 228 -2.0510740872902
229 229 1.128343127974753
230 230 0.09280347654606798
231 231 -0.6560226083199067
232 232 0.13350981432059336
233 233 0.9024656625868722
234 234 -0.4725397500104738
235 235 -0.5136261137048272
236 236 0.28932258848429465
237 237 0.7860802734721543
238 238 -0.5341099277254544
239 239 -0.9311485128485071
240 240 0.837609560292594
241 241 1.0240569147051413
242 242 0.2725505448241563
243 243 -2.31818586726994
244 244 -0.5759186246521052
245 245 0.012037586897107665
246 246 0.6822700278211672
247 247 -0.47164808806063113
248 248 -1.7273757831016996
249 249 -0.38662207413505034
250 250 2.4512231078041364
251 251 0.48012422746861494
252 252 0.11548003854699017
253 253 -0.47483869609916796
254 254 -0.5396821513273649
255 255 0.7447701176346534
256 256 1.0923116151223036
257 257 1.842932307454095
258 258 -0.07886537486888476
259 259 -0.016739237973831332
260 260 0.8029452819399556
261 261 -0.5652124880381421
262 262 -2.0608733952544003
263 263 0.5902216244720634
264 264 1.068021880115316
265 265 -2.314924627912543
266 266 0.6904596093550419
267 267 -0.642983704774271
268 268 -0.8556153864597303
269 269 0.6563133111319871
270 270 0.9189594043231728
271 271 -0.43604857315284035
272 272 0.42985266900239644
273 273 -0.5672008348349488
274 274 1.448222092730622
275 275 1.0276049425426108
276 276 -0.5182582870728625
277 277 -0.46332941630983865
278 278 0.6219961861088232
279 279 0.2640904007547393
280 280 1.4151477166716258
281 281 -0.34241725696514097
282 282 -0.531539581467632
283 283 0.8758804401376373
284 284 -1.5833662042362502
285 285 -0.8403130523101456
286 286 1.5456410589863818
287 287 0.2821301117837967
288 288 0.6605033773724925
1 2 0.9289282942256789
1 4 -0.17347233105831705
2 3 -0.09344914688943476
2 5 0.40237105082942665
3 6 0.3969981358048511
4 5 -0.16567264341907303
5 6 -0.04256200841971599
7 8 0.1892189257584474
7 10 1.3173818480687436
7 157 -0.9086092063585675
7 160 -0.2647993980251657
7 163 -0.29792255204751333
7 166 0.9008315264433411
8 9 0.6807504457320357
8 11 0.3646644167397005
8 193 -0.6437899255228807
8 196 -0.28039581165760935
8 199 1.0829982230388582
8 202 -1.126251904918446
9 12 0.6567128074156023
9 229 -0.42926885554889566
9 232 -0.8646090944426226
9 235 -0.3911571491394552
9 238 0.23750177238122844
10 11 -0.02840095548212105
10 157 0.06983105553257801
10 160 1.236775466798007
10 163 1.7093408410943047
10 166 -0.03974809420890958
11 12 3.118991225079746
11 193 0.37899828952926573
11 196 -1.9435819607773157
11 199 -0.6938859531325694
11 202 -0.011522879936682228
12 229 -1.228453713119384
12 232 -0.10006114665564346
12 235 -3.3527168015892603
12 238 0.9780676050261013
13 14 -0.6931801172497775
13 16 -0.46801370639986095
13 193 -0.7049649878187448
13 196 1.1250189729865168
13 199 -0.4452736274993016
13 202 0.15970297012497298
14 15 -2.351864932029737
14 17 -0.25490527905776
14 229 0.1776799441385939
14 232 1.6193567720209234
14 235 0.23616146952762382
14 238 -0.19584897038907698
15 18 0.13531999210976475
15 265 -0.4538669073455988
15 268 0.0672143713037033
15 271 -0.39147608605192413
15 274 1.2678782047377963
16 17 -0.3206702884048969
16 193 -0.9913028231922469
16 196 -0.7297608472123497
16 199 -0.2064400051893082
16 202 0.7544745358937667
17 18 0.2413002191474301
17 229 -0.8767329443046786
17 232 -0.12212696090418486
17 235 -2.405938844249353
17 238 0.19335274388410054
18 265 -0.9655127419663571
18 268 -1.4375035322646466
18 271 -0.7284455437723489
18 274 1.4342501717351306
19 20 0.38996791936654895
19 22 -0.8796333029328405
19 181 0.6316708178592202
19 184 1.7817384506046776
19 187 1.2630698597464058
19 190 1.035734620438066
19 193 0.9121346710215597
19 196 -1.022142488649077
19 199 0.24693061510171405
19 202 1.2812110563326609
20 21 0.3064450527022792
20 23 0.16663963425800293
20 217 0.4117001588812566
20 220 -0.7136243289404832
20 223 1.034207762694686
20 226 -0.03518548803949778
20 229 -0.956188628589285
20 232 -1.8787361018343363
20 235 -2.354456087373601
20 238 -0.6733693352089674
21 24 -0.3427923695162209
21 253 -0.5279727905297781
21 256 0.9293566074296928
21 259 0.32830675171062756
21 262 -1.010985232575805
21 265 -0.13658853090004938
21 268 -0.10740614451214407
21 271 0.3931760419609418
21 274 0.07860825741798733
22 23 0.38820866292544276
22 181 1.4728824989094333
22 184 1.7797747527508812
22 187 0.09022224322083637
22 190 -0.43535686933842277
22 193 -2.299370038988294
22 196 -1.4148033436212897
22 199 0.5916556836333277
22 202 -0.3163125217763987
23 24 0.5587128303462895
23 217 -1.2792642708501494
23 220 1.1869727053917403
23 223 0.7225967515845106
23 226 -0.8568210080957482
23 229 -0.19774671512669087
23 232 -2.1268086648545306
23 235 0.5604609830134424
23 238 0.27402485216977956
24 253 1.1122432500755515
24 256 -0.8969274122409553
24 259 0.5233663391864467
24 262 0.2706672909263712
24 265 -1.7231210016804142
24 268 -0.3089832094270882
24 271 -0.1630932764117881
24 274 -0.3955481753352692
25 26 1.110691920877522
25 28 -1.103582099260103
25 181 0.5303680034773325
25 184 -1.0845191404466556
25 187 0.7454301059738528
25 190 -0.1553963494330083
25 193 0.14052992156801702
25 196 0.08496798706172018
25 163 0.7821429727309153
25 166 0.5141902704784547
26 27 0.2372818137185346
26 29 0.6562775021017431
26 217 -1.77467170640669
26 220 -0.3121544447188767
26 223 -0.19696211486435272
26 226 -0.6374447916285756
26 229 0.12857819409240462
26 232 -1.4704412642377402
26 199 -0.8277508890376263
26 202 -0.4301556067726801
27 30 -0.583857949948582
27 253 0.15851656151596552
27 256 2.277008337162441
27 259 -0.6482972534296412
27 262 0.19441379526297317
27 265 0.5575354070757634
27 268 -1.0883561187610804
27 235 1.4722162150959741
27 238 2.0003003249140607
28 29 -0.029860431807662863
28 181 -0.1741691530256283
28 184 0.5696205363290533
28 187 -0.08786095116240544
28 190 -0.9385722618062272
28 193 -1.041558963442778
28 196 0.03818296900298528
28 163 0.24082197076472203
28 166 -0.6398074803149398
29 30 1.5098601727243213
29 217 -0.4076064858134257
29 220 -0.3555531810688972
29 223 -0.23980971843018642
29 226 -0.2047469082638011
29 229 -0.52661908696994
29 232 -1.8091510620312206
29 199 0.4880262294980732
29 202 0.7186385183734109
30 253 -0.9545880608454416
30 256 -0.34684643841717494
30 259 1.6895106853913784
30 262 -0.7603784350802801
30 265 1.3255120620235383
30 268 -1.3231440472549711
30 235 0.6066257705564322
30 238 1.2229914875768324
31 32 0.3230594148761456
31 34 -1.3943871591247348
31 181 -0.24097211295566365
31 184 1.1075974070846042
31 187 -1.047287501483706
31 190 -0.5072650746501827
31 193 0.40254052890557684
31 196 1.153922903809059
31 163 1.0400850801234014
31 166 0.7743148807630058
31 169 -0.5360972935402507
31 172 -0.5407487042108097
31 175 -0.3438740546903203
31 178 0.15158480731871932
32 33 0.3159688101548113
32 35 -0.25921587934999835
32 217 0.3551111040687609
32 220 -2.052076563608949
32 223 0.2147103844665436
32 226 -1.2621008308907153
32 229 -0.8188184205495164
32 232 0.45627369390027606
32 199 -0.30350125446996756
32 202 -0.37153002253878903
32 205 0.5884153532773894
32 208 0.15990033334605339
32 211 1.1918770322628622
32 214 1.0603165587797059
33 36 0.8094420063066998
33 253 2.2664829678510143
33 256 0.06506593902660428
33 259 -1.0344928369738986
33 262 1.015795257133428
33 265 1.5656029864346754
33 268 0.6618484666589335
33 235 0.7064395640166963
33 238 0.27687165007516207
33 241 -0.9272027817075028
33 244 0.9913048036209423
33 247 0.582547069355054
33 250 -1.8549738242156713
34 35 -1.114693766059913
34 181 -0.9591841757230447
34 184 -0.5612776363773824
34 187 -0.411155337084625
34 190 0.6828164657374324
34 193 -1.1936152112903975
34 196 1.4409165968523123
34 163 1.2951062010275973
34 166 0.01007581610257902
34 169 -1.2934273287658822
34 172 -0.9823267626305969
34 175 0.09295934444722359
34 178 0.3704689140559211
35 36 0.7723947300161885
35 217 -0.08556482678810476
35 220 -0.13535187025811166
35 223 1.5556709926434196
35 226 0.48112004492498195
35 229 -0.4134859797488644
35 232 -0.25357121056699977
35 199 0.4189661855691685
35 202 -0.706718682582339
35 205 -1.0268023377372903
35 208 -0.25781900719183226
35 211 -0.20044196093029557
35 214 0.13933083317727266
36 253 -0.5482650031939602
36 256 -0.3809058814083031
36 259 -0.799473887308447
36 262 0.1341745421776487
36 265 -0.5596922274083002
36 268 -0.703303508087406
36 235 0.44000713321272994
36 238 -1.5414416783506746
36 241 -0.147651158038433
36 244 -0.31848771316023183
36 247 0.8072917064085742
36 250 -0.9645184511569839
37 38 2.3210896626456745
37 40 -1.2780322519874883
37 181 -1.911573296374124
37 184 -0.3424070930600206
37 151 -0.7183723225390813
37 154 1.220608313580473
37 157 -0.11160026517689907
37 160 1.1072660166009722
37 163 1.0983165125035648
37 166 -1.1513589209136486
37 169 1.5577601120394347
37 172 0.3596641976028418
37 175 -1.383773124760997
37 178 -0.6482163364361971
38 39 0.4130916020364433
38 41 1.1901445981600849
38 217 -0.7501320608519324
38 220 -1.4841467827521344
38 187 -0.1999054450123228
38 190 1.1903695325753227
38 193 0.4145480488337062
38 196 0.010615974963115012
38 199 0.46309545455286716
38 202 0.08790461417348397
38 205 -1.1520742294756234
38 208 -1.783219943281777
38 211 0.8199062276191215
38 214 -1.1319522157475537
39 42 -1.3304347592059733
39 253 -0.39392597604612023
39 256 -1.2157770175412077
39 223 1.3919453919249136
39 226 0.5938302437412483
39 229 -1.1519081250506238
39 232 -0.12449021512629678
39 235 1.4033429691042438
39 238 -0.004923509187986303
39 241 -0.29961527643584934
39 244 -0.09500698869103283
39 247 -0.5995210023230635
39 250 1.2519194412928811
40 41 0.26876413436436164
40 181 0.5135236906860933
40 184 -1.417209316166535
40 151 0.8396672112012148
40 154 0.7248335202321339
40 157 0.4287245294642067
40 160 0.4647800519398089
40 163 -0.756103428454954
40 166 -0.23405561322483914
40 169 -0.26448943101112704
40 172 1.6735581823073853
40 175 0.08270562445828214
40 178 0.1308581435551951
41 42 0.5119708407691907
41 217 -0.7770910745675431
41 220 -0.6860290481921759
41 187 -0.05109731710344421
41 190 0.4352998041002856
41 193 0.8487110834649266
41 196 0.4839730337479636
41 199 -1.0600704218004544
41 202 0.8878524304448094
41 205 0.2474956893989699
41 208 -0.2643115986267099
41 211 0.5757912360688562
41 214 -1.939405873992581
42 253 1.0129926291573068
42 256 0.5698078868913838
42 223 -0.1312692057356594
42 226 -0.036948011483668976
42 229 -0.6192865978276558
42 232 0.7420990449099729
42 235 0.49008067069980854
42 238 0.2002153910490454
42 241 -2.155808588993992
42 244 -0.7819203773112373
42 247 -0.11997634902555697
42 250 1.6034811030722573
43 44 -0.15245782605617728
43 46 -0.00423104436857645
43 181 0.3284741758405421
43 184 0.07137799179062426
43 151 1.010687632823838
43 154 0.13852805998940057
43 158 0.21154246145071925
43 161 0.9213771412909417
43 164 0.025245708169847062
43 167 0.3181203408553123
43 169 -1.3841132505156946
43 172 1.1170524857517505
43 175 1.0163049295473319
43 178 0.6570123929817556
44 45 -1.5452600946210804
44 47 -0.786097287418289
44 217 -0.32418779522527713
44 220 -0.9746272642417331
44 187 -0.015268353923403383
44 190 -0.26139781325345807
44 194 0.2157928794013842
44 197 -1.3369899329484458
44 200 -0.6359417657931489
44 203 -1.5756196436664545
44 205 1.0822872558631467
44 208 0.2304072633876056
44 211 -0.9750255418882676
44 214 -1.0264725548559523
45 48 0.6794454269982122
45 253 -0.1364102433095324
45 256 -0.41774868405291415
45 223 -0.6313089569777163
45 226 -0.27501194603185236
45 230 -0.7472177074775045
45 233 -0.16967410786993553
45 236 -1.1645331111295147
45 239 -0.2995962890091552
45 241 1.7786947909698738
45 244 -1.421975125172155
45 247 0.412492406164038
45 250 -0.1799255827045531
46 47 -0.011657503033065834
46 181 -0.1810728659621697
46 184 -0.3761640928017108
46 151 -0.9610960507500144
46 154 0.6496442017706437
46 158 0.32987019987820854
46 161 -0.31788489743043363
46 164 0.11696502434159828
46 167 0.29934255718158564
46 169 0.2939751856538157
46 172 0.6361650799313462
46 175 -1.834218810991088
46 178 0.5206982326691745
47 48 0.2615287090426042
47 217 -0.4841431619835764
47 220 -0.5543424075168419
47 187 -0.45986834747543437
47 190 0.6810402653225169
47 194 1.0553977490913578
47 197 -0.1908125415650423
47 200 0.3720439805846071
47 203 0.8615045990039445
47 205 0.6699668214444663
47 208 -2.5836489331162813
47 211 1.110671291895822
47 214 0.836995577289173
48 253 -0.5939770943369779
48 256 0.9251944142040698
48 223 0.7996052503141684
48 226 0.9304540025655249
48 230 0.603123054248317
48 233 1.0108399887726052
48 236 0.19669312740287492
48 239 -1.0194670762794973
48 241 0.06742629048487249
48 244 -0.09420259065409277
48 247 0.5062734271606103
48 250 -0.03797314563860901
49 50 1.8584992658709554
49 52 -1.5359202606221483
49 181 0.38123418702529527
49 184 0.5388539050299643
49 187 -0.7697455674725573
49 190 1.7730463163584558
49 194 0.40915545335153325
49 197 0.9804281029117587
49 200 -0.8606085536018672
49 203 -0.9196647924357828
49 205 -0.1956138905029082
49 208 1.2708028745691051
49 175 1.201991514533158
49 178 0.222893705761799
50 51 0.4843103466356186
50 53 -0.10612613004218333
50 217 -0.05222077350740664
50 220 1.2942834947243456
50 223 0.09121985232715435
50 226 0.07220194195266376
50 230 1.3648378732213338
50 233 0.2650511514489698
50 236 0.7169899248361927
50 239 -0.5789518777299414
50 241 0.854887722117038
50 244 0.20352681153492702
50 211 0.7317414531425362
50 214 -0.08780207910511582
51 54 0.2814417802356401
51 253 0.5568474772083686
51 256 1.2633056441754114
51 259 0.13831847395590827
51 262 2.209405065763209
51 266 0.36057060994584345
51 269 0.4917368028530358
51 272 1.5941838792667349
51 275 0.02177829919235493
51 277 0.17960432209857016
51 280 1.1871473114931992
51 247 1.251263136639181
51 250 -1.8779314856319298
52 53 -1.3527973142560215
52 181 0.12551058096261208
52 184 0.75726016251629
52 187 -0.41079588013325885
52 190 0.4033110833969971
52 194 -0.5542301111588805
52 197 0.3160169855841326
52 200 -0.1928454372933426
52 203 -1.0463760263657356
52 205 -0.6605424186643927
52 208 -0.48818337348824253
52 175 -1.0487325156059228
52 178 -0.7079191961587716
53 54 -0.21923508763860347
53 217 -0.5028886524246144
53 220 1.3041866416960626
53 223 -0.8785691439220553
53 226 -0.6525464195158973
53 230 -0.833309220752144
53 233 -0.20333315889216458
53 236 1.166300603790777
53 239 -0.6895595892201977
53 241 0.2602037876643574
53 244 1.2144762689325774
53 211 -1.4498602270534027
53 214 0.6746099579791359
54 253 0.0407691234288922
54 256 0.7049726785580863
54 259 0.19528977880630613
54 262 -0.48141430233271015
54 266 -1.2456214493566609
54 269 -0.8252806746072326
54 272 0.9571588550593073
54 275 1.0113838563047581
54 277 -2.6351415022493057
54 280 1.8005806566526057
54 247 -0.8511180692194328
54 250 0.48945880143867704
55 56 1.866448312187061
55 58 0.23562111485446707
55 182 -0.4104067446092753
55 185 1.9127479801403626
55 188 0.01850655777850213
55 191 -0.2022284782220918
55 194 0.3832320081504222
55 197 -0.4186542994137738
55 200 2.361930645873319
55 203 -1.0425969762887695
55 205 1.097374145518076
55 208 1.1521792236262351
55 175 1.6500551173091873
55 178 0.32564794221255244
56 57 2.415897701807579
56 59 0.40912678068574226
56 218 0.16787179673078073
56 221 0.23226428547490524
56 224 -1.0383981945556893
56 227 -0.4853873635007347
56 230 0.9256917921061079
56 233 -0.2074838596694484
56 236 -0.8616844524258184
56 239 -1.1078199283954964
56 241 -1.062711420873932
56 244 0.25869589472334
56 211 -1.4811839115747047
56 214 -0.4556951166285666
57 60 0.647660134262068
57 254 0.5617061877655404
57 257 0.9220083360993223
57 260 -0.33156403059610345
57 263 1.2225537397283202
57 266 -0.44079781858734285
57 269 1.1579885859392147
57 272 0.4923881993941747
57 275 -0.8963437413560169
57 277 -1.6626720933363683
57 280 -1.1369209502810256
57 247 -0.3036379964109125
57 250 0.26707200875936504
58 59 -1.2020309786165504
58 182 -0.21490061371448332
58 185 0.5897693938343164
58 188 -0.7341939453958574
58 191 1.158329543868895
58 194 -0.8641705780264787
58 197 -0.2720003439353578
58 200 0.2199745097089732
58 203 -1.0630098850925054
58 205 -1.4395466213937769
58 208 0.2743673004322293
58 175 1.7873268164576566
58 178 -0.26929930670611546
59 60 -0.2694840941812593
59 218 1.356827519540023
59 221 0.014476562277790504
59 224 -0.9969204268076456
59 227 -1.4561372289764583
59 230 -1.0290307930354254
59 233 -0.6278577788222073
59 236 0.6994949584719389
59 239 -0.9476975318345443
59 241 -0.7936644244152801
59 244 -1.0354146784890883
59 211 -0.7721228505245552
59 214 0.37485873531527164
60 254 -1.0319092195631776
60 257 -1.3936648562737513
60 260 -1.4342806446212084
60 263 -1.588441071422212
60 266 0.2755968415549175
60 269 -0.5584211255358515
60 272 1.041896716858424
60 275 -0.23124751843983377
60 277 0.7650463561437065
60 280 0.5805017463452417
60 247 0.24624673963543067
60 250 0.2630624175174697
61 62 0.0600852421511923
61 64 0.1646551023266638
61 182 0.1510674458736125
61 185 -1.4801109404043122
61 188 1.310003893266389
61 191 0.596054248852466
61 194 0.9911941027898745
61 197 0.018386242723685765
61 164 0.34007311677152186
61 167 -1.3100199772350216
61 169 0.4626803901484645
61 172 -0.5131412333645711
61 175 1.8925934304175802
61 178 -0.8144026829958212
62 63 -0.5220285506386123
62 65 -0.7588833513974113
62 218 -0.9251403696641071
62 221 0.3341646874599445
62 224 2.6023307786051557
62 227 1.270433546326312
62 230 -0.18843877423383523
62 233 -0.727292872527834
62 200 -0.8785427408945977
62 203 0.11368297206271183
62 205 1.3973153894881054
62 208 1.1825002950449468
62 211 -1.075353347469288
62 214 1.9730663583137416
63 66 0.23830995587571718
63 254 1.7365270453776154
63 257 0.5531061170105398
63 260 1.7935814347933527
63 263 -1.4188154673916424
63 266 1.010573383709141
63 269 -0.44321448722287093
63 236 -0.6804903061724906
63 239 2.1337948392650943
63 241 0.4541328112343941
63 244 -1.1190063626527105
63 247 -0.4031916647988374
63 250 1.4403299288270481
64 65 0.5093742892077959
64 182 -0.9813707310535109
64 185 0.7501165017770733
64 188 0.3671373154394218
64 191 -0.6829854767921087
64 194 -0.45955162410453854
64 197 -0.3392276868239998
64 164 -0.8016890665240216
64 167 -0.17330043031855272
64 169 0.29006009168296215
64 172 0.9354742972976127
64 175 1.217891690733657
64 178 -0.32463082277449373
65 66 -0.6470240265391084
65 218 -1.2995163370536083
65 221 -0.09454755172495083
65 224 0.10746743621883995
65 227 -0.4712766785531487
65 230 -0.43980604953818464
65 233 -0.9081513987748961
65 200 2.6002807765960267
65 203 -0.9205423815800928
65 205 -0.5381879698087056
65 208 1.036383381842042
65 211 -0.44952812726397556
65 214 0.07093682085363431
66 254 0.22576690744114
66 257 -1.0018168729105459
66 260 -0.2729865656217753
66 263 -1.079546091966266
66 266 -1.040155896806816
66 269 0.6308208420263276
66 236 0.08946432849030064
66 239 -1.38440188128652
66 241 -0.4520675463359837
66 244 -0.33767971879913056
66 247 -0.4576864849030621
66 250 0.4517700108371764
67 68 0.8761358340937677
67 70 2.099140148616631
67 182 -0.09752996660502168
67 185 -0.8992433384875305
67 188 -0.4195795142572825
67 191 -0.5249625528092496
67 194 -0.020809419238322493
67 197 0.246766267773541
67 164 -0.14846108916109976
67 167 2.3959329894497485
67 170 -0.7922122302074357
67 173 -2.2316190730916086
67 176 1.323330014364301
67 179 -0.21316385286591152
68 69 -0.23287856524681702
68 71 0.323027250678049
68 218 -0.6674870852124435
68 221 0.4952214012096539
68 224 1.2677527823807577
68 227 0.04802195593605154
68 230 -3.3545862131851685
68 233 0.10330996785431962
68 200 0.015962723741303617
68 203 0.12822286063911803
68 206 0.8429256773239923
68 209 0.9903593580987077
68 212 -1.3953730563977753
68 215 0.22868549266655683
69 72 1.0333414055338188
69 254 0.48670729235068033
69 257 -0.9462295339165776
69 260 -2.1573813184294903
69 263 -0.8946190921601272
69 266 -1.2932860301657672
69 269 -0.28158826354263816
69 236 1.1293313008344699
69 239 1.338596830796152
69 242 -0.12746182744748288
69 245 -0.5513758186797523
69 248 -2.508152844660514
69 251 -0.3401582770761374
70 71 0.44222756585136674
70 182 0.857983821033465
70 185 -0.07976931583079627
70 188 1.5115784347835621
70 191 -1.5612127747535611
70 194 1.2507116504761278
70 197 1.6677567029382898
70 164 -0.09996549083108186
70 167 1.650183014050976
70 170 -0.4940984813494144
70 173 -0.3536201687977305
70 176 -1.596264235079279
70 179 1.3135080152412675
71 72 -0.7099235146653771
71 218 -0.2190996841939588
71 221 0.4302616298085342
71 224 0.61858514860955
71 227 -0.9772678702757184
71 230 0.09950125735482697
71 233 -0.2136815678126795
71 200 0.40567448031093856
71 203 -0.255596497471542
71 206 -0.5366379000037894
71 209 0.7361210238856509
71 212 0.24363751032758163
71 215 -0.26816112938026315
72 254 2.1432081175047553
72 257 1.6944509682819557
72 260 -1.0139312511408087
72 263 -0.41253470639571715
72 266 -0.2372220550487792
72 269 -0.216479238903179
72 236 0.42172875052851283
72 239 -0.7380263675294657
72 242 0.6248593007540797
72 245 -1.5480775483026672
72 248 0.0034561146509022402
72 251 -0.3656084084333768
73 74 -1.0512142235657385
73 76 -0.3090288352471478
73 182 0.3050039988338413
73 185 0.36599824055428204
73 152 0.053168883247860704
73 155 0.2920005912699401
73 158 -1.9130416662605776
73 161 0.37551331592827014
73 164 0.5638714641715268
73 167 0.3142743046857776
73 170 -0.5376167028351346
73 173 0.08125274550696297
73 176 -0.17881283083489194
73 179 -0.09369696093023833
74 75 -0.40067257127089223
74 77 -0.40844497536270474
74 218 -1.094417258352675
74 221 1.5779604563364014
74 188 0.015490930188272805
74 191 0.22495843142486688
74 194 0.2168987873553248
74 197 -0.04575232561969829
74 200 -0.2684790681811235
74 203 -0.5718544321158529
74 206 -0.6181860659760849
74 209 0.39564947540301243
74 212 -0.2653063444715068
74 215 0.5126094182569664
75 78 -0.6479963508905252
75 254 0.46198201196301586
75 257 1.28039862431346
75 224 -1.6661538601820163
75 227 -0.00946282362802855
75 230 -0.11745127730686378
75 233 0.527558682586092
75 236 1.1067449126086935
75 239 0.30271436935558993
75 242 0.22340202505930495
75 245 -0.34562798230500946
75 248 0.8391716232518804
75 251 0.06614825424964643
76 77 0.613809786071979
76 182 -1.7688214349422704
76 185 0.5841546927286375
76 152 0.8973500376842024
76 155 1.1570414005634546
76 158 0.44479833333102786
76 161 0.15840407306758197
76 164 0.6097135023593618
76 167 0.49651276850342807
76 170 -0.8994735398861834
76 173 0.9812165743451252
76 176 1.0708122389696713
76 179 0.1687670168391594
77 78 -1.149987773955327
77 218 -0.014371576326960334
77 221 -0.11443094376427247
77 188 -0.13664210779178793
77 191 0.24261805084981122
77 194 0.3303132743488573
77 197 -0.43284458074678367
77 200 -0.7007469791205778
77 203 1.2999322045560064
77 206 -1.0209913819199907
77 209 -0.296511420810069
77 212 -0.7365551503842391
77 215 0.38288358545020335
78 254 -1.2307729499312465
78 257 1.6851399950001882
78 224 0.6530411706744835
78 227 -0.366243455275429
78 230 1.1094392907671589
78 233 -1.3499784908396346
78 236 -0.08699433493091709
78 239 1.1441871152302674
78 242 -0.5452737911108889
78 245 -0.5416675672892306
78 248 0.10907472694639275
78 251 -0.7580441642816135
79 80 -0.3380738090125223
79 82 1.257490929806679
79 182 0.08942860079057499
79 185 0.6954964436353692
79 152 -0.8145925561048578
79 155 -2.3579845874779735
79 159 -0.16217501690943112
79 162 0.7840943630592833
79 165 1.013475964070888
79 168 -1.6037953534764589
79 170 -0.8734309861926661
79 173 -2.085488659816021
79 176 2.052418646620165
79 179 0.25521193252644025
80 81 -0.6660642605851785
80 83 -0.4713943193251803
80 218 -1.2365559173134242
80 221 -0.5974323261604174
80 188 0.1565251343524076
80 191 0.4848996177361426
80 195 0.4297789608961515
80 198 0.45411746199042985
80 201 0.19347800278155478
80 204 0.3866168290246861
80 206 -1.3349091430014064
80 209 -0.8183804433323368
80 212 0.22154991562903167
80 215 1.2726182041952727
81 84 -0.5290043153204852
81 254 -0.34761267664336315
81 257 -0.13887480766056443
81 224 0.3306889928131012
81 227 1.7127519323723632
81 231 0.4177244645921605
81 234 -1.6635916196518588
81 237 0.5995190137320587
81 240 -0.5636005016699387
81 242 0.5410536576162367
81 245 -0.32268474531463864
81 248 -0.48574550958901785
81 251 -1.5977803251543365
82 83 -0.44132776798421364
82 182 0.6697020329741182
82 185 0.7657063756863731
82 152 -0.08582870685839056
82 155 -0.06768259161265765
82 159 1.1438840595667104
82 162 -0.5843137370365143
82 165 0.8089692801282583
82 168 -0.944880733471259
82 170 1.4528130693347197
82 173 -1.982315393142022
82 176 0.2556672206751197
82 179 -1.7190542522007228
83 84 -1.055588773466177
83 218 -1.8391721046309162
83 221 1.0040914274741577
83 188 -0.45018806320332616
83 191 0.4883955132834372
83 195 -0.08789544366961123
83 198 -0.29114779439423594
83 201 -0.9641767454450758
83 204 -1.045156192384507
83 206 0.513749745399745
83 209 1.7664304407254947
83 212 -0.3496293949689833
83 215 1.316531990423365
84 254 -0.14120863816572315
84 257 -0.33293334888982484
84 224 -0.47977148216326393
84 227 0.31002632228990196
84 231 0.3091320068952231
84 234 0.43413069222250444
84 237 -1.814554201325464
84 240 0.8055654581340241
84 242 -0.6769788473671209
84 245 -1.1435405643092784
84 248 -0.46824229660581257
84 251 2.1910344590276285
85 86 -1.6158228798547334
85 88 -0.26068628417814044
85 182 -1.4797856855217917
85 185 -0.2634242263445573
85 188 -0.6229805062793103
85 191 -1.1217880170861894
85 195 0.7548173328198564
85 198 0.8436576792856948
85 201 0.052540387605710365
85 204 -0.9349433478812739
85 206 -1.1652484386894668
85 209 0.18748917745023427
85 176 0.09433481529464018
85 179 -0.06174071595987748
86 87 0.42574785523539477
86 89 1.3900425330106803
86 218 0.4773867444107016
86 221 -0.8362365435217574
86 224 -0.6778678393197379
86 227 -0.19401984606598588
86 231 -1.186468361657597
86 234 -1.2309594002284703
86 237 0.27281845385687314
86 240 -1.709509813718002
86 242 -0.40714065089947005
86 245 0.5520784174736881
86 212 -2.0737713942853566
86 215 -0.647174215109163
87 90 -0.42126136862282204
87 254 1.4368167064566277
87 257 1.3896292890972737
87 260 2.228753760898191
87 263 -1.1633188922997597
87 267 0.3201294518788626
87 270 0.4459331219849341
87 273 -0.6372423391524072
87 276 0.3419314713912111
87 278 1.856931393478247
87 281 -0.8160274683281844
87 248 -1.1690580399560226
87 251 1.7606330942549766
88 89 0.5156811974538887
88 182 0.06088268380293677
88 185 -0.4113040567666617
88 188 -0.6342287604837261
88 191 -1.1322086934040014
88 195 -1.6270886132070406
88 198 0.5074039261528269
88 201 2.095603334357352
88 204 0.5231730985888001
88 206 -0.47539542233849147
88 209 -0.9066239062260638
88 176 -0.1373910920599466
88 179 -0.6314709188336894
89 90 -0.6387095631485759
89 218 -0.06479591972257687
89 221 -0.4044777495853043
89 224 1.6375776942097222
89 227 0.8040272038928065
89 231 -0.3930430326348016
89 234 -0.8227471549963489
89 237 0.5195214362225705
89 240 0.6149195695431848
89 242 0.10800815342470285
89 245 0.8421177816063484
89 212 0.1269911212784742
89 215 0.1613189310736689
90 254 1.8814477130881397
90 257 0.3698600579667102
90 260 -1.740768790904341
90 263 -0.5425452623714987
90 267 0.4495288628536537
90 270 -1.9459903833985406
90 273 -1.3197830420539114
90 276 -1.095042234102268
90 278 -0.39792512910858696
90 281 0.339481419846018
90 248 -0.3885000217925561
90 251 0.3636902359203106
91 92 -0.511312585520882
91 94 1.045066498029475
91 183 -0.5838070716861412
91 186 1.2642156101633384
91 189 -0.5758339021428237
91 192 1.5658912693271356
91 195 0.16361617804424017
91 198 1.6427964488958582
91 201 0.16613623524774468
91 204 -0.1794471811817529
91 206 1.2550165943787217
91 209 0.4871223050952602
91 176 0.14880816323681934
91 179 0.7971815106702186
92 93 -0.06815689685301834
92 95 -1.0810478488483592
92 219 -0.4993548449791405
92 222 -0.010349056662046429
92 225 1.1550531089538765
92 228 1.1245933834865849
92 231 -1.6383878909624618
92 234 0.1926964781312815
92 237 -0.9160040838749264
92 240 -0.010554386888325287
92 242 -0.8459122617881831
92 245 -0.8806174531939855
92 212 -0.8871257839870096
92 215 0.6636564377081586
93 96 0.17850650014817604
93 255 -1.9216133108955837
93 258 -0.03871975095907617
93 261 -0.4397673224904376
93 264 1.2114437806058138
93 267 1.9809033824219928
93 270 -0.5813412468122282
93 273 1.060334868365337
93 276 1.1550868234671936
93 278 1.4487285690126361
93 281 -1.4993842665951442
93 248 0.7924682939416589
93 251 -0.6566392779597475
94 95 -1.6351269372625004
94 183 1.662814407967839
94 186 -0.21773542043879598
94 189 1.025730802808245
94 192 -1.7555631596169394
94 195 0.5187518892195699
94 198 -0.38319291336640837
94 201 -1.6849516672771112
94 204 2.5601138340163594
94 206 0.6152851149452303
94 209 -1.1996741340178196
94 176 0.34769798236610927
94 179 -0.20473676750355962
95 96 -0.19502841294983558
95 219 0.3429314120629761
95 222 0.24702684841996067
95 225 -0.9637873058318646
95 228 -1.0852017270576222
95 231 0.23106397120360886
95 234 0.524578738347169
95 237 0.31524096672284946
95 240 1.0142385735163213
95 242 0.8557455437600562
95 245 0.8678018732706816
95 212 1.9982259080201756
95 215 0.35720764370139063
96 255 0.14096182701266083
96 258 -1.282285384048654
96 261 -0.3442457817746955
96 264 -0.6563750743724419
96 267 -0.651030487369642
96 270 -0.045868777835961404
96 273 1.2564965419119858
96 276 2.041551109724827
96 278 -0.6160491741590455
96 281 -1.3537135898572437
96 248 0.6315736258638434
96 251 0.3381252580672537
97 98 -0.43517772271546634
97 100 1.2602304512830613
97 183 1.7168432916256413
97 186 0.46579370190736646
97 189 -0.32887887064578614
97 192 -0.2168193820028859
97 195 0.059524787956972657
97 198 0.4631190171619241
97 165 -0.2221561507761178
97 168 -0.729792833637877
97 170 -0.11065191108307251
97 173 -0.9320949507756278
97 176 -1.1540180073563906
97 179 0.6245002584908032
98 99 0.03476371245686392
98 101 -0.7831487501173768
98 219 1.3272136861462542
98 222 0.06013779045299222
98 225 -0.2839526152349002
98 228 -1.760893866091117
98 231 0.0006573554441673907
98 234 1.120285543603651
98 201 0.028179742974164097
98 204 -1.8552247292663324
98 206 -0.7853998250320199
98 209 0.68999407880293
98 212 1.0588529711009482
98 215 -0.5552742345871082
99 102 -0.5701896782710453
99 255 2.341941070080734
99 258 1.3035536411408553
99 261 -0.5042973710126419
99 264 -0.5090878962578773
99 267 1.5263776806090614
99 270 1.0945286336611957
99 237 0.6658039403791401
99 240 0.5127557313111906
99 242 1.2057960912290835
99 245 -0.1826885178160497
99 248 2.072215301850407
99 251 -1.342296964265433
100 101 0.06247060150627212
100 183 2.2289691806978267
100 186 -1.0791972931357858
100 189 -1.1820631320802633
100 192 1.4216897367891785
100 195 0.5394529389974642
100 198 0.17012031155391835
100 165 0.5178893897046936
100 168 0.594242362010796
100 170 0.07164120096669219
100 173 0.37499977957992453
100 176 0.046377885508311845
100 179 0.8952146080859343
101 102 -0.09989794377811242
101 219 -0.39167761873628976
101 222 -0.19642240564301458
101 225 -1.2119689122522024
101 228 -0.6530655204976523
101 231 0.6454179381026327
101 234 -0.059519518896871876
101 201 1.394286933857486
101 204 -0.3840597120429797
101 206 0.014601542713139204
101 209 0.48633180176026763
101 212 0.9859945108740982
101 215 -0.34351620969191393
102 255 0.5040816186289172
102 258 -0.5917892880943645
102 261 -1.8342077828377337
102 264 0.1360122529937972
102 267 0.8754771304051702
102 270 -1.2807849067596029
102 237 -1.8064117240397917
102 240 -1.984012590569446
102 242 -0.49140074188410077
102 245 -0.8644873153080693
102 248 0.7273187728961769
102 251 -1.3277573929390296
103 104 -0.5424114926738376
103 106 0.004423794239983165
103 183 -0.038231094017858916
103 186 -0.4108002810451586
103 189 -0.9205663259551623
103 192 0.04307887994554448
103 195 -0.7585135934103634
103 198 0.8508557212571071
103 165 -1.4471018200801373
103 168 0.7772124095768423
103 171 1.7811054929310652
103 174 -0.16107562696645425
103 177 -0.8738157152743543
103 180 -2.0110601109329824
104 105 -0.010628648654699358
104 107 0.8799285852550853
104 219 0.9220153466900153
104 222 0.40958467587863
104 225 0.5842098522423467
104 228 1.729254717488029
104 231 0.8020014199143147
104 234 1.2730777609771986
104 201 -0.46613700703120364
104 204 1.4416923935331165
104 207 0.8564817365624634
104 210 -0.07222052458939862
104 213 1.1056646139687223
104 216 -0.9313929410704415
105 108 -0.2691267683451923
105 255 0.3253295250645953
105 258 1.5064060232957683
105 261 0.1716715852835147
105 264 0.306660669235685
105 267 -0.8146652312489034
105 270 0.08245687818556097
105 237 0.19297376258844337
105 240 0.579866809537945
105 243 -1.2330537934612156
105 246 -2.496017247580962
105 249 -0.57582636385348
105 252 -0.2799001002258188
106 107 1.0112213500955018
106 183 1.2291459100322064
106 186 -0.04574941843875158
106 189 -0.2169409930518915
106 192 0.8106857603874634
106 195 -1.8466504668305177
106 198 0.12896976799155044
106 165 -1.1627034236115323
106 168 -0.6063289264700975
106 171 0.821770822046926
106 174 0.37601143548635896
106 177 -1.3386834437436952
106 180 0.7292050028156697
107 108 0.46397128223062417
107 219 -1.085031128946504
107 222 -1.0202394971253235
107 225 0.564425061003522
107 228 0.791049198064315
107 231 -1.925344745677471
107 234 -0.8564019370020821
107 201 -0.4733665403797316
107 204 -0.8395644146323477
107 207 -2.0552415134644324
107 210 -0.9798470206954579
107 213 -0.018497122458326125
107 216 -0.9987669392160817
108 255 -0.8716965242219283
108 258 1.3460414104808667
108 261 -0.8274746990474611
108 264 -0.46316255556628017
108 267 -0.9746338674398636
108 270 0.022511557742358423
108 237 1.2885693390673612
108 240 -0.4648501641077037
108 243 0.7803219626403175
108 246 0.61944412016545
108 249 -0.0895061120039905
108 252 -0.7284752952008998
109 110 0.3956110830760351
109 112 2.021618257364588
109 183 0.9363033046768877
109 186 0.09512102647000194
109 153 -2.636542505651547
109 156 -0.4986797851048292
109 159 -0.3387679819968989
109 162 -2.158336768782304
109 165 -1.1590780649891812
109 168 0.6680433283169247
109 171 0.24922930583772984
109 174 -0.8941229970008321
109 177 -0.9954024154022558
109 180 0.3485147206177668
110 111 -1.3431637843131385
110 113 0.5674573461059244
110 219 -0.8858162467694042
110 222 0.32375069687798275
110 189 -0.17310227803706016
110 192 0.41776559883757336
110 195 0.9712193145630025
110 198 -0.5994988684021602
110 201 -1.9899342523888988
110 204 -0.055772403013362
110 207 1.0466919149293772
110 210 0.8152456744302332
110 213 0.30039586469466084
110 216 -0.9141298667703431
111 114 -0.1474838372436473
111 255 -0.9326882613108181
111 258 0.23701988389977868
111 225 -0.37769504560883466
111 228 -0.4993453544032029
111 231 -0.11705647956663527
111 234 0.34800827713667903
111 237 0.1806397533443331
111 240 1.0983869675593634
111 243 -1.2615249005440197
111 246 1.9332140262705577
111 249 0.6472181591172591
111 252 1.1676802556551353
112 113 -1.0524871905227822
112 183 1.0678636653939542
112 186 -1.0543004469571682
112 153 0.1612694446643866
112 156 0.6529102149107303
112 159 -1.1902892728750882
112 162 -0.5689857495620396
112 165 -0.572632750245621
112 168 -1.0110836896558522
112 171 -0.4721183054951578
112 174 -0.6890495948860781
112 177 -0.5458026157391626
112 180 -0.1665111219065569
113 114 -0.14687895287133126
113 219 -0.6901972372272475
113 222 -1.8667303845168672
113 189 -0.4220039952918773
113 192 -0.14969526318122145
113 195 -0.6044011383575084
113 198 -0.6810119130351716
113 201 -0.10564429222858208
113 204 2.25684209358266
113 207 -0.6232451476198667
113 210 -0.09652319466132897
113 213 -0.3858060662503414
113 216 0.003160722983285682
114 255 0.2643304168352805
114 258 0.551927478016288
114 225 0.4006853520781979
114 228 1.3439944569024582
114 231 1.662439258583918
114 234 1.1846516727285177
114 237 0.8150299599487195
114 240 -0.15087385301377557
114 243 0.30187777092740764
114 246 -1.4793303552618475
114 249 0.25417610095965065
114 252 -0.10958251825307619
115 116 1.434145777717764
115 118 0.8629838536573597
115 183 -1.1506219393636454
115 186 0.7956294803356256
115 153 -0.13814809819533347
115 156 -0.891108648437308
115 171 -0.562889706806934
115 174 -0.3992350362094239
115 177 -0.7266184722053888
115 180 0.3764293819102748
116 117 -0.764170532592347
116 119 -0.6186493931928864
116 219 1.3619086977845998
116 222 -1.1746801074295794
116 189 0.8134832576123958
116 192 -0.8981421493010011
116 207 1.1248382958976861
116 210 0.8746890817569453
116 213 -0.5171457574793038
116 216 -1.5408905705350544
117 120 0.072753465996651
117 255 1.2503942474171816
117 258 0.042900638699808785
117 225 -0.2842708894080989
117 228 2.17864267255629
117 243 -0.5669233831802081
117 246 0.12883187111755803
117 249 0.4025678306698616
117 252 -0.8474331806958808
118 119 0.403423233797689
118 183 0.1105555497361426
118 186 0.472060252194473
118 153 0.6493873609417243
118 156 -0.16869457868247062
118 171 -0.17016279810150395
118 174 -1.185389538790705
118 177 -0.0569192309789696
118 180 0.07717175074958679
119 120 -0.43890213059401745
119 219 0.18876710471899974
119 222 -0.6220175295196438
119 189 -1.4190317538714108
119 192 0.931185954896112
119 207 0.7580788847342992
119 210 -1.0222214372970144
119 213 0.9764568528500612
119 216 0.2101867968157088
120 255 -0.7312535908795251
120 258 0.115746507661143
120 225 -2.2108361179923204
120 228 0.7647252637710972
120 243 0.7599628912909278
120 246 -0.04705598384185908
120 249 -1.1030914176341011
120 252 0.5482241296784207
121 122 -0.47860567450180697
121 124 1.9442293775212012
121 183 0.6062256197731591
121 186 0.8748745431540393
121 189 -1.3196263927085057
121 192 -1.348600741440089
121 207 -0.1414681265045204
121 210 0.6716951918814182
121 177 0.8473746827308422
121 180 0.556124329537164
122 123 -0.22065498093783142
122 125 0.9569866454082325
122 219 1.6103434640338805
122 222 -0.43153972751731245
122 225 1.8813465456069782
122 228 -0.1977162043966589
122 243 1.0296465527009118
122 246 -0.2518695551403608
122 213 -0.09587930329183816
122 216 -0.23568654720902077
123 126 1.077902251853631
123 255 0.19084586061900602
123 258 0.724681189624556
123 261 0.02580217807619659
123 264 -0.037187964528644396
123 279 0.06695135068212733
123 282 -0.370332180893124
123 249 -0.5179155518240386
123 252 0.7085484912573821
124 125 -0.08107854617524293
124 183 -0.3985873286174819
124 186 -1.6226858173483785
124 189 0.22163995583821322
124 192 -0.09934386863938983
124 207 0.033658480854026826
124 210 0.17140238257873236
124 177 0.016052653995253283
124 180 1.1775339081974514
125 126 0.11939938802897411
125 219 -0.4254380125431277
125 222 -0.3717912865080047
125 225 1.0474160295931516
125 228 1.4028617163621602
125 243 -0.26280049247425585
125 246 0.7455715264607511
125 213 0.17703866561582607
125 216 0.4140961601340878
126 255 -0.14530704675465736
126 258 1.2493468547723332
126 261 -0.5242461166615873
126 264 -0.06562075518682416
126 279 -1.172148100940801
126 282 -0.11957690401271605
126 249 -0.8947977441322713
126 252 -0.4502143202125098
127 128 -1.2683854843390816
127 130 -0.7844570605938468
127 207 0.8478360531677648
127 210 -0.6196575843782551
127 177 1.0089799777532413
127 180 1.7403224024115258
128 129 -0.4744715005163772
128 131 -0.3600529748956715
128 243 -1.1768734563048893
128 246 0.6737564035871333
128 213 -0.01589071063722756
128 216 1.7173997664504
129 132 -1.8854097411754105
129 279 -0.9302439867769008
129 282 -1.0117805255897019
129 249 0.961013783067434
129 252 -0.8700750271313487
130 131 -0.737490592346167
130 207 0.14354067370810641
130 210 0.322142161284033
130 177 0.014167968071714773
130 180 0.5669620958819771
131 132 -0.8783668302011155
131 243 -0.4019167022005773
131 246 1.3422107832430314
131 213 -0.6662640074638111
131 216 0.9189686013353816
132 279 0.3291633563469339
132 282 -0.39671890665592424
132 249 0.5016840409054689
132 252 -0.31753749496847977
133 134 2.517055291389681
133 136 1.8890575284760087
133 171 0.8879047251599712
133 174 -1.7743922442320235
133 177 -0.5844109896583246
133 180 -0.0058887091170006
134 135 0.31004467161970206
134 137 -0.8036019141085089
134 207 1.2716369002358066
134 210 0.06615226665282195
134 213 0.3391940249183577
134 216 1.0970501810548832
135 138 0.6523762313110475
135 243 -0.13944590203188315
135 246 0.48473560682945155
135 249 -1.1938385166386813
135 252 0.024167115772619905
136 137 -0.56285445154504
136 171 -0.5924371199009634
136 174 1.1026169745279701
136 177 -0.13311595138446988
136 180 -1.3666757116730535
137 138 1.5621308913792205
137 207 -1.0297344122766239
137 210 0.5561818449882071
137 213 1.4445147363293547
137 216 -0.058697776570014626
138 243 0.9065335868171851
138 246 -0.6083203895605201
138 249 1.523263648208193
138 252 -0.25690842810394754
139 140 -0.24166157325207993
139 142 -0.4807261419673302
140 141 -1.5866807700261505
140 143 -0.9727118094134585
141 144 -0.5011599518325858
142 143 0.45243542760658123
143 144 -1.650132047226182
145 146 0.3878517673570687
145 148 0.016822878511628368
146 147 -0.6690294655989674
146 149 -0.6794591617501804
147 150 -1.815639865050031
148 149 -0.5234328722176633
149 150 -1.7938191331199762
151 152 1.2940253355725704
151 154 -0.08552248664072587
152 153 0.7073033880266971
152 155 -0.5888681867143354
153 156 1.7109096246527957
154 155 -1.2649041976110074
155 156 -1.7437250787561716
157 158 0.4115289260110028
157 160 -0.4160040624943328
158 159 0.9711276531871056
158 161 -0.4495173952255208
159 162 -1.0415690707631342
160 161 0.49677209031360325
161 162 0.3942059551453993
163 164 -0.01169964652692227
163 166 0.5382296245423389
164 165 0.9052644342606633
164 167 -1.4461088640736368
165 168 0.7949456130266652
166 167 2.059196515279183
167 168 -0.7075617760823404
169 170 -0.15508950596576068
169 172 0.6636594540480565
170 171 -1.44074745352233
170 173 -0.6304200740118736
171 174 0.29781844232486354
172 173 -0.787005252792186
173 174 0.022965407913896403
175 176 0.7792706274295176
175 178 1.296606223717938
176 177 -1.7504117595620217
176 179 -0.5407206183076835
177 180 1.2440360691021715
178 179 -0.03713503702182498
179 180 -0.6234309107722885
181 182 0.46941126304642317
181 184 -0.6002056265163815
182 183 0.9049143122038741
182 185 0.43725196187012044
183 186 1.102753235922748
184 185 0.04771414022436406
185 186 0.06028144990858587
187 188 -0.2986384985288469
187 190 1.3846138149514398
188 189 0.05595553906410443
188 191 -0.8293580272920269
189 192 -0.5252302501895023
190 191 0.07151650902400546
191 192 1.2494382144897724
193 194 0.7949700800506001
193 196 -0.5493358642433218
194 195 -0.23667444404480073
194 197 0.14525191532911058
195 198 -0.324054274089025
196 197 0.4759950098636749
197 198 -0.9005798824124652
199 200 -0.22533149223199353
199 202 -0.5077993781461944
200 201 0.7583911847181697
200 203 -0.7452322772616237
201 204 0.5491153124731313
202 203 0.4452271575341444
203 204 1.9966836963741017
205 206 -0.0280495322989222
205 208 -0.7991904376490048
206 207 -0.9018301329476117
206 209 -0.5731276206233202
207 210 1.3155880145767063
208 209 0.32320808533381284
209 210 1.1614183731498973
211 212 -1.0297831177788324
211 214 0.5200723865217738
212 213 -0.4728760377533334
212 215 0.435338031073636
213 216 -0.6554087686933275
214 215 -1.876966310684423
215 216 1.5782733577756662
217 218 0.7677744918734797
217 220 1.7671487425914005
218 219 1.5249044857322316
218 221 -0.10550364936593726
219 222 0.7170839618804358
220 221 -0.18715617431275205
221 222 -0.7717849279503984
223 224 1.4379187796166868
223 226 -0.9523665119052412
224 225 2.1274814392495145
224 227 -1.2161661972096305
225 228 0.810729290027563
226 227 -0.5239830654191844
227 228 0.12505373435417086
229 230 0.17255306798403922
229 232 1.5560495602990883
230 231 0.49361793746313803
230 233 -1.2980959220437547
231 234 0.6675322423106766
232 233 0.7457901700151433
233 234 -0.8631192749210221
235 236 0.7384057702830072
235 238 -0.36568907454352406
236 237 -0.22021692239919716
236 239 -0.9455271694069575
237 240 -0.7689569739465322
238 239 0.07321445496770072
239 240 -0.2868135157876912
241 242 0.5887498244885649
241 244 0.8269400917443057
242 243 -1.5822169465799314
242 245 -0.4456214360212183
243 246 -0.603462092321133
244 245 -1.2940262157900062
245 246 0.40159511926250363
247 248 0.17093970960580063
247 250 1.150825877142492
248 249 0.4303650140497836
248 251 -0.02870270398583848
249 252 -0.5379821540065732
250 251 2.0853893732964695
251 252 0.43076697277341036
253 254 -0.019793054533981797
253 256 -1.0254658379919075
254 255 1.5105429307133764
254 257 1.1354503155434044
255 258 -0.3915389677952672
256 257 0.8525842676257177
257 258 1.413777590053088
259 260 -0.8467830477574853
259 262 0.24591661071139306
260 261 -0.11660484153652274
260 263 1.467751175413381
261 264 0.04433493928125688
262 263 -0.8550529525236757
263 264 0.49307507043831306
265 266 0.23652811665108836
265 268 0.1819708067009175
266 267 -1.59365199507345
266 269 1.701612498163253
267 270 -0.276083699608311
268 269 0.4315660566847379
269 270 0.7075859520991487
271 272 -0.15875783654196532
271 274 -1.4801792387128103
272 273 0.6497809082122458
272 275 -1.6112972586040815
273 276 0.7914633737888246
274 275 -0.4720996473166824
275 276 -1.594830886724486
277 278 0.2739505284883321
277 280 0.8484804931940675
278 279 -0.0846662900986577
278 281 0.5320142087227222
279 282 -1.6967849183436636
280 281 1.0366725306170774
281 282 -0.681991941560289
283 284 0.3348062329065793
283 286 -0.24174498690994856
284 285 -1.0502756549588346
284 287 0.9236345338618407
285 288 0.4953168817805073
286 287 0.07952982125840982
287 288 -1.764081771881817
