# 
1 1 -0.19191112811992941
2 2 -1.0626894937554265
3 3 -0.7634291466706118
4 4 -0.44980154637069353
5 5 0.5907286997214537
6 6 -0.3874323976644516
7 7 -0.6029506355823584
8 8 -0.10985586678552724
9 9 1.035489406943284
10 10 0.6176965799839249
11 11 0.34083774511035203
12 12 -0.23239117173209337
13 13 0.740756309272231
14 14 0.866386917200778
15 15 1.0627570758626688
16 16 0.8183877593859517
17 17 -0.28512934387851535
18 18 1.2918656593547162
19 19 -0.09736019559895968
20 20 -0.34956073936723436
21 21 1.811205218610219
22 22 -0.2955394603167338
23 23 0.3951332439731574
24 24 -0.19731526464933827
25 25 -0.8881452599008136
26 26 0.3410667176579359
27 27 -0.5271291893214797
28 28 0.19944691255115904
29 29 0.5145803260964625
30 30 2.434016163708323
31 31 2.2770894577046543
32 32 0.42536720038976716
33 33 0.896498157240098
34 34 -0.19553377588933005
35 35 -0.13784255326962477
36 36 0.028284668373030418
37 37 1.0400085874607283
38 38 0.6008532775515592
39 39 0.05806464539007943
40 40 0.11398670732324287
41 41 -0.5523134957313414
42 42 0.6600952338774024
43 43 0.1742490746311881
44 44 -2.008547128605058
45 45 -0.6485909507363893
46 46 1.0513909765220097
47 47 1.5216519287065295
48 48 0.37153478613574764
49 49 0.5188470119539386
50 50 -0.8002118067235929
51 51 0.7366324675065983
52 52 0.290599222034654
53 53 0.46089623153976395
54 54 0.09340914855653827
55 55 1.9135631317911161
56 56 -0.4056792268724629
57 57 1.5773020919372587
58 58 1.4215194601886203
59 59 1.3224159411331426
60 60 -2.2169329384006256
61 61 -0.6433767809752324
62 62 -0.4438617364009956
63 63 0.5130165436901848
64 64 -1.6251982007221382
65 65 -0.6515245004283566
66 66 -0.21522121373152542
67 67 0.5244439639695265
68 68 -0.6604673318960685
69 69 0.24844571374115224
70 70 1.274640723095915
71 71 -0.2187773128973241
72 72 -1.1942407172879874
73 73 -0.28910205688972734
74 74 -0.6341789759511144
75 75 0.8264360043267616
76 76 0.6271591120416077
77 77 0.5516351082100129
78 78 -1.1268784063835926
79 79 0.09362619283377645
80 80 0.32343670564498694
81 81 -0.2290198325012777
82 82 -0.9070894968999169
83 83 0.9142637216655596
84 84 -1.1320049346687946
85 85 -2.105806866854108
86 86 1.1766713687818284
87 87 2.0838497480494858
88 88 -1.180194791812018
89 89 -0.491846344917866
90 90 0.10806627254358145
91 91 -0.5150361902438072
92 92 -0.5577440451614909
93 93 0.37689314800190793
94 94 -1.2016532857522517
95 95 -0.5855823248081661
96 96 -0.32502678198391705
97 97 1.0253041056093666
98 98 -0.450860304198544
99 99 0.5509754363975595
100 100 0.433927758378314
101 101 0.9508188708426558
102 102 0.16339845949872808
103 103 -1.5179383537973299
104 104 -0.8042279259789024
105 105 1.1333803329770213
106 106 0.25190591443378346
107 107 0.033655500059599316
108 108 -0.25407525624469796
109 109 2.1105114010553474
110 110 -0.1701580290672218
111 111 0.6919594315855443
112 112 0.5050948739168998
113 113 0.8601187740754297
114 114 -1.7999748241312137
115 115 -0.7390227612074841
116 116 -0.2591109859793862
117 117 0.0614860127289173
118 118 -0.2299396602946771
119 119 1.2861447751473838
120 120 0.5868020730227267
121 121 -1.579440833965824
122 122 -0.24800135974252427
123 123 -1.763278841524515
124 124 0.710569326491804
125 125 -1.7747018587163141
126 126 0.6899472710665008
127 127 -0.9470115092748894
128 128 0.707366769787146
129 129 -0.5597154122443765
130 130 -1.7951428130290061
131 131 -0.30186527026332144
132 132 0.9506160664159893
133 133 0.08360153204585925
134 134 0.5596555294984775
135 135 -0.593005312268057
136 136 -0.5909043338463813
137 137 0.786301906109882
138 138 -1.7167302868268497
139 139 0.6542484348368562
140 140 1.0967112944578834
141 141 0.07964278935763874
142 142 0.46259837230511736
143 143 -1.1635586835113714
144 144 -0.49363723843357904
145 145 1.4186309070542387
146 146 1.1013308212391049
147 147 0.3744414075480519
148 148 0.002847827597947991
149 149 -0.5404381205993812
150 150 1.1319956422142619
151 151 -1.643582489141595
152 152 2.192231223823995
153 153 0.7026166860236592
154 154 1.0625715135468898
155 155 0.6180515160329042
156 156 -1.1460853375154847
157 157 0.37693956162343656
158 158 0.01978548358730887
159 159 2.7422218057914503
160 160 0.9267793870805056
161 161 0.1859647771657557
162 162 -0.7268225503114919
163 163 0.6197850550738022
164 164 -0.4990975185094835
165 165 0.33392065643251306
166 166 2.026066803261393
167 167 2.136347473568061
168 168 -0.3018231021549142
169 169 0.9662636326703858
170 170 -1.1095915180953004
171 171 2.114714400989159
172 172 1.801689116546519
173 173 1.0463466448185355
174 174 -2.232983147753202
175 175 0.4137445334535438
176 176 0.5186794458688616
177 177 -1.2279238273725226
178 178 -0.9139215151781348
179 179 -0.05887592892673704
180 180 0.9690140230583266
181 181 -0.8502223024280546
182 182 0.6524179782725082
183 183 0.7365509187643449
184 184 0.6436782376106734
185 185 0.392565854993772
186 186 0.6254573931666112
187 187 0.34274049224526615
188 188 -0.9688810871877555
189 189 -1.4236072532334427
190 190 0.6677506924307017
191 191 0.9848975448622259
192 192 -1.270465058461722
193 193 -0.538570938665453
194 194 0.5876522014865188
195 195 -0.060634177823646905
196 196 0.9486897485100607
197 197 1.268594449773777
198 198 -0.7135665696663976
199 199 -0.8473081246852733
200 200 -0.5932635062437267
201 201 -1.1325189209681596
202 202 -1.0475637729125167
203 203 -1.1951658854501996
204 204 -0.1446737702360583
205 205 0.62315288228169
206 206 0.5360934968491036
207 207 0.46422704255835734
208 208 -0.18561825403752413
209 209 -0.9317186517338483
210 210 0.9143589011126521
211 211 1.0527672229544653
212 212 2.6171908821353327
213 213 -1.1181121532949247
214 214 0.296540634655633
215 215 0.8914157738757671
216 216 -0.6557478414266639
217 217 -1.1540922361419268
218 218 -0.49385091521776986
219 219 -1.3472227388420208
220 220 0.13094675360607938
221 221 1.4036017959259832
222 222 1.096004766057233
223 223 -0.10733185530569016
224 224 0.10653758018197254
225 225 -0.7500348734890886
226 226 -2.28959257094116
227 227 -0.4485134184974856
228 228 0.40072712454422793
229 229 0.6823474596016292
230 230 -1.9381719402977833
231 231 0.5040725987889094
232 232 -0.48120522002746147
233 233 -0.21538006034765067
234 234 0.7319223192334748
235 235 1.4105790852176994
236 236 0.4352775179720618
237 237 1.6289903257603506
238 238 0.2832373969589332
239 239 -0.29660724230520297
240 240 0.46010346908037086
241 241 -0.013480486891042233
242 242 0.14469493818203466
243 243 -0.6911226371070077
244 244 1.1004924733656503
245 245 0.032166611825173747
246 246 -2.5401307624440532
247 247 -0.6261264316937476
248 248 -0.8005871507575626
249 249 -0.582749093677585
250 250 -0.05786551126311467
251 251 1.9094891678151333
252 252 -0.9733602061782868
253 253 0.32693210503576436
254 254 -0.3880848807408177
255 255 2.2402189636650722
256 256 -1.4013665381240379
257 257 0.3859336574001378
258 258 -0.28626126425649934
259 259 0.21280926899323932
260 260 0.7771641121886688
261 261 0.3923560662496167
262 262 -0.7922570080682427
263 263 -0.13937838297753696
264 264 1.3224888831294344
265 265 0.26904237293697986
266 266 0.1821501064691919
267 267 -0.2541710642089825
268 268 -0.37375039490637413
269 269 0.4779109407959934
270 270 0.998477731299415
271 271 1.2155600726741596
272 272 -0.47612904841810433
273 273 -0.12537620486539897
274 274 0.16743622106290681
275 275 -2.162832433187688
276 276 -1.5953523979835544
277 277 -0.9597780290974638
278 278 0.02072054056402383
279 279 0.8833895642938421
280 280 1.0831960503333984
281 281 0.6664448099083604
282 282 0.36017952745015325
283 283 0.2911526266118553
284 284 1.0514737363389275
285 285 0.9238799886702638
286 286 1.0297614706645066
287 287 1.9673552598117152
288 288 -0.3303078443735699
1 2 -1.3214589589885426
1 4 1.6825142255521237
2 3 0.08362222506012708
2 5 -0.7660111758222972
3 6 0.23695426067584818
4 5 1.1318421303540684
5 6 1.0185074815911552
7 8 0.5949751798827768
7 10 -0.007868976456134677
7 157 -0.6122444801427636
7 160 -0.8747326243073941
7 163 0.06690377230726632
7 166 1.0286794998822906
8 9 -0.6210138069648532
8 11 -0.029814674864905653
8 193 0.22814052305444324
8 196 -1.1869620213347007
8 199 1.731889883330921
8 202 0.7488399981150256
9 12 -0.5625492796446336
9 229 -0.9874926417423175
9 232 -0.6245090815930289
9 235 0.2175881774009208
9 238 0.09348633993750309
10 11 1.1411142539001327
10 157 -0.012641405803811621
10 160 0.6002697694344037
10 163 1.3723151541346272
10 166 0.1964131939589786
11 12 -0.867358149194049
11 193 -0.10689818221185893
11 196 -0.9704159105027462
11 199 1.6468185700754192
11 202 -0.7594814979794331
12 229 1.7435590054610228
12 232 -0.47148529350582263
12 235 1.050511633943073
12 238 0.4126793482563277
13 14 1.0878942857479976
13 16 -0.8182521767275791
13 193 0.06513553497492848
13 196 -1.3095487378605375
13 199 -0.006170135535067242
13 202 -0.7276494602547589
14 15 -0.6733652385751426
14 17 -0.8109376451890271
14 229 -0.5549179345770014
14 232 0.7679826653433571
14 235 0.061763509892872985
14 238 -1.3820263674688529
15 18 0.39685048028948233
15 265 1.722990556793678
15 268 0.7621514492860645
15 271 -1.2333841340855856
15 274 0.09026784122887359
16 17 0.05260608955117571
16 193 0.20684149566879453
16 196 0.2439018202300858
16 199 1.281065957435458
16 202 1.1297008084317541
17 18 -0.14543068377002397
17 229 1.9272472393290783
17 232 -1.5280056531489226
17 235 1.1207912935331157
17 238 -1.6850648668806847
18 265 -0.21958727291761815
18 268 -0.8906792714569014
18 271 0.9434309493475708
18 274 -0.5626771034834918
19 20 -0.3039446896005529
19 22 -1.2847313752899432
19 181 0.31105838926204804
19 184 1.7781329639173502
19 187 -0.23681200432391794
19 190 2.1196956110418825
19 193 0.6476497437028763
19 196 0.787591338990698
19 199 2.353125194814315
19 202 1.2212007227655377
20 21 -0.8233771279898328
20 23 -0.04202272088395204
20 217 -0.71312682349974
20 220 -0.383243438521779
20 223 -1.1512007326034335
20 226 -0.45723477047385663
20 229 0.10633823234232283
20 232 0.3832449011576949
20 235 1.7143996894688918
20 238 0.3998205267522498
21 24 1.6072960651954409
21 253 1.1580527651037413
21 256 0.7119707183952159
21 259 0.4223001696929405
21 262 -0.377502038000466
21 265 1.9396885713648133
21 268 -0.5703619048721809
21 271 -1.1811901720799578
21 274 -1.0283828897563903
22 23 -0.5425425130282957
22 181 1.8920600026988543
22 184 0.32010542928186664
22 187 0.8153610393495173
22 190 -1.261612608442842
22 193 0.11182714166389043
22 196 0.2007345712214861
22 199 -0.6401603250399602
22 202 -2.6112683485363615
23 24 1.4373021985687116
23 217 0.8112456848911225
23 220 1.267349115207916
23 223 1.0749835397414818
23 226 -0.3281094225978172
23 229 -0.7308260288178507
23 232 0.9157739330236301
23 235 0.07463992111386784
23 238 0.7158886299572794
24 253 0.6104173647171065
24 256 -1.8490663476915739
24 259 2.8805788103623042
24 262 1.8618852809889312
24 265 -0.5166242546794194
24 268 1.5168257716455975
24 271 -0.3792889250173247
24 274 1.127068503874993
25 26 0.2184240833077137
25 28 0.1919928037248686
25 181 -0.9661179932023619
25 184 0.32247458504572935
25 187 0.33529136598407344
25 190 -0.2192255892071013
25 193 1.1469883798968878
25 196 0.7474068818065693
25 163 0.270057278517276
25 166 1.6259934405510676
26 27 -0.11976195978066567
26 29 -0.21553465529661361
26 217 -1.4503789280699464
26 220 2.0929001778115737
26 223 0.492659701416175
26 226 -0.23025898628812988
26 229 -1.4478025974675173
26 232 -0.3955751778815134
26 199 0.7187276444155962
26 202 0.24083543294929402
27 30 -0.5967911626089575
27 253 -1.2419671989846566
27 256 0.7947760838287954
27 259 -0.016643462552661987
27 262 0.47970830069752624
27 265 -0.8747912268551781
27 268 0.4552942690675772
27 235 1.7795270245826533
27 238 -1.5460467757263445
28 29 -2.0802018294067834
28 181 0.1829595010646545
28 184 0.38943418752544506
28 187 0.5641345435952604
28 190 -0.14033982210074117
28 193 -0.47323051567340296
28 196 0.38707554929405596
28 163 1.1561994164550942
28 166 -0.7377699044840165
29 30 -0.32632480507136347
29 217 -0.32274157999542746
29 220 -0.3415799803730119
29 223 0.4303006383748871
29 226 0.7661075033839536
29 229 -2.858362099711266
29 232 0.786006337353248
29 199 -0.6241434600707754
29 202 -1.211256639434851
30 253 -1.2080622171128115
30 256 -0.3672903769801654
30 259 -0.8355808777155073
30 262 0.9546971805999137
30 265 -0.6688680334282274
30 268 -0.21330681952747743
30 235 -0.9903796499438029
30 238 -1.2329062685876415
31 32 0.11842635582595712
31 34 0.5817172815438887
31 181 -1.2218533437239514
31 184 -0.8220673641535887
31 187 0.6488396946591715
31 190 0.6428329890808384
31 193 0.04543023572375125
31 196 -1.1171247289149095
31 163 -0.3948385877646626
31 166 -1.4620290548352581
31 169 -0.211513112383302
31 172 -0.524519193941035
31 175 -0.12031804694653145
31 178 -0.4666024352173243
32 33 -1.5118943594757936
32 35 -0.8101506809982031
32 217 0.7050546594659002
32 220 -1.39125106627673
32 223 0.17078160969447279
32 226 -0.23059998416258567
32 229 -1.0055531600888454
32 232 0.2547798191365493
32 199 0.4130680018438608
32 202 -1.7572996998117083
32 205 1.6716947878012576
32 208 3.2545311111303823
32 211 -1.037034879202097
32 214 -1.8057129772554588
33 36 -0.3106550462045972
33 253 0.045059415928086696
33 256 2.0117523239941417
33 259 1.4431806695226264
33 262 0.838341868774765
33 265 0.7586065015158251
33 268 -1.3301422865323587
33 235 0.4574757344081757
33 238 1.648274504645227
33 241 -2.2530175983552723
33 244 -1.3742883021538341
33 247 2.4781473325180383
33 250 -0.3143535576148651
34 35 0.9778651371834878
34 181 0.5221594253989756
34 184 -0.20318410804690268
34 187 -0.3130413578820466
34 190 -0.16167637571296323
34 193 -0.05211468394446181
34 196 0.7215964191906029
34 163 0.10483318366051116
34 166 1.0823861944653317
34 169 -1.544246649937405
34 172 0.3598435369746423
34 175 1.8232321976019936
34 178 -0.30073804915018787
35 36 -0.5877597443991874
35 217 -1.313183004136722
35 220 0.0027524131068741124
35 223 -0.2805297975389703
35 226 1.4735475566188638
35 229 0.4362617111859284
35 232 -1.5122190820779338
35 199 0.5543048118512692
35 202 -0.5372948541813575
35 205 -0.7111692591949116
35 208 0.366036709346334
35 211 -1.5456730052767211
35 214 -0.164706625869029
36 253 0.548020306641464
36 256 1.606558571266334
36 259 -0.7896136373659308
36 262 1.7247843881329732
36 265 -0.4440390365011373
36 268 -1.1682435964062594
36 235 0.016107034849061033
36 238 -0.2657559050356831
36 241 -0.38512226687992707
36 244 -1.1073065913294518
36 247 -1.0804205954695951
36 250 0.16148016026239506
37 38 -0.010196673478064482
37 40 2.186448744479975
37 181 -0.12005514012658661
37 184 0.5223887412896459
37 151 0.29664555671249565
37 154 -1.515888797732585
37 157 2.322175731991366
37 160 -0.5831912813579494
37 163 -2.1261004991557066
37 166 -0.3131618934991764
37 169 -1.3889228012272645
37 172 0.8483832297373028
37 175 0.9390789041671326
37 178 1.7323976338015052
38 39 -1.7821666416318276
38 41 -1.4430206815958397
38 217 0.49490995090490997
38 220 -0.360851900660153
38 187 0.11115523050055189
38 190 2.20613743397083
38 193 0.2640413184595265
38 196 0.2613175831599331
38 199 1.705218699332257
38 202 -0.8003442043281526
38 205 -1.8625459731511114
38 208 2.53365210630984
38 211 2.3101644321959514
38 214 -0.4811987192522795
39 42 -1.0505865643705348
39 253 -0.8686668459109136
39 256 -0.7345889409845854
39 223 -1.2540147430966835
39 226 0.13816172447078492
39 229 1.4624144928620952
39 232 -1.1721981121181222
39 235 3.0881906222578013
39 238 -1.5190752963313647
39 241 0.029959356971794672
39 244 -0.13269360189074944
39 247 -0.969799776991254
39 250 -1.0624068433152487
40 41 -1.4343584424595863
40 181 1.2751521338128426
40 184 -0.689053552571599
40 151 0.6589788247823322
40 154 0.18430447090177657
40 157 0.5391544898681502
40 160 -0.11655559431555898
40 163 -0.706844926253
40 166 -0.7848989003034441
40 169 -0.5955796114003872
40 172 -1.9366197196978385
40 175 1.2239229704255494
40 178 -1.1972643093243915
41 42 0.813806240140256
41 217 -0.9436470828100273
41 220 1.9218989089518068
41 187 0.12508480092616747
41 190 0.2366960126643506
41 193 0.7348433805113178
41 196 -1.9506398215779914
41 199 0.30090626255971303
41 202 -0.2751277486789908
41 205 1.0914464585345325
41 208 0.10513644596837839
41 211 -0.7852629127510333
41 214 0.18568385237785137
42 253 -0.16450895468552887
42 256 0.7410808942336974
42 223 0.04587970613568745
42 226 1.241833521406995
42 229 0.5459727238675277
42 232 0.32647871092275393
42 235 -2.0900822760914464
42 238 -0.33418313566987184
42 241 -1.1846662497889502
42 244 0.9303041088855195
42 247 -1.25572305849976
42 250 -1.237859622158043
43 44 -1.4777866510747095
43 46 1.5344300117115626
43 181 -0.041687896267309364
43 184 0.4082990764065353
43 151 0.8693031461813808
43 154 1.1090743102713894
43 158 -0.14615538084601684
43 161 1.0294280169897458
43 164 -0.8947448772804847
43 167 -1.5120141556211055
43 169 -1.5255031703167004
43 172 0.7483476897521476
43 175 -1.1505750136152673
43 178 -0.20807950441986822
44 45 -0.11314892054817306
44 47 0.5223922642203196
44 217 0.12493007307780413
44 220 0.6935266420225663
44 187 0.7653858707159101
44 190 -1.6001571434214314
44 194 -0.6839350903098532
44 197 -1.062323907719532
44 200 -0.14629110059234912
44 203 -1.1179481391050954
44 205 0.7221350504013088
44 208 -0.05058347973677341
44 211 0.14401902838987715
44 214 0.6039902787423975
45 48 -0.04985564326128639
45 253 2.0055862886659166
45 256 0.9439098363552652
45 223 1.7779517066102721
45 226 1.6008332312254572
45 230 -0.4242473132459036
45 233 -0.6303139510757461
45 236 -2.152415346454378
45 239 -1.4276881174206237
45 241 1.9900649966028976
45 244 1.0155045983250377
45 247 -0.4653228361769443
45 250 -1.5991419773983104
46 47 -1.0869123765643685
46 181 -2.110016037103661
46 184 0.196628214744217
46 151 0.6946816903837282
46 154 0.692283141998625
46 158 0.4966800482497182
46 161 1.3584590276723074
46 164 -2.087744219529595
46 167 0.18908739068422786
46 169 -0.2382681832851455
46 172 -0.1024524458139708
46 175 -2.802687152537404
46 178 -1.0964623755727352
47 48 0.15738195142388284
47 217 -0.83105605213851
47 220 0.8303478410491693
47 187 -1.733370868977186
47 190 -0.3003404505754414
47 194 0.4992189203855763
47 197 -0.6371361363394588
47 200 -2.241342222955905
47 203 -0.10502195011125785
47 205 0.21072803085421168
47 208 0.057270856562437064
47 211 -0.27821464226634923
47 214 0.29955668902516996
48 253 -0.13146311841059338
48 256 1.3734320050181914
48 223 1.2495749745498017
48 226 -0.20562319989719158
48 230 -2.5694278057706574
48 233 -2.0983042333240554
48 236 0.39799090075283505
48 239 1.6946105323113931
48 241 0.23931793086002076
48 244 0.3295764347024879
48 247 -0.10216331562345767
48 250 0.08858925264759016
49 50 0.1074427959632692
49 52 -0.00483174489022473
49 181 0.128700737392375
49 184 0.1090270953779684
49 187 -0.16299192642539256
49 190 0.022069998450152156
49 194 0.5545354832192895
49 197 -1.4793000661703262
49 200 0.876190649454278
49 203 0.048092996595164236
49 205 -1.7572027579388396
49 208 0.13997822328690665
49 175 -1.688505697147282
49 178 -0.436655553830716
50 51 -2.2888533549194374
50 53 1.7623040466834017
50 217 1.0715062940214684
50 220 -0.6842230217581602
50 223 0.5564849786658156
50 226 1.0821579999346955
50 230 0.8421599351159185
50 233 0.010230438676683695
50 236 0.4749119902748122
50 239 -0.03971674906840681
50 241 0.30437379826179206
50 244 1.1187940634575515
50 211 0.08411712775150162
50 214 -0.8200009714801382
51 54 -0.7406806324667145
51 253 -0.6017308232288493
51 256 -0.7970128175389236
51 259 0.9618426873771019
51 262 0.7214196809206177
51 266 -1.2876331776569132
51 269 -1.4946404163872395
51 272 -0.0670758245410112
51 275 0.7656076033928388
51 277 0.9416702631123154
51 280 1.288608980179147
51 247 0.8661256575042757
51 250 -0.69255215564102
52 53 -0.1936521197098916
52 181 -0.00615268264353878
52 184 -0.5661617936137452
52 187 0.49483559396878246
52 190 -0.18012270308362235
52 194 0.8416268583692049
52 197 0.522743841018724
52 200 1.8177137790400468
52 203 0.0012357852952087384
52 205 -0.18686810312617444
52 208 0.44502208433589713
52 175 -0.9853845232843551
52 178 0.9301831258876361
53 54 0.6727926411070431
53 217 -1.7410947660272427
53 220 -0.37015650070493666
53 223 -0.3943837435294455
53 226 -0.30183052258224546
53 230 0.06969121050726171
53 233 1.8146785240144891
53 236 -0.8395149064263365
53 239 1.9385959001674677
53 241 2.698138074091443
53 244 -0.04301995371103269
53 211 -0.6015235308152808
53 214 0.5906895390527592
54 253 1.0391241638335653
54 256 -0.7113101463707421
54 259 1.2481183223906578
54 262 0.4365729393456373
54 266 -0.3295805281659635
54 269 0.08363923291494484
54 272 -0.31300491301710603
54 275 0.09001715078576643
54 277 0.1578923752703462
54 280 -0.6992939248084344
54 247 -0.24631833487884786
54 250 -0.6181008222350725
55 56 0.1740594580119327
55 58 1.394967093057364
55 182 0.5424329509703177
55 185 0.7758225027442782
55 188 1.347075576550918
55 191 0.8056326403863454
55 194 -0.07492146174831503
55 197 0.7066980664811201
55 200 1.0942656192578528
55 203 -1.0259228416165547
55 205 -0.6047403745859665
55 208 0.7604145947089745
55 175 -0.46459156191176787
55 178 1.159024760034819
56 57 0.6303670605438808
56 59 1.3776329260769884
56 218 0.7053254372668512
56 221 -0.7689068212558213
56 224 -0.05875511844536634
56 227 -0.44182663080973134
56 230 1.0425840055101527
56 233 -1.2434038917202055
56 236 -0.3427509483964444
56 239 -2.0310243147977993
56 241 0.8001586808201439
56 244 -0.15773594313588685
56 211 -0.5654736191528785
56 214 -0.6832487474019304
57 60 -0.37814214497407794
57 254 0.3356611598801231
57 257 -0.42228584078005293
57 260 -0.21875743450123245
57 263 1.0389179242190847
57 266 0.5522952655218869
57 269 -0.8008716507643844
57 272 0.41471326684115967
57 275 -1.3683608406950902
57 277 -0.7790955103687295
57 280 -1.050036699400668
57 247 0.7959800824224141
57 250 -1.039757207218043
58 59 -0.9368733544653411
58 182 -0.235519899028952
58 185 -0.5894459505855236
58 188 -0.06829501357259844
58 191 2.153956459573285
58 194 1.2665074643510892
58 197 1.4471670082892922
58 200 0.14861017801818147
58 203 -0.17669733204569316
58 205 -0.44341506454655694
58 208 0.3321441239828996
58 175 0.8540096770995486
58 178 -1.6212886042299426
59 60 0.8012416296448911
59 218 -0.46934564806332585
59 221 -0.45793904173912914
59 224 -0.903296625924945
59 227 1.69999589272162
59 230 -0.2934925034411323
59 233 -0.7360672180405449
59 236 -1.9000470554425313
59 239 -0.6446548769964057
59 241 0.508403244338717
59 244 0.48062832284590024
59 211 -0.2695531460823048
59 214 1.320945286602436
60 254 -0.14190080567944385
60 257 -0.9247541058884003
60 260 -0.83428012084435
60 263 -1.254408047178373
60 266 -2.4387533871233074
60 269 1.2849070114508752
60 272 0.9618342444287807
60 275 0.017183886853822133
60 277 -0.435993995801965
60 280 0.19201307334648535
60 247 -0.5190236792304976
60 250 1.522496470055572
61 62 0.3616171891455322
61 64 0.38157668514948945
61 182 -1.278549145920363
61 185 -0.3502153621956657
61 188 -0.4659690212500871
61 191 -0.5009120846138257
61 194 1.509048751426362
61 197 -1.001988099792263
61 164 -0.5469069872856829
61 167 -1.0916648706834584
61 169 -1.6454721162787538
61 172 -0.4102147942346909
61 175 -1.7260540943616018
61 178 -0.522054872085345
62 63 -0.6087134000348228
62 65 0.7960496213933214
62 218 0.8536442501893566
62 221 0.034979621349605694
62 224 -0.37645251371475635
62 227 1.4966412429458915
62 230 0.4088114424248906
62 233 -1.3915132418812743
62 200 -0.7070544991380779
62 203 1.1069340408806079
62 205 -1.0298698457623823
62 208 -1.8040252556854168
62 211 -1.002196863535188
62 214 2.051535552763748
63 66 -1.0116664075450306
63 254 0.19636908978380077
63 257 0.1389112893076877
63 260 0.3422023670799182
63 263 -0.47936918623298663
63 266 0.010773811407837048
63 269 1.9920553968176238
63 236 1.3713730098335162
63 239 -0.6766851002810955
63 241 0.09065880207793546
63 244 -0.7655378807074696
63 247 -1.587333202296741
63 250 0.7124140800017562
64 65 1.2650707074474619
64 182 0.11464852263606871
64 185 -1.1754960886158825
64 188 -0.16432835773856905
64 191 1.083530429652775
64 194 -0.39011592449462895
64 197 -0.3959604699091867
64 164 -0.720782796421651
64 167 -1.4351676533276259
64 169 -1.2596389149975689
64 172 0.15502547941597183
64 175 -0.7679420060764924
64 178 -1.4620623293860002
65 66 -0.33961934846071895
65 218 1.280704763685431
65 221 -0.4019482021749781
65 224 0.9923236068025142
65 227 -0.20913870958212255
65 230 0.6850984626548735
65 233 0.8459230252485225
65 200 -0.5337303329087566
65 203 0.19916167633389636
65 205 0.9710367357295739
65 208 0.10142370049296139
65 211 0.264744970081974
65 214 0.08175744316646405
66 254 -1.4986357947694111
66 257 -0.3294295814533379
66 260 0.5843473846433502
66 263 -0.40319065578391655
66 266 -0.29168219184865
66 269 -1.0179325631654266
66 236 -0.28106163073096185
66 239 -0.7824394591911543
66 241 -0.7055833482690337
66 244 0.931319890673916
66 247 1.474398886069512
66 250 1.8280824144740586
67 68 0.6573285331302001
67 70 1.760442331865225
67 182 -0.7271270552749132
67 185 -1.7364928254629863
67 188 0.5392218434049367
67 191 -0.18079329326184915
67 194 -0.5689728234968384
67 197 -0.5012927775287565
67 164 -0.8467033473259359
67 167 0.4329347387301482
67 170 1.3477766858368938
67 173 0.09778534641842769
67 176 0.9194246278705561
67 179 1.4312740821125585
68 69 -0.03952183004095187
68 71 0.4411326389456167
68 218 0.9142660043889401
68 221 0.5082999782786684
68 224 1.0781010070839667
68 227 1.3595691415712465
68 230 -0.4865082924667417
68 233 -0.6867799417935451
68 200 -0.8361440559433855
68 203 -0.9195716063690076
68 206 0.9827200511920209
68 209 0.037137499887112804
68 212 0.5974209126003736
68 215 -0.1971000350559686
69 72 0.30188636265596513
69 254 0.4691824850918027
69 257 -0.3347923482138957
69 260 -0.4367168465726682
69 263 -1.308928336854108
69 266 -1.5303428134339863
69 269 -0.6192789890898903
69 236 1.4365594999206557
69 239 0.03929217252173753
69 242 -0.5460511863288369
69 245 0.5165475284761505
69 248 2.762006453577947
69 251 -0.1387186823602055
70 71 0.5573495106968906
70 182 1.5679550206835076
70 185 0.8343351590693192
70 188 0.8036062520970233
70 191 -0.3740853796073275
70 194 0.38948637366662314
70 197 0.11349994811210314
70 164 0.42337448237206415
70 167 0.2568842863496164
70 170 -1.0037387514675737
70 173 0.790660995444033
70 176 3.326757364307464
70 179 -0.6814459374320218
71 72 -0.21652920754929206
71 218 -1.6977091076145387
71 221 -0.215525076478564
71 224 -0.5821234282169915
71 227 -0.5611329978593458
71 230 0.3544821373043171
71 233 1.6197785651352223
71 200 -0.6363959158463347
71 203 0.557989103607561
71 206 -0.5037068125031176
71 209 -1.2316103125552906
71 212 -1.175958425503427
71 215 1.2118776792953108
72 254 -0.44201182943010325
72 257 1.480874126485872
72 260 0.288932362440204
72 263 -1.551357397556085
72 266 2.1040125331420407
72 269 -0.8340924989699142
72 236 0.9950723965030848
72 239 -0.5918231973032532
72 242 -1.414671920825679
72 245 0.2988744064380537
72 248 1.2043028560175473
72 251 -1.7830024840220786
73 74 -0.7216432712681997
73 76 1.0002001475441875
73 182 -0.4539221198788924
73 185 -0.8250809809908999
73 152 -1.5167334969256827
73 155 -0.22462441225235438
73 158 -1.3676753977884628
73 161 0.5176307063762414
73 164 1.5206201102878736
73 167 0.8177483112270395
73 170 0.4218736275445174
73 173 0.663407401154346
73 176 -0.7263880846434325
73 179 1.2104016372873752
74 75 0.37360268369935323
74 77 -0.31584303842358563
74 218 -2.335954744783461
74 221 -0.03882374081345221
74 188 0.13079526212129056
74 191 2.2200611821464773
74 194 -2.012086576900725
74 197 -1.337646263530421
74 200 -0.2161458090989829
74 203 1.6874528672215003
74 206 -0.31001773773748537
74 209 1.0776872184004775
74 212 -0.46743131713490715
74 215 -0.37877490251546564
75 78 1.1644933786070262
75 254 0.05501312011715501
75 257 -0.37150400008177026
75 224 0.025094767495259376
75 227 2.1989437388934285
75 230 -0.5214101928355075
75 233 1.451999852012636
75 236 0.03693711598959473
75 239 -0.5580345242322824
75 242 0.5432310111891835
75 245 0.2997185001261553
75 248 0.31082109834454597
75 251 1.1014255132833426
76 77 0.5786258824815989
76 182 0.4128766446290548
76 185 -0.8498708460799422
76 152 -0.7343806741710651
76 155 1.0270085160850753
76 158 0.4224001079918569
76 161 -0.4171073951277485
76 164 1.0759629653275484
76 167 0.06048821624202929
76 170 0.36280596533861703
76 173 1.1277556082465992
76 176 0.7663187232116493
76 179 -1.170280825309825
77 78 -0.2927025836421459
77 218 1.404795961352393
77 221 -0.47566305196994807
77 188 1.0954638298054167
77 191 1.8161124362465102
77 194 0.6877014668531066
77 197 -0.9811765459854978
77 200 -1.783980325856491
77 203 0.4950227008396369
77 206 0.3080606891145042
77 209 -0.18688304686091445
77 212 0.2337213343607057
77 215 -0.04997121929527438
78 254 0.6398771315861993
78 257 1.0510373661884909
78 224 -0.06491172454424915
78 227 -0.0020313119832464986
78 230 -1.99490191811531
78 233 -0.9635677746762004
78 236 1.0579685418515175
78 239 0.760600674054827
78 242 -0.7689920810500759
78 245 -0.3930663307265525
78 248 -1.3923353735240043
78 251 -1.6236463455660846
79 80 -0.7092059737318893
79 82 -0.8402586817197549
79 182 0.015451295034369905
79 185 0.13935838735636433
79 152 0.5999538888474653
79 155 0.28629845809827353
79 159 -0.1729222764550329
79 162 -0.04104553643405104
79 165 0.20053735550827
79 168 -0.34557035636078615
79 170 0.8309497597876219
79 173 -0.46775096823622625
79 176 0.8023815540523644
79 179 -1.0597615540932221
80 81 0.7866525171220446
80 83 -0.47497026461110864
80 218 -0.9886103314914149
80 221 0.6640686800210714
80 188 -0.5720386543170201
80 191 0.5119359576592298
80 195 0.23685272644986283
80 198 1.671675038338183
80 201 1.536907725895735
80 204 -0.8834657725809018
80 206 1.7615749548697934
80 209 -0.6401006486483044
80 212 -0.358801973646332
80 215 -1.1335341656731142
81 84 0.3884924350197676
81 254 -2.452465100375557
81 257 1.1061327450955252
81 224 -0.07376952357272884
81 227 2.193567385401724
81 231 0.3927535962522732
81 234 0.3635146197514427
81 237 0.21172466058254186
81 240 1.1659871371321462
81 242 0.002809855076657541
81 245 -1.321389991002482
81 248 -1.655331004361874
81 251 1.0940767511048661
82 83 -0.1559863918758293
82 182 -2.3677423532822153
82 185 0.38657980024110605
82 152 1.4218754300294572
82 155 -0.003846079853088224
82 159 -2.4727593365153298
82 162 -1.8250106974565907
82 165 -0.8480918704063147
82 168 -1.1801281851670313
82 170 -1.7007703228633235
82 173 1.0118577358752203
82 176 -2.068927477774435
82 179 1.3980754900181822
83 84 0.43017656542720933
83 218 0.4119216470061331
83 221 2.2413530869705722
83 188 0.9766265286718181
83 191 -0.25539660487929383
83 195 1.8023106529449973
83 198 0.7174820872607102
83 201 1.7395156391937312
83 204 0.8138962611009952
83 206 0.5048733413822134
83 209 -0.7739370790031257
83 212 -1.1230200409208075
83 215 -0.7107693137824581
84 254 0.7124328590087666
84 257 1.2435210947828286
84 224 -0.26862772667974555
84 227 1.357774349225832
84 231 -1.4510460407980357
84 234 -0.6921372496844314
84 237 1.3210372207026697
84 240 0.6397779605326678
84 242 -0.8757766176347528
84 245 -1.0293001507965431
84 248 0.11184538117126201
84 251 0.46871122519377756
85 86 1.2423577123107887
85 88 -1.6460387453905325
85 182 -0.6049991217665293
85 185 0.8401839980291056
85 188 0.6585310822955793
85 191 1.1423319231295086
85 195 -1.5187917269402018
85 198 -1.0325837751552043
85 201 0.20369775996740758
85 204 2.2124475017959875
85 206 -0.2308543333906238
85 209 -2.6535697936469784
85 176 -0.21464756740324292
85 179 -1.0638222891944837
86 87 -0.3435676508219552
86 89 0.5990334638769163
86 218 0.4856015095230385
86 221 -1.4272301044250957
86 224 0.2423681840341522
86 227 -1.3906167322193428
86 231 0.08920810114039346
86 234 -1.4772793049815747
86 237 0.20670344381981826
86 240 1.3494614949216595
86 242 0.2531387736451572
86 245 2.8415553382517493
86 212 -1.3599150180160515
86 215 -1.3180098874695059
87 90 -0.6384136862566967
87 254 -0.8796605008221293
87 257 1.2933402375370968
87 260 -0.604545181956699
87 263 0.43330556900882405
87 267 0.8418339680590757
87 270 -0.15327486782344948
87 273 -0.6741489482462737
87 276 0.056320314742361724
87 278 0.43075530230628106
87 281 0.41359457318322934
87 248 0.6763740264894106
87 251 -0.024716732088818968
88 89 -3.0296755127756523
88 182 -0.828599083903595
88 185 2.268661556723176
88 188 0.011733199539418643
88 191 -0.2202561855957161
88 195 -1.1658657485350588
88 198 0.5892801164594844
88 201 -0.005577254648332255
88 204 0.4044274001667923
88 206 -0.25028671019093257
88 209 -0.33709011903987196
88 176 0.007972545532398538
88 179 -1.4247508488600213
89 90 -0.7759211680939706
89 218 1.212513826165942
89 221 0.9023675442037561
89 224 0.16950317408165555
89 227 0.21063802014922722
89 231 -0.4770680909907707
89 234 0.1631056922939698
89 237 -0.019540476797731913
89 240 -0.5265518080704943
89 242 -1.5458628711012723
89 245 0.707613582890125
89 212 -0.23816363645635616
89 215 -0.4724375494380604
90 254 1.218365386571618
90 257 -1.0414156733117947
90 260 0.577913275816682
90 263 1.2998435072771808
90 267 -1.11299730633795
90 270 -0.661659904919119
90 273 -1.1734676528843013
90 276 1.6930463461808576
90 278 -0.4459468568047144
90 281 -1.22604207624442
90 248 -1.0670788869290169
90 251 1.2907714209418641
91 92 -0.7458100146805332
91 94 -0.8276147153344041
91 183 1.01251361202682
91 186 -0.24165347788414646
91 189 -0.827710827140557
91 192 1.2314793803603241
91 195 -0.8390062003409926
91 198 -0.6190393877364887
91 201 0.09316581136758197
91 204 -1.5131578032345965
91 206 0.4675199628774742
91 209 1.220815885868441
91 176 -0.592587966074274
91 179 0.33776026815068344
92 93 -0.26074371814268854
92 95 -2.0837058173621994
92 219 0.5375965683608075
92 222 -1.8508478009896305
92 225 1.0102538419283766
92 228 -0.00426114605330541
92 231 -0.5612446127488787
92 234 -0.03816529724694252
92 237 -0.11239908478793936
92 240 0.2168202161930031
92 242 1.5774736326956258
92 245 0.520589724428249
92 212 -0.2561942198083986
92 215 0.9824699196569948
93 96 0.5492323322460867
93 255 -1.7078862621100352
93 258 0.4946416805173136
93 261 0.7945780644606459
93 264 0.6085678727312442
93 267 -0.3232311766975507
93 270 0.4481255092204667
93 273 1.3367623807832445
93 276 -0.37986631188420217
93 278 -1.3982324467401115
93 281 0.24479474503453683
93 248 -0.45514558454062076
93 251 -0.3101912899840329
94 95 -2.3595143760266555
94 183 2.071958073268347
94 186 0.9622725013936937
94 189 -0.09901314234082711
94 192 -1.6485817783242884
94 195 -0.17261389575218633
94 198 0.4825871485250472
94 201 0.9742794396169773
94 204 1.0603296263629451
94 206 0.1958188643509503
94 209 -1.1357998538373413
94 176 1.0402473569308743
94 179 -1.004969619768816
95 96 0.0015086796691880068
95 219 -0.9751946280777264
95 222 -1.6730477873551228
95 225 0.16823199192940594
95 228 -0.08310971896629131
95 231 -0.8849865711029098
95 234 -1.239938298320046
95 237 0.13389456228254118
95 240 1.5693266788331466
95 242 0.5994660457714815
95 245 -0.5716524803191149
95 212 -0.9204590101687472
95 215 0.8855647940501169
96 255 0.13484087902021186
96 258 -1.0430353110367994
96 261 1.7129807157343258
96 264 -0.33010594300245577
96 267 0.6141754049183827
96 270 -0.9451921609102982
96 273 -0.2671682170038201
96 276 0.2752122952778842
96 278 0.14452547527039622
96 281 0.6888376280705587
96 248 1.1021179445910494
96 251 0.722947336339472
97 98 -1.1808833649784827
97 100 -0.521703087950865
97 183 -1.8160494303856518
97 186 -0.7772034817569334
97 189 0.16653371927180718
97 192 -0.35991058321502145
97 195 1.2379261483547328
97 198 -1.0931566386850353
97 165 0.2930769833163406
97 168 -0.04047411589101215
97 170 0.6047852167647318
97 173 0.398359047920697
97 176 0.630498051060426
97 179 0.14561518785398525
98 99 -0.2909967687032967
98 101 0.17742870550182957
98 219 0.9688789885156746
98 222 -0.13295748123815898
98 225 -0.8160293005393562
98 228 -0.2806319887042596
98 231 1.0982107167329218
98 234 -1.3930452197772416
98 201 -0.07090954367172923
98 204 0.17920364625640892
98 206 0.29105876186168295
98 209 -0.7633324742195662
98 212 0.4800601634833088
98 215 0.5589884777306171
99 102 1.8352356029645835
99 255 -0.2520749528006838
99 258 -0.9139341669730542
99 261 0.1489129326122961
99 264 -1.1809209217956464
99 267 2.037220277459233
99 270 -1.788484317874983
99 237 -0.2972387362700646
99 240 0.32558052519025316
99 242 -0.19819159237059744
99 245 -0.8785657634438819
99 248 -0.18030131418030115
99 251 -0.02155662042503773
100 101 0.9968434811800775
100 183 1.2168041455761818
100 186 -0.5413329384201306
100 189 -1.037646148610625
100 192 0.7951523402348182
100 195 0.46496723990951727
100 198 2.177484402300496
100 165 1.4269286660537617
100 168 -1.5862751234101882
100 170 0.14385307896140703
100 173 0.8535403985676091
100 176 -0.14453729917118735
100 179 -0.4194535679988126
101 102 1.2710535152327047
101 219 0.7793379422541941
101 222 -1.700819222585992
101 225 -0.39578778415871596
101 228 0.7800692173707366
101 231 1.2218412481403007
101 234 1.4809483263970566
101 201 -1.6317371003151935
101 204 1.8647598360884468
101 206 0.39639320854647564
101 209 -0.6736925390873315
101 212 0.5641429778748362
101 215 0.6928791491768599
102 255 1.417778176471705
102 258 0.5466231101768562
102 261 -0.07830027785181307
102 264 -1.2075364291895347
102 267 0.6492100419559341
102 270 0.8184424624264571
102 237 0.9156977644376657
102 240 -0.03247099931277394
102 242 -0.018617869552229195
102 245 -1.9888395097734697
102 248 -1.4456150227641371
102 251 -2.714287942102556
103 104 -0.6691864983655484
103 106 -0.348715437375852
103 183 -0.7075980118112462
103 186 0.01505643446022913
103 189 0.7965884181460094
103 192 -1.1033435008728607
103 195 0.14090041869404488
103 198 1.003875904704164
103 165 -1.1518809288127523
103 168 -1.2580718302540117
103 171 0.8527217056395594
103 174 1.0100947860401264
103 177 0.8016360414096494
103 180 -0.8144423674267486
104 105 -0.8411273650951683
104 107 0.406360823598846
104 219 0.7418127538599344
104 222 -0.6422771202929695
104 225 -0.137149169635081
104 228 -0.04383656391575841
104 231 -2.0460077171724786
104 234 1.2199151102308081
104 201 0.03268083314964038
104 204 0.6268592847169706
104 207 -0.52901469330792
104 210 -0.1599382010782857
104 213 0.4639205700019044
104 216 0.8137398849226936
105 108 -0.3937246902320778
105 255 0.6499322592690026
105 258 0.7198104544510232
105 261 -0.38768934137727656
105 264 0.6798635672443496
105 267 0.6583156987384192
105 270 -1.1084089090208238
105 237 0.33202352569247406
105 240 0.4943684988136991
105 243 -0.8323834410298575
105 246 0.7869662576861393
105 249 -0.4462542739100377
105 252 -0.7493300669263125
106 107 1.625685986380159
106 183 0.22351222829106046
106 186 1.4374783245886102
106 189 -0.08202342199094559
106 192 -0.31323460642784856
106 195 -1.9199078087596437
106 198 -0.3023289059015735
106 165 -1.2621865963929477
106 168 -0.051547591616250825
106 171 0.4448538888482711
106 174 -0.2925796384047576
106 177 0.5453076840350736
106 180 0.2195080208786576
107 108 1.6411141745293851
107 219 0.45713322979392385
107 222 1.832547134818647
107 225 -0.29907139529107696
107 228 1.249727295862594
107 231 -0.3782871903017775
107 234 0.17180241579596361
107 201 1.0746628821382016
107 204 0.9994394016799791
107 207 -0.0907566551725405
107 210 0.02585287096614327
107 213 0.05408258526724574
107 216 1.4066605549169535
108 255 0.16182004366945754
108 258 1.6623235484685468
108 261 -0.5468150022751728
108 264 0.4052088258886346
108 267 2.5388413494536586
108 270 -0.8867316762711162
108 237 1.0810100029192307
108 240 0.7606999690247952
108 243 -0.30420740354555575
108 246 1.242617081084833
108 249 0.7873837409861392
108 252 -0.13309922146533787
109 110 -1.5517223419405548
109 112 -1.0868940698091272
109 183 1.0264166269615156
109 186 0.2241289188751157
109 153 -0.6390604748860552
109 156 -0.8015205022002456
109 159 1.5024186784927942
109 162 2.1456467868783946
109 165 0.18263823791400138
109 168 -1.460460679829284
109 171 -0.9004702100652635
109 174 -0.8173305978541876
109 177 -0.6664043966392859
109 180 -0.5654117604644874
110 111 -0.19653474399999551
110 113 0.40565020877620095
110 219 0.44076622681510996
110 222 0.923024401225228
110 189 0.2692653068343098
110 192 -0.2922147677376967
110 195 -0.44679786053714254
110 198 0.2502549861516199
110 201 0.8408130889219008
110 204 -0.6367253701516294
110 207 -0.9045949802066475
110 210 -0.016860199746998917
110 213 -1.5901261567049325
110 216 -1.1059033758556993
111 114 -0.9415664322269144
111 255 1.7350329691067208
111 258 2.0683261713919805
111 225 0.3379876197598533
111 228 -0.021555424932519766
111 231 0.0853109750380661
111 234 0.6066252601401708
111 237 -1.1652191961610006
111 240 0.1472492885323701
111 243 -0.8296656555925693
111 246 0.0813413602808401
111 249 1.7488470626923538
111 252 0.2630953271739078
112 113 1.2709562858667522
112 183 0.11774900863650557
112 186 0.9157712733910821
112 153 -0.18565057706120822
112 156 -1.2451963011826586
112 159 -0.7073384298540314
112 162 0.5900030042236076
112 165 -0.720177112030211
112 168 -0.9568544661007823
112 171 -1.192253687155225
112 174 -1.4150652280315974
112 177 -0.9367253375274712
112 180 0.5495809486293379
113 114 -0.405513686061337
113 219 0.5793527852702702
113 222 -1.6537956345528684
113 189 0.8246907952811109
113 192 -0.33036576539658635
113 195 0.4321261984731595
113 198 -0.2327393258208961
113 201 0.23024397387300424
113 204 -1.4059674657207588
113 207 -0.7673218913203939
113 210 1.9875640824402656
113 213 2.000663725782598
113 216 1.2294749324270524
114 255 -0.7275722591920962
114 258 0.13011206566335531
114 225 0.8656339234645536
114 228 -0.7656346757975201
114 231 -2.816847769856017
114 234 0.4477241015897077
114 237 -0.5676384193818369
114 240 1.1332937871559345
114 243 0.20277666570218716
114 246 0.9782181317921634
114 249 0.06245862809869423
114 252 0.4894745978371491
115 116 -0.8178475021812033
115 118 0.2896519031571334
115 183 -0.6799527717147535
115 186 0.12300966767197972
115 153 -0.664664770611556
115 156 -0.27121402654157417
115 171 0.11950309191595734
115 174 1.5309396054734634
115 177 -0.24688567929918137
115 180 -0.04471561143913417
116 117 2.051401349574005
116 119 0.6564213082195776
116 219 0.5673683955439409
116 222 -0.8034955947042192
116 189 -0.7228660293316596
116 192 -1.1014676474908525
116 207 -0.47637312675259497
116 210 0.6689138414635463
116 213 0.8267921270868148
116 216 1.0073190138556787
117 120 -0.737912860281485
117 255 0.3095050153313358
117 258 0.1952997411879512
117 225 1.0264921498599464
117 228 -0.8300346969347606
117 243 0.6078714597540138
117 246 -0.3608584140300831
117 249 0.7827230746485238
117 252 0.16810951888059134
118 119 0.20661870350149997
118 183 0.7581822688342453
118 186 -1.4600665308462262
118 153 0.00943462748635334
118 156 -0.9918353413660365
118 171 0.7131819239320522
118 174 -0.5783096726405608
118 177 0.4190190420063336
118 180 0.8232533300728755
119 120 0.7573989173111747
119 219 -0.596824854381382
119 222 0.41557509386726865
119 189 0.14924141818180348
119 192 1.924610962000722
119 207 0.759888168058514
119 210 -1.1684936626587203
119 213 0.40766040856170943
119 216 -0.2306839143820994
120 255 0.11184965637074688
120 258 0.41478861098775627
120 225 0.4744142450180329
120 228 1.2918037955341901
120 243 0.343395978449277
120 246 -0.197157745108779
120 249 -0.15041317569126475
120 252 -0.041256364901018555
121 122 -0.5296073744063327
121 124 0.8150166156290217
121 183 2.0619861551098158
121 186 -0.1156395020954967
121 189 -0.026007891509926627
121 192 0.9892977056802822
121 207 0.7816013896898111
121 210 -0.2626618083148368
121 177 0.32234204316951937
121 180 0.4474695110587002
122 123 -0.3222674757884454
122 125 1.1736307954834497
122 219 0.10515344380540938
122 222 -0.4030077425327272
122 225 1.2533385779684483
122 228 -0.8363528373285566
122 243 0.4079590438652775
122 246 -0.026614701906154788
122 213 0.03982541933761504
122 216 0.8324625242337227
123 126 0.3792159368494322
123 255 1.1106883280788487
123 258 1.3031041791949458
123 261 -2.603253994653848
123 264 1.680755288843658
123 279 0.5214831839080124
123 282 -0.8654501960845047
123 249 -0.6573909051510934
123 252 -1.2442219813435988
124 125 -0.941677872643264
124 183 0.4139049494784149
124 186 0.3319157396300305
124 189 1.8861178489052268
124 192 1.8317924428874321
124 207 -1.10468393975371
124 210 1.4498828817715486
124 177 0.38416038406935893
124 180 -0.5553260662058798
125 126 0.982771925829412
125 219 -0.30488068033591664
125 222 0.836583776174496
125 225 1.4147393126384264
125 228 -0.10896545048040548
125 243 0.5703278437542116
125 246 1.621162772518062
125 213 0.7740423836054268
125 216 0.21543254985320137
126 255 0.8632433222111374
126 258 -0.6638949980387486
126 261 1.2400248005446384
126 264 -0.5025478679883485
126 279 1.3133040940337344
126 282 -0.6069437658909511
126 249 1.0875025801116014
126 252 0.3524257478865987
127 128 1.4012048454521773
127 130 0.8199803774608964
127 207 -0.08666589191037379
127 210 -0.08679391531189572
127 177 -0.12299031259864862
127 180 1.3188056654025548
128 129 0.7727856766607712
128 131 0.47880310493938316
128 243 1.1208529611647189
128 246 -1.7450449212675159
128 213 0.5558100542045787
128 216 1.4765028926363672
129 132 -0.7479543090662861
129 279 -0.4398978343185574
129 282 -0.4412454202200427
129 249 0.33236042005798705
129 252 2.500194088353922
130 131 0.8693831622697633
130 207 1.5761402791494241
130 210 -0.7300860338879176
130 177 0.45930689890431864
130 180 -0.13963944048259233
131 132 -1.292389539883224
131 243 -0.993006900136691
131 246 0.6921633812938507
131 213 -0.2327239769977192
131 216 0.8676762979673187
132 279 -0.7045789919259938
132 282 -0.18181515555306654
132 249 1.2716726432670424
132 252 0.9301497622765519
133 134 0.23451492215994196
133 136 0.5846909850941131
133 171 0.4360618523338359
133 174 -0.08375965752909316
133 177 0.25124241249964224
133 180 1.7313741627640058
134 135 -0.23565089533315908
134 137 0.16578727186197134
134 207 0.8630291059441196
134 210 -0.21320492096101762
134 213 -0.8737015121086951
134 216 1.4668074268119204
135 138 -0.8785377258239035
135 243 0.9259308510538906
135 246 -1.5429875998854412
135 249 -0.591002366628707
135 252 0.11648604393212687
136 137 0.6975660345394264
136 171 1.0964742293935765
136 174 0.43124544534052944
136 177 0.9400178063531223
136 180 -0.5922729525273676
137 138 -1.21342301621576
137 207 -1.4822192603396973
137 210 -1.025787209631881
137 213 0.34677988745033894
137 216 -0.3321309327392274
138 243 0.8832791621876613
138 246 -0.968477610955504
138 249 -1.0071634175532072
138 252 0.6038911625084209
139 140 1.6699398721673395
139 142 -0.8761105187179695
140 141 0.15848033988365887
140 143 0.5430481977118434
141 144 0.2874987967474266
142 143 -0.35676104221294663
143 144 0.10177142092011654
145 146 0.4168407091121157
145 148 -0.3002592537807135
146 147 0.6118757083862579
146 149 -0.008681544802605657
147 150 0.30227013102187134
148 149 0.8388566438383985
149 150 0.8216775509587306
151 152 -1.1158013768980541
151 154 0.9265306188570107
152 153 -0.33063335227416063
152 155 -0.6762206827091648
153 156 -1.3242092727038584
154 155 -0.3423104479450225
155 156 0.6423050133995909
157 158 -0.8127014345762975
157 160 -0.764563228567086
158 159 0.13473290733225526
158 161 0.4898186087116798
159 162 -1.395504970063841
160 161 -1.9430336658906315
161 162 -0.4588652504573863
163 164 -0.48323878171586276
163 166 -0.2428857399235788
164 165 1.1754713600165942
164 167 0.9166597931721282
165 168 1.7504251660906511
166 167 0.6110015588674753
167 168 0.6115230696877654
169 170 -1.7033400005085562
169 172 0.514410377830744
170 171 -1.020561164874719
170 173 -0.5074271346544412
171 174 -1.0397307643446552
172 173 0.027418338762719794
173 174 -2.101176323764699
175 176 -1.034545863688297
175 178 0.6506176672550407
176 177 0.38263472173995844
176 179 -0.5135365195094816
177 180 -1.8917895999605185
178 179 -2.818879066889978
179 180 0.40231004317352487
181 182 -0.8774502338055903
181 184 -0.012516842026331958
182 183 -0.9604714928393602
182 185 1.8253092874049384
183 186 0.8177324887285733
184 185 -1.2626980512038324
185 186 -0.5351484003217938
187 188 -0.1571051168462588
187 190 -0.8533390902326669
188 189 -0.06166201106743131
188 191 1.0903393930379162
189 192 0.8793217669953873
190 191 -1.7388009875175139
191 192 0.10057995706859435
193 194 -1.220207005540565
193 196 1.00652019414253
194 195 2.298690170111535
194 197 -1.277911196885859
195 198 -0.9515747127415157
196 197 0.1605759317051396
197 198 -0.11240679226198955
199 200 2.5991744911314427
199 202 -0.8942449898642059
200 201 1.8627711505358473
200 203 0.9386680300211319
201 204 -0.8174951658664682
202 203 0.412995762341801
203 204 0.2223326527010143
205 206 -0.47300051714043
205 208 -0.8917196608775246
206 207 0.5359942035671275
206 209 0.5695955297480673
207 210 -0.792759312471876
208 209 -0.6979547720540878
209 210 -0.10125691522156477
211 212 0.5286858748578358
211 214 -0.19510133936216997
212 213 1.1913273480196656
212 215 0.07357324902086684
213 216 -0.5503165626362257
214 215 -0.9860064268440241
215 216 -1.413874492432241
217 218 -1.4625122694948574
217 220 -0.5830137222206024
218 219 0.9057836133769623
218 221 0.4191052575011571
219 222 1.6356487688362256
220 221 -0.6189694440765741
221 222 0.8488972230414057
223 224 -1.0907124733404576
223 226 -1.7165926292971558
224 225 1.1903379670749372
224 227 -0.6707738361518666
225 228 -0.5645495176731175
226 227 0.05410247887456991
227 228 -0.19846502358579154
229 230 0.7385090503947905
229 232 1.4062330369080067
230 231 0.31273645348123863
230 233 -1.2150779385472927
231 234 0.5576937402961188
232 233 2.086282987567044
233 234 -1.872090779021906
235 236 0.20981415079770968
235 238 -0.32144754632156863
236 237 0.06020178816974802
236 239 -1.2142468637637172
237 240 -1.2975480196006886
238 239 -2.528877772137695
239 240 0.9364321018554385
241 242 -1.128290004937913
241 244 0.0003164047513939122
242 243 -0.13711846885634543
242 245 -0.05400192719299036
243 246 1.56085018847556
244 245 -1.942889351763583
245 246 -2.9016960273559467
247 248 -0.44331351429745625
247 250 0.6047873495524914
248 249 0.47195639916678084
248 251 -1.5518685033806938
249 252 -0.926893457565841
250 251 -1.5532097622107945
251 252 1.7504077256605488
253 254 -1.457774813959646
253 256 -0.22742063198341944
254 255 2.193302653821256
254 257 0.6794896296690837
255 258 -0.04358026229532908
256 257 0.4745108858668399
257 258 0.8432265205112762
259 260 1.6197649420692706
259 262 -0.2751318950233225
260 261 -0.37332139878047577
260 263 3.1136198032609244
261 264 1.1246218007234425
262 263 1.9050333781178952
263 264 -0.6578983306436109
265 266 -0.66541403914559
265 268 -0.8063606276470391
266 267 1.2374728656975538
266 269 -0.0076325035675148725
267 270 -0.6690288932055002
268 269 1.8622828767067678
269 270 1.9661399605176495
271 272 1.9297038038190526
271 274 -0.11363361357928006
272 273 0.5449996547329805
272 275 0.7554157695051584
273 276 0.33403814192082776
274 275 -0.7099901808437725
275 276 0.06961402214198259
277 278 -0.7223483182135044
277 280 -0.47138232284145326
278 279 -0.8877459812242255
278 281 0.1475118990517346
279 282 -1.21293407574565
280 281 -0.8368144260011069
281 282 -1.2797807984264848
283 284 -0.0938549149453216
283 286 0.6333478094032643
284 285 0.9488822653724398
284 287 -0.12382624687731233
285 288 0.37294079603570723
286 287 0.5682834721308845
287 288 1.3910762769397718
