# 
1 1 2.8672384985771675
2 2 -0.05723196412860484
3 3 0.6374257447923866
4 4 0.1869082917311999
5 5 0.3306776067845539
6 6 0.01586326400635375
7 7 -0.30559249938095084
8 8 -0.12191842155018183
9 9 2.06059114986076
10 10 0.29652592263498434
11 11 -0.4951354011900993
12 12 -0.23632818528978625
13 13 0.35892290057050835
14 14 1.2344751035818684
15 15 0.893820842415691
16 16 -0.1177264573633502
17 17 0.19983619110462944
18 18 -0.7434766691482773
19 19 -1.0391948723815192
20 20 1.3280875428513121
21 21 -1.4772653983274628
22 22 0.6466858764923055
23 23 0.19241352453688731
24 24 1.2852157150549308
25 25 1.0513034487872897
26 26 -2.734126662013597
27 27 1.8673405626336466
28 28 -0.26211200520102673
29 29 -0.400182652460197
30 30 0.7437141946249165
31 31 -0.6684967741765374
32 32 0.34706938734193216
33 33 0.5666150805246274
34 34 -0.4115949568103053
35 35 -0.33879239182592
36 36 0.922031930757253
37 37 1.5292155795809914
38 38 0.06291377825054889
39 39 -1.0207474400871912
40 40 -0.5787874564113775
41 41 0.49111870369677296
42 42 -0.11964158260849067
43 43 0.9380250379697452
44 44 0.09815336422700646
45 45 -0.6566420915556379
46 46 -0.12550630067061558
47 47 -0.6608360883927035
48 48 -0.2728491017788782
49 49 0.16364820470813024
50 50 -1.883432222703059
51 51 -0.0515818046081456
52 52 0.17248544170550603
53 53 0.7192271968292723
54 54 -0.674386492055453
55 55 -0.0014473692760697107
56 56 0.25855357466530315
57 57 0.5348898734426973
58 58 -4.1162439291802615
59 59 -0.8365910408524868
60 60 0.25160249668859574
61 61 -0.3426688041451186
62 62 -0.43567654771526876
63 63 -1.9870816593563534
64 64 -0.3290628898439807
65 65 -0.41759547750033416
66 66 0.7949196921897811
67 67 0.9873691189420912
68 68 -2.14869912742458
69 69 -1.4461324982497337
70 70 -2.406499539612908
71 71 0.4935866745766873
72 72 1.2282885380145538
73 73 -0.16646199024293395
74 74 0.9884695225634049
75 75 0.6115720307807857
76 76 0.6954995039772696
77 77 0.4008187265691628
78 78 -0.6095142718712998
79 79 -0.9969543211500392
80 80 -0.7387478617836662
81 81 0.4684072116768904
82 82 -0.7240725617819675
83 83 -0.17428417307316726
84 84 -0.5757064894423778
85 85 -0.09391001641896704
86 86 -1.3306014779202127
87 87 -0.38197228185842186
88 88 -1.168786367026827
89 89 0.8318192491846147
90 90 0.30940279408010146
91 91 0.08407824888536844
92 92 0.30763771185457023
93 93 0.9093566160957777
94 94 1.184371749278181
95 95 0.41793631908991763
96 96 -1.6370341775535677
97 97 -0.3137827352525814
98 98 -0.22644956497619426
99 99 -1.1350197746264463
100 100 -1.089304589752581
101 101 0.13805268369721477
102 102 0.1507440575892787
103 103 -1.0534327763983644
104 104 -3.186576282825059
105 105 0.475105591549153
106 106 0.627285229904558
107 107 1.3280703440652084
108 108 -0.033147198720452235
109 109 -0.34555919860818535
110 110 0.9876937033186557
111 111 0.5757783503571403
112 112 -0.438662136029182
113 113 -0.8731932882129044
114 114 1.7774378739604342
115 115 0.6144622518809176
116 116 0.014559537605098297
117 117 -2.1356158904987566
118 118 0.414040156787972
119 119 -0.159275791150109
120 120 0.393341460870306
121 121 -0.030608883967652663
122 122 0.36740255666603255
123 123 1.87965844625943
124 124 0.8816368309864117
125 125 1.9336844174586518
126 126 0.18766900582614515
127 127 -0.7259948043265806
128 128 -0.003986335355312403
129 129 -0.8475698844071856
130 130 -2.472179154479485
131 131 0.0693221239245027
132 132 -0.8414849343972179
133 133 -0.628261639771588
134 134 -0.8677999914306807
135 135 -1.4752656080422462
136 136 -2.1711975184111583
137 137 -0.2536434483839396
138 138 1.2644646802148085
139 139 0.04462065756757411
140 140 0.05875864427842258
141 141 -0.5100300427473112
142 142 -2.08407060900518
143 143 1.3912782163808295
144 144 1.2258734812983405
145 145 0.6903494650277965
146 146 0.2019144826655104
147 147 -1.1406074084982223
148 148 1.3626169952566773
149 149 -0.23336050290105767
150 150 -0.0246331690815179
151 151 0.29872044043305307
152 152 1.4815630105656266
153 153 0.7484421522699539
154 154 0.6303010387885349
155 155 0.8221320285336917
156 156 1.0649045023101853
157 157 -0.5209866223601249
158 158 -0.09167452449177663
159 159 1.0014043079801458
160 160 -0.3479296203476803
161 161 -0.704986742638984
162 162 0.17922299893500085
163 163 -0.9086898655349934
164 164 -0.6523770359358679
165 165 0.9261206230738511
166 166 -0.28772400667455467
167 167 -0.2027188275247953
168 168 0.34126230871880436
169 169 1.3336354611727124
170 170 0.4118503547540419
171 171 -0.6050922346100701
172 172 -1.6138533929937453
173 173 0.7468276104994349
174 174 1.3299419489789197
175 175 0.7409439360231054
176 176 0.9715229775794249
177 177 1.0673383302444484
178 178 0.2798968527948431
179 179 0.4743522292431742
180 180 1.1670221729455261
181 181 -0.1179026291711475
182 182 1.8309557303111836
183 183 -1.0985475419571793
184 184 0.5213463059423293
185 185 0.42905820873904316
186 186 0.6326599706810165
187 187 -1.3592871865938805
188 188 1.1513864742100162
189 189 -0.858615071715382
190 190 -1.1782903954785016
191 191 0.343808751875851
192 192 -0.4028820794122918
193 193 -0.9056323895360243
194 194 -0.2958546582254023
195 195 -0.18144467288843355
196 196 1.2907671490712673
197 197 -0.2395002344956935
198 198 -1.5188090940882377
199 199 0.9170175703705657
200 200 0.2137502268988434
201 201 0.9000125536488207
202 202 1.5241737971703875
203 203 -0.38693047214654225
204 204 -0.341275399718063
205 205 0.7121507240559001
206 206 -1.0012091733960282
207 207 -0.1284426987338858
208 208 0.07129802442970533
209 209 -0.8878522672647005
210 210 -0.1062443403804053
211 211 0.026551161007451293
212 212 0.7327887615805304
213 213 1.629457485504503
214 214 0.9126909912256986
215 215 -0.9374624247199951
216 216 -0.6668670924228002
217 217 -0.1711034064154914
218 218 -0.38645019919736107
219 219 -0.11233079179318466
220 220 -1.1098565412206494
221 221 0.49842726662993825
222 222 0.55028300138524
223 223 0.5999416810619129
224 224 0.5245585788552679
225 225 -1.134026378358295
226 226 1.3591426218703084
227 227 0.9486502965290223
228 228 -1.6490403448594746
229 229 -0.3350611030054883
230 230 0.08323338046805175
231 231 -0.49278193507467094
232 232 -0.6080914294918012
233 233 -0.4857915536747313
234 234 0.047565492650676396
235 235 0.37302328782261757
236 236 -1.2984877055203605
237 237 0.32978496228168647
238 238 -0.09775901776580072
239 239 -0.41985804043487907
240 240 0.058327597680350174
241 241 -0.262852938908788
242 242 -0.18391993549497224
243 243 0.20424896446201926
244 244 -0.5103461251277468
245 245 2.128881205527914
246 246 0.06463238068447844
247 247 -0.5304692329375903
248 248 -0.3445663368028799
249 249 -0.16242264487250044
250 250 -0.496813130949196
251 251 -0.6347212282369633
252 252 -0.5519223050083953
253 253 1.5580738598764639
254 254 1.0864073189739936
255 255 0.3564547245721574
256 256 0.5791124336547586
257 257 1.2512774231034731
258 258 -0.6702600196054993
259 259 -1.1390043937528536
260 260 0.8775918925113753
261 261 -2.1779076122836596
262 262 -0.2216900982442119
263 263 -1.8027192690617642
264 264 0.9190199968720553
265 265 1.5077381576090358
266 266 1.3582689950663218
267 267 -0.37865041354428985
268 268 0.3576556160197646
269 269 -1.8678964237025197
270 270 -0.221204201010196
271 271 -0.5532176646712533
272 272 -0.968652566306886
273 273 -1.6473965969119306
274 274 0.24685128376098578
275 275 -0.7409301359717864
276 276 -1.2203490730446127
277 277 1.9741229082502267
278 278 0.9516650758573049
279 279 0.38384224206178447
280 280 -1.9054455923632723
281 281 -1.3633434550422412
282 282 -1.0796351489902607
283 283 -0.3237634659410507
284 284 0.7134334027849542
285 285 -1.1920653593535802
286 286 -0.4577365039782574
287 287 0.0016036094463114895
288 288 0.14474024402542085
1 2 0.8815475300002107
1 4 -2.7532439901932007
2 3 -1.2640843979103196
2 5 -0.8405904209045808
3 6 1.839026213029775
4 5 -1.5671260921302221
5 6 0.3907792840484813
7 8 -0.32900554894067574
7 10 1.4028997519110509
7 157 1.098348496198314
7 160 1.6999401208999008
7 163 0.4044630373760927
7 166 -2.105602421694263
8 9 -0.36407558246331734
8 11 0.02107315731160594
8 193 -0.960546038121491
8 196 0.3529106729522483
8 199 0.10495827679043514
8 202 2.017779783385923
9 12 0.4130360957454938
9 229 1.6380460135889254
9 232 0.03940226382728165
9 235 0.4650239520190043
9 238 0.48845027040016537
10 11 -1.476328067350453
10 157 1.478272855074719
10 160 0.6309518847562294
10 163 0.30419128797032907
10 166 -1.764923502800734
11 12 0.8352192046183007
11 193 -1.6293147405109745
11 196 -0.37306893127391755
11 199 2.2630324629236953
11 202 1.1860315405794701
12 229 -0.6659445691794182
12 232 0.8881100739770071
12 235 1.4668510839314062
12 238 -0.6250613781675068
13 14 -1.5760127183251174
13 16 -0.49493238762272623
13 193 -1.7423076910839328
13 196 1.3323132278228358
13 199 0.6569380107485362
13 202 0.7587894118320994
14 15 -0.33024358507624646
14 17 0.45517662320076246
14 229 0.8398987672909793
14 232 -1.5175545062358684
14 235 0.9344496403353577
14 238 1.9614938042118584
15 18 -1.0265430285573929
15 265 -0.4323509393486516
15 268 1.3464869470946894
15 271 0.7996621087261799
15 274 -0.7943259998137002
16 17 -0.2967913963321027
16 193 0.2968107530088998
16 196 -0.7124017017475769
16 199 -0.6264798038086244
16 202 -1.5276135073272488
17 18 0.2452520921425292
17 229 -0.3074136821118505
17 232 -0.37140829100786227
17 235 2.0165926406744266
17 238 -1.0536265641062128
18 265 1.0515459090781456
18 268 1.5044602511886227
18 271 1.6362644468951215
18 274 0.7270348806966882
19 20 0.9613659721415133
19 22 -0.33022407704737233
19 181 0.5252995992836472
19 184 1.2809905342368735
19 187 -0.818487135367785
19 190 1.2949053807022999
19 193 1.0477643495781488
19 196 -0.5674108308074061
19 199 0.2773472262939257
19 202 1.006186926647639
20 21 0.08829471534528875
20 23 0.21380868410691894
20 217 1.1368214902605818
20 220 0.8437543245839458
20 223 -1.468663264833835
20 226 -1.7365156560549821
20 229 0.05374475957859963
20 232 0.18435790806904698
20 235 -0.546997878319705
20 238 -0.7833646978485753
21 24 0.9799630590610685
21 253 -0.6785052176732604
21 256 -0.14045191243294303
21 259 0.29704823669364777
21 262 0.5946795072191716
21 265 -0.9911970874469741
21 268 0.045284025780460105
21 271 -1.5004633091931192
21 274 -0.6158111419386868
22 23 -0.7575199629957508
22 181 -1.2037805309835603
22 184 0.28986581649040344
22 187 0.9883793647073678
22 190 0.4614912388158044
22 193 0.7239457569947679
22 196 0.8565272359359845
22 199 1.0763565466775857
22 202 0.4713128965732093
23 24 0.02738549841787329
23 217 0.5454520045185907
23 220 0.07635772280291724
23 223 1.46616055980774
23 226 -0.7691269505154624
23 229 -0.2450522821733443
23 232 -0.1917082917905649
23 235 -0.3959526521591383
23 238 -0.17828826743558926
24 253 0.08644849490507436
24 256 0.16781982959429795
24 259 -0.3776406309590528
24 262 -0.47430450249592565
24 265 -0.13130204502835
24 268 -0.18543973374947798
24 271 -1.9279794327824147
24 274 0.3965153771150392
25 26 0.8466633700726516
25 28 -0.8124335434739982
25 181 -0.7334314946761247
25 184 0.3194034278903675
25 187 1.3861938893015968
25 190 -0.43957838619934125
25 193 0.5775727997251704
25 196 -0.08599336920842589
25 163 0.3088502696212651
25 166 -0.6000362522757222
26 27 -0.12984669721668615
26 29 0.5959518580984177
26 217 1.1652531118979994
26 220 0.34961793205040026
26 223 -0.3521348377186827
26 226 -0.7052985564567765
26 229 -0.19192692300551392
26 232 1.0025384399917183
26 199 0.12597487182275463
26 202 0.006894019458309687
27 30 0.6281371861009283
27 253 -0.025250522991687036
27 256 1.3657643425197108
27 259 0.8965674383490073
27 262 -0.803608349851982
27 265 -0.671782917678493
27 268 1.2559973613308144
27 235 0.0822025459395867
27 238 -1.1772007949045058
28 29 1.8904302330621712
28 181 -0.6101973949102015
28 184 0.07272240185948542
28 187 0.3858629643275986
28 190 -0.47708037977656315
28 193 1.4193928338913315
28 196 -0.1431935180738807
28 163 -0.45676890477260834
28 166 0.7677085026102761
29 30 -0.7926294707346953
29 217 0.03432626271031067
29 220 0.6628766029585818
29 223 -1.1333588315627106
29 226 0.25512577765432337
29 229 -0.05544161705564791
29 232 2.155842486568082
29 199 1.8041475566543224
29 202 0.35239538928576397
30 253 -0.9330592631294136
30 256 -1.4244895981967627
30 259 0.6497449111009642
30 262 0.7753430216252837
30 265 1.3192157901622492
30 268 0.08956962083203243
30 235 -2.1323782158137
30 238 -0.7330375582617048
31 32 -0.6678846386588168
31 34 0.3163568173191381
31 181 2.121734905731571
31 184 0.3953046607796637
31 187 0.056727912075426525
31 190 1.730101167554735
31 193 0.5095454075946386
31 196 -0.04671410422785068
31 163 0.3609854430716838
31 166 0.6186703924366579
31 169 -1.1452637827580303
31 172 0.3752381625730212
31 175 1.1661337854644682
31 178 -2.4976850634491297
32 33 0.859203015791879
32 35 -0.023099609979306383
32 217 0.13964520310799453
32 220 -1.2956775214069236
32 223 0.39819785059823737
32 226 0.006053280898085128
32 229 0.618569318244772
32 232 -1.4765825967783524
32 199 -2.31345118226732
32 202 0.25678602453700844
32 205 -0.80138902511882
32 208 0.03334045361265157
32 211 -1.3405009922941953
32 214 0.3830677885277193
33 36 -0.4407696182653529
33 253 0.34995861662312605
33 256 0.09262020451132337
33 259 1.8986031016703415
33 262 -0.11389667328306355
33 265 -1.3792869392467149
33 268 -1.247008404032503
33 235 1.2866174709196088
33 238 0.39656538555100507
33 241 1.4935419176180416
33 244 -1.1121417304167533
33 247 -0.5783464157409239
33 250 -0.07677787176320183
34 35 -0.01927232212567893
34 181 0.6328371438659507
34 184 -0.3832165708048617
34 187 1.554721748814136
34 190 -2.133332410382598
34 193 0.0522882489714752
34 196 0.40031186326121837
34 163 -0.05850252645273755
34 166 0.48066959953512034
34 169 -0.23653526926561189
34 172 0.5590713108466132
34 175 -0.04805275184109795
34 178 1.2772362361653256
35 36 -1.7444767658974605
35 217 -0.22924645580915512
35 220 0.3932222686843365
35 223 -2.315771706811778
35 226 2.7415422788467616
35 229 -0.43536822150079085
35 232 -0.7631561348569619
35 199 0.09945844482543256
35 202 -0.07447120974887154
35 205 -1.7184418861938473
35 208 -0.5473943815528118
35 211 0.8190252736781389
35 214 -0.33325190623343126
36 253 0.12517839056791052
36 256 0.8406896152399249
36 259 -1.5597093962813038
36 262 -0.3615238307025893
36 265 -0.5357493060796075
36 268 0.17895105514890397
36 235 1.8293908667747538
36 238 -0.37881634232895794
36 241 -0.32291904825007256
36 244 -0.3996825857939109
36 247 0.4973812478916526
36 250 -0.6194499685464333
37 38 -0.6089011477842101
37 40 -1.5311243833968415
37 181 -1.8581490756314782
37 184 2.1649055254814784
37 151 0.9535380266837367
37 154 -0.20876026356502128
37 157 1.291277142055368
37 160 0.188707084660557
37 163 -1.3039681561368324
37 166 -0.22425095603001613
37 169 1.4486944743083936
37 172 -1.7347898908560082
37 175 -0.06458141954021672
37 178 -0.6599593778954279
38 39 0.9757491714637228
38 41 0.08578348176948654
38 217 -0.7870140439404187
38 220 -1.1926427000417912
38 187 -0.10816606711762478
38 190 1.747465505493954
38 193 -0.4607869273746625
38 196 -0.04852647295128701
38 199 -1.6001744876054043
38 202 -0.623175667432759
38 205 -0.43827597771204024
38 208 -0.20610096950203233
38 211 -1.1242157002246667
38 214 1.5755572175553265
39 42 2.0553810124133647
39 253 0.4439139351958114
39 256 -1.4549848433078325
39 223 1.8943322449645186
39 226 0.20540847498762335
39 229 0.006011848655647651
39 232 0.20056034286970573
39 235 0.17825809319849392
39 238 -0.1913022126264157
39 241 0.13276413524574726
39 244 -1.6122205941808545
39 247 -1.8273357595949427
39 250 0.12446289123393207
40 41 -0.38489491573446244
40 181 0.9333378211750888
40 184 -0.1574866190798249
40 151 1.1052105399933565
40 154 0.8139193385796936
40 157 -1.1756786771846859
40 160 1.3841929105407058
40 163 0.6789619082005789
40 166 -0.3950046565662463
40 169 -0.31657889300596226
40 172 0.08442184025467173
40 175 0.711154546518651
40 178 -0.4181555165698346
41 42 -1.1698303850745455
41 217 -0.6794957638465812
41 220 -0.768095638978757
41 187 0.9662782442825162
41 190 0.8117243171444694
41 193 0.4953503943168305
41 196 -0.4121697094047429
41 199 -0.21653758610920332
41 202 0.6662447280342326
41 205 -0.10803114864085844
41 208 -0.3819180086144614
41 211 -0.7025923162926777
41 214 0.9489298402411933
42 253 0.43804774589743767
42 256 0.8129475377005976
42 223 0.6394200910672304
42 226 1.5870407664290989
42 229 1.439422338999239
42 232 0.8834704730080326
42 235 -1.2696835718962387
42 238 0.5183950978414508
42 241 0.2267275971602793
42 244 -0.5276466882061047
42 247 -1.7728758209532152
42 250 0.29753667898105685
43 44 -1.677584129573246
43 46 0.7053414898165133
43 181 -0.529207598630966
43 184 -0.17586173339729566
43 151 -0.21343558690115372
43 154 1.5276084888973984
43 158 -2.0271555496579223
43 161 1.4145156256132392
43 164 1.2045508994273169
43 167 0.3989110976749251
43 169 0.8168130313755985
43 172 -1.3568159900020855
43 175 0.9587961560094846
43 178 0.5760205830813417
44 45 1.3859530935446205
44 47 -0.4251242868446501
44 217 -0.3658876294108638
44 220 -1.785964066507581
44 187 0.9632194000499211
44 190 -1.0686606583177256
44 194 -0.9500047231656478
44 197 -0.5059100772216716
44 200 1.4022549854696535
44 203 0.8128623706825231
44 205 -1.326425459439771
44 208 0.2025655665353646
44 211 -0.11474253436649498
44 214 1.1106952452450471
45 48 -0.1322422887340819
45 253 -1.809046488221946
45 256 -0.3567284409516391
45 223 -0.2281759872012093
45 226 0.7167882415842236
45 230 0.8938840051013955
45 233 -0.6444917446375652
45 236 -0.5912315871306576
45 239 -1.2504113681775997
45 241 0.12912997106489552
45 244 -1.6802307757136792
45 247 0.767894378278392
45 250 0.6203207366079357
46 47 0.9789720134446523
46 181 -1.6549175224961958
46 184 -0.012137678301316136
46 151 -1.1785004381318394
46 154 -0.2990334354903343
46 158 -0.8137869099507388
46 161 -1.3623478794064081
46 164 -1.2447614808482448
46 167 -1.6135125114001807
46 169 -0.7852451864754975
46 172 0.37572417944839626
46 175 -0.18407745671442344
46 178 -0.4825710217937249
47 48 1.2005155564783536
47 217 -1.498837746814216
47 220 1.0372726750393582
47 187 1.0176958556239057
47 190 -1.94191355095735
47 194 0.37374200469276153
47 197 1.2123176363372592
47 200 -1.9046847529674675
47 203 -0.1011291340741465
47 205 0.725516396656337
47 208 -2.7209464117692317
47 211 -0.9224064533728216
47 214 1.4756896632910934
48 253 0.8199339099930768
48 256 -0.4301467189248183
48 223 1.3570428809020212
48 226 -0.9889695344405777
48 230 0.03385800079148604
48 233 2.2622537053716263
48 236 0.22583173247783378
48 239 0.20640509011563113
48 241 -0.6710508062134907
48 244 -1.807229778887471
48 247 -0.8849224796370105
48 250 0.9952525649385922
49 50 -0.4529543382864807
49 52 1.2948722018036627
49 181 -1.9772475602011799
49 184 1.8798902200487753
49 187 0.10276613841189741
49 190 -0.5326057642800973
49 194 -1.470626180122197
49 197 0.16516080423639856
49 200 1.416505944107289
49 203 0.6945509785501967
49 205 -0.38956759235286276
49 208 0.48606265658193903
49 175 -0.4773487499491004
49 178 -0.38628269833452417
50 51 0.6829919911669913
50 53 0.4424788346699799
50 217 -0.15142742063052975
50 220 0.28960300293175245
50 223 1.8885676747167015
50 226 1.2530425584481144
50 230 0.3377798725355511
50 233 -1.0201274892891043
50 236 1.9807063159397356
50 239 -1.4510961208092794
50 241 1.1235809886675134
50 244 2.4977116847012195
50 211 -1.5129400423020016
50 214 0.6835810090125665
51 54 0.26758958607727457
51 253 -0.3851204215326098
51 256 -1.1196585261478482
51 259 -0.9917891439513737
51 262 0.22767301521496996
51 266 0.5017547781602558
51 269 -0.5331619033484752
51 272 -0.5923747878461356
51 275 -1.505989399797608
51 277 -1.8329852939048887
51 280 1.0128582364342473
51 247 -0.7588150864517997
51 250 -0.43911224464274323
52 53 0.7393582508764324
52 181 -2.2658431955055294
52 184 0.23774097738084604
52 187 1.292404671046253
52 190 2.12105596959763
52 194 -1.376614925271992
52 197 -0.6533996956850823
52 200 1.914828527563085
52 203 -0.6303715025170269
52 205 0.7189135369811446
52 208 -0.8932691654214425
52 175 1.4562562791391336
52 178 -1.1039235691893763
53 54 -0.4916614706810106
53 217 -1.0057884090280786
53 220 -0.37630049582825925
53 223 -0.7893341255676991
53 226 -0.14912276066918967
53 230 -0.8471132723385609
53 233 -0.39890959741655574
53 236 -0.16358280055417543
53 239 0.9879017308665741
53 241 -0.33980651134560946
53 244 -0.36386521463416455
53 211 -1.224505200367454
53 214 1.1587693652136768
54 253 1.5332239035342852
54 256 0.8780953321557889
54 259 -0.3030651304346031
54 262 0.8556946587061525
54 266 -0.7243306935936972
54 269 -0.8773698410642582
54 272 -0.5064393937009284
54 275 -0.13377601358666158
54 277 0.7875475608727514
54 280 -1.5487172207426638
54 247 0.5199216474199168
54 250 -0.3422336514705348
55 56 2.4632970969995647
55 58 -1.4442200244005512
55 182 -0.9796243574029857
55 185 -0.9196564965105185
55 188 -0.07914797783477567
55 191 -2.3472668542215085
55 194 -1.381304958411055
55 197 0.7173353502974591
55 200 -2.1405032965487485
55 203 -0.8062589857414308
55 205 1.6842602627821521
55 208 0.6371718800518302
55 175 0.541902755468527
55 178 -0.2083495544432879
56 57 0.25029660375326584
56 59 -2.1264174868923877
56 218 0.6386562885037977
56 221 -0.8649010338533066
56 224 0.17397153577911076
56 227 -2.2035938357213927
56 230 0.7134994860552558
56 233 1.1073440554933802
56 236 -0.08008078825781098
56 239 -1.2789877361676472
56 241 0.09056625090497403
56 244 -0.4256087259161466
56 211 -0.2261012930435632
56 214 0.28492231068420903
57 60 0.4620068309834925
57 254 0.764733841254797
57 257 -0.5738131304242073
57 260 -2.0761002779902826
57 263 0.7525693899190247
57 266 1.523496075789508
57 269 0.34360921634970326
57 272 1.354391878666669
57 275 0.6875921209272386
57 277 -0.4017588696595258
57 280 0.1917801832851672
57 247 1.3289781264648188
57 250 0.20333872447036996
58 59 0.2229401759055063
58 182 -0.8218027281020603
58 185 -0.34039524986367276
58 188 2.1166109632194163
58 191 1.0928767332137863
58 194 0.8750316493963538
58 197 1.1835566746881623
58 200 1.98136340824889
58 203 0.7480546367640736
58 205 0.28512686177384955
58 208 0.4439871806913885
58 175 -0.5088358672905465
58 178 -0.06427606163583278
59 60 -0.4337543844491503
59 218 -0.45181805202704134
59 221 -0.633396646670565
59 224 -1.544483275279611
59 227 -0.7954665271392746
59 230 -2.604345724256167
59 233 0.48752087550420414
59 236 -1.2465102981353564
59 239 1.5954826076249173
59 241 -0.10200182080592182
59 244 0.47515745430721795
59 211 -1.5738665491305264
59 214 -1.569850884760136
60 254 0.6677123422404303
60 257 -0.32762760671472235
60 260 1.5115289469290358
60 263 -0.13494687854254142
60 266 -0.1572471833483974
60 269 0.4780150635618354
60 272 -1.8040047474479335
60 275 -0.7937661624354183
60 277 0.6247724681092856
60 280 -0.3799733488652225
60 247 0.48891139411295126
60 250 0.6252827369823442
61 62 0.9536755522405462
61 64 -0.022924929745016295
61 182 1.0181858304642974
61 185 -0.3505635656135872
61 188 -0.28089242433179656
61 191 0.5824464719048578
61 194 -0.05804417001777838
61 197 0.3381489331147577
61 164 -1.3957186456784636
61 167 0.3529834938903292
61 169 0.7513813578862908
61 172 0.2970410613340613
61 175 0.056461266983320726
61 178 1.0546489784879143
62 63 -0.9034476325370988
62 65 0.5228507324774216
62 218 -0.7049691701948031
62 221 -0.48799634754352195
62 224 -1.3559214372631545
62 227 0.8018089679625625
62 230 -0.01945768336041073
62 233 -1.7002557160464036
62 200 -0.39063207650394854
62 203 -1.283507212472911
62 205 -0.8368222271767072
62 208 -1.2212877047489912
62 211 -0.4403820432927872
62 214 2.232123918043605
63 66 -0.44674244324241963
63 254 -0.32750781620707037
63 257 1.244883804712405
63 260 -2.4136512565114336
63 263 -1.1201549117685985
63 266 1.1108330422377235
63 269 0.587750874894827
63 236 0.5892638037943253
63 239 -1.5349616823276577
63 241 -1.273400627321299
63 244 -0.6329456013705439
63 247 0.4790944751125895
63 250 0.368072115545314
64 65 -1.1442550119688273
64 182 -0.02448203009918664
64 185 -0.38200707333273753
64 188 -0.25362917917005734
64 191 -0.25642164036066667
64 194 0.2638907123598683
64 197 0.9631272786389966
64 164 -0.980638158388273
64 167 0.7163377312236908
64 169 0.1141152399752657
64 172 -0.4503175517272733
64 175 0.8877097422696312
64 178 0.597112007370714
65 66 1.6429041837490541
65 218 -0.8417155024841124
65 221 -1.1192034541324403
65 224 -0.3338624551015212
65 227 1.9495015313095025
65 230 -0.3341934126476457
65 233 -0.37899543667115937
65 200 1.3448266519687264
65 203 1.1335707927308736
65 205 0.9788741859014836
65 208 -1.2448854052487028
65 211 0.37130427867383425
65 214 -0.07028977740852208
66 254 0.49790968348624953
66 257 1.103365013081502
66 260 0.08265939013359609
66 263 1.0694052948682398
66 266 -1.2338785425544163
66 269 1.7569554403199774
66 236 1.901077990655155
66 239 -0.2314521440704152
66 241 0.0866258523262882
66 244 1.0867952331797273
66 247 0.5704416030687648
66 250 0.14688275782948088
67 68 -0.3812305094422339
67 70 0.06637921409151912
67 182 0.6211396024043312
67 185 -1.136212184412124
67 188 -0.5443937058684246
67 191 1.5779012880886698
67 194 -1.2407024594092744
67 197 2.061686066617372
67 164 -3.33329633901577
67 167 -1.2742286479709573
67 170 1.2097996120180816
67 173 0.03420395153053302
67 176 -0.5540472166412803
67 179 -0.4083404882352466
68 69 -0.5181086308368839
68 71 -0.006857245239795874
68 218 -0.475081311827076
68 221 0.3926343250925303
68 224 -0.06722558335986585
68 227 -0.16283571338470978
68 230 0.3989407809384819
68 233 -0.21833257850008292
68 200 -1.2857737323012193
68 203 1.3546758428864887
68 206 0.36757274852721544
68 209 1.6160858852255102
68 212 -0.45971892110054513
68 215 0.1336699378210419
69 72 0.7031023181795069
69 254 1.1212296834077051
69 257 0.5058317047238933
69 260 -0.7960970005714355
69 263 1.3256678450471218
69 266 -0.5372545544646262
69 269 -0.22853726275659583
69 236 0.2835409305938777
69 239 1.0085086616978083
69 242 0.9650505736959188
69 245 0.2036751835193844
69 248 -0.5163561424291889
69 251 0.4025938651875638
70 71 -0.7562079196876377
70 182 0.6019023073538211
70 185 0.258621740676339
70 188 -0.4544481333108918
70 191 0.3269861608759248
70 194 -1.1023262383155519
70 197 -0.9401442595218087
70 164 -0.6637139577883001
70 167 -0.1625650384636378
70 170 -0.2065936629227199
70 173 0.23949975160175682
70 176 -2.746038304062663
70 179 -1.5898514078959174
71 72 1.8869074366032896
71 218 -1.3381856733344792
71 221 0.35479797055683865
71 224 -0.60097316286548
71 227 0.7312560029601195
71 230 0.976640708847842
71 233 0.4436229425682102
71 200 -0.5063947341761076
71 203 0.12714185712694762
71 206 0.543557511062178
71 209 1.313682778407488
71 212 -0.22308476944365468
71 215 0.6282936980066338
72 254 -0.8626000639505336
72 257 -0.22037208556167004
72 260 -2.417883998500308
72 263 0.44134268093763573
72 266 0.8446566487215288
72 269 -0.427061485453473
72 236 -0.7689385720386669
72 239 -2.2206235753395664
72 242 0.642624201367213
72 245 -0.827171091045097
72 248 -0.757157481332601
72 251 2.490122229838818
73 74 -2.2230417935258537
73 76 0.4571048482588902
73 182 0.3428835999596902
73 185 0.07282239349403719
73 152 -0.7802304799295224
73 155 1.0545189428066875
73 158 0.8747945573153668
73 161 1.2324505570632107
73 164 -1.0057557651997224
73 167 0.3311367721113795
73 170 -1.4974854906377317
73 173 -1.0438273274729843
73 176 1.3223204988968527
73 179 -1.3871129264948656
74 75 2.2575407332916595
74 77 -0.15022084676003472
74 218 1.0791982108120504
74 221 -0.3484666234961748
74 188 -0.21894710273834672
74 191 -1.4984137472805392
74 194 0.3959496190330522
74 197 0.951588348584698
74 200 0.12009173255348281
74 203 0.00406180352892389
74 206 0.5669244580274935
74 209 -0.19563476305667463
74 212 0.013687343885168712
74 215 0.6401971418593313
75 78 1.2200835318604446
75 254 -1.2770640027372475
75 257 0.5776395135742916
75 224 1.9464550593554053
75 227 -0.2744711218180699
75 230 -1.0311781855781894
75 233 0.6833490497301775
75 236 0.6440858136626715
75 239 2.268933712835297
75 242 0.6663942910393442
75 245 0.1808535323860776
75 248 -0.8315717356142016
75 251 -0.7112259205204403
76 77 0.2808831021772696
76 182 -2.3872242488228554
76 185 -1.6903027409606477
76 152 0.4561461898458883
76 155 -0.08421073174457608
76 158 0.5055223353437746
76 161 -0.35661415555310216
76 164 -1.5391792297321312
76 167 -1.267052969379574
76 170 1.0860107970901325
76 173 -0.19099244107486374
76 176 -0.4914253867670252
76 179 0.22212747929519663
77 78 0.5210104787488036
77 218 0.9329923906565186
77 221 0.8565007481089895
77 188 -1.3321094788331431
77 191 0.24573953444473223
77 194 -0.6374659883623415
77 197 0.4200801311901199
77 200 -1.3503286073472456
77 203 -0.2813127340344391
77 206 -0.025185119526230024
77 209 -0.4025426100437517
77 212 -2.4303335073030388
77 215 0.6460860650467072
78 254 -0.2058690554632727
78 257 -0.6167374261675375
78 224 0.5177842676444306
78 227 -1.0982773302721418
78 230 -1.1394506258579098
78 233 -1.7521411447261155
78 236 0.13712410933757013
78 239 1.4096223442882305
78 242 -0.15169785151458814
78 245 -0.4434705582499709
78 248 -0.41243504440103673
78 251 0.5829284659922152
79 80 0.7585155763147986
79 82 1.0380591162776733
79 182 0.20877165055776598
79 185 1.034968831254915
79 152 -0.8274405916949567
79 155 0.6750601625004975
79 159 -2.3531784862990928
79 162 -0.04944901567486735
79 165 0.4481756001772033
79 168 0.6963660254705324
79 170 0.04721660751208574
79 173 0.34125036732127606
79 176 -1.93198216781953
79 179 1.5621627739078472
80 81 -0.1926061721911202
80 83 -0.12296651524931937
80 218 -0.799259100735854
80 221 -1.5881824328639595
80 188 -0.010156185740057524
80 191 0.4309304939921237
80 195 -0.034013533948232734
80 198 0.5323133403144771
80 201 0.36457186968036537
80 204 -1.0254859453321834
80 206 -0.3101963078252008
80 209 -0.2930256259079579
80 212 1.987838331238232
80 215 -0.859078960505065
81 84 0.16947643619569588
81 254 0.03926055247442544
81 257 -0.4188991755973514
81 224 -1.0653490803925467
81 227 -1.1156809863504291
81 231 -0.4542816130850896
81 234 -0.14442193516083374
81 237 0.5713786590017491
81 240 0.6609340154136902
81 242 0.5424083878025131
81 245 1.1175321992397254
81 248 -1.5950590141310916
81 251 -0.33867013251089984
82 83 0.2008778689369454
82 182 0.16557522546107287
82 185 -0.8982996338092353
82 152 1.244101353590363
82 155 -0.692011923832902
82 159 -0.23516078448749475
82 162 0.10192003314340174
82 165 -0.8617298370789788
82 168 1.1051518620171898
82 170 1.2080636851660964
82 173 -0.19847456447336922
82 176 -0.39698979629133224
82 179 0.31695392827781677
83 84 1.0491134242131388
83 218 1.1188276136664428
83 221 0.8137502312026421
83 188 1.246812490406794
83 191 -0.5264165426414061
83 195 -0.08550343143748393
83 198 -0.25436497456546175
83 201 0.6045116378355426
83 204 -0.9319645601958938
83 206 -0.33221648509940677
83 209 0.1952488539393276
83 212 0.7216363160024118
83 215 1.7118124889275905
84 254 0.8751731961615711
84 257 -1.0091010087674206
84 224 0.7712345409963298
84 227 -1.2209554768388018
84 231 -0.9978683090377108
84 234 -2.004036961312835
84 237 0.1993109109090392
84 240 -0.2460105643630257
84 242 -1.6520612227280815
84 245 -1.3044998823261222
84 248 -0.16555764368337633
84 251 0.04382563880623381
85 86 -1.2040240233445585
85 88 0.04781135654652685
85 182 1.7508504113005587
85 185 1.3528008392066
85 188 -1.7944087944961764
85 191 -2.014603774531393
85 195 -0.9238516186975759
85 198 0.9420101968551231
85 201 -1.149504056425498
85 204 -0.4185663653548855
85 206 0.2781247233902158
85 209 1.5495540935629841
85 176 -0.37584423514140436
85 179 -1.6039711697523857
86 87 0.473469222470478
86 89 0.4249836492118642
86 218 0.18855227049970688
86 221 0.9809225530984755
86 224 0.4066865257793941
86 227 1.0144534900936855
86 231 0.7548688119566012
86 234 0.7825997348513902
86 237 -1.1010101941694779
86 240 1.0470546176002444
86 242 -1.0178335350331484
86 245 -0.5807820107143445
86 212 0.893254446823413
86 215 -0.47034529499144073
87 90 -1.62035460046141
87 254 0.6807075551711886
87 257 0.5481071766884977
87 260 2.8166648624280772
87 263 0.3208034947779018
87 267 0.08180743385066583
87 270 0.3113105922832046
87 273 1.1030982046053988
87 276 -2.2459614001883614
87 278 0.9545575673506637
87 281 0.43786139357617143
87 248 -0.34259980029931514
87 251 -0.8036812942246294
88 89 0.24362026255074828
88 182 0.9988352649484987
88 185 -0.6961658096657753
88 188 -1.3715829791910026
88 191 0.02633292949475085
88 195 -0.28156213323387363
88 198 0.3202371679770528
88 201 -0.6285394560083725
88 204 -0.8209831038882736
88 206 0.15053144711775918
88 209 -0.8918480023635961
88 176 -2.4207542645925764
88 179 -0.3893255825042565
89 90 -1.3796879327710563
89 218 -1.585382776635415
89 221 -0.04271115044700105
89 224 0.5643747139906189
89 227 -1.3632407484679747
89 231 0.1823510702301895
89 234 -0.6460903386086209
89 237 -0.7342411170530933
89 240 0.35335127565353736
89 242 0.46260848978525887
89 245 -1.0595055375999314
89 212 0.5512090700244268
89 215 0.1591956851947953
90 254 -0.42635423336085315
90 257 2.129810330433633
90 260 0.2721731025974486
90 263 0.15150093009799143
90 267 -0.9809115474819906
90 270 0.09967567331523845
90 273 -0.5875757212199801
90 276 1.7839084630506
90 278 0.736761072027327
90 281 -0.9265788348205762
90 248 0.741060435804205
90 251 -0.08603942860064136
91 92 -0.003605853050236916
91 94 -2.1040685566210486
91 183 -0.7658793340655792
91 186 0.6592856567285964
91 189 -0.3155948380484861
91 192 -1.3842617845946803
91 195 -0.8430687761912743
91 198 -0.18136318840363544
91 201 0.2021530068343602
91 204 -0.5490539119964452
91 206 -0.23216172028995483
91 209 0.812490961472161
91 176 2.3539171416767823
91 179 -0.6829366407501716
92 93 -0.48382973535841894
92 95 -0.49074418802425623
92 219 1.1638262381884181
92 222 0.9733755516646432
92 225 0.47519974468255083
92 228 0.5391194242714696
92 231 0.8294812279701533
92 234 -0.5699908953388199
92 237 0.5116947310620441
92 240 -1.2037102948283351
92 242 -0.8087689427658662
92 245 -1.1675894798457294
92 212 1.2671755079210774
92 215 -0.25449449118922424
93 96 -1.431734339680649
93 255 -0.5874675686427525
93 258 -1.013821857198424
93 261 -0.7122618551483262
93 264 2.2564831716841245
93 267 -0.2922466114759873
93 270 0.9391733272516121
93 273 1.2126871088835594
93 276 1.8755056446921174
93 278 0.7421986541658296
93 281 -0.2116650024399341
93 248 1.5614497382037182
93 251 -1.1653201084649707
94 95 0.28964133953441207
94 183 0.4893451062160643
94 186 0.6019818816443703
94 189 0.41080430486957153
94 192 0.179901943061207
94 195 0.10464560563622433
94 198 -0.2804255614724297
94 201 -0.09297087077574527
94 204 -0.9798102569420296
94 206 0.7907803045147294
94 209 -0.5797203282422625
94 176 0.18465341532507998
94 179 0.5273794531682877
95 96 0.7223840795326384
95 219 0.7676426760507942
95 222 0.18429256749807751
95 225 0.4234453261316608
95 228 -2.0217650170634176
95 231 -0.2995512835158816
95 234 0.49877963509877776
95 237 1.2669511020229178
95 240 0.2861910087088144
95 242 -1.155630974341594
95 245 0.1301011484161966
95 212 0.16254555710796295
95 215 0.7678451423933624
96 255 -1.63101134930844
96 258 -0.5126704178576914
96 261 0.7356008855043447
96 264 0.41385383287294064
96 267 1.5470192510147645
96 270 -0.5698755188221105
96 273 0.2640717791274701
96 276 -1.567247682146727
96 278 -1.1593884295408639
96 281 -0.7330155791060323
96 248 -0.18195227806239
96 251 -0.3048967188650244
97 98 1.354886969932941
97 100 1.7455022539107954
97 183 0.6083355145319324
97 186 -0.705192166634632
97 189 -2.0719315719621574
97 192 0.08494449764574113
97 195 0.04928606789958028
97 198 0.6238542950924564
97 165 -1.0751510532343416
97 168 0.4372364912070791
97 170 0.045685798585570474
97 173 0.24930396891704631
97 176 -0.92592191126039
97 179 1.397945570936361
98 99 -0.23353931987097015
98 101 -0.008976718818575227
98 219 0.2587110924294912
98 222 0.5118096106071199
98 225 0.12803015072497947
98 228 -2.2307606276584764
98 231 0.8473884932208534
98 234 -1.353507499605512
98 201 -0.02903733110370898
98 204 0.7597813418881432
98 206 0.3511983735509559
98 209 1.250170838352941
98 212 1.1232195425792622
98 215 0.9819040461324787
99 102 0.5008935746256857
99 255 -2.2787458206519227
99 258 -0.015786745933459773
99 261 -0.49149343250934424
99 264 0.9068747778427504
99 267 -0.24189376351333092
99 270 -0.9823667313767616
99 237 -0.5833787158736937
99 240 -1.8972372095901684
99 242 -0.6388534415546594
99 245 2.2639153704384376
99 248 0.10278080530016807
99 251 -0.23086337360595482
100 101 1.0719393927479552
100 183 -0.9111014501878869
100 186 -0.2469636260785304
100 189 -1.2648125201443046
100 192 0.8192165673145771
100 195 -1.2815684844804387
100 198 1.9253486521046306
100 165 1.0303165004625228
100 168 0.9084428392611884
100 170 -1.2661676930432029
100 173 0.1590917974455654
100 176 -0.48931104322060026
100 179 0.2662481749577981
101 102 2.0559880198032006
101 219 -0.2511665247249734
101 222 -0.8587417101196989
101 225 -0.5757155153835878
101 228 -1.6596056465736668
101 231 -1.348235606813422
101 234 1.763571914365478
101 201 0.008008818173018815
101 204 1.374389635455564
101 206 -0.8224677162772176
101 209 -0.03472270172074921
101 212 0.43101413865454846
101 215 0.18005895883993686
102 255 -0.12049948561980003
102 258 -0.9033408838327054
102 261 0.16609303818262997
102 264 -0.6966990883872792
102 267 -0.300475642282809
102 270 0.0690368107215836
102 237 -0.9342343996588042
102 240 -0.4263466851843759
102 242 -1.7629631848433958
102 245 -0.40239232115617174
102 248 0.8138836070159239
102 251 -1.033054481076726
103 104 -0.3214723809163893
103 106 2.194668626632931
103 183 -0.7757315126002116
103 186 1.2270941419183812
103 189 0.5885983657515717
103 192 0.038502898169006095
103 195 0.4285200993114618
103 198 -0.6073448211713721
103 165 0.4578841105257153
103 168 -0.18323599302925403
103 171 -0.5563681096085644
103 174 0.015831262589448492
103 177 0.9299529080403716
103 180 0.4890640339537957
104 105 -0.28691233097565094
104 107 -1.3878513184993182
104 219 -0.28917314040866354
104 222 -2.1326516829594944
104 225 -0.15836743014750257
104 228 1.6046249497093288
104 231 -0.5806305272018063
104 234 -0.8304077488117758
104 201 0.5430538681459925
104 204 0.6258548513213483
104 207 -0.35001114031240577
104 210 0.12664804669835178
104 213 -3.7772273868591895
104 216 0.42542062102727185
105 108 2.1883104562878453
105 255 -0.31490948198195073
105 258 0.8674079809897528
105 261 0.8332698507732426
105 264 0.8327686580898732
105 267 0.29786736504905476
105 270 0.3909015261618623
105 237 -0.28000650065276717
105 240 -0.6422734386117797
105 243 0.1172101337896332
105 246 -0.7135662770553381
105 249 -1.1441647902749907
105 252 0.48494187761567914
106 107 -1.6350775272003113
106 183 0.13459278871733998
106 186 0.192015797644305
106 189 1.8616559572547535
106 192 0.11030132106899572
106 195 -0.29500258066029983
106 198 0.5070374668843318
106 165 0.4656750076637145
106 168 0.1696021069450497
106 171 2.1672701757539246
106 174 0.4482668625075863
106 177 1.4908264709423953
106 180 -1.250852356759412
107 108 0.27780928313455505
107 219 -0.3810967655245506
107 222 0.3404604186912584
107 225 1.3650855335457217
107 228 -0.19016502555537185
107 231 -0.29223916941985817
107 234 -0.7292708453680697
107 201 -0.18639886300106145
107 204 0.7409671812689829
107 207 1.2108891818216507
107 210 1.6977388493089365
107 213 -0.01505557968140625
107 216 -0.8581844205539054
108 255 0.08227296684658465
108 258 -0.7253472916160169
108 261 0.3085942663125721
108 264 -2.076236373268043
108 267 -0.0285709009840534
108 270 -0.30593857676123654
108 237 -1.1325485303830458
108 240 0.5593209783090891
108 243 -0.3125779939527394
108 246 -1.5568240787853151
108 249 -1.3643708933678793
108 252 1.1520475556483531
109 110 -1.26629310492216
109 112 0.1296012948323304
109 183 1.8900589335218028
109 186 -0.8852480959735884
109 153 -0.1874723708234001
109 156 1.565954704466893
109 159 1.066614529803153
109 162 0.15192650969306515
109 165 -0.24452456286366286
109 168 -1.431484285713624
109 171 -0.6383923796658875
109 174 0.4995662823074335
109 177 -1.143458359360528
109 180 -0.6522119410483074
110 111 -1.754171685258486
110 113 0.31198382304129135
110 219 -0.19024000413530812
110 222 -0.13128790029720272
110 189 -0.3694955066991422
110 192 -1.1954389331333877
110 195 -0.4395323322873509
110 198 -0.8527572014645409
110 201 0.5836196124061519
110 204 1.5962245958080585
110 207 1.1874100840183128
110 210 1.2459589845977497
110 213 0.5628962369668702
110 216 0.02268326116141748
111 114 0.47141480820965304
111 255 -0.6541604231704142
111 258 0.7653885626639829
111 225 -0.7176882838616849
111 228 -1.6705562544294594
111 231 -0.4538667972897437
111 234 -0.586597261549162
111 237 0.6052274995453651
111 240 -1.0397362053572978
111 243 1.025083782841266
111 246 1.2625017202780222
111 249 -0.8586260524922775
111 252 0.9093355930288257
112 113 -0.4791058295577147
112 183 0.9634738711998235
112 186 -0.7664493191376108
112 153 -2.174236143479972
112 156 0.36082602360296234
112 159 2.626288348247755
112 162 2.1588709096554197
112 165 -1.348334703018564
112 168 2.5999397074535713
112 171 0.2578970355627344
112 174 0.9809779337030708
112 177 0.25186000981642587
112 180 -0.8345026400776531
113 114 0.9659985161748604
113 219 0.4986850623010158
113 222 -0.4759256891814493
113 189 -0.1695081598694251
113 192 -0.4210515693254856
113 195 -0.3400610605984702
113 198 1.1731920762330756
113 201 0.18564017434704133
113 204 1.6926905661318548
113 207 0.5135424901616321
113 210 0.8600080646353118
113 213 -0.7241656409846807
113 216 -0.2991031227482971
114 255 -0.05379250480613619
114 258 1.1449851660097432
114 225 0.2517045617604902
114 228 1.7551692430789942
114 231 -2.629608645944091
114 234 -0.3524394723763133
114 237 -0.5372485342534946
114 240 -1.449818692433466
114 243 0.45809728540370825
114 246 1.828128055592012
114 249 -0.5296507514090532
114 252 -0.2158962259085652
115 116 -0.34057596641348126
115 118 -0.05929438498471464
115 183 0.6436721807250392
115 186 -1.4871440185029923
115 153 -0.07127672379911718
115 156 1.9744469777045401
115 171 -0.06948508512553536
115 174 -0.8914255645705792
115 177 -0.6860089629380318
115 180 -0.9309254007923302
116 117 -0.9352409559521315
116 119 0.0006869242290756674
116 219 1.6969024578118193
116 222 -0.4550748440284809
116 189 -1.8932731571846475
116 192 -0.5867954292028764
116 207 -0.2994204376527915
116 210 0.6855700193202241
116 213 0.14752015480941016
116 216 -0.9986101584201376
117 120 -1.5300527375309676
117 255 0.23144213469671232
117 258 1.383192835898389
117 225 0.7267891152043862
117 228 -2.485417651839
117 243 -2.490913640599999
117 246 1.2994460246902961
117 249 0.6049274419284267
117 252 0.26795660934899057
118 119 -0.017964562550264282
118 183 0.5774931711681042
118 186 -1.4105947788630602
118 153 0.01527437437827644
118 156 1.0255575768622172
118 171 0.38005687942577315
118 174 0.36516092742779943
118 177 1.1453529924704422
118 180 -0.8167226355865709
119 120 0.6697050435302117
119 219 1.0380155422298338
119 222 1.6193030898457135
119 189 -1.30727062462496
119 192 -0.029407839440933586
119 207 -1.5462748964754518
119 210 -0.5040455660126381
119 213 -2.0726882131894238
119 216 -0.044548423624017626
120 255 -0.245069452124949
120 258 0.6745556752705805
120 225 0.25095127159734093
120 228 0.36243124760574397
120 243 0.5238500981410432
120 246 0.963940506206967
120 249 -0.04296298179889299
120 252 1.4680977349794182
121 122 0.0884687374638347
121 124 0.20773611707297263
121 183 -1.0893825221562379
121 186 0.40337267480476796
121 189 0.7512640437251801
121 192 -0.47506145461624105
121 207 -0.19693149744863306
121 210 -0.0035777258572655055
121 177 1.5376745667830867
121 180 0.7733935642928734
122 123 0.10543768061336507
122 125 1.8196277516108126
122 219 0.8249387781794666
122 222 1.5727434799684252
122 225 0.5909799115854864
122 228 -0.2334327499676701
122 243 -0.16912161126815783
122 246 -0.38136201963183564
122 213 -0.43360931906518113
122 216 1.0416168574099516
123 126 -0.3173613707117848
123 255 0.5302296910899295
123 258 -0.3425326834491268
123 261 0.862249989114647
123 264 -0.8654367580760287
123 279 2.750031221809317
123 282 -1.8962282499567025
123 249 -0.813510892398681
123 252 0.03711710614067773
124 125 0.40015962263514376
124 183 1.0715776117000302
124 186 0.02420544957974817
124 189 1.116639221413394
124 192 -0.22258937513773397
124 207 0.04757355699426195
124 210 0.4033234700461525
124 177 0.7268000040688197
124 180 0.1772346663643359
125 126 -1.8267512071888152
125 219 -1.5434370973895524
125 222 0.12662083342038
125 225 -1.072784871671311
125 228 -1.0736847386183586
125 243 0.5954478981712173
125 246 0.8222903203656826
125 213 -0.12433243519203004
125 216 0.550124589338154
126 255 -0.49952845067602974
126 258 -1.1901236822282308
126 261 -1.5698314205695292
126 264 -0.8874278312414152
126 279 1.3315264775143505
126 282 0.7687583974019067
126 249 -1.5800254914583878
126 252 -0.19820672076874662
127 128 0.048743014040218136
127 130 -0.3367964657373506
127 207 0.049825616807643004
127 210 -0.46408039902890974
127 177 1.2424787217119773
127 180 -0.48261224461812074
128 129 -0.8285055029248756
128 131 1.1915803553787911
128 243 0.7143019177071387
128 246 -1.906365509333565
128 213 0.43645539568512665
128 216 -0.8694600398844132
129 132 0.00287395118252169
129 279 -1.7320219282603169
129 282 1.0697499814005371
129 249 0.37179031725612244
129 252 -0.5503258534776801
130 131 -0.8501054425550272
130 207 1.1473639088645504
130 210 1.014464177261712
130 177 -0.4911063858904942
130 180 0.7706780586600105
131 132 -0.9728320781805843
131 243 0.3489728041541752
131 246 -1.9050331525668278
131 213 -0.46164790483824375
131 216 -0.7150899814375289
132 279 -1.2151637686242631
132 282 0.5467309847266765
132 249 -0.217810606775407
132 252 0.5588807455036792
133 134 -0.7927664259109046
133 136 0.13725411039124394
133 171 -0.636385127377769
133 174 0.8089182917113186
133 177 -0.04344036550995246
133 180 0.4024042940934469
134 135 -0.20554411990924493
134 137 -0.9748352584798233
134 207 0.5027779362735091
134 210 -0.16948158466599197
134 213 0.03847877564370905
134 216 -0.12576641941560546
135 138 -0.734132932926435
135 243 -0.09442489886275102
135 246 -1.5304091465449987
135 249 -0.047383088653510014
135 252 0.7178941216908018
136 137 -1.885202834865858
136 171 1.3097048139650758
136 174 0.26212453130583346
136 177 -0.9692652532369834
136 180 -0.4241796397978462
137 138 -0.6522561972492823
137 207 -0.8705140926493062
137 210 0.16335056948001905
137 213 0.9324806963932208
137 216 0.9889862702484924
138 243 -0.8799934427769424
138 246 -0.3616535982977663
138 249 0.016678668083954105
138 252 2.118566817733484
139 140 0.7840967476190341
139 142 -1.098043285998963
140 141 -0.6633763242481575
140 143 1.1642305954959684
141 144 0.9895032015716023
142 143 -1.019299596715295
143 144 -0.9665347147292583
145 146 1.8292466818246003
145 148 0.7141547119028077
146 147 0.49878063315942306
146 149 -0.7086637177572642
147 150 0.5605608589892188
148 149 0.8703790406192878
149 150 0.07396732724516794
151 152 0.8130889210638707
151 154 -0.10642467978658883
152 153 -1.3744602870182598
152 155 2.207181496742804
153 156 -0.13744139346497977
154 155 0.09378771368966829
155 156 -0.5320790838441486
157 158 1.1351932000500642
157 160 -0.05614121311871663
158 159 -0.16895064515202798
158 161 -0.13638895366347184
159 162 -1.2748076052209556
160 161 -0.857677225200684
161 162 0.4749834648911757
163 164 -1.8321228322587066
163 166 -0.6511009043946502
164 165 -1.014409746940576
164 167 0.008825295722849421
165 168 0.1984018973774422
166 167 0.6652037714796183
167 168 1.5409178510089407
169 170 -0.5729855258437846
169 172 0.9692213740482545
170 171 0.3673242243627602
170 173 0.6784717174829635
171 174 1.3453750111858058
172 173 -1.3546372024299815
173 174 0.9292009660417915
175 176 2.0257827319799957
175 178 -0.7714937339059016
176 177 -0.31189288217842387
176 179 -1.8576300892718678
177 180 -0.5302798216699531
178 179 0.08362638485903748
179 180 0.14364797257686457
181 182 0.19430097921233866
181 184 -0.5577052851282687
182 183 2.3791887670666254
182 185 0.6520163357727323
183 186 -0.559270032750801
184 185 -0.6457878171634474
185 186 0.5133626915506404
187 188 -0.3337691675627964
187 190 0.6812832670981975
188 189 1.0375726472584088
188 191 -1.3494569993753678
189 192 -0.5185300568701627
190 191 2.1776312647109872
191 192 0.8107907152790058
193 194 0.3821183866133168
193 196 0.22640696123083848
194 195 1.2267478393622067
194 197 0.08097082280705958
195 198 -0.4305632324340154
196 197 1.3030002387649182
197 198 0.18519929059185747
199 200 -1.3756271750678055
199 202 -0.6171585779193657
200 201 -0.0643437672446219
200 203 -0.21126864015486713
201 204 0.2789411925675923
202 203 -0.45708929891710925
203 204 -1.19011351244469
205 206 1.1020855743910871
205 208 1.220542840101157
206 207 0.6600794439337523
206 209 1.8859762989018876
207 210 1.9804165080372496
208 209 0.22452280331944907
209 210 -0.45346084441974477
211 212 -1.743615130702268
211 214 -0.2390349399672822
212 213 -0.5271717671662762
212 215 0.10230793521197867
213 216 0.18660428920316932
214 215 -0.4755307957058688
215 216 -1.9355889189377964
217 218 -0.47760285971219996
217 220 0.26076893491410846
218 219 0.24551355679217263
218 221 0.0523233272349275
219 222 -0.12761904412349262
220 221 1.521131685558982
221 222 0.6232285151991213
223 224 -0.7605642488014255
223 226 -1.2561189710804448
224 225 -0.44467020366363497
224 227 0.05949717693788241
225 228 0.23288862342858796
226 227 0.4761717299697616
227 228 1.265725188871103
229 230 -1.3243832949376133
229 232 -1.3075599100491455
230 231 -0.027375476440705246
230 233 2.1380054897520964
231 234 1.2670537635310535
232 233 -0.7948903151814627
233 234 -2.2147755496423445
235 236 -0.6506352658294392
235 238 -0.941290158452754
236 237 -0.8757443731921773
236 239 -0.7015420876969265
237 240 0.35191405719147206
238 239 -0.7957554774927383
239 240 -1.4223851075630165
241 242 0.6190299138684298
241 244 -1.577292040249168
242 243 -0.013131713953182304
242 245 0.9314558594488921
243 246 -0.9538939616085171
244 245 1.8548749048110893
245 246 1.0008428961611757
247 248 0.74596989460893
247 250 0.14959238615150977
248 249 0.1937084457310134
248 251 -2.3955216258984438
249 252 0.7967499598547321
250 251 0.006636114035341646
251 252 1.1277336619622262
253 254 -0.7966966019257271
253 256 -1.5997449581315932
254 255 0.09948562438667938
254 257 0.7738289929134667
255 258 -1.704766481286458
256 257 0.255922301010503
257 258 -0.5454756903890171
259 260 0.7463299603033893
259 262 1.0953055825312252
260 261 1.1268605370175009
260 263 -0.8413423786694021
261 264 -0.6982644255009794
262 263 0.26981578390707056
263 264 -0.604263675181697
265 266 1.8113529308635508
265 268 -1.528595876307666
266 267 0.5537821766936398
266 269 1.017686545426239
267 270 0.825059843520714
268 269 -0.5956024042848099
269 270 -0.37558645759185033
271 272 -0.9708229851518381
271 274 1.3901330686295446
272 273 -1.1278979009710097
272 275 -0.842296781557324
273 276 -0.044163506354938736
274 275 -0.12429803765168962
275 276 0.15766657878693835
277 278 0.28152828452407463
277 280 -1.1410123369893435
278 279 -0.9876896235646739
278 281 -0.7787504892805868
279 282 -1.1197250124769436
280 281 2.155639928199776
281 282 0.9532383280539753
283 284 -2.6406679393934915
283 286 -0.40197469406328185
284 285 0.7977989518510731
284 287 0.30770153228811276
285 288 0.4872843058485122
286 287 1.755796372324887
287 288 0.05637929361556015
