# 
1 1 0.02815261477060399
2 2 -1.4317891798861524
3 3 2.633659218606013
4 4 -1.3917953265917093
5 5 -0.2922134674915585
6 6 2.0320134018909335
7 7 1.473829478986152
8 8 -2.1937635379362397
9 9 1.75471966618623
10 10 0.8162033199008434
11 11 1.6180292677531338
12 12 1.2069412516654636
13 13 -0.5622096209587734
14 14 0.5267996166749208
15 15 1.5681105555045758
16 16 1.64957220752057
17 17 -0.5287425162425587
18 18 -1.400043953656018
19 19 -0.8067105227475793
20 20 0.7514125017298969
21 21 1.0163191251711534
22 22 -1.4344668293059168
23 23 1.3899477898858221
24 24 -0.012705247392903369
25 25 1.4879018992590096
26 26 -0.8691349707563463
27 27 -0.5209126129857033
28 28 -0.7469949447297158
29 29 -0.4685633855956121
30 30 0.6339992383219422
31 31 -0.474971327211602
32 32 0.7337214656554398
33 33 -0.25007489102492403
34 34 -1.8208096374842095
35 35 -0.3200688371884025
36 36 -0.03506204775664277
37 37 -0.6671043646152013
38 38 -1.5636247475113012
39 39 0.2734197155205944
40 40 -0.7125086551761136
41 41 -1.6641465660810384
42 42 -1.5104297296825722
43 43 -2.1454601722511946
44 44 0.18395831890087258
45 45 0.7988225095442152
46 46 2.045999448689255
47 47 1.3784843806035703
48 48 1.6480194561641912
49 49 -0.4513878728676724
50 50 0.7930986324552548
51 51 -0.20031444184322653
52 52 0.14877590378197636
53 53 0.09170416228481075
54 54 -1.6454879566817133
55 55 1.8287241512958277
56 56 -0.36901380712625387
57 57 -2.5489989341366712
58 58 -1.2124402825707226
59 59 0.28782285014650144
60 60 -0.4814586479567675
61 61 -0.1621487845578525
62 62 0.6055781606718073
63 63 0.01714601487231727
64 64 1.762908954554141
65 65 1.3629961632207388
66 66 1.214252599038554
67 67 -1.6856853041579036
68 68 -0.012377165225209581
69 69 2.3873618840551782
70 70 0.22733569953612873
71 71 -1.0630784192408023
72 72 0.3314067321042191
73 73 0.8259756043735138
74 74 0.5521080586647374
75 75 -1.8453878403347257
76 76 0.04998826388003834
77 77 -1.9811371372441944
78 78 -0.2896094542603344
79 79 0.31938121998533825
80 80 -0.28531049086353577
81 81 -0.4088726346873474
82 82 0.7623088789562887
83 83 2.575417810441067
84 84 1.06631081559222
85 85 -0.7468641318182064
86 86 -1.0006665852543564
87 87 2.126046654387105
88 88 1.2397152701653025
89 89 0.5119722150617105
90 90 -2.1508676387895678
91 91 0.7997076603519149
92 92 -0.652777188644501
93 93 2.4203548633506764
94 94 -0.7593200806569582
95 95 -2.1453681568934964
96 96 1.6443799250776678
97 97 -1.2645179559782107
98 98 0.2965914198646721
99 99 -0.6834954322966053
100 100 0.11722874244857356
101 101 -1.0708176790954218
102 102 -2.177602968932799
103 103 1.3232010234153195
104 104 1.9292188676031812
105 105 0.34939464644250007
106 106 0.41536820447366296
107 107 1.302975645172177
108 108 0.4358953980529872
109 109 0.2277312713592681
110 110 -0.4243294730443339
111 111 -0.21867792718920293
112 112 1.1790614376430895
113 113 -1.2121684284229106
114 114 -1.4814968576659753
115 115 0.1953676189723634
116 116 -1.3291815899446522
117 117 0.6062835272375503
118 118 0.9060294249384964
119 119 -1.0206625642689284
120 120 -2.5366365896566148
121 121 -0.3230432428256754
122 122 -0.8684299392464796
123 123 0.43463016670867965
124 124 0.12317706356326122
125 125 -0.8190547848088771
126 126 1.036874602196274
127 127 2.055821990636504
128 128 0.04798421812450533
129 129 -1.1083928012223427
130 130 2.140564012014234
131 131 0.3649673282434399
132 132 1.5906102748399313
133 133 0.8115273152178203
134 134 0.14578725060330894
135 135 0.01138280160826817
136 136 -0.7196522141152683
137 137 1.0125235699571709
138 138 -0.0809808076195615
139 139 -0.16591009067116175
140 140 0.7703574934376068
141 141 -3.286281187836173
142 142 -0.8362062831856211
143 143 -2.4865637196300776
144 144 0.1970496850798487
145 145 -1.1058604087239103
146 146 0.08102850766939328
147 147 -1.192245637643013
148 148 0.11882735481996695
149 149 -0.5924834223817604
150 150 -1.7906633240207592
151 151 1.6654303785168822
152 152 0.44874819238134
153 153 -0.684142982557158
154 154 1.617572731923043
155 155 -1.1864757221252782
156 156 -1.2179885486730262
157 157 -1.5638007789112947
158 158 -2.037601231851035
159 159 -0.495715672974278
160 160 1.487111183134118
161 161 1.0757900311440463
162 162 -1.9145845455565464
163 163 0.6715776032124887
164 164 -0.600130261077325
165 165 1.1353780204588129
166 166 0.07921171551854189
167 167 1.1637369240290616
168 168 0.07147390011307611
169 169 1.1650336715775913
170 170 -1.5004709530040434
171 171 -2.6354814225831364
172 172 -1.0436694005325584
173 173 0.17020273514656997
174 174 0.5138145129516488
175 175 -1.1376768621513151
176 176 -0.9100479221361591
177 177 0.20468991172090123
178 178 -0.1447934646819606
179 179 -1.3806361957889148
180 180 -1.085202036532831
181 181 1.0629428476168017
182 182 1.3736544277408385
183 183 0.8207880118870126
184 184 0.5963223271957796
185 185 0.6913020070158897
186 186 1.9323873226093815
187 187 0.9812207315054369
188 188 0.003402516772012751
189 189 1.1479867834351145
190 190 -1.8255969307407076
191 191 0.8216815492815168
192 192 -0.8952112627746366
193 193 -0.23762714342989846
194 194 1.0541920315689568
195 195 -0.9621990596228474
196 196 1.2996881009323529
197 197 0.35565126768123057
198 198 -0.8903378787968667
199 199 -0.7119559520098984
200 200 0.2745245407873825
201 201 -0.2980692462358243
202 202 0.22564933807981583
203 203 -0.17735032943398524
204 204 0.0939761607068699
205 205 -2.2368853236877038
206 206 -1.1436295763064523
207 207 -0.4780402916316182
208 208 -1.0299484525608484
209 209 1.2197745468636847
210 210 -0.48518267370879126
211 211 0.9442414202691584
212 212 0.6695281706539326
213 213 -0.5506784303624372
214 214 -0.38697840155853763
215 215 -1.2997661830850213
216 216 0.9070601031186935
217 217 0.399380507147505
218 218 -1.0145555347458877
219 219 0.5885014594855282
220 220 0.8597268415391244
221 221 1.37501515810425
222 222 -0.04929904969183213
223 223 0.12978647137461594
224 224 -0.7679517156912931
225 225 -0.5804275966366804
226 226 0.23954574751996932
227 227 0.7447760087590388
228 228 0.8940424668457507
229 229 0.547129578211881
230 230 1.950292294076402
231 231 -0.8593383734703781
232 232 1.872478079219687
233 233 -0.20326314901196832
234 234 1.1118936172914367
235 235 0.03640011715418595
236 236 1.0532306904429756
237 237 1.3600579609978594
238 238 -0.4789888357560929
239 239 -0.2871459501445592
240 240 0.36504954433220754
241 241 0.04570649557224337
242 242 -0.4632384289670467
243 243 -2.257830487007897
244 244 -1.3174886857672419
245 245 0.4552546893035588
246 246 0.7898021538205149
247 247 0.4910702670811906
248 248 -0.7391625844490086
249 249 -0.7337907604725239
250 250 -1.0356113020208904
251 251 0.3356474864579413
252 252 1.723205444899747
253 253 1.175433446082172
254 254 1.056284577698764
255 255 -0.026916120596043678
256 256 1.8354294822483033
257 257 0.20918412268944278
258 258 0.3412757242429613
259 259 -1.3251420623708503
260 260 -1.0216813748470475
261 261 1.5668023120645744
262 262 -0.1336484888151383
263 263 -1.4399886579651275
264 264 -0.4144630555589415
265 265 0.1478394789226351
266 266 1.4012618102570518
267 267 -1.130951128649959
268 268 -0.6921487957765353
269 269 2.0003945567034913
270 270 0.00032861878598347153
271 271 0.00471458221771466
272 272 0.21218523667813566
273 273 1.3047726568380642
274 274 -0.7579688525016632
275 275 -0.3004966324312858
276 276 -0.878158054349423
277 277 -0.6430473846053203
278 278 0.606487097955243
279 279 0.7134139741548217
280 280 -0.31414738592891667
281 281 1.0920129305533834
282 282 -0.5242759180587044
283 283 1.3277489301600425
284 284 -0.7817151620719306
285 285 -0.3167995755489641
286 286 -1.130420854791479
287 287 0.3287620009461713
288 288 -0.2133021806442679
1 2 0.43648879437141097
1 4 -0.17831582173221314
2 3 -0.5369979065637903
2 5 0.6466427117980276
3 6 0.3353760738602931
4 5 -0.03484499730075491
5 6 -1.0851659595354075
7 8 -1.0798166281147101
7 10 -0.308519705698827
7 157 -0.3878071251069657
7 160 1.3369009992087433
7 163 0.4238547240851545
7 166 -0.6494197735448904
8 9 -1.5806595640700747
8 11 -1.6263312148432174
8 193 -0.6816358999320397
8 196 -1.2108055910969446
8 199 -2.3465282273066856
8 202 0.5659800713113692
9 12 -2.312943568522293
9 229 0.2086059079537839
9 232 -0.6378371655526153
9 235 0.8152130032278615
9 238 1.115464794833619
10 11 -1.6575279541380497
10 157 1.8884697792517617
10 160 1.2214075650114358
10 163 -1.9773114039791855
10 166 0.9397520283054762
11 12 1.3491417230746412
11 193 -1.0148268373692801
11 196 -0.2675797168906964
11 199 0.05804490066161521
11 202 0.6624012033528806
12 229 0.8186700107896712
12 232 1.3921766425629616
12 235 -0.45508117266634657
12 238 0.960049376169062
13 14 -0.36930797446385183
13 16 0.3411467031872342
13 193 -0.9625690693345862
13 196 0.19516030053594832
13 199 0.12220787106661954
13 202 -1.104139548027272
14 15 0.5651855249380969
14 17 0.008744865385422415
14 229 0.5685660114086901
14 232 2.021667735496699
14 235 1.5671538439094908
14 238 1.630841227310032
15 18 -0.7351595319922304
15 265 -0.9995897799275876
15 268 -1.1895380340307633
15 271 -1.1074987526709033
15 274 1.084983147013855
16 17 0.5886407965629713
16 193 0.4320047508362051
16 196 0.7845285578445014
16 199 -1.1789366972180622
16 202 -1.0032380302431918
17 18 -1.8930816016386691
17 229 -1.1178776611608512
17 232 1.267601255251614
17 235 -1.1623145892868847
17 238 0.2626423948241823
18 265 1.2078492036969368
18 268 -1.0330550603205895
18 271 1.1722693944649514
18 274 0.2694566105174176
19 20 -1.8446547607517816
19 22 0.48116535530009624
19 181 1.1679587052823857
19 184 -2.406037111610165
19 187 -0.8836089927552597
19 190 -0.3463405000808033
19 193 1.579678939262367
19 196 -0.6791951483890153
19 199 0.3692554272654101
19 202 -1.257729874800307
20 21 -1.5494147900819957
20 23 -0.8193120750067925
20 217 1.34444955550795
20 220 -0.7315077530917924
20 223 0.08139847382089856
20 226 0.781389911626939
20 229 -0.5792805228148569
20 232 0.75385819737126
20 235 2.122780464065278
20 238 -0.532130733684928
21 24 0.5069236151583806
21 253 0.862165247981614
21 256 -0.24858963311463453
21 259 -0.308038509538598
21 262 0.8930590049381459
21 265 0.48042897350927866
21 268 0.3102804211312823
21 271 -1.4630686601750653
21 274 -0.016014630882854288
22 23 -0.9218985455450106
22 181 1.8862038658168712
22 184 -0.6891106317771692
22 187 0.9466139968689974
22 190 0.2552607615096484
22 193 -0.8681087486811719
22 196 -0.20042595687547737
22 199 -0.0006277821299204291
22 202 0.43790182277108497
23 24 1.2820105849815646
23 217 0.3610109762639039
23 220 -0.30610310120508544
23 223 -1.2378814398499238
23 226 0.19005150733826962
23 229 -0.2401097474267157
23 232 0.06592429035556688
23 235 1.0181477361084394
23 238 -0.7212109028372603
24 253 -0.5059712245002252
24 256 0.318051111032704
24 259 0.9219806532632684
24 262 -0.24370456718585642
24 265 1.1866072377346955
24 268 -1.559973221889804
24 271 0.021738134119408434
24 274 0.999524159504028
25 26 1.0900487233578777
25 28 -0.7055568196505871
25 181 -0.2617948047362502
25 184 -1.269526549587969
25 187 0.2010960925538343
25 190 -0.13862778205621915
25 193 0.36116097461525204
25 196 1.1527181549156806
25 163 -0.726533374464615
25 166 -1.0175930121760044
26 27 -0.6908324720251687
26 29 -0.42124081828785365
26 217 -1.850298862670694
26 220 -0.018511341839136646
26 223 -0.28100283926865177
26 226 -0.03765045415201769
26 229 0.7249796348953703
26 232 0.028189350587169
26 199 -1.2684600821587122
26 202 0.9065840154910606
27 30 0.8460252474028886
27 253 0.17789979342009504
27 256 0.09013333423991862
27 259 -0.38602599515974495
27 262 -0.24973357625350354
27 265 0.03416483303951751
27 268 0.7040996677367137
27 235 -0.7548632453576084
27 238 -0.893717276942655
28 29 0.6008354965667895
28 181 0.5365046541509209
28 184 -0.1956396568949462
28 187 -0.39816400133112184
28 190 -0.15788646289524633
28 193 0.678894403997805
28 196 1.5533799122132044
28 163 0.2314000686777042
28 166 1.4050467241411586
29 30 -0.5694434439787124
29 217 0.6432035578121436
29 220 -0.0946272754704473
29 223 -0.8392812319478977
29 226 -0.5544586976281528
29 229 0.07048940531059865
29 232 0.4011879422304613
29 199 -0.19532724615637118
29 202 -0.4633969333944425
30 253 -1.4045420658244743
30 256 0.694501812901441
30 259 -0.7003063777751917
30 262 0.06287165002596641
30 265 0.795501559539963
30 268 -2.5069526100420982
30 235 -0.6445452876505317
30 238 -0.4675616526364466
31 32 -0.9544202213356493
31 34 0.9109566575443003
31 181 -0.39634018469330723
31 184 0.5778745435149197
31 187 -0.6030212545121951
31 190 -1.1127811707104078
31 193 -0.760004263956748
31 196 0.44134572900139657
31 163 -0.2722944692461851
31 166 0.22369725152874573
31 169 1.395699488808064
31 172 0.3515641723953033
31 175 0.2062957047129997
31 178 0.24726508934183686
32 33 -1.5305580505781455
32 35 -0.3529635902996572
32 217 0.2690545284040014
32 220 -0.9770026329778904
32 223 1.873183466971774
32 226 1.0802148841520376
32 229 -0.8296246764648315
32 232 0.2614458973924932
32 199 -0.48652229233854005
32 202 -1.0261362922729242
32 205 0.5533788931270192
32 208 -0.8120395443415565
32 211 0.40406609163508234
32 214 -0.2820931471849875
33 36 -0.515889147288878
33 253 0.4684278473565502
33 256 0.4827022255032659
33 259 1.3463171995653276
33 262 -0.2634342108002581
33 265 1.356506513690087
33 268 1.074590157625954
33 235 -0.020878434239503977
33 238 0.6056791750855699
33 241 0.7082561088360017
33 244 -0.2634947968772019
33 247 -0.1934575652052876
33 250 -1.3688528765809826
34 35 0.7750820300192917
34 181 -0.7973704525079737
34 184 -0.5561420415834163
34 187 -1.832885422894402
34 190 0.4644550211728419
34 193 0.013806787723256896
34 196 -0.7620248116611634
34 163 0.9974259992063821
34 166 -0.17621403553617296
34 169 1.7630023103457257
34 172 1.2832655793526817
34 175 0.42990622720166205
34 178 -1.0455212265472487
35 36 0.2718948188438723
35 217 0.8256030082393626
35 220 0.8075379282059847
35 223 1.3563947349030556
35 226 -1.52609617953671
35 229 0.728705082784773
35 232 -1.3053919897971997
35 199 -0.16503639602545125
35 202 -2.4099713058796914
35 205 -0.20797045920809973
35 208 1.3245015233199886
35 211 -0.05771398864714298
35 214 2.9815908547869476
36 253 -0.7997323767013567
36 256 0.21698658386139844
36 259 -0.2075390332056251
36 262 -0.6921800547069832
36 265 -0.6842325990378646
36 268 -1.7329070296944196
36 235 -1.0385570026882702
36 238 -1.4468691335066932
36 241 -1.3156092422554981
36 244 1.308904963459476
36 247 1.6350783809969376
36 250 -0.4277782414280068
37 38 1.0264651883327818
37 40 1.7820497571173
37 181 -0.2927028948390604
37 184 -1.2728324717089374
37 151 1.6651780517719845
37 154 -0.6099157535520467
37 157 0.9287865044806515
37 160 0.5723221852297241
37 163 0.6429527444180496
37 166 -1.236058225769903
37 169 -0.5280094355375976
37 172 0.11903865560636731
37 175 0.3775245293691472
37 178 0.6550495438143027
38 39 0.3690385821845216
38 41 -0.4712304184753095
38 217 0.18458684766041067
38 220 -0.6342258294824201
38 187 -0.37329707034466386
38 190 0.8421350939263964
38 193 1.5584160899596902
38 196 -0.5793724549900497
38 199 1.682996438000414
38 202 -0.21744870589981674
38 205 0.5924351495630442
38 208 -0.973851268788844
38 211 -0.6485927511376675
38 214 1.4612174079054001
39 42 0.22933941596401372
39 253 1.1490024255746545
39 256 -1.1874584827517942
39 223 -0.47125610885567853
39 226 0.1697771929045109
39 229 -1.7844348458210793
39 232 0.5179630765822215
39 235 0.9553414127302268
39 238 -0.6657487049704874
39 241 0.5213368751449109
39 244 -1.304459621780029
39 247 -0.6652757597109014
39 250 0.20376919178486472
40 41 1.3018868447736978
40 181 -1.2667795812459166
40 184 -0.01780984494538347
40 151 -1.6684955358695865
40 154 0.7476728366131974
40 157 -1.6245640083393713
40 160 -0.31920984820449666
40 163 -1.1739176357561176
40 166 2.094372367378552
40 169 -1.2109240826041505
40 172 0.01730009117365058
40 175 -0.8210526673732196
40 178 2.333421395364078
41 42 -0.975825063981827
41 217 2.1684257944772423
41 220 0.73761745886254
41 187 -0.8561896974575168
41 190 0.30227668479432934
41 193 0.22924856170669647
41 196 -0.6160188990291748
41 199 -0.5053640017090618
41 202 0.08421315966351978
41 205 0.7928313138227612
41 208 0.7773960182764285
41 211 0.532933241758676
41 214 0.44807733461166716
42 253 -0.6126029245110075
42 256 -0.41101998491193636
42 223 0.8371874976798449
42 226 1.1147287168716835
42 229 -1.2140704816877927
42 232 -0.28215960302960147
42 235 0.36391098616141626
42 238 -1.1401525804449928
42 241 1.0686649092841014
42 244 0.27016386851913876
42 247 -1.1425124741105188
42 250 -0.48376459034866154
43 44 -0.24791539751829497
43 46 0.18883077754226787
43 181 -0.14191086389817198
43 184 -1.9030682962746663
43 151 -0.9279062026540161
43 154 -0.4044463223281168
43 158 1.5286165818763042
43 161 -1.7108298974375031
43 164 -0.22370848497051404
43 167 0.43408984944235074
43 169 0.8861725337953528
43 172 0.05566824313190863
43 175 -0.13694023887789414
43 178 -1.7762012500802733
44 45 0.2542149822658896
44 47 1.6630314581233054
44 217 -1.3286638121489938
44 220 -2.536386099584895
44 187 0.8988651063726508
44 190 0.13908368282705355
44 194 0.14166119243596698
44 197 -0.12495747943373102
44 200 -0.7736610352335008
44 203 1.1409583057492556
44 205 -0.051018564274698225
44 208 -1.7493567502400504
44 211 -0.6143019218012445
44 214 0.45883558978555283
45 48 0.759641888755583
45 253 1.6452132603278613
45 256 -0.5830061846561994
45 223 -0.5165947327963294
45 226 0.13421698489781375
45 230 -1.9351854538330793
45 233 0.8564978731693741
45 236 -2.351154896268032
45 239 0.7701184806543904
45 241 -1.2166735178389083
45 244 -1.9316079601919947
45 247 -0.6308888752923957
45 250 1.780040061337422
46 47 -1.3079445547428337
46 181 0.3829294646195352
46 184 -0.11366002475436258
46 151 -0.12313092051598727
46 154 0.8603939352364356
46 158 0.6204040818278128
46 161 -0.8337528481488814
46 164 -2.69775972578745
46 167 -0.9907063038513426
46 169 -1.241793271750412
46 172 1.0105744939514452
46 175 -0.07964651753646716
46 178 -0.7966489114011772
47 48 -0.6796033594809667
47 217 -0.14789605828519897
47 220 0.8970446891369808
47 187 1.919325887929023
47 190 -0.10731225247833788
47 194 0.4304743295222751
47 197 -0.043007020907607565
47 200 2.131049571551194
47 203 0.5902806207194002
47 205 2.645279234687795
47 208 0.09305066781740506
47 211 0.4278955286477068
47 214 0.760103057966095
48 253 1.4270226484351716
48 256 -0.8217271850964238
48 223 -0.17675155907727205
48 226 -0.12662634026278183
48 230 0.2950294666583079
48 233 0.6434683045313426
48 236 -1.5607280549917009
48 239 -1.4836901922649188
48 241 -0.5827465675615174
48 244 -1.3235661058557238
48 247 -1.4660010263700856
48 250 0.03460445857339641
49 50 0.6283466912019695
49 52 0.31785756033906554
49 181 0.43638512845014266
49 184 -0.3083571323249034
49 187 -0.12764207437335295
49 190 -1.2587773310615906
49 194 -0.5906962164745722
49 197 -0.1724790515176923
49 200 -0.7998989438944287
49 203 1.3585877896653349
49 205 0.19460860316076006
49 208 0.18486784223705235
49 175 -0.5370680274861622
49 178 -0.6267337852992294
50 51 0.19430319441212363
50 53 0.5066437196915227
50 217 -1.162965029787712
50 220 -0.567210048634976
50 223 0.37673028270138326
50 226 -0.9098641403923641
50 230 -0.060768319337771826
50 233 -1.294991114671386
50 236 -0.9332460241915812
50 239 -0.7050826501373197
50 241 0.43712313382535534
50 244 -1.5362343442081559
50 211 -0.508068887696336
50 214 -0.7232571198575626
51 54 0.45118951143275804
51 253 1.1646908204476492
51 256 2.5060394649144797
51 259 0.7221068189763418
51 262 -0.5261834880757944
51 266 0.3088296786758074
51 269 -0.5227269454148435
51 272 0.5186729693329885
51 275 -0.06070709064045973
51 277 1.274199219064379
51 280 -0.24322158002269145
51 247 -1.1778559214779107
51 250 0.9119809561444073
52 53 -0.45709180989628223
52 181 -1.9055431150344337
52 184 0.7270655366755984
52 187 1.6246201633145494
52 190 1.093386051032235
52 194 1.5559145790958322
52 197 -1.8341151165348353
52 200 0.860414111925042
52 203 0.040421875890038324
52 205 -0.9696482420530176
52 208 -0.5885709802018734
52 175 -0.06212521816439837
52 178 -0.17847680157212592
53 54 0.0705058650422573
53 217 1.1911502408539891
53 220 -2.4784334657001663
53 223 3.407660687971967
53 226 -0.6884534218627268
53 230 -0.20819522797161175
53 233 -2.2101794227011373
53 236 -0.0858610196558983
53 239 1.3186227344169876
53 241 -2.539914678874205
53 244 -0.8409629443840477
53 211 -1.6522198364075689
53 214 -0.8523814616174636
54 253 -0.8211621052228291
54 256 0.5767196697375444
54 259 0.7515210063210915
54 262 -1.0223111779396183
54 266 -0.21277191212715113
54 269 -0.2911672188691597
54 272 0.7319787490046661
54 275 -1.6382323611240428
54 277 -0.6380508830563926
54 280 -0.41015205585280856
54 247 -1.0957407367086822
54 250 1.5137567167699464
55 56 -0.5401807813047182
55 58 -0.032256703338258
55 182 1.8545436597007274
55 185 0.9592252214841421
55 188 -1.0841664997818925
55 191 -0.4299021724710615
55 194 1.8262018610603492
55 197 0.5397118344701646
55 200 0.1266281707759011
55 203 -0.2327903359060481
55 205 -0.24910648596736681
55 208 -1.5875826103087924
55 175 -0.6752952429996847
55 178 2.3735061910518906
56 57 0.49062928494432023
56 59 1.5460784428042753
56 218 0.07770651866958983
56 221 -1.1606266575243878
56 224 -1.0785211970507176
56 227 0.2257833070254632
56 230 0.01820141911025603
56 233 1.2144952884911007
56 236 -0.2641537454357934
56 239 1.0105618316700893
56 241 -0.6738445802623956
56 244 -1.6897406416676528
56 211 1.6120125755359702
56 214 -1.4297892968145376
57 60 1.1793336312450724
57 254 -1.3108529226680692
57 257 -1.411231383477842
57 260 -1.9013092893930292
57 263 -1.9292512803266622
57 266 -0.2728858702479503
57 269 0.1426084582965551
57 272 -0.28305167335536235
57 275 0.7777859914805145
57 277 0.007054104337403749
57 280 -0.0014196133007491048
57 247 -0.8303508504223139
57 250 0.07353518505724944
58 59 -0.6290844713944408
58 182 -1.1553418562988658
58 185 1.8004682313600084
58 188 0.02095855507080313
58 191 -0.2797232821334867
58 194 -0.4560195089941045
58 197 0.09294268757991733
58 200 -2.406859753268451
58 203 -0.594720727541076
58 205 -1.5657052541103387
58 208 0.37085976113912084
58 175 1.6385214445860268
58 178 -0.9484994955760521
59 60 0.9803801178985696
59 218 -2.5072338309723112
59 221 -0.33774833177909935
59 224 0.5152171311265781
59 227 -0.11743721115229568
59 230 -1.7784426363315815
59 233 0.7693260719270448
59 236 -0.877058659008869
59 239 0.4239828789789885
59 241 0.35489089265193385
59 244 1.0365036248269477
59 211 1.1846324805799777
59 214 -1.6164692094788287
60 254 -0.5366090577586077
60 257 -0.5361561320689109
60 260 1.4118946899268312
60 263 0.004023615398329356
60 266 -0.17303826520810858
60 269 0.12710786618070266
60 272 -1.2254428730479143
60 275 -0.018386090037088066
60 277 -1.344562108897455
60 280 -0.49710249413019975
60 247 0.5478028110486943
60 250 -0.41126355052030894
61 62 -0.4811548111345359
61 64 -0.15541921865690317
61 182 -0.21798596719495048
61 185 1.3785425838498773
61 188 0.6247795155698256
61 191 -0.2879842321716965
61 194 -0.17582280449818258
61 197 -1.319029833492615
61 164 1.0093786449622968
61 167 0.19356300555852915
61 169 0.2583475488964085
61 172 0.6402637887697866
61 175 0.22354979906845193
61 178 0.9863784369294196
62 63 -0.3979624860272436
62 65 -0.8267743996389717
62 218 -1.147216639094528
62 221 0.20611678948493092
62 224 0.6514124755988576
62 227 1.1849034896769783
62 230 1.90090602157259
62 233 1.1547890609828204
62 200 0.7117848793793579
62 203 -0.7015398519352984
62 205 0.006998069081010869
62 208 -1.2376439962092365
62 211 -0.020407644446745626
62 214 -0.5879674527078507
63 66 -0.22128261236641153
63 254 -0.7407439350107112
63 257 -1.2922541824704896
63 260 0.8161139285703106
63 263 -0.47566923765906105
63 266 -1.6106619383071168
63 269 0.22700657752739062
63 236 0.3402770663949194
63 239 -0.5977736016705751
63 241 -0.46072954141786415
63 244 0.2390189179149949
63 247 1.579154061297
63 250 0.002026708708230879
64 65 0.4195965587162278
64 182 -0.04283077396816139
64 185 -1.153456561081054
64 188 0.38134454532129675
64 191 0.4903530632997429
64 194 0.25268097634664444
64 197 0.2513480461696766
64 164 0.8331812328110053
64 167 2.8562650460539993
64 169 -0.38127550907530977
64 172 0.6373859534658403
64 175 1.1594086104211094
64 178 0.7537429544808297
65 66 -0.04801863483883595
65 218 -0.1797943033068319
65 221 -0.035925243456277296
65 224 -0.5349256207677814
65 227 1.0611783354417437
65 230 1.8371503603531847
65 233 -0.5125823268218673
65 200 -0.3773004295941607
65 203 -0.42370737701411343
65 205 -0.3753334084828524
65 208 -0.47777700971218506
65 211 -0.2615120066325494
65 214 -1.9928694374009328
66 254 -0.5892948774043396
66 257 0.27375590404104794
66 260 -0.3377425176643431
66 263 0.3273648797298858
66 266 1.143598750386857
66 269 0.4646190020433759
66 236 0.011002934391239673
66 239 1.4281090187671128
66 241 -1.076536492683924
66 244 -0.5324821638589974
66 247 0.3032355535277202
66 250 0.935409592860269
67 68 0.13201918818646055
67 70 -0.1289556543517444
67 182 0.22375983057356894
67 185 -1.008252390181287
67 188 0.8873346365875543
67 191 0.6765659300455902
67 194 -0.11507301549634942
67 197 0.8287161277047894
67 164 0.15621640385808477
67 167 0.20256616435688296
67 170 -0.9096902054727382
67 173 -1.3242155723575848
67 176 0.9393066761149206
67 179 -0.1777735999535228
68 69 0.7883639876393446
68 71 -0.6997217600352262
68 218 0.9173761040064214
68 221 0.2569962267154455
68 224 -0.044929966990338396
68 227 -1.087442494250187
68 230 -1.401440621172583
68 233 -1.2080773300155536
68 200 3.05352250238377
68 203 0.20563663988657063
68 206 0.27462422589413504
68 209 0.4303514420298753
68 212 -2.1483778585044413
68 215 -0.1298756904103875
69 72 -0.2076838410821161
69 254 -1.1006911461425517
69 257 -0.48114332402584997
69 260 -1.2339624489463836
69 263 0.8239660356122736
69 266 -0.06732144160308046
69 269 -1.615521794262966
69 236 0.5085922259455243
69 239 0.03613504548381351
69 242 -1.0383749309365673
69 245 0.4271297259395722
69 248 0.6691722652970858
69 251 0.6505232417099671
70 71 -1.575224044688217
70 182 -0.429501565185728
70 185 1.9554813734755576
70 188 0.31850745698357946
70 191 0.8835877902146895
70 194 0.9097007373524205
70 197 -0.9378427797701896
70 164 -1.2244304701166
70 167 -0.21572868000702805
70 170 2.385538374885332
70 173 0.9028817650275438
70 176 0.06603130436335154
70 179 -0.1001230109236419
71 72 0.5012606366992615
71 218 -1.0891465701079404
71 221 0.23945835652481065
71 224 -0.978028382727205
71 227 -0.2418919819668326
71 230 0.44496939504685656
71 233 -0.09217776323133259
71 200 -0.9726497479434933
71 203 -1.2328410844803506
71 206 -0.33399628665134573
71 209 -1.040181988720341
71 212 -0.04025817045224948
71 215 -0.4140566360791296
72 254 -0.0874415159461159
72 257 -1.2595335799893752
72 260 2.083968701324682
72 263 1.2990763843630293
72 266 -0.4700651062881623
72 269 0.45953105325974286
72 236 -1.026998568696661
72 239 0.8064163138376436
72 242 -0.17730838045164088
72 245 0.3357860314272649
72 248 -0.0908988419756647
72 251 1.8694901775567228
73 74 0.482668076236625
73 76 0.5829475016268121
73 182 -1.6661634456263035
73 185 -0.6424134924302205
73 152 1.5944287090033928
73 155 -2.158233996126198
73 158 0.9598510264314067
73 161 -0.1568235979290687
73 164 0.36379308115764736
73 167 0.3306817472580634
73 170 -0.06584212634334433
73 173 0.3494776335645627
73 176 -0.014853598266073341
73 179 1.621409688985927
74 75 0.7720555363977654
74 77 -0.16507559925789245
74 218 0.36944614418295324
74 221 0.33369308968318945
74 188 0.1251073175494274
74 191 -0.7812798663655258
74 194 -0.07657370895925698
74 197 -0.8687040961730012
74 200 -0.5220049647592971
74 203 0.05507179460292973
74 206 -0.6183365391575695
74 209 -1.1914017902034129
74 212 0.5789362510974839
74 215 -2.2985286187444247
75 78 0.4156566180657032
75 254 1.8356463491007582
75 257 0.21109016317803214
75 224 -0.038448347693289524
75 227 -0.048353646077942625
75 230 1.8434983663675935
75 233 -0.4666950305929693
75 236 0.44999979911517257
75 239 -0.30950436929322017
75 242 0.6526443031682594
75 245 -0.7636673044673934
75 248 0.441298379880043
75 251 0.8284553468599873
76 77 0.39285379510224
76 182 -0.49073750106398517
76 185 -0.9493190879406747
76 152 -1.098020244502076
76 155 0.40267485346995674
76 158 -0.9888152057755386
76 161 1.0956313726369715
76 164 0.38501200169649336
76 167 -0.2892942299091721
76 170 -0.9072781536641733
76 173 -1.4509994840489089
76 176 0.7883872024301058
76 179 -0.2837215194569531
77 78 -0.9637292358280142
77 218 -0.14776059614494777
77 221 -1.995164060923574
77 188 2.645080870871357
77 191 2.5630645879112
77 194 -0.4611806662576603
77 197 0.9713762965699739
77 200 -1.476478725072434
77 203 0.6965223524782622
77 206 0.7664503012626421
77 209 -0.4823326677847661
77 212 0.34725492740282565
77 215 0.018762097149846075
78 254 1.5499919747101751
78 257 -1.2714985662400484
78 224 -0.32550867524467103
78 227 -3.105389333325337
78 230 0.8786705741592209
78 233 -0.21399197209839285
78 236 0.7832043974783534
78 239 -0.8740267802274632
78 242 -0.5904697811397023
78 245 1.3066363146787676
78 248 0.45339310097182384
78 251 -0.00038127691333870415
79 80 0.4936021461201217
79 82 -0.5478625297179909
79 182 -0.4649409632271112
79 185 0.20588413484942045
79 152 -0.5873065104453273
79 155 0.3726376032195748
79 159 -0.8830320721310995
79 162 -0.035497879195955574
79 165 0.43922597378348643
79 168 -1.4102112006992882
79 170 2.2148288907913085
79 173 -0.31472444331483707
79 176 1.1280119010024474
79 179 0.7260739148741127
80 81 0.9392077879638845
80 83 -1.5554983177725656
80 218 -0.3754376740951409
80 221 2.6799318406814603
80 188 0.5291766740429337
80 191 -0.21806364634640707
80 195 0.49398703741048694
80 198 -2.707673528719032
80 201 2.349155473946917
80 204 -0.7869915025980118
80 206 0.6977435376437393
80 209 1.3855041416167726
80 212 -1.0902936296138441
80 215 -0.5603007077055151
81 84 -1.0824205717399193
81 254 1.8889528230523638
81 257 -0.7980875867576646
81 224 0.3963927948448332
81 227 1.2614040925564662
81 231 0.49667470908889116
81 234 -0.24417642462064712
81 237 -0.89899122159797
81 240 1.7385909506873058
81 242 -0.7105931665022338
81 245 0.0233505723097595
81 248 -1.408899497364603
81 251 1.3855372379946485
82 83 1.585035253481356
82 182 -0.0831360355373765
82 185 -0.5387059823039205
82 152 1.411036000724441
82 155 0.4432046790373417
82 159 0.5810534194659657
82 162 -1.1349732570263065
82 165 -0.7855009053466188
82 168 1.8342480172200943
82 170 0.5732477407491134
82 173 1.0638604767378845
82 176 -0.9755718533859767
82 179 -1.509154355626747
83 84 1.0910609846785453
83 218 0.05306273327973739
83 221 -0.45716942164440194
83 188 1.3638473668640108
83 191 1.8331675484694423
83 195 0.2781323722994735
83 198 0.008227156840454974
83 201 -0.7935765727335722
83 204 0.7277050549613157
83 206 0.08790368820311269
83 209 0.5658550695658043
83 212 1.9636605769841844
83 215 1.0774205613378476
84 254 -0.5280160918148631
84 257 -0.9145989103123325
84 224 0.44791230878528304
84 227 0.6565649811122105
84 231 -0.28425280630876215
84 234 -0.5727811255590399
84 237 -1.1277856762018676
84 240 -0.6393259319449037
84 242 -0.7375738606212491
84 245 -0.8881672522649748
84 248 0.653767886193076
84 251 0.750793843922211
85 86 -0.3914007788660346
85 88 1.5841247120841582
85 182 -2.054457277251438
85 185 0.274239126823081
85 188 -0.9734094963715447
85 191 1.8000086199584835
85 195 0.15112582470696934
85 198 1.7029332097399454
85 201 2.348520481385814
85 204 1.3912240158689533
85 206 0.33400793638453835
85 209 -0.3331839852679542
85 176 0.25925525315537873
85 179 3.0751765326921103
86 87 -0.71746233427749
86 89 0.42142522582927766
86 218 0.8443575390854122
86 221 1.9263300020263807
86 224 -0.3788950597585051
86 227 0.1670352198197825
86 231 -0.28549487202197715
86 234 -0.8494459471675702
86 237 -0.7960108693991178
86 240 -0.1649712593825041
86 242 -0.9845843764515733
86 245 -0.6276524438342443
86 212 -0.43999793246267505
86 215 0.577755568543169
87 90 0.41719889003018806
87 254 1.2803842684138291
87 257 0.8109306119306575
87 260 -0.765980643206777
87 263 0.06437596204129013
87 267 0.3649718756201114
87 270 -0.6482672234323763
87 273 -1.7810945499446231
87 276 -0.008118986169324788
87 278 0.002527233029370535
87 281 1.039381421471918
87 248 -0.16202957232357634
87 251 2.1282248556832672
88 89 0.40665939605175455
88 182 0.2602286507989072
88 185 -0.16902359647829884
88 188 -1.0334398073410689
88 191 -0.4133005268462985
88 195 0.05727839053943322
88 198 -0.5573665703525498
88 201 2.5283086307952454
88 204 -1.8087027657598311
88 206 0.6688794911258429
88 209 -0.4040348468905675
88 176 -1.3107995760220812
88 179 -0.051842361096630235
89 90 -1.9231739970970372
89 218 -1.0322969468468464
89 221 -0.5427817360808899
89 224 -0.8787039269181943
89 227 0.032518195359757265
89 231 -2.400276955644173
89 234 -0.1435737315738086
89 237 0.22096242532268365
89 240 -0.7464606741576173
89 242 -1.000774641749361
89 245 0.9705459110879606
89 212 0.8635827633563931
89 215 -0.7800289706324615
90 254 -0.3669927936674666
90 257 -1.5829013569621961
90 260 0.09009404616031609
90 263 0.8210855469709085
90 267 0.03406050045842886
90 270 0.7518346078830979
90 273 -0.6518594233568231
90 276 0.9550560680722711
90 278 -0.7464545427583764
90 281 -0.4580782760203253
90 248 -0.03619463117890023
90 251 -0.5837942788668785
91 92 0.9097019550109716
91 94 -0.07288845890495298
91 183 0.6902650825747149
91 186 -1.2970964076699172
91 189 0.508436486228356
91 192 0.6214706858208214
91 195 -0.3038678735182966
91 198 -0.32361807192086683
91 201 -0.14419499655661394
91 204 0.4544759001048954
91 206 -0.5382722518935905
91 209 0.010022054244607082
91 176 -0.32872582292071334
91 179 -1.0894851589375607
92 93 -1.282196419210661
92 95 1.3613912476263805
92 219 1.78786758343193
92 222 -0.2920726143736871
92 225 -0.22123075926172991
92 228 0.8572553446534036
92 231 2.214558720200295
92 234 0.5838273163070722
92 237 -0.22542704512754813
92 240 -0.33129494834448037
92 242 -2.333895766506303
92 245 1.15670989104581
92 212 -1.7315425314117934
92 215 -0.2867263686262432
93 96 0.7383577408994824
93 255 -3.153587859236027
93 258 -0.2687376895966339
93 261 -0.5697284497347197
93 264 1.821590018884668
93 267 -0.7300354640865536
93 270 -0.055624596945306436
93 273 -1.2641797613256385
93 276 1.799337038463065
93 278 1.2513633140831575
93 281 -0.36452654878686963
93 248 1.2607279464244328
93 251 0.6064760735319652
94 95 -1.0635966405455894
94 183 -0.6446557796839258
94 186 -0.9402035663320091
94 189 0.056090750075919196
94 192 -0.5319268751045733
94 195 -0.4354889099524956
94 198 1.8589967985692022
94 201 1.2080884065797408
94 204 -1.6451575618217265
94 206 0.6479281323328903
94 209 -0.27085784399558566
94 176 -0.6623970023891318
94 179 1.004026729887432
95 96 -0.28426335219603194
95 219 -1.6608401681260105
95 222 1.3065866912467743
95 225 0.7212078151268799
95 228 0.10173354545403111
95 231 1.4051243755467053
95 234 -1.409889082429071
95 237 1.382705568417865
95 240 -0.8258334314401007
95 242 1.0292752197499346
95 245 1.7361310235271394
95 212 -1.5584189224140073
95 215 -1.153994519377817
96 255 -0.3454038731004016
96 258 0.7541785317669569
96 261 0.20029285329093394
96 264 0.11438954507585318
96 267 -2.0609368716758603
96 270 -0.3711314480156586
96 273 0.3416974281583026
96 276 1.1988950217185148
96 278 0.09117354769444089
96 281 0.15242096143091682
96 248 -1.1037582329817464
96 251 -0.96034199418261
97 98 2.4666637483167557
97 100 0.38372402136506795
97 183 -0.5031371332881212
97 186 -1.0742742067686788
97 189 1.1270105104777692
97 192 -0.08454825143217778
97 195 1.1997285057328448
97 198 1.4067070717694476
97 165 0.7589659193097974
97 168 0.6130566404408138
97 170 1.341805278251149
97 173 0.6352951158377826
97 176 1.0894404921582095
97 179 -0.5698296395644156
98 99 0.9315865217953129
98 101 -0.07685706927226087
98 219 0.9241264874947172
98 222 0.5659735667664372
98 225 0.14926793537987212
98 228 -0.362859347418327
98 231 -1.02102515831051
98 234 0.44837868314177187
98 201 1.0426475343543349
98 204 -1.1381782694107783
98 206 0.7747410712706778
98 209 0.48818721744722704
98 212 0.34996570733684573
98 215 1.0543808507911472
99 102 -0.2941471669124289
99 255 0.3733070270156646
99 258 1.1556082478828102
99 261 -1.029829952642902
99 264 -0.9124884006748631
99 267 1.787603181909103
99 270 -0.37742161319697815
99 237 -2.4736688537666596
99 240 1.1338460366313194
99 242 -0.6823486501944329
99 245 -1.0473831710418207
99 248 0.16656041654436077
99 251 -0.5269706226173597
100 101 0.9041597682650823
100 183 0.6684265048182245
100 186 0.7567116062276743
100 189 -2.0084479474808488
100 192 1.2567589687065468
100 195 -0.7184833646285418
100 198 0.8332172852847483
100 165 0.2053004671460494
100 168 2.567969637063299
100 170 -0.2620796964836603
100 173 -0.8244563883526931
100 176 -0.027559376550042997
100 179 -0.5457196325044217
101 102 -1.6331928767369583
101 219 -1.179069214867574
101 222 0.12264595436182035
101 225 -3.1646052055612217
101 228 0.637924189931707
101 231 -2.42513778028394
101 234 -1.2251714508461162
101 201 1.1082588051736755
101 204 -0.5353375580078041
101 206 0.40003357360209457
101 209 1.1891784032899717
101 212 -1.3677556228626366
101 215 -0.16371846459519204
102 255 1.383732350003117
102 258 -0.8908574117769857
102 261 0.0848060013864789
102 264 0.1299389453561818
102 267 -0.11696394749133888
102 270 0.44535861392297066
102 237 0.6297783368667974
102 240 1.6052379490499378
102 242 0.7180366333617586
102 245 -0.5219949655653634
102 248 -0.5533504797127639
102 251 2.08486689864607
103 104 2.069692628808853
103 106 -1.0420331699664434
103 183 2.6796094526163787
103 186 0.5581368756468519
103 189 0.8258554785625604
103 192 0.9274087498620293
103 195 1.006926295487232
103 198 0.6868233012978472
103 165 -0.6272688119896936
103 168 0.2488804221717246
103 171 0.5993845169334066
103 174 0.09580714329482301
103 177 1.461188830370317
103 180 -1.4441696442143332
104 105 0.39310243068870016
104 107 0.2535370410887869
104 219 -1.238029383745031
104 222 1.2168160577107168
104 225 0.5801770995121439
104 228 -1.8903900880650883
104 231 -0.07182838120823896
104 234 2.197536352997394
104 201 -0.8536875320867765
104 204 1.00766228591217
104 207 1.0921137198698831
104 210 -0.28969313454714346
104 213 -0.37632700075006176
104 216 0.6990246979484637
105 108 -2.402349708120681
105 255 1.4294241396700649
105 258 -0.5445964720676136
105 261 -0.17216974327931858
105 264 0.39239046862994487
105 267 -0.35293289600126027
105 270 1.303180480638972
105 237 -0.3985307948219493
105 240 0.3705855852405422
105 243 -0.2697433835970493
105 246 1.297886721559699
105 249 0.5508828745202715
105 252 0.9787993225436643
106 107 0.3486230422535578
106 183 -0.5777665131016685
106 186 2.127000050658707
106 189 -2.4195395161620317
106 192 0.27590740392117696
106 195 1.0432389314355088
106 198 -1.3560748476595152
106 165 -0.4039549896236747
106 168 -1.4986560520940633
106 171 -1.158604010492476
106 174 -1.3790932660393413
106 177 0.4257740400048963
106 180 -0.04941261274977846
107 108 0.9271070175004138
107 219 -0.4658724312823089
107 222 -3.0990093925793953
107 225 0.5946554936381548
107 228 -0.6633317483167834
107 231 1.424098220903542
107 234 1.4002637818890147
107 201 0.026086807926005456
107 204 -1.4737080032163146
107 207 -1.4384455953751265
107 210 1.870178857279284
107 213 -0.4692656431098455
107 216 -2.3139962862067165
108 255 0.4952369185809604
108 258 -0.09808824694874163
108 261 -0.18920711123747364
108 264 0.08456908956876573
108 267 1.580609126150671
108 270 0.43553730801345486
108 237 -1.2844339190862568
108 240 -0.1753583550252432
108 243 0.14117694212304172
108 246 -0.7621204759906153
108 249 0.33247159963368345
108 252 -1.4086098734506567
109 110 2.349083116337103
109 112 -0.05045778584010671
109 183 0.4795608033705672
109 186 1.9676292918229332
109 153 0.06925521777804033
109 156 2.5044762013559234
109 159 -0.4213550440725866
109 162 -0.2797672010151134
109 165 0.3128267345830156
109 168 1.054944591227986
109 171 0.8441403030749374
109 174 -1.4781969369338128
109 177 -0.9283440899672939
109 180 0.1780170026482836
110 111 0.2116257646280716
110 113 -0.53660919095276
110 219 -0.48835157521087935
110 222 -0.3905502974193486
110 189 -0.6228921540273121
110 192 -1.3478124446489872
110 195 0.07631279578809426
110 198 0.27266403829148084
110 201 0.7349618382677693
110 204 -1.459079091957159
110 207 -0.9684315611536314
110 210 -0.16285716844267994
110 213 -1.0219227245435232
110 216 -0.2778759962432131
111 114 -0.4666398480600356
111 255 0.8907627196964841
111 258 0.45454762931653375
111 225 1.3233059991153535
111 228 -1.3553090814882591
111 231 -0.34997627265813924
111 234 0.44643325265916406
111 237 -0.6076459960028001
111 240 0.8866255206162023
111 243 -0.004490091284727385
111 246 -0.5136884699310084
111 249 -0.1841676373043798
111 252 1.2030015417228246
112 113 -1.5142559261975668
112 183 -0.5895225089038237
112 186 -0.8910826470572051
112 153 1.6448268253285085
112 156 1.2446842960627618
112 159 0.5221197430942629
112 162 0.4152862329435949
112 165 -0.055444153290290524
112 168 -0.14217459571419466
112 171 0.746711562725231
112 174 -0.4570341120503776
112 177 -1.1765633550764312
112 180 -0.5619555950124562
113 114 -0.16965102055624864
113 219 1.6981690010324744
113 222 0.9713488099789664
113 189 -0.30114858750308887
113 192 1.4033399711831989
113 195 -0.918332829655966
113 198 -1.5580708758950208
113 201 -0.4935047957035022
113 204 0.18499993767263256
113 207 -2.094408609229557
113 210 -0.18510277574539669
113 213 -0.4979925276843476
113 216 -0.07079178178624992
114 255 0.7840833341777326
114 258 -1.1323182495358832
114 225 0.4312518646503415
114 228 1.2397626683758889
114 231 -0.2505499614450784
114 234 -0.4406023565495791
114 237 -2.5669309608210598
114 240 -0.015207257448745206
114 243 -0.2041355983688232
114 246 0.5753313382261646
114 249 -0.49541084341995734
114 252 2.4686157136392213
115 116 0.7721183743820824
115 118 -0.45776347705275494
115 183 -0.5628109248159667
115 186 -0.15300521522694963
115 153 -0.14523584775550943
115 156 1.3985107611846872
115 171 1.1144487039109707
115 174 0.8614506139005412
115 177 -0.13213625022870754
115 180 -0.21968862703832887
116 117 -0.2229154185408095
116 119 -0.20888121497477705
116 219 -0.5021390722410677
116 222 0.37021059090080455
116 189 -0.492794201635985
116 192 0.5446841018371588
116 207 -0.6377897402950689
116 210 -0.43609403173747696
116 213 -1.192854132010871
116 216 0.07595909762276878
117 120 -0.9017585677912733
117 255 -1.133925159990069
117 258 -0.37639053768468145
117 225 -0.2564057043784787
117 228 -1.8839633581216975
117 243 -1.238880774674199
117 246 -0.8192503622963248
117 249 -0.8816996936424617
117 252 -2.027311257085008
118 119 1.342061452703053
118 183 -0.4005730789524465
118 186 0.5217489968246253
118 153 1.1666497231687205
118 156 -0.8398051314743231
118 171 -1.1156769499643744
118 174 1.7896496218365159
118 177 0.8344667363782239
118 180 1.3851599014438025
119 120 -0.5470807350429485
119 219 1.616452008802911
119 222 0.9247109217374841
119 189 0.9975687566619718
119 192 0.7328114879023659
119 207 0.8616104323447508
119 210 -1.3632423697810623
119 213 0.09142816179768781
119 216 -0.4529724644442727
120 255 -1.144919020853549
120 258 0.7830849630760414
120 225 -1.7177985908060183
120 228 0.3696492808357165
120 243 -0.7395052612902391
120 246 -1.6769593776581508
120 249 1.2768005904165667
120 252 -2.057528664519539
121 122 0.7391577804185253
121 124 -0.2126641836342202
121 183 1.7932364174243485
121 186 -0.6895107773857453
121 189 -1.235580840376208
121 192 0.373250249996839
121 207 0.10116986928626401
121 210 -0.3887019052287981
121 177 1.7423615652961522
121 180 0.7645740981171442
122 123 1.7961174266784017
122 125 0.1795099308635905
122 219 2.3638499798448227
122 222 1.6569996398967173
122 225 -0.3455974383213389
122 228 0.8959877099828079
122 243 -0.9086381419923372
122 246 0.40928164908931713
122 213 1.088038059390744
122 216 -1.502689889460912
123 126 1.0990321220050727
123 255 1.1970934930049983
123 258 -1.0779648208732233
123 261 0.4291958806210201
123 264 2.181030573828486
123 279 0.3341564396344314
123 282 -1.0392195115847316
123 249 -0.22938814903069982
123 252 0.5270179990568717
124 125 -0.44764288806009284
124 183 0.9200303513810637
124 186 -1.1628228061402266
124 189 0.3030050845186807
124 192 -0.3349510555107547
124 207 -0.4126904721022035
124 210 -0.27081796608909464
124 177 -0.26701548692805077
124 180 0.9115501629264913
125 126 -0.389163166912537
125 219 1.294850280219018
125 222 -0.3066835492719286
125 225 0.7276810818166729
125 228 0.012057191994846804
125 243 1.0686432392847913
125 246 -0.9971927208978509
125 213 0.5927259307447112
125 216 1.4565092285602148
126 255 -0.028280418529649808
126 258 -0.3170692839338588
126 261 -0.4576547257459019
126 264 0.5839546926360619
126 279 0.6915694778187714
126 282 -0.6454894277317995
126 249 0.3709713542264456
126 252 -0.3209639386969365
127 128 -1.343280742938804
127 130 0.781040113371749
127 207 0.8035741083280531
127 210 1.0182528322809208
127 177 1.0429242459443806
127 180 -1.0140152280848214
128 129 0.5264162813597499
128 131 0.7061048932589473
128 243 1.5188249383659518
128 246 -1.5286932520400172
128 213 0.03181341257437289
128 216 0.7223515097003823
129 132 -1.0476412161382163
129 279 -0.06239045066927185
129 282 -1.044937211185058
129 249 -0.5928909149640781
129 252 0.1716920242882837
130 131 -0.1414783371842475
130 207 -1.240003174517878
130 210 -1.3747187554005327
130 177 -0.3788916565779731
130 180 -0.3969146586605221
131 132 -0.026788045319859788
131 243 0.02300573661202203
131 246 -0.15686417414804707
131 213 -0.5613665967210637
131 216 -0.6645283251866446
132 279 0.15564231839584244
132 282 0.2440415857344873
132 249 -0.5171723944332026
132 252 0.37924601584035506
133 134 1.6160817136385108
133 136 -0.08861806311277734
133 171 0.642617393886147
133 174 1.1089344287979923
133 177 -1.1503707850505338
133 180 0.4637689937908441
134 135 -1.6619927466333282
134 137 0.2262961115451067
134 207 0.6682421645821257
134 210 -0.8146704808509807
134 213 0.8353469458149725
134 216 -0.3254709940116048
135 138 -2.6906881452020137
135 243 1.5907708619102758
135 246 1.5444945415213949
135 249 1.237242346841959
135 252 0.5253397793207024
136 137 0.29715920206411706
136 171 -0.9255794319128703
136 174 -0.6758278623685472
136 177 -0.13706030906858221
136 180 -0.18023835234704624
137 138 0.2045311950690073
137 207 -0.6752064740682064
137 210 -0.3981665173124555
137 213 0.4773278953393873
137 216 -1.0048495128779862
138 243 1.86999973300178
138 246 -0.3221660449783611
138 249 -0.15460308028794242
138 252 -0.8088808257425247
139 140 -1.0509975934478604
139 142 -0.9724984828502518
140 141 0.2526824268222806
140 143 -0.06425441547391973
141 144 -0.06334926127561016
142 143 -0.49437556015321465
143 144 1.5529415471454906
145 146 0.6684261426654525
145 148 0.34100089868552624
146 147 0.11560630898321098
146 149 -0.748265523966561
147 150 0.940674161812052
148 149 0.15971732510010275
149 150 -1.267012183665623
151 152 -0.14793969767427845
151 154 -0.6424322630729843
152 153 0.38894146793963946
152 155 -1.6065098426464142
153 156 1.036385578366359
154 155 0.901081634526535
155 156 -0.16254713884844882
157 158 -0.9071354924304972
157 160 -0.44553225557468057
158 159 1.0401893394785218
158 161 0.2338299980562982
159 162 0.540754872251326
160 161 -0.6766061911677999
161 162 -0.27563979062450356
163 164 -1.4699517910825628
163 166 0.23967527100268862
164 165 -1.2564801649286346
164 167 -0.9421105789098223
165 168 0.06665206838552316
166 167 -0.4506586110634762
167 168 0.3407830347257841
169 170 2.2904561921257454
169 172 0.07605743200533095
170 171 -2.5000430514890555
170 173 0.5482344757293716
171 174 -0.4988960644951547
172 173 0.2680431984517776
173 174 -1.0905761650448456
175 176 -0.8082960618903542
175 178 0.260375978479476
176 177 0.7660574554410947
176 179 0.11694392177486505
177 180 0.993457545552527
178 179 0.1015701791885314
179 180 1.4282083110594945
181 182 -0.34686306205981166
181 184 -1.7255184522582043
182 183 -0.1109420996388947
182 185 0.4330284779152134
183 186 1.724042898454195
184 185 2.5037367619711404
185 186 -0.4831720823184661
187 188 -0.9476154896864885
187 190 -0.14240178272381687
188 189 -0.8712450057057515
188 191 -1.926067128663892
189 192 -1.208592844371098
190 191 -0.8392528417987786
191 192 -1.0304246800874337
193 194 -0.3595314890567492
193 196 0.2923731034986221
194 195 0.4105585544131262
194 197 1.173565226274042
195 198 0.8863497951618555
196 197 -1.362212887854282
197 198 1.69889287180657
199 200 1.10119274594715
199 202 -1.0290096263501443
200 201 -0.5994936324434884
200 203 -0.031189882653987453
201 204 0.04092167207956589
202 203 0.29338264142220605
203 204 -0.31996772963797104
205 206 0.7309379812856811
205 208 -1.2691892688690587
206 207 2.0866566127948336
206 209 -0.3940897708958668
207 210 -0.926154232088312
208 209 0.3332170818491515
209 210 0.8432929554984215
211 212 0.20332049572214006
211 214 -0.9307254284516628
212 213 -0.9945261448156657
212 215 -0.5509781948688981
213 216 -0.2506617018618966
214 215 0.7101504816095678
215 216 0.12033205637576763
217 218 -0.29936799497335054
217 220 1.1092112925607747
218 219 0.4377142925215161
218 221 0.5408618901063614
219 222 -0.5209483714271325
220 221 1.5663508175404968
221 222 -0.46356887027506194
223 224 1.0334624604147027
223 226 0.31488145253250555
224 225 -0.2454539840845792
224 227 2.0441637621831297
225 228 0.5999128882041865
226 227 0.004347936207263135
227 228 -0.10928738661068073
229 230 -1.1336745031606041
229 232 -0.33371235742411326
230 231 1.4348115799153833
230 233 -2.247450875633864
231 234 -0.007622010358791456
232 233 1.615379240487179
233 234 -0.02051509497434036
235 236 0.7274244689168108
235 238 0.12237174094400538
236 237 -0.34873349266410875
236 239 0.7561673278328791
237 240 1.0554895081826332
238 239 -0.539870806434798
239 240 0.04397297275711469
241 242 -0.16942283327358465
241 244 1.571477138534213
242 243 0.07694713460923532
242 245 0.9532424667069256
243 246 -0.8729775008679513
244 245 -2.128198970916502
245 246 -0.7479567994042383
247 248 -0.8926853638027601
247 250 0.8133263817393328
248 249 -0.20743174665678363
248 251 -1.2349233195342035
249 252 0.40139453540888737
250 251 0.3151430701699322
251 252 1.1582907348095053
253 254 0.15684666641164344
253 256 -0.9676854888494143
254 255 0.073210999710793
254 257 1.279656204072502
255 258 0.08322084944730948
256 257 0.659247054353048
257 258 2.121523269385566
259 260 -0.15759771052457539
259 262 -0.623615965450201
260 261 -0.44560873517370225
260 263 1.2961468877776265
261 264 -0.5323772943529527
262 263 -0.3115282508057854
263 264 0.580253924807431
265 266 -0.7935372775042455
265 268 2.0153597958552956
266 267 0.6009134255809753
266 269 -0.879014324098252
267 270 0.11129820606259097
268 269 1.3916070844092499
269 270 -0.6869561219784258
271 272 0.13642393267066696
271 274 -0.9133210055888388
272 273 0.12098040810339625
272 275 -0.5041687789866127
273 276 0.15724686471606955
274 275 0.5154650568688278
275 276 0.8062858673991778
277 278 1.0396116489505938
277 280 -2.2048252850442394
278 279 -0.18953967242726505
278 281 0.37159030225367823
279 282 -1.8046542100982748
280 281 0.0058150136797036935
281 282 -0.0419124822469429
283 284 -1.405770477672434
283 286 -0.06015442225739114
284 285 0.9112898154874486
284 287 0.048060920690536
285 288 -0.6789240299781006
286 287 1.0293877738921877
287 288 0.28156574291691094
