# 
1 1 0.8221710171398242
2 2 -1.4358935209947778
3 3 -1.9431788831024899
4 4 0.17494910741382916
5 5 0.5344803297924307
6 6 0.016622041223617857
7 7 1.015993236484108
8 8 2.1759170655419915
9 9 -1.849471092008983
10 10 -1.1225369093682172
11 11 1.3063297284294677
12 12 -1.245053749186948
13 13 -0.8527566733860806
14 14 -0.6582502763805427
15 15 -1.0478938566993243
16 16 0.04634065159163057
17 17 -0.15576105628002
18 18 0.18958443360541566
19 19 0.7198510411764559
20 20 -1.4156734138113984
21 21 -2.3170056407999184
22 22 0.6826302385771484
23 23 0.607015919340464
24 24 -0.940169026806827
25 25 -0.33200602594257717
26 26 0.876701602199445
27 27 0.23262754569545607
28 28 -0.6014068984497831
29 29 -0.06359628060904336
30 30 2.0535830831604076
31 31 -0.6337470784289597
32 32 -0.43994225196046793
33 33 0.02879068580948146
34 34 0.5087671164053412
35 35 -0.012917844550378907
36 36 0.09448470903233948
37 37 -1.0408774085133468
38 38 0.10186752777904189
39 39 1.1236376335910148
40 40 -0.43618775496158396
41 41 -0.8507011281119498
42 42 -0.4362034568607998
43 43 -0.07913266332402116
44 44 0.3933364106951199
45 45 -0.8888410227141393
46 46 0.8140248585222741
47 47 -1.053964896262113
48 48 0.8618875840374064
49 49 0.600881465396245
50 50 -0.06584211029318378
51 51 -1.2977337473530948
52 52 0.8476617213845326
53 53 -1.3465681214234395
54 54 -0.00982556555133108
55 55 1.4352486969048504
56 56 1.3845657513762057
57 57 0.8607750786494645
58 58 -0.14594291962075795
59 59 -2.3965082787789096
60 60 -0.13634315390113794
61 61 0.31325303643969166
62 62 1.369139837493705
63 63 2.4256580946713506
64 64 -1.0160070472973952
65 65 -0.567758282025993
66 66 -0.0712416970059255
67 67 2.4886566341446916
68 68 -0.6959540570194728
69 69 -2.1592473910192242
70 70 -0.6233837672804895
71 71 0.44345651676436715
72 72 -0.9875508441510196
73 73 -1.1442362832987851
74 74 1.9339542102366578
75 75 -0.44501824156198394
76 76 0.6177615022081695
77 77 -0.5125029134962458
78 78 -0.5114672760204431
79 79 -2.453695205222108
80 80 -1.7015489625781264
81 81 -0.029669636547047646
82 82 -0.19201007542728
83 83 -1.59275193549791
84 84 1.0270293170259202
85 85 -0.45717339985957717
86 86 -0.7556090544972895
87 87 -0.585098221353864
88 88 1.525012409637854
89 89 -0.41641045570615404
90 90 -0.3526436170690633
91 91 -0.22746577488757727
92 92 -0.32683964026648726
93 93 -1.4807915411079293
94 94 0.9455834832791701
95 95 -0.9582407113582667
96 96 0.6630280142024393
97 97 1.4106353828585412
98 98 0.9900389056101133
99 99 -1.3198837298324706
100 100 0.3301756927341691
101 101 -0.651520053339015
102 102 -1.884927247988598
103 103 -1.3859911664733366
104 104 -0.9894401838582372
105 105 -1.7398757532815343
106 106 1.7815011822326368
107 107 2.251384739037972
108 108 -2.266811867829745
109 109 -0.8740743017251739
110 110 -0.5104141039913677
111 111 0.45528599886096394
112 112 0.579194828850185
113 113 -0.33697426865230573
114 114 -0.35363143350624576
115 115 -0.4582212208959532
116 116 0.6969756560649885
117 117 1.3546276132041204
118 118 -0.33476188374994115
119 119 0.14875216808041727
120 120 1.0307337773435494
121 121 1.0869876839326194
122 122 0.14796665803463058
123 123 -1.4785400232680836
124 124 1.2080412222626806
125 125 1.2109645424302655
126 126 -1.1315482422274676
127 127 -0.19233507137968378
128 128 0.24748440297471366
129 129 -0.750062175508356
130 130 -0.40264131481152277
131 131 0.6638938414518086
132 132 0.37841370400659285
133 133 -0.2947928916300276
134 134 0.4217313342503271
135 135 2.6333869519810595
136 136 0.03480483784703738
137 137 1.1046974247788557
138 138 -0.11082181049948855
139 139 -0.9927881469915806
140 140 -0.4000074254357792
141 141 -0.14231696198591887
142 142 0.6889708288102794
143 143 0.869112032724822
144 144 1.0050861010317709
145 145 0.563228278753841
146 146 0.46623887286440446
147 147 0.14357382100142133
148 148 -0.5339137186150864
149 149 -0.7924675805100956
150 150 -0.8559650974334702
151 151 0.34018285742671717
152 152 0.49285491089199845
153 153 -0.7694789405807384
154 154 0.21637686812134915
155 155 0.6276742107718197
156 156 0.030114206548986985
157 157 -0.5879919121594793
158 158 -0.1490474424114925
159 159 0.5147374001822858
160 160 0.04914570058719648
161 161 0.8127925178563804
162 162 0.7202988402720332
163 163 -0.30319039279884724
164 164 0.026400681569426054
165 165 -0.4401935544869146
166 166 -0.3032167290880612
167 167 -1.1759811778123703
168 168 -0.4245822910772446
169 169 1.360775810321233
170 170 -0.9479382826988311
171 171 0.9048642248420617
172 172 -1.283059581281465
173 173 1.3769498653321506
174 174 0.40974848595792007
175 175 0.4598984233311339
176 176 0.6068483079653573
177 177 0.0014458200311906267
178 178 0.10171277027063048
179 179 2.6326410796880033
180 180 -0.45767023554470615
181 181 0.10815337437659428
182 182 -0.7635264615386423
183 183 0.43661437873098696
184 184 -0.243794941104506
185 185 -0.802919940197021
186 186 -0.887090322842113
187 187 1.459130348764897
188 188 0.5149248744713536
189 189 -0.40538799606360093
190 190 0.15808382091843967
191 191 -0.6546737656323331
192 192 -0.5493206419478238
193 193 -0.39720685742860823
194 194 -0.23579971277012723
195 195 0.04703367304871718
196 196 -1.35479801539981
197 197 1.5631506761581337
198 198 1.8908781678058801
199 199 1.6131079901435528
200 200 -1.5703381022333045
201 201 -0.12793257199671096
202 202 1.1222709059762457
203 203 -1.0924783207576658
204 204 0.0647017484399267
205 205 0.3141480939365253
206 206 0.33785322042620036
207 207 -0.02683698258002879
208 208 -0.5407887330327723
209 209 -0.24651787953699467
210 210 -0.1570887809542566
211 211 -2.8124261343353476
212 212 -0.1946321130790962
213 213 1.5236788972175381
214 214 1.1244732742946533
215 215 -0.053167504537764504
216 216 -0.9470127788774475
217 217 0.4088879636794045
218 218 -0.43459359132697495
219 219 -1.7608900513474732
220 220 1.4566627454595944
221 221 1.467752294117508
222 222 -0.05035870376898355
223 223 -1.4618183299583962
224 224 -0.7886283485569846
225 225 1.3604864002674808
226 226 0.8135781726284969
227 227 1.3433483757779774
228 228 0.10692628026157602
229 229 -0.832643957235461
230 230 -0.9713468507268957
231 231 0.63908616932461
232 232 -0.1514345389005753
233 233 -0.3713114345584647
234 234 -0.4741005822511488
235 235 -0.11240653964159204
236 236 0.6503536190416843
237 237 -0.10856027136510935
238 238 -0.1371841253803646
239 239 -0.0023326927989648786
240 240 1.3414285319216959
241 241 -1.8861936881271362
242 242 -0.21414692169201857
243 243 -2.2705094188526145
244 244 0.4192168586924441
245 245 1.1063075444968233
246 246 -1.299685379141009
247 247 -1.86227992667672
248 248 -0.028457685143141245
249 249 0.5180560586911964
250 250 -0.5348952492943398
251 251 -0.25223159182222404
252 252 -0.8143105529971666
253 253 2.1314999026247765
254 254 -1.2961584530926613
255 255 -0.6380254427822312
256 256 -1.0065195787084749
257 257 -0.29496991394712674
258 258 -0.24883010413806922
259 259 -0.5633088948597021
260 260 -0.624543816409215
261 261 0.26470343068217367
262 262 0.6814127398702302
263 263 -1.750951011542982
264 264 0.01550533879594819
265 265 -0.5558594605043458
266 266 0.6685304102847278
267 267 -0.6877768058974008
268 268 -0.980405023043434
269 269 -0.2520090034357127
270 270 2.097826385387759
271 271 -0.5328763064732789
272 272 -1.7917019092730442
273 273 0.12586523151970028
274 274 1.9011230526665974
275 275 -0.24644725236081388
276 276 -1.103230655653354
277 277 -0.194757378641684
278 278 1.9391093678462366
279 279 -1.4012677313370667
280 280 -1.6265119655429032
281 281 1.1166309623065425
282 282 0.23747662413694873
283 283 -0.24039749815295863
284 284 -1.9654159510447542
285 285 0.8979691744106699
286 286 -0.01187852386598512
287 287 -0.6716742780350589
288 288 0.9774486981088594
1 2 0.10658191058522312
1 4 -0.4671336078259245
2 3 -1.3363985199702582
2 5 -0.6255534012383086
3 6 -0.5952749592103231
4 5 -1.2711062004775049
5 6 2.14678234375298
7 8 -1.3675416257577504
7 10 0.2326835300585323
7 157 0.6750664747594564
7 160 0.4788944864926694
7 163 -0.18046659387528685
7 166 -0.9766397366864683
8 9 0.30043399690490813
8 11 1.27762276584708
8 193 0.39034886758621556
8 196 -1.1025967690421343
8 199 -1.0270573507411547
8 202 -1.861936643989392
9 12 -1.3794504912613592
9 229 1.3379298568724034
9 232 1.0017160345125873
9 235 -0.2007336639023318
9 238 -0.15623230266436616
10 11 1.878803797244815
10 157 0.6884765656831359
10 160 -0.3511723727222035
10 163 0.04745140048059235
10 166 0.016552493109353254
11 12 -0.7600095095019126
11 193 1.2004000166819875
11 196 0.9994208610818454
11 199 -2.1050136593234767
11 202 0.6899824258517024
12 229 0.1677659140160821
12 232 -1.057276257826897
12 235 -0.5695962407029053
12 238 -0.3999648186068845
13 14 1.6793969188934335
13 16 -1.6044455187833535
13 193 -0.4744185338101953
13 196 -2.3825950154827056
13 199 2.0892272967496077
13 202 -2.137606634662195
14 15 0.9032295741955914
14 17 -0.6657650418324887
14 229 0.240902987675593
14 232 0.4277081041742617
14 235 0.08265014151040406
14 238 -2.6352820196345954
15 18 -1.4582115203503714
15 265 0.9302164439938136
15 268 -0.5741714665343783
15 271 -0.9527311469459064
15 274 0.529093707964189
16 17 1.3013115255458532
16 193 1.9711634958792688
16 196 -1.5897128630977988
16 199 0.23096368538363352
16 202 -0.2748788039575319
17 18 -0.154031965604067
17 229 0.21906800985462846
17 232 0.25599745205513863
17 235 -0.20894305218247983
17 238 -1.012551419967845
18 265 -1.1911827054331627
18 268 0.5150197798875099
18 271 -0.3962069210152999
18 274 -0.6732548071354288
19 20 -1.752154266078319
19 22 0.21845600897184336
19 181 0.36510586184096755
19 184 1.068964403799503
19 187 -1.018955416025495
19 190 -0.6562193946782242
19 193 -0.1503602349930192
19 196 -1.256855358990714
19 199 -1.1188115059059331
19 202 0.4729593156018151
20 21 1.5346320167890906
20 23 -0.9137943051692891
20 217 0.36454801493696454
20 220 -0.050876005548988835
20 223 -0.5440209115919159
20 226 -0.11138090560123977
20 229 -1.6011965472254643
20 232 -0.6739122643206937
20 235 0.29317371302048334
20 238 0.45084393340279
21 24 1.49236126031636
21 253 -0.044385505929667446
21 256 2.049100576179471
21 259 -0.47434625581923334
21 262 2.0608604354981432
21 265 1.2633473585101866
21 268 -0.6122587578655112
21 271 1.0041493865614148
21 274 -0.5820090642983484
22 23 0.6237309174221541
22 181 -0.1995495875170716
22 184 -0.6118963247075951
22 187 -1.403371245086282
22 190 -0.3193130837730928
22 193 -0.14250742165639746
22 196 -0.017132378023011388
22 199 1.1529851608443449
22 202 -1.9979997685425794
23 24 -2.485641620744179
23 217 -0.9761447709538451
23 220 -1.3816342153792256
23 223 0.5681824085286353
23 226 -0.16320164568751838
23 229 -0.589844885772984
23 232 0.8029778675016396
23 235 1.049973476344373
23 238 1.3442350832996373
24 253 -1.589023740872797
24 256 -0.2444025896180413
24 259 -0.1679932671148728
24 262 -0.8551928502831164
24 265 0.8060824217316219
24 268 0.957782940369254
24 271 1.897275455629894
24 274 -0.9996510359437796
25 26 0.5480413611234649
25 28 -0.14585413767771474
25 181 -0.09859352397056909
25 184 -0.9939164616654242
25 187 1.2167757524210983
25 190 1.3535146799536248
25 193 -1.4552192029963278
25 196 1.1660637919767014
25 163 -0.17573276769342444
25 166 0.9428646415356838
26 27 0.9730615908403887
26 29 0.15752981609193
26 217 0.6678313878518074
26 220 -1.6504332666396138
26 223 -1.0583190673477996
26 226 -1.026587514499007
26 229 0.4447061793361123
26 232 0.7281680166802552
26 199 -1.0851711716030428
26 202 -1.2173191657033449
27 30 -0.4577645194143822
27 253 -0.09986248577395845
27 256 0.37117144319809015
27 259 -1.6178923567100616
27 262 0.5254738782140834
27 265 0.9783446650749775
27 268 -1.3206527067645142
27 235 0.7516643259125745
27 238 0.555180893965331
28 29 0.7781348171678226
28 181 0.28939607372106463
28 184 3.607974677770275
28 187 1.144989668109724
28 190 -0.17470034916342442
28 193 0.8329156958187888
28 196 -1.2901640312676397
28 163 0.8552013255481129
28 166 -0.1849574054740219
29 30 -0.4685962255168376
29 217 -1.4644864631786279
29 220 0.9060866289644505
29 223 -0.8627858573299845
29 226 0.36676008209085753
29 229 1.1734366140665753
29 232 -0.18152961663363204
29 199 -1.279765265423368
29 202 -0.7822301031862823
30 253 -0.43299486537337706
30 256 0.029196677704844284
30 259 -0.3995792010080091
30 262 0.08486605358464736
30 265 -0.05701077931769685
30 268 0.8234141689480441
30 235 -1.1108087283922992
30 238 0.1039032532439925
31 32 0.4363597920997657
31 34 0.009984317887195856
31 181 -0.8211406839719169
31 184 0.5956521887290628
31 187 0.6071554228238587
31 190 0.42547651163310973
31 193 -1.6263224757570525
31 196 0.012036064358582881
31 163 -1.5064499691755042
31 166 -2.774947701445843
31 169 -0.031298807866482474
31 172 -0.6571039395079187
31 175 0.043072912590944645
31 178 -0.3549843029976749
32 33 -2.0149204170550292
32 35 -0.7278574846960842
32 217 0.03049301620581306
32 220 0.31712300732857224
32 223 1.1513335365083004
32 226 -2.15597702888933
32 229 0.23042657293084018
32 232 0.014513834149754651
32 199 -0.08994803895491102
32 202 -0.8366991856355489
32 205 -0.9691996932515659
32 208 -1.2525149753673697
32 211 2.17385858671263
32 214 0.4467076164378274
33 36 -0.5404449396391092
33 253 0.4882885958377571
33 256 -0.7979282988602832
33 259 -0.6774711808821706
33 262 -2.1384923006866416
33 265 -0.5846608847252609
33 268 0.5479787905577141
33 235 -0.1646198668353744
33 238 -0.07964136558348828
33 241 -0.5894150481006488
33 244 0.14444254171508245
33 247 -0.1080195955682467
33 250 -0.22268595379532372
34 35 0.9921380508563236
34 181 -0.7601824729998654
34 184 -0.8862791988216716
34 187 -1.5825776807021406
34 190 -0.8916645456446913
34 193 -1.2828033328879516
34 196 0.2066498153815353
34 163 -0.9103096810252916
34 166 -0.2183732505173304
34 169 0.16351827133203736
34 172 0.8207169321130644
34 175 -0.19134506721229194
34 178 0.013298083733640194
35 36 1.451459470415849
35 217 -0.2342892040418699
35 220 -0.8749034952338792
35 223 -0.5418526705880847
35 226 0.08407578415452618
35 229 0.09817927163143646
35 232 -0.3222858648978803
35 199 -0.5155719509085963
35 202 0.35438095719297236
35 205 -0.542665149828087
35 208 -0.20591959071828017
35 211 0.4672248907807539
35 214 1.0570251720739585
36 253 0.10778240684297671
36 256 0.20508455752156207
36 259 0.11199511899104783
36 262 0.31816797100637756
36 265 0.3596079627300897
36 268 0.3063004052096603
36 235 -0.8367069572668723
36 238 0.4708611416295033
36 241 -1.2324672685249192
36 244 -2.669508600891644
36 247 -0.8791265805388513
36 250 1.0551273154366
37 38 0.35839297136425524
37 40 0.42409576443603114
37 181 3.0884490653239554
37 184 1.5931543290731247
37 151 0.02255003660799729
37 154 -0.8928651700266066
37 157 -1.0384951353349818
37 160 0.5868074764486347
37 163 0.5303646510635304
37 166 0.12565922784194428
37 169 -2.407989917770748
37 172 0.728825482851677
37 175 0.5010372422177524
37 178 0.12582915746728643
38 39 1.0889947046530999
38 41 -0.2810574583473475
38 217 -2.1443623143611337
38 220 -0.041606489981853095
38 187 1.3273588548112223
38 190 -0.7982456305221411
38 193 -0.5033649559695512
38 196 -0.13487587474700904
38 199 0.35249842551250893
38 202 0.8837789452180916
38 205 -0.9336227310562951
38 208 1.2187372850454232
38 211 1.5472582780259312
38 214 1.2562394845671874
39 42 -0.4595855599251387
39 253 -2.148158055605205
39 256 -1.379446257725809
39 223 0.33309387133825
39 226 1.0428320249331615
39 229 -1.0277609282048188
39 232 -0.9351263751159381
39 235 0.4635883729541842
39 238 0.3675663573933537
39 241 -0.8070852513191704
39 244 1.1497857689000224
39 247 -0.4351592445315092
39 250 -0.6381632753884988
40 41 0.4777036885655707
40 181 -0.7944950196786893
40 184 -1.6524131242028746
40 151 -0.34985235994082375
40 154 1.1661693240621698
40 157 -0.711045527747031
40 160 0.7032280731933677
40 163 -0.06644959016812013
40 166 -1.8873489408017319
40 169 -0.05134149494585524
40 172 -1.493117376342177
40 175 1.4629059939150761
40 178 1.5909233757057866
41 42 0.0613100657296746
41 217 1.7686822357729408
41 220 0.7315280305033571
41 187 1.1670024808106827
41 190 -1.340533690940976
41 193 -0.09528503365440351
41 196 0.39005857629412993
41 199 -0.7919819610183243
41 202 0.4759649636627558
41 205 -1.0265117525563587
41 208 0.17168545642532523
41 211 -0.8526213365489369
41 214 -2.3919270514370825
42 253 -0.19873893042508434
42 256 -1.368463531242081
42 223 -0.7265838799939028
42 226 -0.9707964195271345
42 229 -0.48945734390131246
42 232 -1.0897630909871
42 235 -0.6661835788705959
42 238 0.6508749344594978
42 241 0.6781485994421171
42 244 0.9173863812811208
42 247 0.5667263512607296
42 250 -0.40374948035031916
43 44 -0.6057907101259024
43 46 1.0009303399907359
43 181 -0.10714453292105411
43 184 0.10884586479373608
43 151 -0.0821879473188082
43 154 -0.19843362342090676
43 158 -0.915948126120016
43 161 1.7922338889475868
43 164 0.5214036484054384
43 167 1.1192371120365363
43 169 -0.6696183564040749
43 172 -0.4757305798336097
43 175 -0.22262383183203432
43 178 1.0537803555935812
44 45 0.44420262691731405
44 47 0.1788188863445208
44 217 0.7378845875134098
44 220 1.0872433656863645
44 187 1.586005600442538
44 190 -0.6133756453290005
44 194 -1.046593423178447
44 197 -0.46401592646247924
44 200 -1.0492120121932207
44 203 -0.003369350118728296
44 205 0.9317943937360446
44 208 -1.8972621345906782
44 211 -0.9725932161779677
44 214 1.409529182485187
45 48 -0.8427272375383714
45 253 -1.2475586145270403
45 256 -1.2190891628425033
45 223 -0.7309362642678318
45 226 0.8724718640277812
45 230 -1.495064191716176
45 233 0.4078582181544266
45 236 -1.3312836844834226
45 239 -0.7114235113735788
45 241 0.22112702607511134
45 244 0.7780158212310075
45 247 0.17075837059418128
45 250 -0.08574591085120697
46 47 -0.8276725237173426
46 181 0.032282621188168895
46 184 -1.429389002489668
46 151 2.0392028678330756
46 154 1.164062618325555
46 158 -0.5800483768892807
46 161 0.9660004990797443
46 164 1.0588731585965758
46 167 0.06038246261982201
46 169 -0.01777656465529803
46 172 -1.2831904125746687
46 175 -0.5562284163627563
46 178 1.8792154978257325
47 48 -1.1951582653946247
47 217 -0.7494223570175449
47 220 0.5687103690483454
47 187 1.1324368687455866
47 190 0.3271426995864704
47 194 0.09525099730883096
47 197 0.5554116433080729
47 200 -1.3848764639853743
47 203 -0.7497201148642185
47 205 -1.1418732894186052
47 208 2.4466703194446655
47 211 -0.682431936214922
47 214 1.6078538613641757
48 253 0.934515742300177
48 256 -1.4141117756909716
48 223 -0.20482188962561784
48 226 1.2597535878243367
48 230 -0.980053367552153
48 233 -2.1907472200773435
48 236 2.397499526774261
48 239 0.8703854108012709
48 241 -0.23650845453366945
48 244 0.6596728037424212
48 247 -0.49450278171866746
48 250 -1.0184739151800453
49 50 0.4388103399985419
49 52 -2.1122121921883052
49 181 2.638818336170094
49 184 0.176253667946066
49 187 1.2737217931185474
49 190 1.5133938861551002
49 194 1.2875669855353653
49 197 -0.09272603782674971
49 200 0.2530410414819449
49 203 1.320528400707165
49 205 0.8402504099678686
49 208 1.022722921994418
49 175 0.6242415996725007
49 178 1.0064543999904512
50 51 -0.32284095548024894
50 53 0.6534275455333852
50 217 0.3260755309895025
50 220 1.1307012430052066
50 223 -1.6793643393567255
50 226 0.8375726396442804
50 230 2.0031736797328583
50 233 0.15503279154484953
50 236 -0.36025665133083273
50 239 0.8623820227829675
50 241 0.8404918376645851
50 244 -0.6038690100035794
50 211 1.4077281511837163
50 214 0.4003651314736538
51 54 -0.4930047010771572
51 253 -0.17762181204503807
51 256 1.9002257987931352
51 259 -1.1148849114344555
51 262 -0.26321137763512453
51 266 0.4763004216785953
51 269 0.8551410157223795
51 272 -0.9319596087506381
51 275 -0.006083684585046978
51 277 0.7465963617400755
51 280 -0.16691853800841794
51 247 -0.9814237055027434
51 250 0.2003909550130729
52 53 0.18766014543047038
52 181 2.1347482195654224
52 184 -0.6517621391216087
52 187 -0.643179605978528
52 190 0.5053427866525338
52 194 -0.6232561155472066
52 197 0.1538322961266166
52 200 1.7037171598711567
52 203 0.43707122419923516
52 205 0.9603048472133341
52 208 0.5144779484824755
52 175 0.9543078223108117
52 178 -2.239213005113541
53 54 0.09227536180987166
53 217 -0.6656588497820826
53 220 0.5403602335247282
53 223 0.4545113028286881
53 226 -1.3863954331574633
53 230 1.9107097557011699
53 233 -0.17939855491296675
53 236 -0.8416601798959615
53 239 -0.641042440982265
53 241 -1.11284201173228
53 244 -0.027555556677769526
53 211 -3.0649917603051926
53 214 1.2731881373912706
54 253 0.7323406439077795
54 256 -1.6455683748602623
54 259 -0.4562320958220953
54 262 0.3136601885030525
54 266 0.5287063294665463
54 269 0.1315405582337159
54 272 -1.2564148370934323
54 275 0.9346066173111638
54 277 0.4954675844434235
54 280 -0.029810094521479334
54 247 -1.5604466706645832
54 250 -0.7258427136728591
55 56 -1.1589488104808265
55 58 -2.275719954076993
55 182 -0.9304684035976399
55 185 0.6761646009141122
55 188 0.19747630786242454
55 191 0.09299608174480938
55 194 0.8718467978634247
55 197 1.7060341072096215
55 200 -0.12994795244769314
55 203 1.470243229111701
55 205 -1.4702842686395063
55 208 -0.3268821212074934
55 175 -1.1378288129638867
55 178 1.837963268058421
56 57 -0.6818304116430098
56 59 0.7437864536896719
56 218 0.14871565934393408
56 221 -0.12889463498841544
56 224 -0.44427064727257676
56 227 1.3459133367756444
56 230 -1.7586433865629063
56 233 1.2793686214728346
56 236 -1.3012514575909535
56 239 0.07451063733747212
56 241 0.09981621107172405
56 244 1.040143806228329
56 211 -0.3877397802466123
56 214 -1.3498570762158835
57 60 -0.4604725685264334
57 254 -0.2502361977984232
57 257 -0.6050202757288758
57 260 0.34115605881784034
57 263 1.335894199527513
57 266 -0.5407093068063427
57 269 -0.20057553647937998
57 272 -0.8305388871172172
57 275 0.7841780207964021
57 277 -0.23387294184756394
57 280 -0.16936507922744568
57 247 0.005353509612145012
57 250 1.2120919297959951
58 59 1.159727885609333
58 182 -0.8129860206321835
58 185 0.28383547314874674
58 188 2.4378279191945147
58 191 -0.40228842239985435
58 194 -0.34895332885686264
58 197 0.549200311993274
58 200 0.7547391204953524
58 203 0.9275983719648385
58 205 1.5346413639029663
58 208 0.4405469434974549
58 175 -0.9542233453967975
58 178 -0.4322421306128464
59 60 0.06944187074958251
59 218 -0.25599678621120303
59 221 0.12037061309835502
59 224 0.04121618063417675
59 227 -0.25309931487433296
59 230 -0.5353625636158181
59 233 0.05118357983229188
59 236 0.362064905079955
59 239 -1.0457603467557093
59 241 0.0020178412368030522
59 244 2.0508704658851125
59 211 0.8773275887476627
59 214 0.5008336714075655
60 254 -1.2480652590953414
60 257 0.6118805628928345
60 260 0.2926484985738256
60 263 0.7950093640971583
60 266 0.2831602125498843
60 269 0.011950535149273077
60 272 -0.9780968250864769
60 275 -0.9475882430045119
60 277 1.3854041913456712
60 280 -0.6127075803990867
60 247 -1.6255027626202574
60 250 0.9959303808418237
61 62 2.518855316981836
61 64 0.4484707869943361
61 182 0.2587727099151276
61 185 0.6174007108785715
61 188 1.1137399574239828
61 191 -0.16850855288610833
61 194 -1.7158389902542204
61 197 -1.6239155758549095
61 164 1.3424893133482814
61 167 0.1020270763895766
61 169 -0.1256232082137046
61 172 -0.6379234461048838
61 175 0.6399602675996162
61 178 -2.1917563694160367
62 63 2.0485448545218463
62 65 0.7315643154300209
62 218 0.3657722090172173
62 221 -0.10301960644636232
62 224 -1.7074755769479515
62 227 -0.12049184603630854
62 230 -0.5767582790465483
62 233 0.3180353134548501
62 200 0.5114071608037146
62 203 -0.019098774741911902
62 205 -0.24665728291367858
62 208 1.3043285281656676
62 211 0.14132351913470906
62 214 2.540166948109495
63 66 0.6543506290355793
63 254 -0.10840405870100804
63 257 -0.6103555038842919
63 260 -0.7576793483162527
63 263 -0.04666851971331124
63 266 0.09621699324795356
63 269 2.447175237625269
63 236 0.2623333809834356
63 239 1.0835501233707625
63 241 0.459846553409126
63 244 0.8258414440499813
63 247 -0.39936330600181247
63 250 -0.10128572154808836
64 65 1.7341327605546613
64 182 -0.5186389807713964
64 185 -1.1061876718182688
64 188 0.2934503733349211
64 191 0.09846570395794772
64 194 -0.26444870028024753
64 197 -1.2108125292436809
64 164 1.0563990674293016
64 167 -0.2007406300713292
64 169 -1.0486933221738133
64 172 0.6320777394438053
64 175 0.471007741381434
64 178 -0.003199856129848913
65 66 -0.13063880003844805
65 218 -1.1777898048052318
65 221 0.048531968353194
65 224 -0.9456522994994191
65 227 -1.2450904552793747
65 230 -0.1766169118802252
65 233 -1.1303894612957688
65 200 -1.3089513252444054
65 203 0.06739095517091243
65 205 0.3122777708379918
65 208 -0.46091858945156433
65 211 -0.10400156458154071
65 214 -0.8593035169084245
66 254 -1.1740399358475473
66 257 0.23635514792749374
66 260 -0.6011747058587567
66 263 -0.6442248261276794
66 266 -1.1713718865054492
66 269 0.26664022100862983
66 236 -0.8041000934191495
66 239 0.8103448323903107
66 241 -0.19498665110001012
66 244 1.1417975135439726
66 247 0.9122829729600803
66 250 0.5365708636754121
67 68 1.5199576879277872
67 70 0.39977341727156307
67 182 0.18657232813564054
67 185 -1.1063377031714385
67 188 -1.2453020905781849
67 191 1.4765661816539057
67 194 -0.9699250523290912
67 197 1.2241332439289203
67 164 -1.2974392763175748
67 167 0.28344313109811325
67 170 0.9875578825559028
67 173 1.1409907052143107
67 176 0.322034153748457
67 179 -1.5510203021682942
68 69 -0.928390684032824
68 71 0.35688481291076496
68 218 -0.8271088015038304
68 221 -0.026686559053381707
68 224 -0.06134967085919999
68 227 0.31055306546032607
68 230 -1.5255261138229315
68 233 -0.5865034590849808
68 200 -0.9579317516922982
68 203 -1.2393566703830332
68 206 1.04284234042353
68 209 0.27372268856300724
68 212 -0.11358543482989265
68 215 -0.14989075229468588
69 72 1.2160181379915065
69 254 -0.24611409850339916
69 257 0.6740635489872974
69 260 0.1469246989716941
69 263 0.9178226901031439
69 266 -1.3774994327477956
69 269 -1.4874789970211717
69 236 -1.7209105936165836
69 239 -0.17287337175831588
69 242 -1.7487020040650516
69 245 0.7248459504780312
69 248 -1.4031659145068456
69 251 -0.5066184037635062
70 71 -1.4167767551566062
70 182 1.0463438702608145
70 185 -0.15190401970110803
70 188 0.2766424512599789
70 191 0.07971050752519808
70 194 1.4017719383357554
70 197 -1.0334272352579397
70 164 0.407786792066501
70 167 0.875817174955446
70 170 0.30785450178340257
70 173 1.0162799294986282
70 176 -0.9733532361210291
70 179 -0.3367310794330217
71 72 -0.1616542949018175
71 218 0.3430753633996964
71 221 -0.051357359084561606
71 224 -0.7253717961951869
71 227 0.050613022280719414
71 230 -0.44001736756842913
71 233 -0.8331682824634657
71 200 1.405456048500912
71 203 -1.8401941406799571
71 206 1.201857493785318
71 209 -0.7772246958216191
71 212 -0.5180251183772692
71 215 -0.4809697762137813
72 254 0.8705991972574623
72 257 0.6504106030844249
72 260 -0.0864113156301341
72 263 1.2668390465534423
72 266 2.484186363989282
72 269 -1.0676506998823942
72 236 0.7289243716237499
72 239 -0.6982016043251116
72 242 -1.9853680618320344
72 245 -1.0186172251309829
72 248 0.04009735444868576
72 251 0.30023218791111883
73 74 -0.11896883800798598
73 76 0.8159927217534766
73 182 1.6999955152843138
73 185 0.4659540650236733
73 152 -1.895697966396021
73 155 0.26268379770831446
73 158 1.0504665634140877
73 161 -0.27836244759857925
73 164 0.35489207461770284
73 167 -0.7208380516032051
73 170 0.6258080017755558
73 173 -0.10644060953719811
73 176 1.04009915953824
73 179 -0.0656632078096752
74 75 -0.24002973747505146
74 77 2.6492544359888766
74 218 -1.205108843281736
74 221 -0.4886529035174846
74 188 0.8621511537374794
74 191 -1.998557553814117
74 194 -0.13877160137390046
74 197 0.25341210679606047
74 200 -0.07207008829000175
74 203 0.5741901122737196
74 206 -1.188421299728507
74 209 -0.14688366879987702
74 212 0.16477280921756085
74 215 -0.5782960028960897
75 78 -0.07617248507506012
75 254 0.22747921842363003
75 257 2.3336417210294034
75 224 -1.208480358741709
75 227 -0.648717420144404
75 230 -0.5709590270187043
75 233 2.2415586854014515
75 236 0.287730270526606
75 239 0.611515456766
75 242 0.0006562934240638863
75 245 0.167337062712947
75 248 0.6663438919138346
75 251 -1.5440209918255248
76 77 1.7975378393209578
76 182 -1.1615990842985493
76 185 1.2075270119064005
76 152 -0.4518968598105254
76 155 0.7547303296446095
76 158 1.1549232662408475
76 161 0.2847406068093607
76 164 -0.1861323986975946
76 167 1.4034546769190472
76 170 -0.73324941194379
76 173 -0.26154505948479617
76 176 -0.6614341263691634
76 179 -0.07960482062874348
77 78 -0.08869328640021254
77 218 -1.290301604807427
77 221 -0.3128448343131557
77 188 1.236250776537733
77 191 -1.0633260887935359
77 194 1.7060001868739656
77 197 -0.9010937484180779
77 200 0.5986020238923201
77 203 1.11766672584414
77 206 -0.863596958153016
77 209 0.23323274599736663
77 212 0.5735237199152342
77 215 -0.8847703664068046
78 254 0.7820106271181158
78 257 0.8039896548677103
78 224 0.37201483046029277
78 227 0.11987209173243897
78 230 -0.044604099118544654
78 233 0.9715885351848212
78 236 -2.3904657854295666
78 239 0.3102955914905738
78 242 -1.5504016483410246
78 245 2.1434607701895185
78 248 1.428465856478028
78 251 -0.8807447093781747
79 80 0.9551110014311724
79 82 -2.102333538938825
79 182 2.1197341051237766
79 185 -0.2718849522840384
79 152 -0.8384327488715738
79 155 -0.7898366558807524
79 159 -0.04177015646545994
79 162 -0.3913390885470132
79 165 -0.6667395572381577
79 168 -2.560061950061008
79 170 -0.7309779093087297
79 173 0.7000381277123103
79 176 0.08863101102817993
79 179 0.21309991829300745
80 81 -1.0166063112226933
80 83 0.4760012961064994
80 218 2.219270067423918
80 221 0.3649378391919515
80 188 -0.7353754603615953
80 191 0.498738034233551
80 195 -1.750736707507793
80 198 -0.7517638233617435
80 201 0.5438406541191522
80 204 0.9699331305449812
80 206 -0.8137725262047174
80 209 -0.9580807679538239
80 212 -1.2898989368897884
80 215 0.6694952162262822
81 84 0.7286006069090768
81 254 1.1026730542644252
81 257 -0.8343222324071254
81 224 -2.3810617884143315
81 227 -1.4778216195009795
81 231 -0.4531035247180824
81 234 -1.3323009462022404
81 237 -0.22217963677455127
81 240 -0.7423504848920346
81 242 0.62180832666177
81 245 -1.8297938706674015
81 248 0.09959022268985536
81 251 -0.9369909561801554
82 83 -0.5926720575736888
82 182 -0.3901923628250119
82 185 -0.030362489535056825
82 152 0.058070973685071664
82 155 -0.7353275896186602
82 159 0.357633108119015
82 162 1.2276719470668105
82 165 -0.2899113144040638
82 168 1.7735207874888435
82 170 -1.0504638964131494
82 173 0.2112619103844942
82 176 0.14050858703080019
82 179 0.5072613960351167
83 84 0.3867697126170456
83 218 0.9721446356906456
83 221 -0.9207269205842724
83 188 1.9873831908404878
83 191 -0.6047381829171332
83 195 0.48698397833174134
83 198 0.9461551352438627
83 201 0.8202291772711918
83 204 -0.7439970313010735
83 206 -0.5643511990745049
83 209 -0.8150805558520036
83 212 0.29209573773717123
83 215 -0.754857455967887
84 254 -0.17268168438577822
84 257 -0.24298524135209984
84 224 -1.1468785704653521
84 227 -1.5558701417213023
84 231 0.2894012901154711
84 234 -0.0014784582234332727
84 237 -0.6154816159703208
84 240 -0.5391395865659616
84 242 -0.700689433686076
84 245 1.3227281797993893
84 248 -0.7364797828112236
84 251 -0.3206435211744472
85 86 0.8065596526944455
85 88 1.518950848455157
85 182 -0.722609981349257
85 185 -2.866056342305656
85 188 -0.6841356043073051
85 191 -0.09084982230002614
85 195 0.5336882556787815
85 198 0.3947141724905701
85 201 0.09277898403355442
85 204 -0.8094770673514747
85 206 0.5403569932998047
85 209 -0.9785219997309
85 176 1.0935801828468537
85 179 0.7992316270443544
86 87 -0.7273575767822937
86 89 1.2116246077303845
86 218 -0.9618782867063014
86 221 -0.4458720542986604
86 224 0.5891599632735699
86 227 -1.6401705281213705
86 231 1.1205666145331843
86 234 0.20367604244890705
86 237 -0.5458104852260368
86 240 -1.0852363385957662
86 242 -0.5731894706663777
86 245 1.6204982377751975
86 212 0.7975802823812812
86 215 0.35059625277176376
87 90 0.2607434430842824
87 254 -1.299781168506335
87 257 0.06154859889175699
87 260 -0.24824996012714434
87 263 0.37972979322786293
87 267 1.283195165193285
87 270 0.6277813598301345
87 273 -0.3047565230121279
87 276 0.8378536938688663
87 278 -1.0580300909923621
87 281 -0.7392876709784596
87 248 -0.7580240775425637
87 251 -0.7189726062497149
88 89 -0.1694713959048745
88 182 -2.105076014611945
88 185 -1.1554618998674353
88 188 2.0010655043294987
88 191 -0.572121223945955
88 195 -0.09899732203565902
88 198 1.3362249315165395
88 201 0.8845311532292738
88 204 0.24620421332760667
88 206 0.869033423516958
88 209 -0.22911808308159173
88 176 0.679564386880045
88 179 -0.32019055934663415
89 90 -0.21394768725900365
89 218 -0.501429337477273
89 221 1.4883782529407725
89 224 -0.29425642514739664
89 227 -1.1628402079539053
89 231 -1.298012000747654
89 234 1.2859547880837774
89 237 0.6260351360219633
89 240 -0.8847554642386374
89 242 -1.4022341315960274
89 245 -0.8631516646906903
89 212 -0.030805330276783643
89 215 -0.2408130586324492
90 254 1.0951964957046927
90 257 0.4693699479804735
90 260 -0.5324716048560608
90 263 0.9801092351439051
90 267 -0.7961281853974721
90 270 -0.735412264084291
90 273 2.674579599415221
90 276 0.15643398916350235
90 278 0.8945003890303928
90 281 -0.3375496358987844
90 248 -0.25295574556685835
90 251 0.8437008964682082
91 92 -0.974676459987369
91 94 -0.6255035646760234
91 183 1.0650914578068174
91 186 0.9229052464138497
91 189 -1.9525457241260114
91 192 1.6926093964318043
91 195 0.15574508186969532
91 198 1.1908686563754032
91 201 0.5790252651832327
91 204 -0.22543190360683815
91 206 -1.131744034131365
91 209 -1.1177073117249174
91 176 -1.4971346930151785
91 179 0.4310392768004082
92 93 -0.9883228626781952
92 95 -1.4227202871203029
92 219 0.813831176033604
92 222 0.9172109611157225
92 225 0.5086967122790211
92 228 -0.7246603406971583
92 231 0.24937821019832115
92 234 1.362315951522983
92 237 -0.4295299926114742
92 240 -0.523150001468359
92 242 -0.42292383807010997
92 245 0.7232491804332447
92 212 2.7975202143638325
92 215 0.20100391719034205
93 96 -0.5127979964482777
93 255 -0.2724846833947771
93 258 -1.9724513339964862
93 261 -0.5793037894139238
93 264 -0.7981275398872485
93 267 0.4837233790181523
93 270 -0.35151609541624035
93 273 0.6183406306981526
93 276 1.2353680717011335
93 278 -2.721111128635045
93 281 -0.39591592628317546
93 248 0.2460741273274795
93 251 -1.416293232894812
94 95 0.9547633497018948
94 183 -0.04482060746920214
94 186 -0.9812284240590291
94 189 -0.9802028971422867
94 192 0.11377054938386527
94 195 -0.19585221439360756
94 198 0.029975392924947008
94 201 -0.3963450596934546
94 204 -1.1499359056729135
94 206 -0.06239794729772542
94 209 0.6333712587441678
94 176 1.987683772695088
94 179 0.3142886403095542
95 96 0.6619234702690816
95 219 -0.29176841637017076
95 222 1.4088026996489287
95 225 -1.1827491748694383
95 228 1.0907047796295053
95 231 1.1543181338735435
95 234 2.651280216869143
95 237 -1.1072302834011643
95 240 0.06435453667555081
95 242 -1.4672418913129748
95 245 -0.4440099810846085
95 212 0.34544623595183893
95 215 -0.9908310095790882
96 255 -0.9887896870956508
96 258 -0.46763925754842284
96 261 -0.9128431864811435
96 264 -1.2536228566251697
96 267 -0.894536474761409
96 270 0.39585035599122015
96 273 0.9613177572202517
96 276 1.1477238498965106
96 278 -0.5935689788455908
96 281 -0.8659482726243968
96 248 0.8370616075758412
96 251 0.38597309741906327
97 98 1.2429843930026423
97 100 0.33607287195752206
97 183 -0.7706164760712237
97 186 0.7161794745638429
97 189 1.2577802238579514
97 192 0.3411705012209361
97 195 0.680586329415507
97 198 -0.2935634460599056
97 165 -0.7611166714783948
97 168 0.4332891197308524
97 170 0.20593664839775475
97 173 -0.8331198912820501
97 176 -3.097053179438233
97 179 1.7215669926895887
98 99 -1.9341048957952278
98 101 0.09722368311639731
98 219 -1.0174637705237677
98 222 -0.08064081269834245
98 225 0.018160373093461423
98 228 1.4209092652958586
98 231 0.015293201185046812
98 234 -0.5239705686541571
98 201 0.13252754719758295
98 204 0.622488831349784
98 206 -1.02268090381582
98 209 0.9183466086318187
98 212 -0.6565506083149191
98 215 0.6889776525802911
99 102 1.0642733149522932
99 255 -2.280756886422302
99 258 -1.1961726319121668
99 261 -0.18721327492287826
99 264 -0.635009643910468
99 267 1.1336525971931701
99 270 -1.1643397865903597
99 237 -0.3946232821445763
99 240 -0.264257323121381
99 242 0.9327822401774252
99 245 0.6550677213748748
99 248 -0.4245428031096231
99 251 2.263401560575599
100 101 0.5473651789268977
100 183 -0.030433080440077646
100 186 -1.0628869496256335
100 189 1.7479700236078943
100 192 0.22588183799549974
100 195 0.11861639874729199
100 198 -0.5654948941226888
100 165 -0.7176863129016151
100 168 -0.28373439350950863
100 170 1.236498927654019
100 173 -0.6306315669725782
100 176 0.5288536098662975
100 179 0.429098441980986
101 102 -1.0871787905278798
101 219 -0.059731096024782465
101 222 -0.2017411219795692
101 225 -0.9770158049559273
101 228 -0.09172616665507488
101 231 -0.2074782626150825
101 234 -0.2632935473514615
101 201 0.407148864591053
101 204 0.2420753075636751
101 206 0.29452026767585254
101 209 -0.24533101505950705
101 212 -0.20626789508057042
101 215 0.15244329980233637
102 255 -0.1841071678363949
102 258 -0.9065156087203015
102 261 0.3034515316648597
102 264 -0.8428222674004353
102 267 0.42671588127819376
102 270 0.41492286360945224
102 237 0.3257239993754792
102 240 -0.9739826787052964
102 242 -0.004998243483046019
102 245 -1.6521817298459303
102 248 -2.187581745910268
102 251 0.9039597859103952
103 104 -0.9267485663332762
103 106 -0.6722739338665978
103 183 0.12071484906350725
103 186 0.25759200961632034
103 189 -0.7175616098949135
103 192 -0.788831423725909
103 195 0.7572329464351512
103 198 -0.21576231743473276
103 165 0.8990259343158566
103 168 -0.6829177657100155
103 171 -0.7665726790783063
103 174 1.0135613163032264
103 177 0.3763556115624383
103 180 0.3038037834351728
104 105 0.8026004238057752
104 107 1.1393739407446701
104 219 0.9182555980105901
104 222 -0.18788124244092158
104 225 0.011854190805891797
104 228 -0.19313459263407146
104 231 -0.24653430004377722
104 234 0.8370276328640301
104 201 -1.5231670564587516
104 204 0.531855633776273
104 207 0.13088126854413792
104 210 1.2273044098778636
104 213 -1.595644568485433
104 216 1.6827890765514764
105 108 -1.2833292834143208
105 255 0.7943961261027315
105 258 0.4170342379386505
105 261 -0.5957358671280581
105 264 0.8560307067903777
105 267 0.5783414079983786
105 270 -1.190123801940091
105 237 1.6195811996099903
105 240 1.7523460740906076
105 243 0.7195467797264974
105 246 -0.1685322459115097
105 249 -0.6844137628723268
105 252 0.06235702781463956
106 107 0.8853433844666709
106 183 -0.47082331457403565
106 186 0.0027764260990006903
106 189 -1.2016343372367297
106 192 0.14318225634361068
106 195 -0.27031920287633554
106 198 -1.0693953442537096
106 165 1.0665852676291998
106 168 0.9468366843824352
106 171 -0.6998643527478617
106 174 -1.4424001444364576
106 177 1.043152002874052
106 180 4.40889839117895
107 108 -0.5729928113188185
107 219 2.164851474565432
107 222 -0.12331292991843827
107 225 -0.3754709125217778
107 228 0.7631721628900136
107 231 -0.560042609864255
107 234 -0.10026248568105561
107 201 2.342426302653364
107 204 1.1252414067109162
107 207 -1.5662276799592336
107 210 -1.423032809095479
107 213 -0.3780077852244611
107 216 -0.582762017035118
108 255 -0.3327941348445716
108 258 -0.7875812469067758
108 261 -1.4512955031331254
108 264 0.3466280303937691
108 267 -1.5044933455898974
108 270 -1.3865219870551917
108 237 0.3128227949756326
108 240 -0.5925440396461945
108 243 1.5212903432512823
108 246 0.588429448633269
108 249 0.9873068948569453
108 252 -0.3973884186960478
109 110 -0.43138666530073744
109 112 1.2810269569895751
109 183 0.013310794935476048
109 186 -0.5921694851580467
109 153 1.4431954180639721
109 156 -0.1496733074020584
109 159 0.5307920615070377
109 162 0.7766568304322476
109 165 1.629703119661796
109 168 0.5279879005038433
109 171 -1.1411362645279266
109 174 -2.4587912180178626
109 177 -0.2847605094334906
109 180 0.8264084516934117
110 111 2.427248505530743
110 113 -0.6000130259694917
110 219 0.46204143952896987
110 222 0.8989480916851231
110 189 0.3530803901865187
110 192 0.27978261561039713
110 195 -1.1124316142609263
110 198 0.6536698758607039
110 201 0.23570134575774276
110 204 -0.9317070627055043
110 207 -2.352449358290943
110 210 -0.23044489081943098
110 213 0.6872972443676896
110 216 0.9386104556977578
111 114 -1.0372108025094025
111 255 2.024725345490818
111 258 0.39133748845433003
111 225 1.0351409755689083
111 228 0.08933988186889104
111 231 0.5762140332218706
111 234 0.716535535567103
111 237 -1.4836870907836295
111 240 1.79437450717402
111 243 -0.5838513898501425
111 246 2.7574804183251147
111 249 0.13292631479733838
111 252 0.5630438240530731
112 113 -0.5120250449561261
112 183 0.9960742197015438
112 186 0.6636367882426226
112 153 1.1558860582858224
112 156 -0.046845869594951406
112 159 -1.6200547814817046
112 162 -1.6107474185677328
112 165 -2.784678024224368
112 168 -0.1751131375898255
112 171 -0.29298535389471897
112 174 0.01905308596421833
112 177 0.163713116669093
112 180 -1.3644277385223071
113 114 0.9092576907440596
113 219 0.8714801496437357
113 222 -0.32781641901411934
113 189 -0.6753641834030717
113 192 -0.09879933077341382
113 195 1.9878002951565736
113 198 -1.0088979385994437
113 201 -0.26203556303294123
113 204 -1.6612519063528477
113 207 0.9034031883521704
113 210 0.36402142698683326
113 213 1.4355911507253027
113 216 -0.06555225937220564
114 255 0.641688481951815
114 258 0.518469480433241
114 225 0.6348932988051182
114 228 -0.48378220648628095
114 231 -0.8988889750535867
114 234 0.351646933508139
114 237 0.02593091614582066
114 240 1.0446026009847529
114 243 0.29792754548473566
114 246 0.3295143405850615
114 249 -0.7616702387423048
114 252 0.3656310547128438
115 116 1.6798417653877407
115 118 0.3730135587774467
115 183 -0.3142932834234163
115 186 0.6557911086979229
115 153 0.1580871904772612
115 156 -1.550941297765748
115 171 0.4343625010727574
115 174 1.0053297460019015
115 177 1.894437096864983
115 180 -1.2377038588238396
116 117 0.8625852711396126
116 119 -1.2278132607314258
116 219 -0.4461522964483333
116 222 -1.2673110344888696
116 189 -0.7409788447860618
116 192 1.212198717057426
116 207 0.24007027105323864
116 210 -0.6037169828606077
116 213 2.365671713479077
116 216 -0.06121676338177499
117 120 0.9710847977076669
117 255 0.5110356715019124
117 258 -0.31527176926093914
117 225 -0.13164066374795586
117 228 -0.5755389807809871
117 243 -0.7272875758412094
117 246 -2.3601858270118776
117 249 0.6761276721138215
117 252 -1.4130491967191616
118 119 0.48169335164441834
118 183 1.2308290895990488
118 186 0.37119653078553794
118 153 -0.7161367299129789
118 156 -0.5593167580754782
118 171 -0.6900704628273301
118 174 0.8083195778691894
118 177 1.8846135979021645
118 180 -0.011848832547660115
119 120 -0.6739015690079612
119 219 0.14649708329683578
119 222 -0.22555855862055593
119 189 -0.8880271318519605
119 192 2.0538748030869822
119 207 -1.277561555274484
119 210 -0.8912621298850175
119 213 1.6125583304351454
119 216 0.5041072265634181
120 255 -1.4506292828210607
120 258 0.23367681138571003
120 225 0.9281636735611065
120 228 -0.6034523069379418
120 243 -0.20162372594363
120 246 0.5850989840013818
120 249 0.05714469404577143
120 252 -1.0112606267745285
121 122 -0.08915085322265423
121 124 0.4763071501655322
121 183 0.4670765106073438
121 186 -0.027795612768654106
121 189 1.127586334828954
121 192 -1.0294747383963825
121 207 -0.5676799807029319
121 210 1.0450616894405642
121 177 0.21294343605002136
121 180 0.5166706819375696
122 123 1.3870959381028816
122 125 0.04900340347234561
122 219 -1.0366812610622569
122 222 -1.7378150713901719
122 225 0.9219323045592999
122 228 -0.32781920090330224
122 243 1.2483013830281258
122 246 -1.0684877710904426
122 213 -1.9318170812253697
122 216 0.09889242550642104
123 126 -1.6062248495181475
123 255 -0.8212755499550671
123 258 -1.187702161251966
123 261 -0.9802771627320663
123 264 1.30836832696735
123 279 -1.5167012505524222
123 282 0.7887990141337581
123 249 0.216290066314327
123 252 0.7261493980628481
124 125 -1.6006931790705146
124 183 -0.23215528980513275
124 186 -0.41168941830661576
124 189 0.4479381361503242
124 192 -0.3595424735349578
124 207 0.8545116313418206
124 210 -2.4017724223631784
124 177 -0.07773402403752853
124 180 -1.2513351724614277
125 126 -0.41773345617559327
125 219 0.8640066445260849
125 222 -2.0321794234925408
125 225 -1.506262653788201
125 228 3.538055665436064
125 243 -2.457536170550048
125 246 -1.074001335459972
125 213 -0.9530239876026502
125 216 -0.1820972491465954
126 255 -0.17794297619170718
126 258 -1.4275677466856695
126 261 1.387736887377214
126 264 0.9376135029662196
126 279 -0.6958552245485897
126 282 0.42136008687512794
126 249 -0.4208830165735268
126 252 -0.9998174701158605
127 128 -0.026219179867643817
127 130 -1.8143311111903282
127 207 -0.21627957919152324
127 210 -0.47706323624611546
127 177 0.4461003784033594
127 180 -0.16146214290564057
128 129 -0.6890051645915114
128 131 1.9026862447610111
128 243 -0.16079388474760742
128 246 -0.6551399096404121
128 213 1.2607867938598278
128 216 1.6486165909082389
129 132 -1.2864116865050677
129 279 -0.3578933116966789
129 282 0.019956053739545822
129 249 1.7445734504774641
129 252 -0.7547968436906203
130 131 -1.659487533297144
130 207 -0.3721010743357636
130 210 0.17467204297785677
130 177 -0.29786193859620025
130 180 -1.8773907426667495
131 132 0.4038969429343112
131 243 1.2405478200355342
131 246 -0.6207243126604969
131 213 0.4302342090903138
131 216 -1.28029635480969
132 279 -0.7377260332951323
132 282 1.3923470336651236
132 249 0.6932828059423672
132 252 -0.4151314586324625
133 134 -0.6325656600933848
133 136 -0.9030217293425455
133 171 1.0222520997009008
133 174 1.9834393300234487
133 177 0.3544340169159507
133 180 1.4094613491418089
134 135 1.0096970751907082
134 137 0.25686253705779605
134 207 0.9769908344079192
134 210 -1.2256860811438641
134 213 -0.279786542752571
134 216 -0.940709769664695
135 138 -0.920680413730144
135 243 0.3874287646536463
135 246 -1.596260836254881
135 249 -0.11875444947042792
135 252 -1.4143562708020345
136 137 -0.41559942466921124
136 171 -0.10162335593809847
136 174 0.736701697624295
136 177 -0.3558716318202308
136 180 -0.05802364563811348
137 138 1.875038984573716
137 207 0.6013838082936743
137 210 0.5354678903715869
137 213 0.1112815115434469
137 216 -0.8452708067242057
138 243 -0.22693929937481055
138 246 -0.7195123126560654
138 249 1.473682917211807
138 252 1.0327213774893491
139 140 0.1545392227860291
139 142 -0.9721869176708438
140 141 0.24323649983864412
140 143 0.5735037066667802
141 144 -1.553866568843707
142 143 -0.4780322877657588
143 144 1.234117144753011
145 146 -0.08572994691210871
145 148 0.5779240400888082
146 147 -1.2561243622167417
146 149 -0.22752874501481743
147 150 1.0008125556941196
148 149 -0.673650280088446
149 150 -1.4125895623595075
151 152 -1.5631722947320734
151 154 1.2897771364496842
152 153 0.6228682012293935
152 155 -0.6381912486788448
153 156 -0.1968895810158968
154 155 0.6133685184209021
155 156 -0.0563258331769725
157 158 0.7917921393710927
157 160 -0.553620488355309
158 159 0.1350862206264604
158 161 1.0123801060472257
159 162 -0.09801775956755475
160 161 -0.04371430827531714
161 162 -1.0004668326267347
163 164 -1.4156096331152404
163 166 -2.190719642770272
164 165 -1.1844021833847946
164 167 0.7432100090969441
165 168 -0.43486432138622555
166 167 -0.5493667973755433
167 168 -0.4793046861967087
169 170 1.060944038063533
169 172 1.1660623579540617
170 171 0.4361072588498272
170 173 0.011901094767035094
171 174 -0.16057980339565098
172 173 1.4945121640650842
173 174 0.0896435955463781
175 176 0.6390680503102253
175 178 0.491909851306401
176 177 1.109411010075928
176 179 1.1124194591939358
177 180 0.6129626310771172
178 179 0.9296675023313946
179 180 0.8726828598782372
181 182 1.2771707018746437
181 184 1.096165207854774
182 183 -0.5873336535678715
182 185 0.47634578179207626
183 186 -0.7186898901597573
184 185 1.025048635119298
185 186 0.6137694443738946
187 188 -0.7044356592819611
187 190 -0.16389888107162964
188 189 -0.21994992702490312
188 191 0.08935956034677167
189 192 -0.016903030223716947
190 191 -1.5271372601192537
191 192 -0.7609666669817059
193 194 1.7241127288096179
193 196 1.4469778911999482
194 195 0.2904253746847621
194 197 -1.994324427213132
195 198 -0.5504808409745847
196 197 -0.2682671756763028
197 198 -0.46928225800270856
199 200 -2.515671826437843
199 202 -0.4931948176272067
200 201 -0.319072220651122
200 203 0.5870066963714128
201 204 -0.14963244338771628
202 203 0.636137562518395
203 204 -0.34403808276547865
205 206 0.7065586873308324
205 208 0.4319945207768299
206 207 -0.07744039959232892
206 209 -1.1185400729823811
207 210 -0.03735603837626114
208 209 0.523003149269233
209 210 -0.6020149287427619
211 212 -0.5577367233997675
211 214 -1.102347432397446
212 213 -2.317624109121605
212 215 1.1538754287138024
213 216 0.6906457496605969
214 215 0.19854374939287353
215 216 -0.08227990194577194
217 218 -0.6774837481662883
217 220 0.3246107332271766
218 219 0.17140597044167075
218 221 -0.5633233274519842
219 222 2.210728967220854
220 221 -0.23086306863684192
221 222 -0.6830409455085694
223 224 -0.8356773934667613
223 226 0.7225575757420892
224 225 -1.282408779624155
224 227 -0.2315325601300422
225 228 0.16859447833420235
226 227 0.6155675916714929
227 228 -0.13067641430189522
229 230 -0.4726243273579091
229 232 0.17604062348400082
230 231 0.4828184718494957
230 233 0.7159816994304375
231 234 0.31317920893581785
232 233 0.34258063646793835
233 234 0.16286388751035988
235 236 0.830763966199226
235 238 -1.0382573676227698
236 237 0.8953305223093388
236 239 0.32913913418167423
237 240 1.2488692595222215
238 239 -0.02554963390319824
239 240 1.5002678764534572
241 242 0.13127884813616678
241 244 0.8979232603422297
242 243 -0.5475349319484214
242 245 -0.1493265997031723
243 246 0.7712922782711173
244 245 1.1764985232066538
245 246 0.44703504514347103
247 248 -1.7104093569417806
247 250 -0.38250192681826695
248 249 -0.9484207533778758
248 251 -1.8120638685958665
249 252 0.8878494136418125
250 251 -0.18331263795069203
251 252 -0.9911591538932345
253 254 -0.5279990490151275
253 256 0.35617180524098613
254 255 -0.08748775046785393
254 257 -0.4337587500325748
255 258 1.6120692161400403
256 257 -0.4629793151800637
257 258 1.3278501606552386
259 260 0.6902184742057361
259 262 1.015780823151215
260 261 1.9684625996160279
260 263 -0.8097478217379922
261 264 1.132836097675
262 263 -1.295910136528985
263 264 1.9245214761236222
265 266 1.8808119011978566
265 268 -0.5878151302026953
266 267 0.17340504903245077
266 269 0.795581390745624
267 270 1.4481066117196297
268 269 -2.4649923133173544
269 270 0.7332397194200475
271 272 -1.4757321773432317
271 274 0.6069855850573836
272 273 0.8299852639115907
272 275 1.3831905981632646
273 276 -1.2811024139257006
274 275 -1.5065106629900777
275 276 0.7341030360098826
277 278 0.19207244724644554
277 280 -0.06553696176503766
278 279 0.5117093495308713
278 281 -0.7192930359023727
279 282 -0.6246107898588965
280 281 0.8921390696474008
281 282 -0.13074729302943808
283 284 -0.5868766845923907
283 286 0.34422034088722603
284 285 -1.709086888737185
284 287 -0.5793399273141749
285 288 0.7154853112515945
286 287 -1.5269941704102776
287 288 -1.9830629118860796
