# 
1 1 1.8709097350187558
2 2 -0.4340099060964621
3 3 -1.8003211314834044
4 4 0.643571817636129
5 5 1.2894226068906545
6 6 0.16588647671373402
7 7 0.4623617987217591
8 8 0.5855068907698758
9 9 -1.607998231815398
10 10 0.5538756034437667
11 11 2.2586070215979785
12 12 1.2611203854375999
13 13 1.299467256307617
14 14 -0.5403262778109513
15 15 -1.39636091309108
16 16 -0.44301851488650473
17 17 1.9279643294503421
18 18 -0.23927514650754012
19 19 1.5845546350523645
20 20 0.2860142794831987
21 21 1.5750868294141025
22 22 -0.5168927470349701
23 23 -0.6266553904900177
24 24 0.273513491201488
25 25 1.8902468907872059
26 26 -1.025315000014102
27 27 0.9557921847508076
28 28 1.3924868217957656
29 29 0.04061081544732737
30 30 -0.4534155273844452
31 31 -0.5271260960110932
32 32 -0.1707803052288753
33 33 0.17014231195707677
34 34 -1.2757309108597858
35 35 0.7777989181687298
36 36 0.23333603522249555
37 37 0.5092584035660954
38 38 -0.5846041710463761
39 39 -0.4238015828613291
40 40 -0.12438902695100872
41 41 -0.6055490498636017
42 42 0.6328042536216463
43 43 0.6684526874315274
44 44 1.7736336759697986
45 45 -0.7276698065114934
46 46 -0.5358980581251154
47 47 0.6089507485246285
48 48 1.9062679492230878
49 49 -0.539824897599417
50 50 -0.5074225784344424
51 51 -0.4993394683096777
52 52 -1.522686798217162
53 53 -0.023737397207337287
54 54 -1.425457899164488
55 55 -0.1322664905616038
56 56 -0.5001141473306391
57 57 -1.1896225706761883
58 58 -1.02075664569037
59 59 0.333869919300104
60 60 0.9790714602239302
61 61 1.1774892662805467
62 62 -0.5131682956133299
63 63 -0.23817583780441864
64 64 -1.1041310127814317
65 65 -0.35731127865476914
66 66 -0.7452977906942806
67 67 0.7038813755689733
68 68 1.0020364511110609
69 69 0.17355984281940862
70 70 0.1878896106902074
71 71 1.2048347131077377
72 72 -0.7200589762060525
73 73 -1.7657438976312654
74 74 -0.42679030836857257
75 75 1.9895182013211237
76 76 -2.174830836510655
77 77 -0.2328111935047903
78 78 0.1933771196753934
79 79 1.241934472120754
80 80 -1.0741779788386685
81 81 -0.2735207083232543
82 82 0.7383085774163435
83 83 -0.4323501444085314
84 84 0.6605612638545304
85 85 1.4050383668964608
86 86 1.4116566652268832
87 87 -0.10048380037992455
88 88 -0.39408908011130017
89 89 1.2304926120728414
90 90 0.15394732717687798
91 91 -0.466837578841217
92 92 1.6232097882664516
93 93 -0.016515705614162244
94 94 0.8354594457266706
95 95 -1.0301672728820879
96 96 -1.0780189070145143
97 97 -1.0450485165908727
98 98 -0.5252558318348312
99 99 -0.3832206790870339
100 100 0.699013433165835
101 101 -1.1935811511133885
102 102 0.8130349812510417
103 103 -0.3334049455240209
104 104 1.0325509430255821
105 105 -2.392626649907404
106 106 -1.456438305210059
107 107 0.943823858001675
108 108 0.7321147589724377
109 109 -0.10554187716609273
110 110 0.24071968280878256
111 111 0.5652488829713151
112 112 -1.0394960025710374
113 113 -0.7500213452435268
114 114 2.339663717984303
115 115 0.5887498172411739
116 116 -0.5155827643001679
117 117 1.3194934587787193
118 118 -0.31234613377370585
119 119 -0.48247920181158044
120 120 0.1665701050194133
121 121 -1.1601821833969375
122 122 1.2292068919236854
123 123 1.1255929937248452
124 124 -0.7974378205438755
125 125 0.09342877818811712
126 126 -0.7925247822936621
127 127 1.8810904822419774
128 128 -0.4879076753886803
129 129 -0.7828611346872021
130 130 0.295735612039073
131 131 -0.27221088404862687
132 132 1.51822189107195
133 133 0.7216307286635033
134 134 0.616809622659747
135 135 -0.29040534345535624
136 136 1.7834905914396988
137 137 0.2253894145398668
138 138 -0.4087104179587247
139 139 1.0950290429312044
140 140 -0.07003999056435001
141 141 0.21966895189003777
142 142 -1.6653659950558235
143 143 1.6131488698000944
144 144 -0.07332209385090667
145 145 -0.6232974904975775
146 146 1.847849439919346
147 147 0.6294690608848451
148 148 -1.3666273033895908
149 149 1.3140497093776005
150 150 0.20073406289008935
151 151 0.09129915800772179
152 152 -0.017014897200835304
153 153 -0.36864045616590313
154 154 1.636609976400783
155 155 -1.5965568991414638
156 156 -0.5536652900312621
157 157 -0.3219295074756128
158 158 -0.46534386442151515
159 159 -0.9645854189165153
160 160 -0.8517686283336384
161 161 -0.33921795073250327
162 162 -1.3708850557950458
163 163 0.5187971256162389
164 164 1.809786838969427
165 165 0.10942933885755372
166 166 -0.1961709787448803
167 167 -0.14857039827227655
168 168 0.5030757712992563
169 169 0.0764162408417446
170 170 2.225612218548118
171 171 -0.3153426612236959
172 172 -1.1147959462190573
173 173 -0.3396198273984894
174 174 -0.8445189090550828
175 175 -0.31475900784725386
176 176 -1.2428686021007207
177 177 -0.6204279860649603
178 178 0.07622929002414168
179 179 1.3601190575285178
180 180 -0.007341970724368028
181 181 -0.8959618548027678
182 182 -0.2546696123989764
183 183 0.9083449020460946
184 184 0.3713108710700489
185 185 -0.6582871711024396
186 186 -0.173187569027607
187 187 -1.559534105720134
188 188 0.577344549735558
189 189 0.09347129122750425
190 190 -0.15442270425468987
191 191 1.7191781754642304
192 192 0.5683947635412069
193 193 0.3809186553498774
194 194 -0.29210558971526185
195 195 0.4769905175307936
196 196 -1.0584026877099642
197 197 0.07745134898537102
198 198 0.9673008720158963
199 199 -0.7377696737255179
200 200 -0.27427344590876696
201 201 -0.11016298883865712
202 202 -0.9383163173132854
203 203 -0.3255036256831847
204 204 -0.7177848303657511
205 205 1.0983603517037546
206 206 -0.06278791062768159
207 207 0.7388881051308938
208 208 1.557088723189588
209 209 1.4920167931665116
210 210 1.5312755077707292
211 211 -0.7642200236728851
212 212 0.24729303408336492
213 213 -0.255839391553032
214 214 0.18277761639231144
215 215 0.5116017264894034
216 216 -0.9135090935764958
217 217 1.6160906222936802
218 218 -0.8119249359131849
219 219 -1.4194601016381345
220 220 0.36414355050936487
221 221 0.10201004662175034
222 222 1.0122568036173965
223 223 0.9190784436804642
224 224 1.0303851193787863
225 225 -0.9903961746398439
226 226 0.4108233319265659
227 227 -1.6182790475412063
228 228 0.6198028829036634
229 229 0.47647807878590515
230 230 -1.4812578445302584
231 231 0.6202038831043114
232 232 0.11356983512715314
233 233 0.9159591656742817
234 234 0.6892019936953974
235 235 -0.4221355967695609
236 236 -0.19190830035779072
237 237 -0.37764354618199797
238 238 0.30965243153453165
239 239 -1.2218822608896778
240 240 -0.7271176968313577
241 241 0.40188571989043137
242 242 -0.4850227815345499
243 243 0.5368396440308905
244 244 0.4682928373629756
245 245 0.06997934779660805
246 246 0.17593049088566587
247 247 -0.7731900797754652
248 248 0.766152321922787
249 249 2.401105450353762
250 250 0.3987033910536557
251 251 0.7457240549020132
252 252 -0.0353878148633212
253 253 0.6064559562432524
254 254 -2.0651524626291966
255 255 -1.2050314173420262
256 256 -1.0280547322975202
257 257 0.006123626054511227
258 258 -0.22890024969718878
259 259 0.21373570263089434
260 260 1.0087672269063894
261 261 0.16170535601373995
262 262 0.34185314778681475
263 263 0.8451780089409373
264 264 -2.6654204796186916
265 265 0.39872404996231064
266 266 1.0827305464541723
267 267 -0.7660254292240716
268 268 1.5429516220224397
269 269 1.6365361346163576
270 270 0.49773828096171563
271 271 0.38058137889690224
272 272 1.3139187232548322
273 273 -0.46369936322314614
274 274 0.9134811443983895
275 275 0.22891774911605337
276 276 1.5881619846724526
277 277 -1.0062024407246604
278 278 0.3370825137394797
279 279 -0.735717468498776
280 280 -1.6709496530590995
281 281 0.9508051765654512
282 282 0.28490058198208706
283 283 -0.08196972250761483
284 284 1.4455285533944664
285 285 -0.09568545473716468
286 286 -0.5598844635224163
287 287 -0.8456978090774452
288 288 -0.8506825325793509
1 2 -0.2223106453822297
1 4 -1.3832293401074245
2 3 0.2378848505376118
2 5 -1.1885810100654637
3 6 -0.6286566510706297
4 5 0.17344923587555877
5 6 0.03164818933202507
7 8 -2.634712373877115
7 10 -0.7364924063532076
7 157 -0.22984784287010457
7 160 -0.2179896052470797
7 163 -0.34956145794339033
7 166 -0.6228235148865807
8 9 -0.3532950962718121
8 11 -0.15433143980884853
8 193 0.21895522968853542
8 196 1.7158392534556541
8 199 -0.03009254528052681
8 202 1.0671899874285276
9 12 1.4450291289736998
9 229 0.23984155083419656
9 232 -0.6734009133334116
9 235 0.9478635445144254
9 238 -0.37787717631665224
10 11 -0.5286905349647782
10 157 -0.024143840058796166
10 160 -0.16027682218094075
10 163 -0.8787944212815078
10 166 0.5858711289230198
11 12 -1.2663501641915653
11 193 0.6827544776936108
11 196 0.8144165586345923
11 199 0.5358008615929241
11 202 1.0278790885178593
12 229 0.04380870621564316
12 232 0.8097198380162188
12 235 -2.480121323493695
12 238 1.527404951290901
13 14 -1.7756249136816027
13 16 1.704123119187412
13 193 0.402036643071672
13 196 0.8818821640314461
13 199 -1.8024447754551545
13 202 0.01056573050742875
14 15 1.042660211516071
14 17 -0.07933727456055699
14 229 0.684709060106557
14 232 -2.0657924179855334
14 235 1.4176271587482288
14 238 -0.6161913785230775
15 18 0.6202483465099965
15 265 -0.2792351757318841
15 268 0.2388896810900783
15 271 -0.041569853233437745
15 274 -1.692798457312913
16 17 0.6698021530547099
16 193 0.13588184998323802
16 196 -0.11735287527982265
16 199 0.02874903396171547
16 202 0.6863189958066244
17 18 1.26860495726569
17 229 1.1983327412478837
17 232 -0.5360753691388923
17 235 -0.3994664785208632
17 238 0.0019854849884968174
18 265 1.0347635022390433
18 268 -0.10923275725598483
18 271 0.8187799273021318
18 274 -0.5765331502833836
19 20 1.4924564636605924
19 22 0.5796763753478795
19 181 0.004701523753418673
19 184 -0.18455003519806124
19 187 -1.499272404027928
19 190 -0.8156606001915276
19 193 0.509867921576996
19 196 0.6401460815971565
19 199 0.4565862709847751
19 202 0.10709105802589095
20 21 -0.9190210414578626
20 23 -1.3185308595555285
20 217 0.46551367976254815
20 220 -0.20375377442446907
20 223 0.5952578695829902
20 226 -0.5363241108959166
20 229 -0.24574138051316183
20 232 0.3353577116003504
20 235 0.514034953121738
20 238 -0.7660136289881025
21 24 -0.34696907570209795
21 253 0.4217329768724963
21 256 -0.2537264205270903
21 259 1.6259169918649767
21 262 0.15987496555447075
21 265 -0.5079771251938541
21 268 -1.3714476415573378
21 271 0.5128894321385382
21 274 -0.4979933136941538
22 23 1.5676557589602182
22 181 0.2638744808787624
22 184 0.3181597874270099
22 187 -0.6855284942445932
22 190 1.444857877160514
22 193 0.5736069777054761
22 196 0.34186712423285553
22 199 -0.5123476107052507
22 202 1.6779111710368193
23 24 -1.0753378962215898
23 217 1.2332707480261254
23 220 -0.1325657147279876
23 223 -1.6619522285006951
23 226 -0.19339969564160855
23 229 1.2654968248001
23 232 -0.3229117206338484
23 235 -1.0554962786983
23 238 0.44887839924596074
24 253 1.6077463475873064
24 256 -0.8757432270452289
24 259 0.7181476972600916
24 262 0.49488675952580635
24 265 0.028358602744660105
24 268 -1.4642117256608895
24 271 1.217510013416925
24 274 -0.028333224555155807
25 26 -0.8951793328597848
25 28 0.0048018639968413716
25 181 1.4890824797330144
25 184 -0.29542051385911994
25 187 -0.3676072867670714
25 190 -0.8009110880850766
25 193 -0.1193136023259474
25 196 0.11657345030097882
25 163 0.5715661204099423
25 166 -1.4573626727072941
26 27 0.13725615639813726
26 29 -0.011795714357982314
26 217 0.718084994439374
26 220 -0.8518856247473051
26 223 0.2961725103412402
26 226 0.4011810493073332
26 229 0.03571464378220195
26 232 1.347731908292288
26 199 0.4299605209507773
26 202 -0.3632829383996966
27 30 -0.0650243810535958
27 253 -0.5135699557043288
27 256 0.27796610626246865
27 259 1.5605888027354533
27 262 0.24774708472872117
27 265 0.7624512968353471
27 268 -0.4897330492581085
27 235 -0.917515221377388
27 238 -0.6345690558104877
28 29 1.7160871114081073
28 181 0.10752960027211342
28 184 1.7818227438779073
28 187 0.1374208151443345
28 190 -0.7535131303920221
28 193 0.8775030503799375
28 196 -0.10273026870515337
28 163 -0.611588035715987
28 166 -0.00963541929764185
29 30 0.36251107239031954
29 217 0.36991108272905077
29 220 -0.43063572678195755
29 223 -0.78825872145369
29 226 -0.584855066087954
29 229 0.6765450518207405
29 232 -0.0039077848792141885
29 199 -0.7909601664768731
29 202 -0.30717143544112613
30 253 1.1706375589567621
30 256 -0.6688829793637341
30 259 0.8684703240395522
30 262 0.8481803987973994
30 265 -0.18588642059135355
30 268 -0.19525913533817635
30 235 1.5824827500864607
30 238 -0.6535525315965258
31 32 1.9601516382566218
31 34 -0.19640581114810554
31 181 -0.8305819520350157
31 184 -0.5020708150175095
31 187 0.9599836781780309
31 190 0.16463289166545195
31 193 0.5870684254715439
31 196 -1.0186235401776735
31 163 -0.04925687335797638
31 166 -2.0636185654679515
31 169 0.8626498764742788
31 172 0.5753925252033485
31 175 0.00927062446582169
31 178 1.7725947897495766
32 33 0.0768223435456787
32 35 -0.4559352779760759
32 217 0.09424497215388374
32 220 0.36528827115767903
32 223 -0.9266962734540296
32 226 0.9305761987461664
32 229 0.6501239659775223
32 232 0.625015929719164
32 199 0.2714809137265177
32 202 0.6502854044195578
32 205 0.5609360226484076
32 208 -1.764447989288316
32 211 1.323608454524004
32 214 0.9577872317204675
33 36 1.216942318534169
33 253 -0.5398300985254468
33 256 -0.8073459769389366
33 259 0.18737745788308577
33 262 0.022130540315846027
33 265 -0.19953501474966354
33 268 -0.0269430285136263
33 235 1.5736923319123726
33 238 -0.9719795695038449
33 241 -1.2506447708317012
33 244 -0.2548010318150804
33 247 0.691136876496686
33 250 1.3694156899938092
34 35 -0.3559731526767648
34 181 0.6503393706008249
34 184 1.0482305976040356
34 187 1.370247105561675
34 190 0.42000289883816266
34 193 -0.6111598098459731
34 196 -1.6155293240744086
34 163 -0.02507976432327082
34 166 -0.14477164720889488
34 169 -0.6894197511402383
34 172 0.29143295408682274
34 175 -0.89528563019234
34 178 0.04889809906707157
35 36 0.42505368149426304
35 217 0.4364868573936756
35 220 1.5552183864163374
35 223 -0.15155582079010996
35 226 0.195059641634684
35 229 -1.637873584691089
35 232 -0.6573921738156313
35 199 -1.6079821307060551
35 202 2.44273157212009
35 205 0.8117865427797745
35 208 -1.8281466897179477
35 211 -1.644124134200801
35 214 1.5005735488458567
36 253 -0.013357320757000446
36 256 -0.3637684068373937
36 259 1.514839279014818
36 262 -0.9390047310685197
36 265 0.2937792298047987
36 268 -0.8737031173766732
36 235 0.39057634724684964
36 238 -0.17158197498426392
36 241 0.8988866064039754
36 244 -1.9260308754781181
36 247 0.635881178165764
36 250 -0.5294039552696254
37 38 0.2499411481087654
37 40 -1.3388486715709405
37 181 -0.39648114796429135
37 184 -0.3763468725100202
37 151 -0.7989273484830838
37 154 -0.06408441915182178
37 157 0.6663384611866939
37 160 1.172453760552034
37 163 1.0460205975573214
37 166 0.4840597247200816
37 169 -1.4809798969460246
37 172 0.7170802749921398
37 175 0.6027768726756417
37 178 0.11045155482968141
38 39 1.3127721885217072
38 41 0.7958534479927322
38 217 -1.7177090848166832
38 220 -1.7010653177046116
38 187 0.8288007449053422
38 190 -0.5277351431938134
38 193 -1.2868291195722383
38 196 0.42956561093207124
38 199 -1.3547677296816147
38 202 0.004706539651783411
38 205 -0.4831903950487126
38 208 1.9590188917551083
38 211 2.549480311323749
38 214 0.9963457475770542
39 42 0.8887989571284899
39 253 0.6399784994623661
39 256 -0.10023188843609916
39 223 0.7462419993778053
39 226 1.2404272274215142
39 229 0.48246179143661605
39 232 -1.2801029656852438
39 235 -0.5765152369299608
39 238 -1.6415603249837916
39 241 -1.2875622310019552
39 244 0.10682847589152727
39 247 -0.7891244889837826
39 250 0.6945179023915615
40 41 1.0082861658509459
40 181 0.6480105632763961
40 184 0.3493760343621048
40 151 1.0092573909112226
40 154 0.12816118283523897
40 157 1.8446128429914632
40 160 -0.01162907239060882
40 163 2.2455138444727916
40 166 -2.423910252696033
40 169 0.891746455878867
40 172 -1.0866044689652616
40 175 0.019789057393206563
40 178 -0.1747541271516179
41 42 -0.8467200154023853
41 217 -1.5753106693824586
41 220 1.8051678874378136
41 187 -1.0762397341587626
41 190 -0.09689748694131788
41 193 0.18500936685861238
41 196 -1.0664438197458024
41 199 -0.0041524400433810725
41 202 -0.4354558025074576
41 205 0.12785294950366763
41 208 0.07966512623946825
41 211 -0.7607208411072816
41 214 -1.806534092911557
42 253 -0.4723584483255991
42 256 -0.16348152326439366
42 223 0.1245638173676654
42 226 0.23676881439471661
42 229 -0.7810218365154841
42 232 0.88195199295025
42 235 -0.23585321024588307
42 238 -0.12130975295222926
42 241 1.671246860676424
42 244 0.10649456473441803
42 247 -1.0859489990852524
42 250 0.03501059399273286
43 44 1.1949602228032905
43 46 -0.7785775795015754
43 181 0.2761726324158973
43 184 -0.6217551971952826
43 151 1.1548702124996095
43 154 0.0699907487609381
43 158 -0.34473636382872264
43 161 -0.13419213359182583
43 164 2.615900915148175
43 167 0.041617636888700515
43 169 0.3380610341148176
43 172 0.3135046807549075
43 175 -0.8613210594321778
43 178 -2.2169823728958384
44 45 1.3473809252704372
44 47 -0.5562671269349857
44 217 1.1490131440128888
44 220 1.5995129734286242
44 187 0.5934896923460871
44 190 -2.2248311651482946
44 194 0.5536716465192191
44 197 -2.8670159069424903
44 200 0.2859539166709047
44 203 0.218510749079948
44 205 -1.0979548165391242
44 208 0.1580369690655585
44 211 0.9633741028745946
44 214 1.8006445794311754
45 48 0.8665579363066946
45 253 0.15977029538213658
45 256 0.9981293706185181
45 223 0.743317498527143
45 226 0.745756053436651
45 230 0.7908800449184694
45 233 -0.06245275554946395
45 236 -0.6961604180203282
45 239 2.339504370640594
45 241 1.1160975370963686
45 244 -1.1672659790091657
45 247 -2.463212622616992
45 250 -1.8802528435169148
46 47 0.9038631551572579
46 181 -1.4707712670857753
46 184 -0.09147977610254095
46 151 1.388368174521228
46 154 -0.5151335901744538
46 158 0.9121910125651386
46 161 0.20267092190303587
46 164 -0.741036462577643
46 167 0.003577911577182367
46 169 0.17882264850291868
46 172 0.06258742607446137
46 175 -0.7332697138222963
46 178 0.11879412331000382
47 48 -1.574149821885336
47 217 -1.2723115432095866
47 220 0.8959019954930045
47 187 1.6580389138733749
47 190 1.334640556708775
47 194 0.7645257115021463
47 197 -0.4255169282451462
47 200 -0.20165709340152688
47 203 0.19035099582150883
47 205 -0.544034954497344
47 208 -0.6092025289368832
47 211 -0.023687308677825446
47 214 -1.949327859460497
48 253 -0.7208886465391675
48 256 1.2562526577817381
48 223 0.5035086070131686
48 226 1.0835856430986572
48 230 -0.582096422913165
48 233 -0.22415857491850472
48 236 -0.035734292873998
48 239 0.9006438391217602
48 241 0.5641625269334009
48 244 -0.17362574082161186
48 247 -0.1369172778765592
48 250 0.5558675539592034
49 50 -1.0438774819762742
49 52 -0.03232201444492489
49 181 0.6029959275290656
49 184 0.45976589759104
49 187 0.20769436429674798
49 190 -1.5630336652464571
49 194 -1.640276498521821
49 197 -0.7986495829226377
49 200 1.4987103275732316
49 203 0.37648362137555846
49 205 1.0428688422319958
49 208 -0.23917898130110574
49 175 -2.2043224223806073
49 178 0.4781710875000648
50 51 0.8304236348290325
50 53 0.36044326474467936
50 217 1.284834480549579
50 220 -0.7021490842016312
50 223 1.16232412045345
50 226 -1.7995963849519852
50 230 0.9866337850512495
50 233 0.3630673750182957
50 236 -0.817688896634991
50 239 0.0552342208936048
50 241 0.7296351761301564
50 244 -0.7002875228637713
50 211 0.5572673549979964
50 214 1.2531381261282548
51 54 -0.7372509109861152
51 253 -0.9377455549327187
51 256 -1.1666850869283771
51 259 1.7964405511115955
51 262 1.1971300976636015
51 266 0.2987852181152491
51 269 -1.0630275012315884
51 272 -0.7371468693129478
51 275 -0.17438630867521557
51 277 0.8875864330675605
51 280 0.20451560711381792
51 247 -0.3052140815349528
51 250 -0.6423964483786297
52 53 0.38227119247717395
52 181 -0.5295767257783719
52 184 -0.2595660470363116
52 187 -0.19374783608572874
52 190 0.7396509037252346
52 194 0.6487768949834108
52 197 0.7857862475381172
52 200 -0.7321233685580163
52 203 -1.3479352390533161
52 205 1.6353453156243871
52 208 -0.975573856386122
52 175 0.22883002646658807
52 178 -1.2256512576896479
53 54 1.461702367425007
53 217 -1.6128661406647435
53 220 1.900085312410987
53 223 -0.5133637908833073
53 226 -0.40647852236299276
53 230 1.180898317125276
53 233 2.5607737902906202
53 236 1.076553824040064
53 239 -1.1273256680001082
53 241 -1.2090067921425052
53 244 1.1258247816598688
53 211 0.9005739846321483
53 214 -1.7889132698570704
54 253 -0.787065233340302
54 256 1.52259711014241
54 259 -1.351602778671236
54 262 2.5400344537748336
54 266 -1.4440203615628084
54 269 0.6874291338234902
54 272 0.12348705285810908
54 275 1.4338015983690957
54 277 -1.6508225650713035
54 280 -0.4529815168028652
54 247 1.9523201676440396
54 250 -0.25092452089505246
55 56 -0.025354409565862945
55 58 0.5150597140190936
55 182 -0.49828895397641887
55 185 -1.518802880253566
55 188 0.8464276649745137
55 191 -0.68531416810498
55 194 -0.8964776715287555
55 197 -0.18139044904544255
55 200 -1.3434755118978872
55 203 0.5887238325506495
55 205 -2.3565591728392783
55 208 0.7742835300833215
55 175 -0.8611151479427541
55 178 -0.9359346771769661
56 57 -0.5374685688249686
56 59 -0.04751142622356682
56 218 1.3220368192297947
56 221 0.34689534470997613
56 224 -0.8383262883692464
56 227 1.4282674703579152
56 230 -0.0419260969852472
56 233 0.012056376050302704
56 236 1.1498138328800744
56 239 -0.5124511545593742
56 241 -0.6245706455877951
56 244 1.4283134778493316
56 211 -0.3682483455581429
56 214 -0.3619720413372576
57 60 0.009540915706244294
57 254 -1.0056306750217012
57 257 -0.23201725301426215
57 260 -0.30416949519030034
57 263 0.3827499426593274
57 266 -1.6387092521851017
57 269 0.530199470293893
57 272 0.6326678780254079
57 275 1.6294884042744828
57 277 -2.3747940498276425
57 280 0.09210340489917332
57 247 1.386171641268042
57 250 -1.252812916963305
58 59 -0.383286233141117
58 182 -0.7912623866120166
58 185 -2.1742914252270147
58 188 -0.4611001068310842
58 191 -0.9327131503078051
58 194 0.4975734530675943
58 197 -1.0107499933352393
58 200 -0.2188195075565924
58 203 0.49749850441571114
58 205 1.3117251456673593
58 208 0.1614830397976492
58 175 0.13883601344108237
58 178 0.24052140472473577
59 60 1.8717665167323387
59 218 -0.3934698673587328
59 221 -0.28903912327386805
59 224 1.67521226734912
59 227 1.6608919143810803
59 230 -1.76319040279393
59 233 -0.2874885868254202
59 236 -0.42959323334403576
59 239 0.39638425662449844
59 241 0.10930433707132593
59 244 -1.2116635938234706
59 211 -1.4489301033572013
59 214 0.3158242610808692
60 254 -0.09416519083264553
60 257 -1.434124214964537
60 260 0.6282040394656564
60 263 0.08450978487796339
60 266 -1.4878969906548707
60 269 -0.8315495787534964
60 272 0.5419976735775579
60 275 -1.6511325863150372
60 277 -0.8451059244893036
60 280 -0.2526976851813673
60 247 -1.2256259523886721
60 250 -0.055122847713361935
61 62 -1.883685616091417
61 64 -0.38373388825076293
61 182 0.12275042162881551
61 185 -1.3863203754902227
61 188 -0.3666669486784968
61 191 -0.8785901978432253
61 194 -1.021740771213913
61 197 0.9184660421558923
61 164 1.4856089754239832
61 167 0.19319544504025393
61 169 0.5338515029992433
61 172 -0.5850293745893071
61 175 1.0863084835311225
61 178 -0.3528937822243461
62 63 -0.07310327329862558
62 65 -2.087572059482282
62 218 -1.9368116038102166
62 221 1.7955038827562193
62 224 -1.5013886212259324
62 227 -0.2979051973668484
62 230 -0.012957100656020222
62 233 1.3196248612740331
62 200 -0.9806031810835257
62 203 0.1922590651745377
62 205 -0.32741428152035024
62 208 -0.29588218402684735
62 211 -0.20858605530382368
62 214 0.8328955768017969
63 66 0.937591779068882
63 254 0.7781655919250154
63 257 -0.43502541666928946
63 260 -2.210833414456016
63 263 -2.3568998108404307
63 266 1.0036465892367796
63 269 0.31014597420903856
63 236 -1.9113266069005228
63 239 0.2462598305540293
63 241 0.05187645030982137
63 244 -0.7281577338794182
63 247 -0.8487765752641654
63 250 1.6199679950601986
64 65 2.717504016082424
64 182 0.8462577306611897
64 185 -0.45181945208144625
64 188 0.6533430601222086
64 191 -0.3019607783220469
64 194 0.3498384225653238
64 197 -0.8460265943426062
64 164 0.6424623696876631
64 167 0.41918504147332125
64 169 -0.33320604431317175
64 172 -0.750976025177307
64 175 -0.5969348044771071
64 178 1.0088762261466429
65 66 -0.4873053426451199
65 218 0.9243987860004231
65 221 -1.2873831348973892
65 224 -0.23563939705369263
65 227 -0.9726956272283005
65 230 0.43431173008301416
65 233 1.246958569242196
65 200 0.43102529069128637
65 203 0.7496741568699129
65 205 1.7477679821643426
65 208 0.19684811692982684
65 211 -0.6935766574157621
65 214 0.006480219896101776
66 254 -0.5908966522554098
66 257 0.3256094383600176
66 260 1.7960722963085132
66 263 -0.0992799238760991
66 266 -0.33197978424187063
66 269 -1.1569630195922531
66 236 -0.4266496702065502
66 239 -1.079047514152246
66 241 0.943618899532542
66 244 -0.1382700785590076
66 247 0.6267252586086919
66 250 1.6979844648750677
67 68 0.45374462255703657
67 70 0.952470525064791
67 182 0.6944410684822091
67 185 1.2334008999660075
67 188 0.01131927946311841
67 191 1.1799382992014857
67 194 -0.44742866205382553
67 197 0.49163743343346117
67 164 0.953481713505848
67 167 -0.2703922390817552
67 170 0.44979642061055475
67 173 -1.565798154590638
67 176 -0.9186261103877147
67 179 0.4646727316075984
68 69 -0.9881181427086597
68 71 0.6292223839919081
68 218 0.1016748202485723
68 221 1.1263707817834225
68 224 0.5512963176953605
68 227 -1.504717017937732
68 230 0.9060212940534388
68 233 1.1542320533743757
68 200 0.11562049627370105
68 203 1.102926613521857
68 206 -0.4713303639184048
68 209 -0.1731560208809739
68 212 -0.2912922172399986
68 215 -0.9004689483982024
69 72 0.41492467594763155
69 254 0.9149814671290444
69 257 0.01992431123009784
69 260 0.7086348602220989
69 263 -1.054169112656578
69 266 -0.6061704807036254
69 269 -1.1617750662288397
69 236 -0.3088451485752463
69 239 0.307054514904992
69 242 1.346389095781727
69 245 1.3350897930843781
69 248 -1.0398702785589418
69 251 1.16738688933803
70 71 0.05482255786111723
70 182 -1.3336436953252422
70 185 -0.9811532116486187
70 188 0.3074571260144481
70 191 0.20967778104168797
70 194 0.6963794666765647
70 197 -1.2347991163744099
70 164 0.7183239018333214
70 167 -0.6141980242442718
70 170 0.22390493322724095
70 173 1.1223843624364296
70 176 2.1041278165954416
70 179 0.8662207454850674
71 72 -1.3108624656751064
71 218 1.286714199751584
71 221 -0.7856145900973645
71 224 0.1365355988435686
71 227 0.20529392214112066
71 230 0.1395719494928926
71 233 -1.2450377147553946
71 200 0.29699344372830033
71 203 -1.7841875984394278
71 206 1.4153833457354985
71 209 -0.5579489376309832
71 212 0.39325702265886536
71 215 0.08169658334958774
72 254 -0.2922162872540707
72 257 -2.2841443092391054
72 260 -0.08102102022008661
72 263 -1.244022429796728
72 266 0.22460483474723641
72 269 -1.1035147397689564
72 236 -0.6709044986593401
72 239 0.9555814795518283
72 242 -0.8223857142139589
72 245 -1.650775841834402
72 248 -2.428455025048228
72 251 -1.752229706962105
73 74 0.4931162305752593
73 76 0.43522880357793486
73 182 0.22734265275998192
73 185 -1.0805681183670284
73 152 -0.2305670928200315
73 155 0.5093285056138174
73 158 2.1385982603034397
73 161 1.084788024709168
73 164 -0.15333044247784727
73 167 -0.028813207692897486
73 170 -1.1948373713844436
73 173 1.5765346283070312
73 176 0.6211545345665233
73 179 -1.9292182955807848
74 75 0.5899745093160464
74 77 0.017043696180814735
74 218 1.0621438625398039
74 221 -0.6314376853918167
74 188 0.0648080298330744
74 191 -0.7345663953893091
74 194 0.06586578585744672
74 197 -0.21303894222868022
74 200 1.365687278449256
74 203 -0.062036191785084537
74 206 -2.5137974816791466
74 209 0.08435854466957941
74 212 0.026079516531749235
74 215 1.411645375468917
75 78 0.18846477173056225
75 254 -0.3194622438003382
75 257 -0.7527779446452821
75 224 -1.1807312100113638
75 227 -0.6047334039380504
75 230 1.7386099236388841
75 233 2.7543977323251783
75 236 -0.2572037099088034
75 239 -1.3149039827269184
75 242 0.4017851900514498
75 245 -1.4625345468790472
75 248 2.373610391484633
75 251 -0.3483176797994895
76 77 -0.3948896761262924
76 182 1.0081966047098176
76 185 0.9202454382438483
76 152 0.09154190818499587
76 155 -0.1642205282432695
76 158 2.1083752096432162
76 161 0.03510586658235788
76 164 -0.3922827817962417
76 167 1.2434290967323727
76 170 -0.24850834250417658
76 173 -1.4729877148625405
76 176 -0.22611598261953794
76 179 -0.1782971513154932
77 78 -0.01330079262706453
77 218 -0.7098473291404528
77 221 -1.9705768021949737
77 188 -0.7900933226521061
77 191 -0.17739036531543093
77 194 -0.9119697292099348
77 197 0.11607456945042073
77 200 -0.8819586486713898
77 203 0.0003270065666297035
77 206 0.2350441806023488
77 209 -0.7826630187262283
77 212 0.4456646599996172
77 215 1.0403613468115718
78 254 -1.1893116168880378
78 257 0.980772785729659
78 224 1.1184591686162668
78 227 0.35249519854057726
78 230 -0.5859946330954645
78 233 -0.7220141455296131
78 236 0.6361822515603861
78 239 -0.5900535700408852
78 242 0.5776643467629035
78 245 -0.6216900487575232
78 248 0.3777345278219927
78 251 -0.17027770701129544
79 80 0.6484301171952567
79 82 -0.4277388868517511
79 182 -0.3058778682399204
79 185 -1.899712868322291
79 152 -1.1752341302763936
79 155 -0.05837872186043632
79 159 -0.05752115810437976
79 162 -1.9559003329051656
79 165 -0.8327889956278304
79 168 0.9357247168726823
79 170 -0.3498161200580259
79 173 0.06103657146933894
79 176 -0.4661185639904511
79 179 -0.5056863168061264
80 81 -1.8387010888215412
80 83 -0.5984486007059774
80 218 0.03184539793834166
80 221 -0.28662084677277094
80 188 0.9262819790469004
80 191 0.058380970319455966
80 195 0.9593499211317783
80 198 1.1496833046513706
80 201 2.780791549014383
80 204 -0.7972167614638519
80 206 -1.647835549613279
80 209 -0.09037117582513358
80 212 -0.9488493785983032
80 215 0.49538115952018175
81 84 -0.6502834957081569
81 254 0.11957906448611148
81 257 0.20101710246120197
81 224 0.12929498087754338
81 227 1.1076537983696357
81 231 -0.40612248144924096
81 234 -1.266325072361526
81 237 2.2781176569237123
81 240 0.6791959017726206
81 242 -0.9138976404281492
81 245 0.533394801466663
81 248 -0.5130580888975528
81 251 -1.8638075290330043
82 83 0.854889052433642
82 182 1.1735682606640612
82 185 -0.006586618018549816
82 152 -0.21153197113175326
82 155 -0.13408210899218895
82 159 -1.3719630179020197
82 162 -1.5431827647477232
82 165 2.3707627778055738
82 168 0.6199179055174949
82 170 -0.9779075002173934
82 173 -0.9466418094453333
82 176 -0.019968959523218848
82 179 -0.4853158616897795
83 84 -0.5834596285629676
83 218 -2.461221923547429
83 221 -0.44307009901300065
83 188 0.2910969697302199
83 191 0.024329721567536423
83 195 0.5220185188387422
83 198 0.3027514522515172
83 201 -0.5479038213528471
83 204 -0.3798176518335909
83 206 -0.7197296129659234
83 209 -1.1885307648202865
83 212 0.5334850781120971
83 215 -1.146657956578059
84 254 -0.17172497381912777
84 257 -1.3959728400082672
84 224 -0.015171953540976292
84 227 -0.5074569056797488
84 231 0.06067491537852741
84 234 1.0684683568031765
84 237 -2.9001465276675633
84 240 -1.1454923697430672
84 242 -0.9798130554027639
84 245 -0.2898537932718856
84 248 0.33827918427207837
84 251 -2.467505894232636
85 86 -0.5228640529451333
85 88 0.6697140569905838
85 182 -2.133936477508921
85 185 0.29338682608894184
85 188 0.657543135978873
85 191 0.9037434606615699
85 195 -1.7577795137326122
85 198 -0.13908013744221562
85 201 1.2812167745536933
85 204 0.004323050810267905
85 206 0.7573543968880218
85 209 -0.08757655761145666
85 176 0.8053527131922832
85 179 1.0563963909081506
86 87 -0.26500429859108593
86 89 0.4607127129003394
86 218 0.14564784679824203
86 221 -0.04300598543190761
86 224 1.205135040585025
86 227 1.3698343414629859
86 231 -1.6399046130851906
86 234 -1.2152481204956067
86 237 -0.12195819575189308
86 240 0.8891045212768718
86 242 0.21436380260718524
86 245 0.8386114933198956
86 212 -0.8755910166821737
86 215 1.2861994151312028
87 90 -1.0415281622169683
87 254 0.02749284156119236
87 257 0.4045642064261598
87 260 1.3253337366005304
87 263 -2.4615057496053048
87 267 0.7144781240259882
87 270 0.7647733788131404
87 273 -0.8397037395985664
87 276 -0.8810402216855535
87 278 0.6159397594874231
87 281 0.8315241426986483
87 248 0.3983844372594044
87 251 0.5173611402750069
88 89 -0.9426464369465236
88 182 -0.9859663566264265
88 185 1.1692988473638959
88 188 0.7470668907668585
88 191 -0.7173702364926335
88 195 2.35153020282763
88 198 -0.8610004317905632
88 201 0.25270239522827165
88 204 0.7344372809916954
88 206 1.1622866937977434
88 209 0.09447874625601674
88 176 0.3393616560362927
88 179 -1.8197971894581104
89 90 1.0807254548753815
89 218 -0.7399456674034361
89 221 -1.1327939281848813
89 224 -1.1703707252057916
89 227 -0.10515493906592549
89 231 0.5073170845864702
89 234 1.2488073726011335
89 237 0.6755815038347939
89 240 -1.7630337317810738
89 242 0.06570451098008182
89 245 -0.15888353675237113
89 212 -1.206210815912857
89 215 -0.7694177413844998
90 254 1.70770950232439
90 257 -0.4617928507203022
90 260 0.11702765803288767
90 263 1.3563401471153331
90 267 1.4888098520528812
90 270 0.03313151250179865
90 273 -1.6700722382046145
90 276 0.8104776247257205
90 278 -0.21952101523630443
90 281 -1.0339905726982561
90 248 -0.6834498756476743
90 251 -1.0405252901693565
91 92 2.1587397189738264
91 94 -1.328045627430969
91 183 2.213518644469822
91 186 -1.9116204351421882
91 189 0.4410556131756469
91 192 1.9028490395867788
91 195 1.4268019230544224
91 198 0.685010284263471
91 201 -0.152517474982377
91 204 -0.7734723786287431
91 206 -1.6443385003765576
91 209 0.9353013750831263
91 176 -0.1740766000037153
91 179 -0.9322097346950208
92 93 0.3569030077413599
92 95 1.6383285257980749
92 219 0.32924509499323096
92 222 -0.04151770628775544
92 225 -1.3510319126974404
92 228 0.8427904819412936
92 231 -0.07265610945846995
92 234 -0.5198550822305121
92 237 -0.3998457734273711
92 240 -0.07965398098982979
92 242 1.3135110521502966
92 245 -0.7786472695744321
92 212 -0.5078905147920431
92 215 -0.31026416569075893
93 96 -0.19866204055244258
93 255 1.1921518901272368
93 258 -0.6483107190828131
93 261 0.624553440326797
93 264 0.696777391080611
93 267 1.1785404056120687
93 270 -1.8836345872067015
93 273 0.5752700025521892
93 276 -1.061172227541582
93 278 1.1821431190289264
93 281 -0.35134586382056543
93 248 -0.1110727459618396
93 251 0.2217063257143152
94 95 0.2515634302144846
94 183 0.06508985678969027
94 186 -2.1126432568036666
94 189 1.2372292901347854
94 192 0.9795067865171541
94 195 0.5576403125195255
94 198 0.9527328518327653
94 201 0.2035738270002445
94 204 0.5820878504803545
94 206 -0.24814107597735588
94 209 -1.0988553280293398
94 176 1.0338114855493632
94 179 -0.14079727654416765
95 96 -0.4311851991946466
95 219 -0.6684026188402714
95 222 -0.2965853766457683
95 225 1.611091460785795
95 228 -0.3293830939254876
95 231 0.31258422443050704
95 234 -0.0429990389760251
95 237 -0.684702147161487
95 240 -0.7577043958610911
95 242 0.035610101491770026
95 245 0.3709721289869013
95 212 2.500323717208516
95 215 0.5160961294042323
96 255 0.4888992134998679
96 258 -0.7724896171564408
96 261 -0.31754436597503416
96 264 -0.5254727554226576
96 267 0.9963927337510078
96 270 0.8367741642330353
96 273 -2.074746142894048
96 276 0.9142014462652852
96 278 -1.1859975989349099
96 281 0.5311940608864976
96 248 -0.7027989303947666
96 251 0.3425993836673873
97 98 0.11956896727865772
97 100 2.7032043174886278
97 183 -0.5722950971626499
97 186 -1.2020264360858275
97 189 -0.1716881981825078
97 192 1.3228866078122796
97 195 -0.8312775277170884
97 198 0.6235341396621283
97 165 0.6235023387487022
97 168 0.9125156127906762
97 170 1.166178708520367
97 173 0.7925968404699174
97 176 2.4949866824776574
97 179 -0.14320373166163078
98 99 -0.17280883413090756
98 101 -0.8528047446622354
98 219 -0.3812539671762726
98 222 1.8979940243400104
98 225 2.343961983966133
98 228 0.36867812082173057
98 231 1.1914746958629991
98 234 1.0383298126517924
98 201 0.4359181553363511
98 204 -0.9131927585282078
98 206 0.7567766137479228
98 209 0.36005255911955986
98 212 -0.9126539026631184
98 215 -0.7442244039787579
99 102 -1.264372359417627
99 255 1.208373924261269
99 258 -0.48834631217062396
99 261 1.0225013681134087
99 264 -0.5817682494756017
99 267 0.5870843137325603
99 270 2.3522119829377464
99 237 -0.25637839033900495
99 240 1.7640822808193892
99 242 0.23069968342678066
99 245 1.083714837326488
99 248 0.04048796535749474
99 251 -0.5016170982763619
100 101 -0.6112761308525834
100 183 -0.9686500451175533
100 186 0.08710794651581237
100 189 0.9611546599929792
100 192 1.207590453256028
100 195 -1.4991009970583085
100 198 -0.9709964214393675
100 165 -1.1913202268244951
100 168 1.6159047376755546
100 170 0.22879453279694592
100 173 1.3302137265479208
100 176 0.847338200758167
100 179 1.6659584089890376
101 102 -0.9169358862068064
101 219 1.5731321113568963
101 222 -1.1442401677535183
101 225 -0.7278338373254665
101 228 0.3747741782038375
101 231 -1.2023999072981035
101 234 -0.010066243990997427
101 201 -0.9264326317391414
101 204 -1.0736786944756933
101 206 2.18814374402643
101 209 1.964996368630446
101 212 0.6377313483866943
101 215 0.3746209136005741
102 255 -0.12843602958995048
102 258 2.5854204595228714
102 261 1.494300695850747
102 264 0.10836092733004714
102 267 0.5982997228931701
102 270 -0.9278364313114741
102 237 -0.6306551120421142
102 240 -1.0170555843914788
102 242 -2.1968213084725723
102 245 -0.21045981975635933
102 248 1.679200103628619
102 251 0.7051516812226157
103 104 0.6482923816303698
103 106 1.272118296315822
103 183 -2.2944203526511795
103 186 2.741858211738908
103 189 1.4465595591134761
103 192 -0.2988268561886183
103 195 -0.35734581794217996
103 198 -0.36597783885212637
103 165 0.7249109922669671
103 168 -0.5839227840015843
103 171 -0.24205354796495693
103 174 0.11875892228114834
103 177 0.6390056936380476
103 180 -0.15414447797218997
104 105 0.28266189310248563
104 107 -1.7985826292160922
104 219 0.3885851040136437
104 222 -1.969059712033735
104 225 -1.8674329982096822
104 228 1.1503247263930132
104 231 -0.7246478685725651
104 234 -0.1387671301853198
104 201 -0.47659151753205664
104 204 -1.5837453581280092
104 207 0.6946122943703692
104 210 -0.5801934902940628
104 213 0.0894036081061107
104 216 -0.1849123540314481
105 108 -0.46089365358081236
105 255 0.6504013430017926
105 258 -0.3717067884137693
105 261 -0.4720134917139403
105 264 -0.3064051384458963
105 267 -1.2659821524365833
105 270 -0.07549244510024551
105 237 0.287992914328266
105 240 -0.7156902262721645
105 243 0.03434440021013377
105 246 -0.9750867267966847
105 249 0.7918676773639636
105 252 0.09695927365933245
106 107 -0.7272827728374212
106 183 0.14577904037798564
106 186 1.0304083453051398
106 189 -0.23868563913169344
106 192 -2.2652303233225513
106 195 0.26408914668046923
106 198 0.8279906139009464
106 165 0.9380003619063839
106 168 0.23782229694344212
106 171 1.1546609541798685
106 174 -0.6890979449367551
106 177 -0.14298492383008382
106 180 -1.0162210734402315
107 108 -1.2399339981983912
107 219 0.9224879049440021
107 222 0.967891035461365
107 225 0.9802515938479603
107 228 -1.6046873189627129
107 231 0.7590379114361858
107 234 -0.2662264039438523
107 201 -0.6774957067109584
107 204 -0.8040735694717912
107 207 -0.2509844580182321
107 210 -0.9354642799940742
107 213 -1.562250776764064
107 216 0.23688451049400036
108 255 -0.03802075227072183
108 258 1.4984672644622399
108 261 -2.1435444457883843
108 264 -0.593117451580527
108 267 -1.8481091163991452
108 270 -0.5158761913768368
108 237 -0.3445556947433637
108 240 0.6096452716724386
108 243 -0.719586142376732
108 246 -1.08237124098709
108 249 1.6946145656698834
108 252 -0.11989129070504458
109 110 0.49752642608586406
109 112 0.41226587584687263
109 183 1.0382925147644508
109 186 -1.5190029053709382
109 153 0.68439104337131
109 156 0.18624276474583107
109 159 -1.368340215218642
109 162 1.7667750870127379
109 165 -0.31609013231278515
109 168 0.7124146160750013
109 171 -0.9141325402311763
109 174 -0.980223967017699
109 177 1.395547515524391
109 180 -0.3029327746020229
110 111 -0.7743655608633198
110 113 -0.3442528551374918
110 219 0.5906146038462973
110 222 -0.698545357212457
110 189 0.8813243114539734
110 192 -0.5193671530247718
110 195 0.8661873614776991
110 198 0.1150148217074632
110 201 0.45118158859268764
110 204 -0.6887890578539512
110 207 0.3705927175899755
110 210 -0.13529222901646837
110 213 -0.24014985255905752
110 216 2.103205724707414
111 114 0.19907082047691696
111 255 -0.6695576751694211
111 258 1.0399631435848236
111 225 1.5676018430820797
111 228 0.4746045407400584
111 231 0.952731591011745
111 234 0.9299148015657147
111 237 1.3832274313072153
111 240 -0.24464959878858664
111 243 1.4233559516889254
111 246 -0.6802653871164281
111 249 -1.208971773084622
111 252 -1.1100866929596331
112 113 0.8933558379911455
112 183 0.18310621074205002
112 186 0.7882538296831775
112 153 -0.21316060128391828
112 156 1.2220631100382617
112 159 0.7672114205965265
112 162 -0.9828334967815202
112 165 -0.015546715721334226
112 168 0.08482970167736517
112 171 0.3612458670012976
112 174 0.6979311733176522
112 177 0.1262485812416881
112 180 -0.15447654919640474
113 114 -0.16029206545684152
113 219 0.27529174093180997
113 222 1.301322998064485
113 189 -0.9471963978119761
113 192 2.5549240111925315
113 195 -0.8376740219773643
113 198 -0.7753485900232777
113 201 -1.2765025113707325
113 204 -0.18165634350328072
113 207 -1.054852956057815
113 210 -0.19206447431781126
113 213 -0.12983739533709399
113 216 -0.19544442109973315
114 255 -0.5569779474023396
114 258 -0.9517957472114955
114 225 -0.9832022766032941
114 228 0.6543922919073923
114 231 -0.1697714617058587
114 234 2.5713233881366118
114 237 -0.4036424946698453
114 240 2.348009328815056
114 243 -1.092874946302595
114 246 0.6941315192960619
114 249 -0.29439657399398445
114 252 -0.3467251297129067
115 116 0.3145105903811494
115 118 -0.686946107953664
115 183 -0.5787818506846478
115 186 0.153208870790688
115 153 -0.025825294734757212
115 156 0.03541080685600229
115 171 -1.1568921822479987
115 174 1.0869435144703268
115 177 2.268796239932505
115 180 0.10904482761666053
116 117 0.06063389222533052
116 119 -0.4772222694680325
116 219 0.7249469301517408
116 222 0.7675679028682348
116 189 -2.036414122821828
116 192 0.09784994797677604
116 207 0.677188087729176
116 210 -0.1582877617681027
116 213 -0.4744786443757893
116 216 -1.8321604269566303
117 120 1.0772114160224724
117 255 -1.0653652593905598
117 258 1.2598038316068836
117 225 -0.8306521184999069
117 228 -0.9841789102355832
117 243 2.028369652176188
117 246 -0.03163119472609048
117 249 1.1526693063377633
117 252 0.9851135220866208
118 119 1.3055782489878602
118 183 -0.9416238813471035
118 186 -1.3895497313955016
118 153 0.42789564298439475
118 156 -0.748134703191524
118 171 -0.6765973072147067
118 174 0.18396383535607927
118 177 -1.0736956919811023
118 180 0.4356114136987022
119 120 -1.0821857159912753
119 219 0.25703417852153315
119 222 -0.8943258142718907
119 189 0.3404668662982035
119 192 -0.8255186316530164
119 207 0.7553884969168556
119 210 -0.2687266962964051
119 213 -1.515555638509149
119 216 -0.24729175609705917
120 255 0.6655337610070515
120 258 0.5616644735279339
120 225 -1.0720643795818356
120 228 0.5189448625707951
120 243 0.45056158188876794
120 246 -0.35053242653077377
120 249 -1.4669775047618745
120 252 -0.45978285291033677
121 122 1.765447343484682
121 124 -2.1839281236659156
121 183 0.4471510095450333
121 186 -0.46928220563034917
121 189 -0.6634217609204333
121 192 0.49318759084830405
121 207 0.10246987671986697
121 210 0.6398047720191699
121 177 -0.5489444152535381
121 180 0.9939170452600804
122 123 0.5977047668296096
122 125 -1.2769466616658174
122 219 -0.9279227126672904
122 222 0.35090144081489033
122 225 0.35820692911241825
122 228 1.6002965890697924
122 243 0.3571839125307806
122 246 1.3313127902675925
122 213 -0.5595037632481404
122 216 -0.589426804286406
123 126 -0.40715205683145606
123 255 1.9467970403032753
123 258 1.7989813498944194
123 261 -0.7687099192332142
123 264 -0.16224472964255998
123 279 -1.1603500062898509
123 282 0.56787636614357
123 249 0.2443560813888253
123 252 1.3013295793863513
124 125 -1.4819450619046268
124 183 0.4987324489781153
124 186 2.1251538184623575
124 189 1.330455773189914
124 192 -0.10039672845032016
124 207 -0.7448062570747216
124 210 -0.8175752847817612
124 177 0.2993168331280891
124 180 -1.2648206432341071
125 126 -0.4739749171382713
125 219 -0.6216917933869119
125 222 0.4909109334207625
125 225 1.5022734294619566
125 228 0.18142807051170767
125 243 -0.35641839657749563
125 246 0.2273790466150085
125 213 0.23972864440181596
125 216 -1.2292378841965235
126 255 -0.9431279015493162
126 258 0.1511785147254358
126 261 0.44751193072429185
126 264 0.29038805176460236
126 279 1.5883208326124123
126 282 1.1322512105631761
126 249 1.3272384213752981
126 252 0.7144762070045213
127 128 0.14976881668606157
127 130 0.34145439543822326
127 207 0.5083896947499619
127 210 -1.5841590737249802
127 177 0.06901622683198874
127 180 0.26121230643955423
128 129 -0.30390439553714993
128 131 -0.8516210681321221
128 243 0.7354894976648915
128 246 -0.03252793558036975
128 213 -0.06528109427189087
128 216 -0.2790103957939899
129 132 2.223646638093572
129 279 -0.9103084007973011
129 282 1.1824791824548253
129 249 -1.6150948337386752
129 252 0.32929258120413807
130 131 0.5624831717988715
130 207 -0.14074884115888966
130 210 -0.4099568896181745
130 177 -0.300118775165617
130 180 0.1148813627724084
131 132 -0.9479963407224241
131 243 -1.5204271620260805
131 246 0.24379800672943006
131 213 0.04645453557658093
131 216 -1.1715116372870495
132 279 -1.9252939983198556
132 282 1.4553035202596845
132 249 1.2141956528471871
132 252 1.2898293309585571
133 134 0.6184264387137081
133 136 0.9438735837249833
133 171 1.3630604153336165
133 174 0.4150826840143747
133 177 -1.6997944942115906
133 180 0.4844141920749209
134 135 -1.6235249808142318
134 137 1.5246811170439116
134 207 -0.24251245536850036
134 210 0.2766450298436401
134 213 1.9107725388669476
134 216 -0.051116708461172354
135 138 -1.7570162021801163
135 243 0.08545911702084037
135 246 -1.5075692635918576
135 249 -2.4823883124688493
135 252 -0.3215335258001133
136 137 -0.01846956357835664
136 171 -0.44979903390886405
136 174 1.2247036024411098
136 177 1.049266181635202
136 180 0.5784624824782645
137 138 0.3971770415462964
137 207 -1.4616002848960319
137 210 -0.3239495047007211
137 213 0.21010310870115834
137 216 -1.5707079996965574
138 243 0.6089180914120855
138 246 0.0682923461362915
138 249 -0.18170443083492488
138 252 -0.009663046356605335
139 140 0.6595335352413769
139 142 -0.87837458393624
140 141 -0.5743836842359481
140 143 -0.07224915254979822
141 144 -0.020252613778854338
142 143 0.7751474964848877
143 144 0.2873392482800122
145 146 -0.19785691836509495
145 148 -0.21172740149849836
146 147 -0.7275109131772391
146 149 1.9826608818182985
147 150 -1.04779387811255
148 149 -0.013531020719212009
149 150 0.6398004637194593
151 152 -0.9223139851076525
151 154 1.2605660746359788
152 153 -0.04452588919124239
152 155 -0.14390448709894296
153 156 -0.19638649323445995
154 155 0.22308491037285727
155 156 -0.11965179463519675
157 158 -0.832918148840791
157 160 0.9172793018704977
158 159 1.1604178549835467
158 161 -1.265520854625678
159 162 0.19479171269661352
160 161 1.5854106215170236
161 162 1.5010913042297263
163 164 0.5271438941306646
163 166 -0.8464260670916882
164 165 -0.7029061405782487
164 167 -1.1661971499336368
165 168 -0.40708774933053266
166 167 -0.39802259892511915
167 168 -0.06031458666017934
169 170 1.1179966777826646
169 172 -1.279340205846769
170 171 -1.9229505554659874
170 173 0.8749275240566151
171 174 -0.4363842380115812
172 173 0.1978945635207953
173 174 -2.1549033854926387
175 176 -0.6321907066165541
175 178 -0.878190042099662
176 177 0.13075762362060964
176 179 -0.13540739469237342
177 180 0.01657496659141849
178 179 -0.5839832568275529
179 180 1.113765280580922
181 182 -0.03711692560620996
181 184 -0.5049265229911569
182 183 0.14666595506465113
182 185 -1.0854431898694192
183 186 -0.08221161595994993
184 185 -0.49429087979097935
185 186 0.9484213797300776
187 188 -1.2643069380488405
187 190 -0.617668055988649
188 189 -0.4774721426027521
188 191 -0.5076510651672842
189 192 -0.13953831105361833
190 191 1.3723547782325107
191 192 0.755201537189949
193 194 -1.0100762279280202
193 196 -0.8165966128722018
194 195 -0.09832373601662202
194 197 -0.33216975101407714
195 198 -0.18904657694130744
196 197 -1.1776719373781306
197 198 -0.45828691932845106
199 200 -0.13478803607009948
199 202 -0.923845176210351
200 201 -0.2010921086257166
200 203 3.2109426751090724
201 204 0.03274532451553878
202 203 0.14640012278871117
203 204 -0.6724047177203353
205 206 0.35417923168429327
205 208 -1.4272276840074114
206 207 -0.5709606431538281
206 209 0.023362888244792664
207 210 1.653359995699167
208 209 -0.2725311294893775
209 210 1.454669831000785
211 212 1.5552380816718503
211 214 0.2317276773145984
212 213 0.25460262259589045
212 215 0.5191696576086852
213 216 -0.439288678963745
214 215 -0.7615005741493248
215 216 -1.1664820886960574
217 218 -0.9241199260151653
217 220 -0.7384590551747726
218 219 -2.7244272078409217
218 221 0.5243032517524575
219 222 -0.42487201615113385
220 221 -0.3218077462129651
221 222 0.27810479536364596
223 224 0.07052689177948614
223 226 -1.128579067157585
224 225 -0.1408419652892805
224 227 -0.26149672240580624
225 228 0.6866488580625515
226 227 -0.43829264348898
227 228 1.3999577317131244
229 230 -2.072699745508329
229 232 -0.23385341206058305
230 231 -0.9864088641753987
230 233 -0.09397812149295375
231 234 0.7326838876743661
232 233 1.8287717422512406
233 234 1.5984189951715961
235 236 -0.9539707154988033
235 238 -1.2857434710163471
236 237 0.5392814405861379
236 239 1.108090235307592
237 240 0.5552562615939013
238 239 -1.17861735786654
239 240 1.3091057368424446
241 242 2.6220635203069134
241 244 0.6203799468197887
242 243 0.31928233196463046
242 245 0.13021649912369954
243 246 -1.8573577747999777
244 245 -0.525030237670803
245 246 -1.7842705075383167
247 248 1.441838678461229
247 250 0.4742727722964214
248 249 -0.6234583972365281
248 251 0.45582251605185553
249 252 -1.6868069850243947
250 251 0.2560911935499149
251 252 1.144063851856956
253 254 -0.1214379915184762
253 256 -0.2246498234972968
254 255 1.207673332239473
254 257 2.298827575090164
255 258 2.342893460235198
256 257 -0.9658348201374632
257 258 -1.549765480971786
259 260 1.0338609635953246
259 262 1.176897506990802
260 261 0.22573725375986756
260 263 -1.1033960814075945
261 264 -1.4733658560932834
262 263 -0.5863634664506131
263 264 1.926884688977196
265 266 -1.142940838504364
265 268 1.067692189605691
266 267 0.0045612565264056375
266 269 0.7863403063485727
267 270 -1.8835970909679929
268 269 1.0008336972693486
269 270 1.3137489123647912
271 272 2.4085985675403423
271 274 -0.26038952858637815
272 273 -0.9355019156853398
272 275 -1.065930403910254
273 276 -1.6676487258280825
274 275 0.3081518162971947
275 276 -0.017836035557576162
277 278 -2.9334750344209715
277 280 -0.3710807023608991
278 279 0.2158970977625602
278 281 0.11689129045922718
279 282 -1.336085895121402
280 281 -0.35666299036477794
281 282 -0.4586791607232225
283 284 -1.2960654190691554
283 286 1.3262677097983113
284 285 -0.6934361276209995
284 287 -1.1777028910280707
285 288 1.213099132755745
286 287 0.36046294330292816
287 288 -1.0699861462485467
