# 
1 1 0.5697119140651076
2 2 -1.3257901937345913
3 3 1.147350834050755
4 4 1.3512543802428725
5 5 0.23120658884920614
6 6 0.4749910767272759
7 7 -0.505313843103228
8 8 -0.08894355502905285
9 9 0.10229603050611462
10 10 -0.0025114201199891517
11 11 -0.413312036985304
12 12 -1.0644698214680515
13 13 -0.16292456930431937
14 14 -0.26716505824232895
15 15 -0.3992124230120945
16 16 -0.8890810729861545
17 17 -0.7010939249210858
18 18 -0.5750865571148008
19 19 -0.15102861877846857
20 20 0.575088309374827
21 21 0.5937214666727262
22 22 -1.008591266290775
23 23 1.118375908928491
24 24 0.46867338226811334
25 25 -1.0294478680026051
26 26 -0.01566028307456807
27 27 -0.9104495095813987
28 28 -0.7006269711605805
29 29 -2.553555247622906
30 30 -1.1897808749897232
31 31 -0.8400977925669377
32 32 -0.027867392295789734
33 33 0.9690732350566957
34 34 0.34185206109993593
35 35 -0.07929373837040722
36 36 -0.7276833718415795
37 37 -0.0868851783223775
38 38 -0.9040083794851579
39 39 -1.5415542824157686
40 40 -0.6615605680702001
41 41 0.6901276237926486
42 42 1.431221301170354
43 43 -0.41702355923900486
44 44 0.21163353031511367
45 45 2.602948640257098
46 46 0.48103500162993595
47 47 1.9867233312676453
48 48 1.0130306748410653
49 49 0.275108629715209
50 50 0.00892189731522076
51 51 1.3360062376581487
52 52 1.218635876566336
53 53 0.25230324464824644
54 54 -0.06963614600219835
55 55 -0.5626870520141742
56 56 -1.2365111163292999
57 57 -1.017614578131967
58 58 0.5089958643643844
59 59 1.094731843665627
60 60 -0.37254589124779447
61 61 0.9406749263592985
62 62 -0.3026856943083489
63 63 -2.3446916449605433
64 64 -2.8998200446782474
65 65 0.8548677567038013
66 66 -0.9399200192895611
67 67 1.0453747814024519
68 68 -0.4037543880571703
69 69 -0.4498376590179627
70 70 -0.34360515477450254
71 71 2.0129528843362996
72 72 0.7891139125252803
73 73 -0.627370529354831
74 74 -0.12915104729285712
75 75 0.1425678494911562
76 76 0.0443737976405694
77 77 -0.9114884036594983
78 78 0.8412889256931089
79 79 0.23336744905088702
80 80 -0.31067742648950974
81 81 0.6315440918908931
82 82 -0.2774200328526009
83 83 1.707448864708169
84 84 -0.035112627623518466
85 85 0.9682406365413377
86 86 -0.7589142780080037
87 87 -0.840771692707315
88 88 0.0816815176027419
89 89 -1.95740159786844
90 90 -0.045564710214050314
91 91 0.7387400936454783
92 92 -1.0331936158159931
93 93 1.1301367934944218
94 94 -0.2825132358503549
95 95 -2.5645797181781886
96 96 0.5279233567708004
97 97 -0.055102325351978815
98 98 -2.601740755078702
99 99 -0.3879837727853904
100 100 0.823313927328228
101 101 0.21641987177279576
102 102 0.6172108510661338
103 103 -1.0495121685878936
104 104 0.16166228296082047
105 105 -0.6485653645683189
106 106 0.49322669946825737
107 107 1.5953148143777114
108 108 -0.5683677006768869
109 109 0.04055962471514604
110 110 0.31231480923399424
111 111 0.43665935368240893
112 112 0.4653370203843984
113 113 -1.8859495828823258
114 114 -2.146200477082986
115 115 1.509013476090684
116 116 0.9902873673490437
117 117 -1.1821371006794223
118 118 0.2657473461200457
119 119 0.3408618151759102
120 120 0.9361221393257743
121 121 1.0647511395554752
122 122 -1.7549111995811955
123 123 0.2736720795001661
124 124 -0.586130278811967
125 125 -0.17578386793664144
126 126 -0.0512044906963716
127 127 1.4026508651556056
128 128 -1.2590318410041335
129 129 -0.6130243672752452
130 130 0.4118085679553634
131 131 -0.5699536252003993
132 132 0.7969119479967814
133 133 1.1050346234290578
134 134 0.21441689660769717
135 135 1.4871860757539634
136 136 -0.16224042465878954
137 137 2.451682328060407
138 138 1.0839935248950472
139 139 -0.7286391770433476
140 140 -1.0239657269681217
141 141 1.7003638377512198
142 142 1.9312370509328296
143 143 0.36810372831123095
144 144 -1.232120237497985
145 145 0.15365592534146477
146 146 0.492997619833424
147 147 -0.15816516311288645
148 148 0.5682577705780784
149 149 1.4489560499314347
150 150 1.7929563341131918
151 151 -0.5438951163335369
152 152 -0.208682556562253
153 153 1.205590329445717
154 154 2.6453031056752754
155 155 -1.6088548120762762
156 156 -1.1879615688288025
157 157 -0.998889627778353
158 158 0.3111564361047555
159 159 -1.0180870016940429
160 160 1.0387413089836322
161 161 -0.8484731412941146
162 162 1.4753186978866044
163 163 0.360421566691287
164 164 0.06670489354107786
165 165 -1.8689110557720365
166 166 0.0566881966043662
167 167 -0.8458384104352559
168 168 -1.9091220820030792
169 169 0.912103923348177
170 170 -0.2980922009960649
171 171 0.3640922715639067
172 172 0.3161889274029983
173 173 -1.0171891685077905
174 174 0.060782287780610816
175 175 -0.8137653123124057
176 176 1.716782713142295
177 177 0.4547757366046164
178 178 0.42783648461656637
179 179 -0.6711409231317355
180 180 -0.08912869784823468
181 181 0.22928899152768709
182 182 0.3506586104369585
183 183 -0.1476618552916366
184 184 0.5200124509772605
185 185 2.5368159480409957
186 186 0.2926988732629636
187 187 -1.178511829637436
188 188 0.7477453495673007
189 189 0.5852406435590554
190 190 -0.8416079771458499
191 191 -2.3146815447722475
192 192 -1.4733678232806648
193 193 -0.018995149305545127
194 194 0.6757209079624574
195 195 0.8104230247302207
196 196 0.00022790455068929534
197 197 2.462863944072616
198 198 0.04496596256901341
199 199 0.2553855182379157
200 200 -1.065867352089442
201 201 -0.5978219633550957
202 202 -2.1686142181904766
203 203 2.0110417070806528
204 204 -1.1693979989909788
205 205 -0.9193406274648992
206 206 -0.35244167131031084
207 207 0.22216340036863175
208 208 -0.33084530028957937
209 209 0.11244110391062614
210 210 -0.4556414535102178
211 211 0.8123828837895534
212 212 1.2065449680130407
213 213 0.2991981321434023
214 214 2.054610681103336
215 215 0.4364006751607398
216 216 -0.8589882833648822
217 217 -0.061313156882675746
218 218 1.3160363644413133
219 219 2.0950976030282398
220 220 -0.038377334589232565
221 221 0.013474930228199582
222 222 -1.3088370052252343
223 223 1.0934990877084398
224 224 -2.302715105582535
225 225 -0.0035265378115240395
226 226 0.47884171795891217
227 227 -1.3930670799404576
228 228 -0.9220186577523896
229 229 1.2330999951481378
230 230 0.41246392178074476
231 231 -0.310751472833679
232 232 -0.6456147900600744
233 233 0.5712145945132442
234 234 1.318387074439109
235 235 0.5167904340609332
236 236 -0.2839742764907186
237 237 0.5153816783374816
238 238 0.6224683040763113
239 239 1.9681476741879522
240 240 0.2945728206728962
241 241 -0.6906224240733554
242 242 1.4706409044056552
243 243 -1.0337835547057503
244 244 0.06015019285230539
245 245 -0.4419426867181204
246 246 -0.14879852557820852
247 247 1.131316809206076
248 248 -0.5128078614730369
249 249 0.8834225713682745
250 250 1.0405270699634968
251 251 1.450486789989488
252 252 1.0775775183747078
253 253 0.989597861922434
254 254 -0.44423832706663546
255 255 -0.3328035108337801
256 256 0.6317872776852
257 257 0.4303980277959257
258 258 -0.5946142806225174
259 259 0.22342154055865307
260 260 -0.2726065452728259
261 261 -0.7158625128398298
262 262 2.8944995379970586
263 263 -0.8794094177440219
264 264 -0.4026684652941471
265 265 -0.17929263149234195
266 266 1.8223316527331173
267 267 1.588420106683693
268 268 1.5459424892758395
269 269 0.11339817181811311
270 270 1.7450881292682796
271 271 -0.8198099954660646
272 272 0.4230421864605871
273 273 -0.9041756974287891
274 274 -1.4625969554029983
275 275 2.011567465383996
276 276 0.5453227039159805
277 277 0.7487830702898735
278 278 -0.2907740952100263
279 279 -0.8984931980923654
280 280 1.8328879025248632
281 281 0.3543449282145543
282 282 -0.5144618895374345
283 283 0.07058621079747611
284 284 0.6925634108560186
285 285 -0.09712392888208
286 286 -1.199290167633831
287 287 0.09229695413816068
288 288 1.2823398462342743
1 2 -0.21089527348159243
1 4 1.6142615368234585
2 3 0.8365946923901021
2 5 1.3674125560412496
3 6 -0.8079332895225001
4 5 0.18121400969465717
5 6 -0.8844154736180276
7 8 -0.5546944202348367
7 10 -0.9123227342357163
7 157 0.6479031686903838
7 160 -1.5643831909520716
7 163 0.6807492722661977
7 166 -0.4555889887976202
8 9 0.5867600157109522
8 11 -0.344472439602578
8 193 1.2347167064398759
8 196 -1.1201262407874795
8 199 1.8790472201207942
8 202 -0.28247971867204186
9 12 -0.4303836848826988
9 229 -0.4930849941233215
9 232 -0.9205263156320376
9 235 -0.9554302048270453
9 238 -0.30256478777254187
10 11 1.0991093658240643
10 157 -1.2533848010034891
10 160 -1.8853480168573853
10 163 0.7967717488723065
10 166 -0.7353464033592674
11 12 -0.10274441906388608
11 193 -0.6966307221169195
11 196 0.06390317414120156
11 199 0.05368703339212695
11 202 -0.8021662744201967
12 229 -1.3909955212679115
12 232 -1.495075441770695
12 235 -0.03126691698372199
12 238 0.3445410591668385
13 14 -1.1263714948587118
13 16 -1.514704380584358
13 193 -1.4099414836264597
13 196 1.6625613768063956
13 199 -0.9048963036253411
13 202 -0.31539311277058946
14 15 -0.7994959685033094
14 17 -0.9889482193921738
14 229 0.7591033736869297
14 232 -0.4923955177955105
14 235 0.72324868651487
14 238 -0.4531580067052067
15 18 0.4315332252743383
15 265 -0.2448132172999415
15 268 -1.6700930695036456
15 271 -0.4519401962850076
15 274 -0.5386468573350183
16 17 0.25774270103878116
16 193 2.3202335508464578
16 196 0.42834627388049284
16 199 0.33662948654956404
16 202 -1.5800983338586796
17 18 0.18754558357748027
17 229 0.5349180872913492
17 232 0.09094575112569483
17 235 -0.18261029330348796
17 238 0.15251409799165572
18 265 0.233440546725254
18 268 -0.18824900059944977
18 271 1.7901095883869091
18 274 -0.037837908333372874
19 20 0.9288176141661265
19 22 -0.003775580559913065
19 181 -0.848862384572153
19 184 1.4551505318853617
19 187 1.6154300148901892
19 190 0.64883976176537
19 193 0.37860464494187673
19 196 0.06156624218498615
19 199 -0.9272601869448831
19 202 0.2226731362497785
20 21 -1.0032806793493523
20 23 0.052772499978045784
20 217 -1.3832194846192971
20 220 -0.29441355804188246
20 223 -0.25124834430583676
20 226 -1.1474043797140838
20 229 1.0904898060759702
20 232 0.1883195733457238
20 235 -0.6401150417290637
20 238 -0.1711033378685057
21 24 -1.1521411322199848
21 253 -1.5922494786074923
21 256 -1.023745584097587
21 259 0.6931375665520941
21 262 -0.46291239853730304
21 265 0.6089467578142862
21 268 -1.6013163875614118
21 271 0.7795187855893361
21 274 0.08666690575606531
22 23 0.5087434131289796
22 181 0.6303110124800416
22 184 -0.6860756852678892
22 187 0.03975308896487693
22 190 0.7868684872342219
22 193 -1.032340607024246
22 196 -0.8534166683149015
22 199 0.15548677482796383
22 202 -0.8685164903136039
23 24 -0.7394586937573112
23 217 -0.6533282890465633
23 220 0.4204127650779336
23 223 -0.29958442405238017
23 226 1.0040554924010252
23 229 -0.27012819416358036
23 232 -1.271804546449023
23 235 -1.4195257133677344
23 238 1.117148925690273
24 253 0.9075966033390337
24 256 1.0499789136583655
24 259 -0.22349596197358138
24 262 -1.6009302087496275
24 265 -0.818579152484499
24 268 0.5080582313138341
24 271 0.6316526053454783
24 274 -0.22900083773835575
25 26 1.438436475371047
25 28 1.9778609041790658
25 181 0.7789517525609866
25 184 1.846593077651982
25 187 -0.5401585432272514
25 190 0.0044502370994979525
25 193 0.3150823190136333
25 196 -1.4670880769828678
25 163 -1.4628484159036674
25 166 0.40429353686588304
26 27 0.16047261333702106
26 29 -0.24853740019133816
26 217 1.7668721798525118
26 220 0.6591792665974154
26 223 0.14197076449187188
26 226 0.12916781326990157
26 229 0.2557120829263801
26 232 0.37047166029457884
26 199 1.6539901268974448
26 202 -0.9916562106918333
27 30 1.167653474273104
27 253 -1.1711744418400936
27 256 -0.16038690026802443
27 259 -0.07671280886212267
27 262 -0.4402976153106673
27 265 -1.8540146660852286
27 268 0.8137995601713587
27 235 -1.7203971946763756
27 238 0.6971114845383638
28 29 -0.18586852607213902
28 181 -0.04897850538613956
28 184 1.7900068694461047
28 187 0.26510238721372564
28 190 -2.1828745853084177
28 193 -0.9138589620740836
28 196 0.7776999475942005
28 163 -2.3926272086877955
28 166 0.6208950043069316
29 30 0.45441295332543796
29 217 -0.42652874077508535
29 220 -0.9308011946070603
29 223 -0.17636776292033654
29 226 1.9855731273790598
29 229 0.4532924266977116
29 232 -0.5221238260681467
29 199 -0.8162273162049187
29 202 0.02761953473696994
30 253 0.13762683956535737
30 256 -1.412252131093114
30 259 1.403360313836954
30 262 0.7016661485325055
30 265 -0.007902639486486404
30 268 -0.2695394772427173
30 235 -0.7775510648207314
30 238 -1.166636025931098
31 32 0.9501346964443096
31 34 -0.289990548799001
31 181 -1.5533713562390588
31 184 -0.04243217029902922
31 187 -0.05096199700909149
31 190 1.5560557715555716
31 193 -0.4039184893558684
31 196 0.22191529181247263
31 163 0.36132848324274564
31 166 0.2706115642674003
31 169 0.20845819031631121
31 172 -0.6023385004471921
31 175 0.5752606440323798
31 178 0.4058367682752185
32 33 -0.8778228017358967
32 35 1.7332246879105493
32 217 0.23917584296345998
32 220 -2.508108977396008
32 223 -0.2017060905088516
32 226 1.0146639129163266
32 229 -0.6441465772105391
32 232 -1.3467626224211016
32 199 0.46681945600319896
32 202 1.613893814866095
32 205 0.5693629681401184
32 208 -0.21702099919903337
32 211 1.2821151123806043
32 214 -1.6637606526769155
33 36 -0.743332947981034
33 253 -0.47890870299291866
33 256 0.5622557723573542
33 259 0.256104285011874
33 262 -0.5044581156430489
33 265 0.4630565684568822
33 268 -0.9339474729187096
33 235 -0.28453348713087445
33 238 0.49911175207275993
33 241 -0.5557625316348647
33 244 1.1137799747663237
33 247 1.8417635295103305
33 250 -0.12114105551510823
34 35 0.9343190852992264
34 181 0.5294406968871195
34 184 -1.1766457343982923
34 187 1.287045270228465
34 190 0.3329683701993276
34 193 -0.19764593954125653
34 196 -0.37478694313921646
34 163 -0.2756138935501569
34 166 0.5680339109746249
34 169 -2.4866857969870484
34 172 1.7424549688951299
34 175 2.134804925631807
34 178 1.0840065653521405
35 36 -0.35096519701002016
35 217 0.29081216195746534
35 220 -0.7701270400686596
35 223 -0.5735015031890394
35 226 0.9453509031469898
35 229 -0.08834534170963947
35 232 -0.10875755016293343
35 199 0.29026244561900977
35 202 0.7164725872580621
35 205 0.47767521757660925
35 208 0.021485886339621917
35 211 -0.1699143801817835
35 214 -0.973101877436389
36 253 -0.012787133226583404
36 256 -0.4325590092122017
36 259 -1.300665738563089
36 262 0.6863731946137521
36 265 0.7648096228270198
36 268 1.0521848041877673
36 235 -0.5053201811323942
36 238 0.7696713309669512
36 241 1.3756148820717566
36 244 -0.5253632631251408
36 247 0.42811596337068814
36 250 0.8140263745709533
37 38 0.2932766993165897
37 40 -0.6679087903985002
37 181 -1.1560447477885272
37 184 -0.31160540162790956
37 151 1.1202554989749316
37 154 -0.4743422570414001
37 157 -0.5905083392787386
37 160 0.11602801855757545
37 163 1.7445601044130516
37 166 1.1996634260653907
37 169 1.0773734023987165
37 172 0.5948755597211379
37 175 -0.4006895241999132
37 178 -1.5298554666758335
38 39 1.3824269864855563
38 41 -1.4562951692625268
38 217 0.6584289102785615
38 220 0.8191359471341059
38 187 -0.20169834496195946
38 190 0.5268961553407377
38 193 -0.7929574115179026
38 196 -0.36343940738858294
38 199 -1.309341511795052
38 202 -0.8108487956555476
38 205 0.17484376613694916
38 208 -0.8516842724847806
38 211 1.917734456228575
38 214 -0.9038707968874471
39 42 -0.17006643876949618
39 253 -1.3137672836615246
39 256 -0.46370383032322626
39 223 -0.31285731813532286
39 226 1.0590095670217765
39 229 -1.0571414877478547
39 232 0.35718090789240176
39 235 1.0186385107674416
39 238 1.5888204990327839
39 241 1.2686749399614914
39 244 0.12216171765002548
39 247 1.4298120983248597
39 250 0.1622293426670842
40 41 -0.2727919896224932
40 181 -0.03808837209816526
40 184 -0.5884943980472104
40 151 -0.048911926166216625
40 154 -0.691783826766152
40 157 -0.2545537383717479
40 160 1.723690033449982
40 163 2.098384082201426
40 166 0.639690082409575
40 169 0.7093945618218326
40 172 -0.7157964924261656
40 175 -0.6584089948961708
40 178 0.02039077049716508
41 42 -2.387429282456498
41 217 0.3037306499595401
41 220 -1.093368611583101
41 187 0.3215570499996804
41 190 -1.1125593005098484
41 193 1.9084295293732956
41 196 -0.6550119093596025
41 199 0.12492411691273363
41 202 1.4538549354470904
41 205 1.62959322064795
41 208 -0.39582258557070377
41 211 -0.20524687222003843
41 214 2.4865334762056936
42 253 1.5198173399921269
42 256 -0.10932326567967358
42 223 -0.9656733146843833
42 226 -1.7252858589457567
42 229 0.19131806417688058
42 232 -0.06319643713700564
42 235 -1.4806922007266758
42 238 -0.8706790330738214
42 241 0.5993712159854155
42 244 -2.4358832807818094
42 247 0.7158932435556402
42 250 -0.8307354578086268
43 44 -0.5403535729023079
43 46 -1.101967291118778
43 181 0.8365806950179754
43 184 0.6400032874419775
43 151 -0.26370721476906095
43 154 -1.1992594720039815
43 158 -0.9017956703625677
43 161 -0.7479601848712212
43 164 0.8526515404352502
43 167 0.30833872884449937
43 169 -0.3793493717694321
43 172 -0.994129299638635
43 175 -0.589683786525796
43 178 0.3988882413634436
44 45 0.14364542241254605
44 47 -0.19142899529678553
44 217 -0.733721512542199
44 220 -1.618790134350766
44 187 0.98827366155033
44 190 0.7426657810348283
44 194 0.5630529981394389
44 197 0.6329819198126962
44 200 -1.2440333781937158
44 203 0.1337566398108235
44 205 -2.194556962987565
44 208 2.2138564345792733
44 211 0.7518630949331568
44 214 -0.01790592007691555
45 48 -2.440037469655311
45 253 1.0502515878180994
45 256 0.9735686729656512
45 223 -1.5023823721178986
45 226 0.40121826068635424
45 230 -0.4541940484726794
45 233 1.948622263905652
45 236 -0.5259268498105384
45 239 1.3783725448002342
45 241 0.5238767150165246
45 244 -0.2402253796631057
45 247 0.5516913555555969
45 250 0.09495017548631042
46 47 0.9709197577379313
46 181 -0.08426221662168623
46 184 -1.2352866603044041
46 151 -1.0499967654805582
46 154 -0.5507375065960247
46 158 -0.8527004509494925
46 161 0.8985142715822563
46 164 1.652127244277016
46 167 0.07770003128112894
46 169 -0.5642109374393321
46 172 -0.9671993009610423
46 175 -0.5292384791117434
46 178 0.9559710434389853
47 48 2.0752603114108026
47 217 -1.1563529839725895
47 220 -0.22306029871474095
47 187 1.6611076878782793
47 190 -1.7014728699097506
47 194 -0.18954687164102935
47 197 -0.9843620831424269
47 200 0.8703071791883541
47 203 0.609336019565038
47 205 -0.721893830168693
47 208 0.646928868095314
47 211 0.5587810003677246
47 214 -0.2524330833772887
48 253 -2.1299729720718723
48 256 0.5972371665328773
48 223 1.117505743773227
48 226 2.0009247358019726
48 230 -1.215234806594312
48 233 1.315870383046104
48 236 1.1050615829585466
48 239 1.0832273638516305
48 241 -0.28286990977593024
48 244 -1.7562468115390089
48 247 -1.1059809931166302
48 250 -0.39154693086967435
49 50 1.0053224176622333
49 52 -0.17184886846480615
49 181 -0.7809087184778271
49 184 -0.3540287388559166
49 187 -0.08622572367073315
49 190 0.23031550169258674
49 194 -1.0364442580417201
49 197 1.9311465140196376
49 200 0.6247341675096297
49 203 -0.35299358766080635
49 205 0.08898187600198475
49 208 0.9308818036979326
49 175 1.4107552872742752
49 178 0.2744796148473855
50 51 1.472938322138333
50 53 -0.11792327958399632
50 217 -0.6645945158783431
50 220 -0.14160485851223875
50 223 -0.43633844428791424
50 226 -1.5672016116733674
50 230 -0.20724335706371982
50 233 0.5825390216724908
50 236 -0.031136098925237325
50 239 -1.2480749447702515
50 241 -1.590884213494508
50 244 -0.7504721872494997
50 211 -1.01970863933956
50 214 1.1959712950531487
51 54 1.2994444007468577
51 253 0.16268527851864129
51 256 -1.492167970537785
51 259 -0.8266057914807159
51 262 0.03490316021966622
51 266 0.8550351689758896
51 269 0.4651962709265005
51 272 0.9940629244052327
51 275 -0.647231649590523
51 277 0.5708867245024651
51 280 0.3680304389490824
51 247 -0.362471357545292
51 250 2.5643009332577194
52 53 -0.5451099941806531
52 181 1.1838351113275607
52 184 -1.1708724073011267
52 187 -1.0169021462903094
52 190 1.3592525474241353
52 194 0.14747754145427563
52 197 -0.8908262180009459
52 200 -0.7356118779773054
52 203 0.4310897566892501
52 205 -1.5925013618811414
52 208 -1.6321814821139329
52 175 1.1812028373638492
52 178 -0.0708467228357327
53 54 -0.253128080560034
53 217 1.1726544470593994
53 220 -1.423007110473661
53 223 -1.0794119986542472
53 226 -0.791129983308466
53 230 -1.2371233467706353
53 233 -0.4806363212122563
53 236 1.4162257315068443
53 239 0.8079901243222191
53 241 0.5126189657910917
53 244 -1.1580893624109816
53 211 -0.4459123311927348
53 214 -0.1966160599210598
54 253 -0.44906217060915465
54 256 1.902401706227872
54 259 0.7921895683737685
54 262 0.4732657580715073
54 266 0.6121700102040138
54 269 -1.339770989148483
54 272 0.33027352195995496
54 275 -0.2405912732057825
54 277 -1.7336279415870903
54 280 0.37806430549259945
54 247 -2.100538215524308
54 250 -0.06232133445960187
55 56 -1.3552209098702162
55 58 0.3413963481754296
55 182 1.1910526915742092
55 185 -0.5663691625244918
55 188 0.22595432851190034
55 191 0.8807657059900245
55 194 1.062768470623777
55 197 1.2149079217155494
55 200 0.2445189781999714
55 203 1.0621492007879014
55 205 0.10376692244286896
55 208 1.755357395918495
55 175 1.3954665651321543
55 178 -1.341972043950589
56 57 -0.19702352486161234
56 59 1.8158273641571612
56 218 -0.5158172940141739
56 221 0.26893269343147647
56 224 -0.5085579519253416
56 227 1.2529708832045312
56 230 0.30734481418959697
56 233 -2.569682907797795
56 236 0.45879151148176583
56 239 -0.057770766885096234
56 241 0.40126074641757314
56 244 0.7649442877261757
56 211 -0.44701096187673894
56 214 -0.22910061347454247
57 60 0.22141517501295693
57 254 0.7532186362927906
57 257 0.4513326405869557
57 260 -0.40487527066172263
57 263 -0.2287722331386755
57 266 0.06744685079509292
57 269 -2.229278963842408
57 272 0.2820651952543023
57 275 -0.3663062377280593
57 277 -0.546311376143226
57 280 1.0357234152221666
57 247 -1.2631484610503796
57 250 1.1463677538121202
58 59 1.2710799808092592
58 182 -1.8875843322672008
58 185 -0.5818066166915484
58 188 0.8941826401226916
58 191 0.5376217658484044
58 194 2.944252013695548
58 197 -0.16830527845945992
58 200 -0.31716561893502787
58 203 3.3922160607807204
58 205 -1.4281053534699701
58 208 0.447839707203329
58 175 -0.4527880817324486
58 178 0.20827907715098443
59 60 -0.8655331628507593
59 218 -1.238480101765776
59 221 -0.3764254639426509
59 224 -1.209350137138795
59 227 1.197563192767116
59 230 1.3441585045917364
59 233 0.5069407478429219
59 236 -0.6217195758578014
59 239 -1.1290294469540765
59 241 -0.8243155850650864
59 244 1.565676795144724
59 211 0.8594005701115996
59 214 -1.7567859402360955
60 254 -0.7319236542943854
60 257 0.39951253471228576
60 260 0.13063993622510311
60 263 -0.54917301832453
60 266 1.5735782029337015
60 269 0.012817345584429998
60 272 1.043249574040142
60 275 -0.4698641249466099
60 277 0.33705832649479905
60 280 1.5021495258427648
60 247 1.1336436603385123
60 250 0.20078499467642433
61 62 0.4153925796241667
61 64 -1.0587353627303124
61 182 0.3738163527216857
61 185 0.6228388574281692
61 188 0.6514533751156998
61 191 0.745879616332296
61 194 0.5335042925667092
61 197 0.564185228711819
61 164 -0.3489369858189151
61 167 -0.8609261467332119
61 169 0.4566183603884209
61 172 -0.2913652150922956
61 175 0.8512220665159934
61 178 0.6531411865763592
62 63 0.39664388109541215
62 65 0.030103023617067612
62 218 0.9633759711369453
62 221 -0.9498682640426459
62 224 -1.9777993943057675
62 227 0.15328581698996774
62 230 1.3014365346625512
62 233 1.843694250585893
62 200 1.6478945875989832
62 203 0.3347869387392045
62 205 0.8267821371643679
62 208 -0.24410285157619369
62 211 -0.34222726526545316
62 214 2.274338496292641
63 66 -0.9112564916713917
63 254 -0.5004473624683599
63 257 -1.464152922267043
63 260 -0.5605768113798352
63 263 -0.2676592951945602
63 266 -1.2719515628768778
63 269 2.063359816900027
63 236 2.392655204407083
63 239 0.09774470853382372
63 241 0.37121516026520235
63 244 1.4496262506304738
63 247 -0.1950057591551166
63 250 0.7445899456629356
64 65 1.0092548489359823
64 182 -0.5800252313407228
64 185 1.2298250577266108
64 188 1.793911086416442
64 191 -1.1628406761922783
64 194 0.2291284571765262
64 197 -0.0835864499489198
64 164 -0.5121067642123917
64 167 1.7311809236778375
64 169 -0.12351913263765903
64 172 -0.8565050876668304
64 175 -0.535144265321238
64 178 -0.9160060900230512
65 66 0.05066564280085867
65 218 0.3961587225261878
65 221 0.5724678080988227
65 224 0.0825835143197487
65 227 0.5146308812636177
65 230 0.9375657833650463
65 233 1.6053271946697525
65 200 0.7942637146983025
65 203 -0.3788521815673724
65 205 1.307622801263129
65 208 0.6297684896447375
65 211 0.8070177557722505
65 214 -0.49873781851933063
66 254 1.2282530116151413
66 257 -0.29942889512815485
66 260 1.4947579836837117
66 263 -0.19743554449599687
66 266 -0.9088283087040514
66 269 0.8033093846730909
66 236 -0.23139663751923992
66 239 -0.16388603739085325
66 241 -0.23531846195393324
66 244 -0.07342042257620573
66 247 -0.17905633087624848
66 250 1.60206327462483
67 68 -0.8647919983818066
67 70 0.01137875680092803
67 182 3.087226162481621
67 185 -0.25239301349484744
67 188 0.7463075074280423
67 191 -0.19851579944863637
67 194 1.049194024720125
67 197 1.1305072712862312
67 164 0.7804265645898348
67 167 -0.6454792617858724
67 170 0.15786115216787272
67 173 1.2272010478764313
67 176 0.8159228472080987
67 179 1.4512119433823198
68 69 -0.678094856495061
68 71 -0.5619737027634911
68 218 0.2123050113581529
68 221 -1.476980460393937
68 224 -0.21097078061439656
68 227 0.5718441123787138
68 230 0.5257306122428668
68 233 -1.0371377988359491
68 200 0.43297044662858464
68 203 0.07577086875588483
68 206 0.29510629427978785
68 209 -1.1601815957084927
68 212 -0.3963492465475436
68 215 0.9352640570155142
69 72 0.08867947994440938
69 254 0.7648057765983977
69 257 -0.26815431719513033
69 260 0.14901444495350719
69 263 -0.19388872553520428
69 266 -0.7030745785552827
69 269 1.6375369866357146
69 236 -0.6621115294859838
69 239 1.5641710369819006
69 242 2.5600563029198367
69 245 0.7629005680093334
69 248 1.053438951048667
69 251 -0.18818568651528367
70 71 -1.9419704026063525
70 182 -0.7088885300243518
70 185 -0.9620020980003896
70 188 0.5729999010558822
70 191 -0.9118343690165365
70 194 1.098615855491904
70 197 -1.7021702676296588
70 164 -2.887699152323709
70 167 -1.1809882530713083
70 170 0.8949329980447422
70 173 0.9521165289594004
70 176 1.6115641684890964
70 179 0.5977677820288643
71 72 1.2532765154192407
71 218 -0.10412792874192334
71 221 -0.14751568281919453
71 224 -0.9052012376384476
71 227 -0.39413185524609057
71 230 -1.3390355510189798
71 233 1.6742284741046531
71 200 1.0866896129948345
71 203 -0.6050789124439464
71 206 -0.0982415467432788
71 209 0.5843769585403522
71 212 -1.5281465214117542
71 215 0.2548819777487213
72 254 -1.3433660280154505
72 257 -0.5825784158061034
72 260 -2.086883930776344
72 263 -0.218226259398156
72 266 1.4913796738651341
72 269 1.0537524974041563
72 236 -0.04952232775088446
72 239 -0.26620384055442653
72 242 0.3066353581388667
72 245 0.23911027631702647
72 248 -0.15587262963449933
72 251 0.8981557304068266
73 74 1.652645738044829
73 76 -0.21554782515902604
73 182 0.0228747893524076
73 185 1.5768494772498587
73 152 -1.1202743944008735
73 155 -0.8969204347403195
73 158 -0.35244431416470756
73 161 -1.4290175292594272
73 164 0.7347266475814368
73 167 -0.6867888469588005
73 170 -0.6559573799211506
73 173 0.775684582488048
73 176 -1.8692347669559264
73 179 1.0188341879233573
74 75 -1.0296631955589324
74 77 -1.293797118701034
74 218 -0.8410621953366151
74 221 1.3595341224258566
74 188 -0.9276011841657338
74 191 1.3204846912442012
74 194 1.102346961405098
74 197 1.4467507148751897
74 200 -0.4169833020053523
74 203 -0.3691932821045827
74 206 -1.0858566938759393
74 209 -0.20442736705175638
74 212 -0.8268035073992033
74 215 -0.43989416322476155
75 78 -0.18870914160004945
75 254 -1.7469054349435058
75 257 -0.9852179416359539
75 224 0.36439522516426276
75 227 -0.0027489664525642016
75 230 0.5792717139772817
75 233 0.32671426882509685
75 236 0.824467107651188
75 239 -0.07935061655404789
75 242 -0.20256193647126508
75 245 2.4811978160440127
75 248 0.15757064477423996
75 251 1.758903510240124
76 77 -0.8132844722230498
76 182 -1.1763924304633504
76 185 -0.6013106313701955
76 152 -0.8092046244099491
76 155 0.2433784318707282
76 158 -0.037664461488398956
76 161 0.2359367315519415
76 164 0.5050512225485136
76 167 -0.3767115535890171
76 170 -0.8208097003953646
76 173 -0.22441358975626327
76 176 -0.07673089005578787
76 179 0.7616876331087992
77 78 -1.2998392091970583
77 218 -0.2902917215772989
77 221 -1.9379805442695661
77 188 -1.9300470067107458
77 191 0.15513637395978722
77 194 -0.8008120221925589
77 197 1.5616965368387916
77 200 -2.4964848850523347
77 203 -0.8335407203701364
77 206 -0.9222636677163205
77 209 -1.5478809915626388
77 212 -0.4725518006005908
77 215 -0.12083186580412085
78 254 -0.7634849151069071
78 257 -0.2517047447772645
78 224 0.5546076623587238
78 227 -1.061948483523393
78 230 0.6001474022099271
78 233 -1.8548275740659528
78 236 1.1544512497510553
78 239 1.2502573512625612
78 242 -0.6859990005186848
78 245 -0.6190142124166429
78 248 0.4383877394930332
78 251 -0.9113054579674814
79 80 -1.2780096778856747
79 82 -0.390644665692019
79 182 0.633555538957063
79 185 -0.07445113780389802
79 152 0.09975818144438729
79 155 -0.2651524860130693
79 159 -0.16472177204609473
79 162 0.3630902900927016
79 165 0.4703348069900107
79 168 -1.4347879973671296
79 170 1.0358831805530941
79 173 1.1110576760357047
79 176 1.4182239265941474
79 179 0.3668447079734241
80 81 0.5067632327103444
80 83 0.3035052646451311
80 218 -0.6911737148499878
80 221 -0.46800905251893743
80 188 -0.9120519549077122
80 191 -1.197887727468867
80 195 1.3570708679693695
80 198 0.9357300255112349
80 201 0.45522034197436445
80 204 0.10208483568107259
80 206 -0.6242335305669636
80 209 -1.3957045543859885
80 212 0.2333188696083761
80 215 -0.8862341779603443
81 84 -0.5818961158585624
81 254 1.6339765989870327
81 257 0.08549449964251737
81 224 -0.7072615054318071
81 227 0.8078657257565983
81 231 -1.050639350529395
81 234 2.779513598355498
81 237 0.6625787386564403
81 240 0.6567484701737647
81 242 -0.5744703261808626
81 245 2.5386724735070767
81 248 1.5635722408333788
81 251 -1.7044186345214127
82 83 -0.23783213002922643
82 182 -1.3650131644709516
82 185 0.6395517717727006
82 152 -1.7616215588720285
82 155 0.18015191446747852
82 159 -0.5035617973103121
82 162 0.6926369215547415
82 165 -2.4890409539864056
82 168 0.9348822790112197
82 170 0.15491711470299013
82 173 -1.2839914606012328
82 176 0.7735097625764671
82 179 1.535962356637674
83 84 1.2960711564949
83 218 0.765352186674925
83 221 -0.5518025322075382
83 188 0.2819509242454946
83 191 -0.9542432854492175
83 195 -1.236841270339197
83 198 0.24959027547677626
83 201 0.8839633754597062
83 204 0.7325704056749078
83 206 0.4610184400756648
83 209 0.07371639228835386
83 212 -0.7221458323228205
83 215 0.5355438493353539
84 254 0.3081478802669742
84 257 -0.31853727465075216
84 224 -1.0963310200641379
84 227 1.3707550537293514
84 231 1.0639505156153588
84 234 -1.3217716182129877
84 237 -0.6805909092619605
84 240 0.321083641797192
84 242 0.4537356799772977
84 245 0.045273343876718275
84 248 0.2002853638770638
84 251 0.2975487179875099
85 86 2.069258951033756
85 88 -1.5888185646282047
85 182 -1.3929895668635037
85 185 0.08123318706215352
85 188 -0.9096753446191542
85 191 -0.23053930180898935
85 195 0.5187586408060708
85 198 -0.6458014016395255
85 201 1.0949910304993697
85 204 -0.04937891370873293
85 206 -0.7708128512520984
85 209 0.17939338764475102
85 176 -0.4202405563243207
85 179 -0.820209500617228
86 87 -0.7037096924998154
86 89 1.0231868165219007
86 218 0.648508958893393
86 221 -0.0892921570317459
86 224 -0.46884522759904806
86 227 -1.07804022613039
86 231 -1.7925378832807974
86 234 0.1662836484501425
86 237 0.10682592129701178
86 240 0.5195460730791019
86 242 -0.23236482924432456
86 245 0.4693066830730709
86 212 1.6271190727347222
86 215 0.5385717463930159
87 90 0.21429752353455508
87 254 0.16496601364492297
87 257 0.7441753721771759
87 260 -0.11774569647185552
87 263 -0.23120060807059822
87 267 -1.2316783661759612
87 270 0.30819776752164135
87 273 0.0027744838043454356
87 276 -0.5091249396114219
87 278 -0.5721335220154218
87 281 0.2569371419022137
87 248 -0.04554457202792922
87 251 1.643179487280927
88 89 -0.8274435609651192
88 182 -0.8527895654802805
88 185 1.4282784776913873
88 188 -0.8859375949383188
88 191 -0.7956400451847079
88 195 0.10510547994510967
88 198 -0.4869630775909203
88 201 0.6549570025906548
88 204 -0.6297269137038125
88 206 0.1718856974050523
88 209 0.12843511119444453
88 176 -0.6354013873181835
88 179 -0.4827936151611994
89 90 -0.3043093470539307
89 218 -0.5426711654831685
89 221 -0.7910773939800112
89 224 -0.6071767894821121
89 227 -0.30477500132188184
89 231 0.6043835849542624
89 234 -0.18530376144232227
89 237 -1.1571094876060963
89 240 0.20538422867058334
89 242 -0.36917980191845495
89 245 0.3138294439385072
89 212 1.2233417081992204
89 215 0.2644439598199281
90 254 1.5184477289553298
90 257 -1.0799891016693843
90 260 0.21242046546266502
90 263 1.0761896496599457
90 267 -0.1030537698468592
90 270 1.6606713522238372
90 273 -0.7427929991534247
90 276 0.3456893071986539
90 278 1.1188061578090605
90 281 -1.3033744577931885
90 248 0.5537941099455869
90 251 -0.279254949152607
91 92 0.7612504569709531
91 94 -0.21356619255556222
91 183 -0.03367365080050267
91 186 1.4988157572035399
91 189 -0.13353230530924118
91 192 0.35429109618217913
91 195 -0.7837564828556003
91 198 1.7131822386736002
91 201 0.7854400289256851
91 204 -0.8545662606715551
91 206 0.5426196744510015
91 209 1.0487442339462687
91 176 -0.10858009996165491
91 179 -0.0777161273783624
92 93 0.33544353331640614
92 95 0.07859805294776569
92 219 -1.6985217730883004
92 222 0.16743053693326487
92 225 -1.0173934162023182
92 228 1.3107494605227628
92 231 -0.7053137691904089
92 234 0.5216503467466435
92 237 0.7971770104896598
92 240 1.558788940454587
92 242 0.6648084648164156
92 245 0.5810413139279379
92 212 -1.1290392396890634
92 215 -0.9330875269736145
93 96 -0.4359464531191002
93 255 0.8242461239886155
93 258 -0.5598085405733554
93 261 1.0055920612850284
93 264 -1.4026725464774297
93 267 -0.17066419897522692
93 270 1.1422187306294285
93 273 -2.24453267111895
93 276 0.4647712459187278
93 278 -2.1883602275579985
93 281 -1.8408417000736947
93 248 -1.1976701135157668
93 251 0.8450279476812029
94 95 0.6295595983679266
94 183 -1.3811334252782816
94 186 0.10955379559019353
94 189 -0.9290485937295162
94 192 -0.21322008552330574
94 195 -0.4681110562377539
94 198 -0.2791216022710319
94 201 1.1603680028069743
94 204 1.1074309321034606
94 206 0.051432322408004605
94 209 -1.4880933705692936
94 176 0.24014404362567102
94 179 -0.6324546653288636
95 96 -0.5465233915773466
95 219 -2.1160249584540236
95 222 0.11830487275177455
95 225 0.17262104697394576
95 228 -0.7453675232112956
95 231 0.053505281275008885
95 234 0.7785330847982199
95 237 0.25285812185252576
95 240 -1.2186339754419369
95 242 1.1009616863274132
95 245 1.1641496789981551
95 212 1.2022821077614565
95 215 -0.635822144839191
96 255 0.6664997219763598
96 258 1.433355099625482
96 261 -1.212182124217232
96 264 -1.0413974265896297
96 267 1.956090095342033
96 270 -2.740015419988705
96 273 1.1321464633605192
96 276 1.070237272834188
96 278 0.5108819197426772
96 281 -0.852950278502878
96 248 2.2246504789125927
96 251 3.2731860169779474
97 98 -0.024945901930758366
97 100 -1.2998241981892247
97 183 -0.03559952168936252
97 186 0.7095965157243943
97 189 1.2436518160679864
97 192 -0.25856837362787016
97 195 -1.0483726022335196
97 198 0.19300985610566881
97 165 -0.2197162763169321
97 168 -0.8499457576910723
97 170 -0.24576238092975064
97 173 0.5366113983413906
97 176 -0.911026890218574
97 179 -1.094177532188824
98 99 1.0053794623647838
98 101 0.9338791314112389
98 219 0.9456822610108793
98 222 -0.10685723773548152
98 225 0.21724028611110238
98 228 1.6670105447356038
98 231 0.7028194014591715
98 234 1.1270255710507935
98 201 0.48021450598938764
98 204 1.6477685849476724
98 206 -0.6400724312631942
98 209 0.15116963196239497
98 212 -0.21136026964438095
98 215 -0.07283089887355376
99 102 1.429109824161131
99 255 -1.4069507216443524
99 258 -0.29315841929327824
99 261 -1.1900249716215514
99 264 0.11580523937230455
99 267 -0.2129387052397723
99 270 -0.28575204588379055
99 237 -1.2651138385843943
99 240 -0.05971500975461057
99 242 0.08932197170676028
99 245 0.46626548697198494
99 248 1.5503122784964496
99 251 0.55414286383507
100 101 0.44451533988173997
100 183 1.224674585870831
100 186 1.2521613020791853
100 189 -0.6362388542007139
100 192 -0.9359067960742355
100 195 2.2512853279579623
100 198 -3.8238247979547704
100 165 0.6135537217451961
100 168 -1.6733904804920514
100 170 0.8753833319539464
100 173 -0.09520526230254873
100 176 -0.23647841174875583
100 179 -1.1834991934167887
101 102 -1.6840059629209587
101 219 -0.5253164397944144
101 222 1.056926206504054
101 225 0.7681656765589262
101 228 -0.9441148093570603
101 231 0.8836984906274852
101 234 -0.4316336391635196
101 201 -0.03142404166323135
101 204 -1.6720031034175644
101 206 -1.4774810857324603
101 209 -1.2482766678752883
101 212 2.2119888916004187
101 215 1.08910115707376
102 255 0.07634582023451901
102 258 -1.7627499001517595
102 261 0.2980377620386328
102 264 0.5077485382119744
102 267 1.1576766481173495
102 270 -0.6659887652986896
102 237 -0.8630032414634735
102 240 -1.2877473917235283
102 242 0.7276083895362387
102 245 -0.7980434872230401
102 248 0.573062699767863
102 251 1.1083354078725385
103 104 0.7950332206169778
103 106 -0.6609701304327843
103 183 -0.29804586383899867
103 186 -0.700455784162706
103 189 -0.20276944835553662
103 192 0.6546609762081395
103 195 1.488601248924709
103 198 -0.4227139785710282
103 165 1.472075091785369
103 168 0.46480429897402703
103 171 -0.7806703083017574
103 174 -0.18091008479036325
103 177 1.1164151147673127
103 180 -0.8704652674932107
104 105 -0.20510900255983996
104 107 -1.3663131414858183
104 219 -0.5809659312333305
104 222 0.9837260332368305
104 225 0.3114961447154723
104 228 0.8267206751523716
104 231 0.896050773121022
104 234 0.2615311443478909
104 201 1.7788573881324223
104 204 -0.5538217293477745
104 207 -0.2656770948787501
104 210 0.8813843770091202
104 213 0.07824371274045948
104 216 1.0104808360092254
105 108 1.365358356031604
105 255 -1.1912570077894842
105 258 -0.2357819204021497
105 261 -0.5002151755301523
105 264 -0.047178775707460284
105 267 -0.49900705260018435
105 270 -0.7348411405957895
105 237 0.8437675598594985
105 240 -0.7204680279968756
105 243 0.1439621383566649
105 246 1.1648812586499533
105 249 0.23275483567769992
105 252 -0.09763636691231523
106 107 1.7643533979879489
106 183 0.15729288824926319
106 186 1.2397091926027786
106 189 0.7894699635582562
106 192 0.2250031520769463
106 195 1.269280663575597
106 198 0.5284442665805501
106 165 -0.4820382166376292
106 168 -1.1150694995825323
106 171 0.2788053659632366
106 174 0.9346196777422517
106 177 0.7834178616715884
106 180 0.7244050213696724
107 108 -0.1165507323601099
107 219 -0.2845945284427105
107 222 0.5819635568199273
107 225 -0.6200278934712756
107 228 0.0022386013879006645
107 231 -0.14456877744147117
107 234 0.7991594571926307
107 201 1.0703237218808734
107 204 -1.1450404056874266
107 207 0.31287527853778735
107 210 -1.973805205190998
107 213 -0.9825779742026997
107 216 -0.03500847903688599
108 255 -2.3236165695165196
108 258 -0.1069827654998456
108 261 -1.39923278310292
108 264 0.686779210021835
108 267 0.23200464011749225
108 270 0.7229466783768075
108 237 -1.1439019686765608
108 240 -0.23225617735549559
108 243 -1.4762591214913152
108 246 -1.0127443863617132
108 249 1.366556560077996
108 252 0.23872263783290612
109 110 -1.7510418521190196
109 112 -0.3377168613600778
109 183 0.7773615996360933
109 186 0.42132616418233043
109 153 2.034693152324002
109 156 -0.2957827990789856
109 159 0.2739743910856809
109 162 1.272973521276458
109 165 2.112021264593641
109 168 -0.4790381928982382
109 171 -0.13773744431685814
109 174 -0.33267873164948547
109 177 0.031470162130779036
109 180 -0.4205455417247246
110 111 -0.5076235454795708
110 113 -0.11896933790825569
110 219 2.3894546586473457
110 222 -1.9332423357309676
110 189 -0.015145344372735268
110 192 -0.33076117217108625
110 195 0.6397750714992404
110 198 -1.4591585846384088
110 201 -0.4859974587414389
110 204 0.6143453933385497
110 207 0.4250041032669617
110 210 0.8043584076921242
110 213 -0.20649146670857316
110 216 -1.200157270246178
111 114 -0.6374702220484983
111 255 0.002995724365391502
111 258 0.06252562488001198
111 225 -0.9130546522319672
111 228 -2.1553940627540573
111 231 -0.11541465714608615
111 234 -0.8357451755715782
111 237 -1.381939307727442
111 240 -0.3642898151941951
111 243 -0.792804094980202
111 246 -1.1969063737919363
111 249 0.26008713040549
111 252 0.34224020599766913
112 113 1.091997536892555
112 183 0.9648168953519936
112 186 -0.665784606663052
112 153 1.923841246965372
112 156 -1.4499654674580111
112 159 0.6468872037282273
112 162 -1.675863302912512
112 165 0.6100806541092816
112 168 -1.0192633737155097
112 171 -0.19999360631486493
112 174 -0.27158660016990527
112 177 -0.07497298489110894
112 180 -0.9915676063050302
113 114 0.41825063533984946
113 219 0.23365039863174678
113 222 -1.5174469212793473
113 189 -0.061280204733067375
113 192 0.6406127647681696
113 195 1.1100026456127208
113 198 0.7341526556461727
113 201 -0.7343651501768937
113 204 0.5860744526658174
113 207 0.016711185238349666
113 210 0.7163638236416752
113 213 0.17447087441626044
113 216 -0.20721740982072942
114 255 0.5803887366516861
114 258 -0.7807689015162452
114 225 0.13637755937744242
114 228 0.7585044014855838
114 231 1.4712603489041758
114 234 0.799628033068829
114 237 0.4402717233237256
114 240 0.4658297892571021
114 243 0.13669236517806163
114 246 -0.953152081556384
114 249 0.04539390540623293
114 252 -0.5981534340486651
115 116 -0.6045657453248137
115 118 0.8407952573740638
115 183 -0.4379681226753814
115 186 2.3913145384349668
115 153 0.5669840498741776
115 156 1.589794894789065
115 171 -1.9632464089964705
115 174 1.1641833522965266
115 177 -0.41815906260009
115 180 0.12827351281067262
116 117 1.307849661910259
116 119 1.1080590123761425
116 219 -0.27236301129327534
116 222 -0.6249107207343756
116 189 0.2760935379039246
116 192 0.3621431595704427
116 207 -1.541810157643746
116 210 0.6242973763697944
116 213 1.495179690912104
116 216 0.10356874321494085
117 120 -0.3018036687821731
117 255 -0.15525484718460095
117 258 0.8976565957724367
117 225 0.2651062428072611
117 228 0.7522916231821567
117 243 -0.542745452276931
117 246 1.2344523631756366
117 249 0.5566964237822632
117 252 1.5388302802914269
118 119 0.6764777520165155
118 183 -0.877965437663977
118 186 -2.1679331339595547
118 153 -0.6987175030602905
118 156 -1.3654765706485652
118 171 -2.0401372261225696
118 174 -0.13739112142771323
118 177 0.7798953904181601
118 180 0.47993938230096034
119 120 2.079156757724761
119 219 1.7368707097216185
119 222 -2.0167451053049015
119 189 0.04369349560097392
119 192 -0.8448689146930211
119 207 1.2852757789311902
119 210 0.8773414232768693
119 213 0.5684646343021655
119 216 0.00729632789887426
120 255 -0.014050934892276247
120 258 0.4738391907132361
120 225 1.98307613922492
120 228 -0.7159056460631866
120 243 0.7138965310331474
120 246 -0.7612969904428355
120 249 0.21795067281464825
120 252 1.572123611918613
121 122 2.0939442673266138
121 124 -1.3926349848851416
121 183 1.1883662848941852
121 186 -3.0348906784705374
121 189 -0.7463446601174887
121 192 -1.9000771934708205
121 207 -0.4684857080283316
121 210 0.43237712562280184
121 177 1.537031206041172
121 180 0.41834765132032964
122 123 -0.8612981672556591
122 125 -0.08341124217159844
122 219 -0.867285451564979
122 222 1.2132737107279634
122 225 -0.4839782034613209
122 228 0.10624148442148694
122 243 0.7854067358900927
122 246 1.1683977282467344
122 213 0.8315351713262688
122 216 0.9285654578480504
123 126 0.32979482871647925
123 255 0.600565154306124
123 258 -0.92504250117677
123 261 -1.5998655244371693
123 264 -0.35908085114270605
123 279 0.09453379963037316
123 282 -1.0826018624964076
123 249 -1.3138070472280228
123 252 -1.1504548646667716
124 125 -0.9145472285167273
124 183 -0.8572299196253146
124 186 -0.4116051658845695
124 189 2.145980402500615
124 192 1.2236602927440592
124 207 0.3011280319972447
124 210 -0.27123848366249154
124 177 1.3702792802889385
124 180 -0.06281947377406988
125 126 -0.8765746831908511
125 219 -0.4583160671656823
125 222 -0.9607583094839502
125 225 -1.1592207675832347
125 228 1.5156711982877795
125 243 0.8968907811454683
125 246 1.2659638098271717
125 213 0.34692575944119003
125 216 -1.3749274331785752
126 255 1.7398337462817115
126 258 0.22642787742132234
126 261 1.2379743767033988
126 264 -1.1208887205597522
126 279 0.839417720099627
126 282 -0.8992581660024167
126 249 -0.016639363067585677
126 252 1.1413914037245516
127 128 -0.9546394328218525
127 130 -0.6162514598778193
127 207 0.775896202485203
127 210 -0.7755284005409443
127 177 1.6379126344815276
127 180 2.07163624647423
128 129 -0.7942892114677591
128 131 1.2305651748549922
128 243 0.6000599450589666
128 246 -1.221562163419694
128 213 0.34860269565924157
128 216 1.1846586619711894
129 132 0.5990404348057853
129 279 1.9158150849275386
129 282 1.5928015114499103
129 249 1.2795432727332845
129 252 -0.43147958647475115
130 131 0.5886809449353672
130 207 0.10700192673895882
130 210 -0.6091292255658545
130 177 1.6566701870067226
130 180 -0.6735598201481703
131 132 -0.2798881998580774
131 243 0.9461050321920657
131 246 0.8047014989263213
131 213 -0.5134877750296549
131 216 -0.026889184262941766
132 279 0.9106557086467112
132 282 -1.5499654488040806
132 249 0.05490803867424762
132 252 -0.12526875967174753
133 134 0.1730361053428049
133 136 -1.5812032928585609
133 171 -1.8446347230408202
133 174 -0.09033618693713097
133 177 -1.2996016252586926
133 180 -0.12280807152492106
134 135 0.7430718205082789
134 137 -0.7430851231750129
134 207 0.8566880735110542
134 210 -1.2423871435543024
134 213 0.42848163067717365
134 216 -0.6770370271118543
135 138 1.2541673308263226
135 243 -0.45050712235937657
135 246 0.4419717131550258
135 249 0.005339360257487866
135 252 -1.848294616871009
136 137 0.18195892515955941
136 171 1.2521884206686487
136 174 1.178242762224685
136 177 0.9134141576984675
136 180 0.46213716617909645
137 138 1.061541241102529
137 207 0.43758428275916067
137 210 -0.5237103010389806
137 213 -0.8287940872724465
137 216 -0.20770761881612582
138 243 -0.6639715125873149
138 246 1.9959908405049003
138 249 -1.1473643447687851
138 252 -1.4408518651732258
139 140 -0.6896596831815818
139 142 -1.2928999875179903
140 141 1.8468364724602693
140 143 1.1173667833697831
141 144 0.3343420822518595
142 143 -1.1935544202426482
143 144 1.432396786812746
145 146 -1.0772341961620684
145 148 1.4849737225729367
146 147 1.0737263061898772
146 149 0.3193294901955018
147 150 -0.21983255577209485
148 149 -0.9090203940723737
149 150 0.5374798272190242
151 152 -2.5852782413921953
151 154 -1.1638510246943192
152 153 0.34621603837057796
152 155 -0.4527008463608874
153 156 -0.9472752218244245
154 155 1.632780959982945
155 156 0.2784515256228675
157 158 0.5869394041122158
157 160 3.5462329237093777
158 159 0.3552208282265789
158 161 -0.2588088995176812
159 162 0.8257690532315094
160 161 0.38337177239547593
161 162 2.163311936354929
163 164 0.3910034074233592
163 166 -0.34285562931457925
164 165 0.74698815526376
164 167 0.955539642891973
165 168 1.0994631762252804
166 167 -0.4346426234538917
167 168 0.10691834631666604
169 170 1.5588221849259283
169 172 -1.6926989682642624
170 171 0.9079265590514648
170 173 -1.2272007605256092
171 174 1.8567559525892008
172 173 -0.31085519171368736
173 174 0.6338881324843604
175 176 0.3587126220388609
175 178 -0.5994567480428216
176 177 0.37957304680369874
176 179 -0.5704665770297761
177 180 1.6244143360861965
178 179 -0.4577451503837328
179 180 1.0490539427337497
181 182 -0.5699505468702828
181 184 0.30937214035961064
182 183 -0.6489124355762331
182 185 -0.45667853252722196
183 186 1.9377835425988248
184 185 0.4931084614173454
185 186 -0.9858306759010627
187 188 0.22067834642613807
187 190 0.22550265647857715
188 189 1.9574833498491848
188 191 0.9923266828641412
189 192 0.2007092107692932
190 191 -0.4800149721880694
191 192 0.15408922261028715
193 194 -0.4680022165809484
193 196 -0.470421878957393
194 195 -0.5154980941016103
194 197 1.2497994029322805
195 198 0.04863281404102031
196 197 0.4028281971681897
197 198 0.11603538747019349
199 200 -1.178800108148821
199 202 2.3170985366926544
200 201 -0.05835508358070483
200 203 0.059451219041608716
201 204 1.4378161196645904
202 203 1.22077037765872
203 204 -1.209689234657295
205 206 -0.16156466297114339
205 208 1.0703790092927068
206 207 1.276443865398863
206 209 -0.6630675725092429
207 210 -0.04162059683194719
208 209 -0.1316238086192258
209 210 -0.8389228494545369
211 212 -1.5646859286507566
211 214 -0.03809045429366223
212 213 -1.2490523767534585
212 215 0.21865656317081647
213 216 0.7171850378133368
214 215 -0.3218510124871362
215 216 1.2055922719133887
217 218 1.6764408838455669
217 220 2.7527325242357743
218 219 0.8822322496671071
218 221 0.3710988951177208
219 222 -0.6393218637712306
220 221 2.5972123423860185
221 222 2.4074938630716773
223 224 -1.3215979450146629
223 226 0.34310692373098883
224 225 -1.172955655967511
224 227 -1.5274419594165478
225 228 -0.9527099891001302
226 227 1.0330565848954487
227 228 0.5183378115771268
229 230 1.2334399314559492
229 232 1.937382105254159
230 231 2.279700490039246
230 233 -1.4751946716520459
231 234 -0.06407483674602149
232 233 -1.1488890458976382
233 234 0.3024437353293747
235 236 0.6374220962006512
235 238 -0.9655937459428772
236 237 0.5215467349648677
236 239 -0.1467298359283014
237 240 -0.6131597711025333
238 239 0.20722543857498824
239 240 0.4234816152895542
241 242 0.5034102536977691
241 244 -1.1186118574943864
242 243 0.18390788872420927
242 245 0.3317022050938136
243 246 1.1002614441437601
244 245 -0.3251026308235683
245 246 1.2787959729377225
247 248 -0.7189412334342816
247 250 -0.945079090290091
248 249 0.14802148451124897
248 251 -0.6283075554187004
249 252 0.9171895897802793
250 251 0.43355054602512255
251 252 -0.7401523083611704
253 254 -0.9577648162290385
253 256 -0.4532461919328053
254 255 0.5765236821160974
254 257 0.3544987133708906
255 258 0.6755728466512834
256 257 -1.090089666430907
257 258 0.465562355977925
259 260 -1.6594054254201307
259 262 0.7219453423897234
260 261 -0.8174553272993486
260 263 -0.2405736837717553
261 264 -0.14958971043430155
262 263 0.8005363763166271
263 264 -0.9220024139736184
265 266 -0.8186779844709716
265 268 0.830731078914337
266 267 -1.219164479371161
266 269 -1.483254273371226
267 270 -0.33654378546989006
268 269 2.640776164193822
269 270 0.6074735662665572
271 272 1.1876064265300745
271 274 0.8733053327960151
272 273 0.0667907399798655
272 275 -0.13340022139878857
273 276 0.29429193221715044
274 275 -0.39605621578617445
275 276 0.08347187425400822
277 278 -2.0688049302220635
277 280 -0.2743125577099867
278 279 0.9167283045446765
278 281 -0.13138056954254812
279 282 -0.622464114259901
280 281 1.5542467061427523
281 282 -0.4812078519067639
283 284 0.4595337602462722
283 286 2.512492208245421
284 285 0.4877774861629574
284 287 1.0201140912281605
285 288 0.621605168433614
286 287 0.3942402658883883
287 288 0.5273406355481196
