# 
1 1 0.6317884671069358
2 2 -0.839802281029066
3 3 -1.911043482060731
4 4 0.05831352277240781
5 5 -1.5019438064522372
6 6 -0.1519782372905515
7 7 -0.18986297500400914
8 8 -0.5284306202487787
9 9 1.3578714567999242
10 10 2.6440863500773713
11 11 0.8072418376436089
12 12 -0.15451088920543798
13 13 -0.8172118663008469
14 14 0.28218990802887195
15 15 -0.8301639648502526
16 16 0.356381883844811
17 17 -0.8859776186915411
18 18 -1.3178081907734827
19 19 -0.738299600686199
20 20 -1.708738656706897
21 21 0.21804314989013096
22 22 -0.25859523480687785
23 23 -0.9960074009039476
24 24 0.11039103074016321
25 25 1.0237623649520458
26 26 -0.7044272784614279
27 27 2.492840572052488
28 28 1.139806212946912
29 29 1.2274786104102897
30 30 0.6905772987758764
31 31 0.10800842551359195
32 32 -0.5893272426433995
33 33 -2.1576524217903077
34 34 -1.6272079668086956
35 35 -0.028276223141719656
36 36 -1.6141541455659203
37 37 0.4937655579585444
38 38 -0.040998941556680116
39 39 1.2655226241948074
40 40 0.6295592655356709
41 41 1.4421501584266283
42 42 0.10240333084166311
43 43 -1.4128405508225068
44 44 0.563329933744389
45 45 1.3185767421405836
46 46 1.124494851051261
47 47 -0.9279818117344317
48 48 0.6127103887157824
49 49 -0.4560466663353899
50 50 -1.158424720509722
51 51 -0.6779854309795174
52 52 0.29535810802567597
53 53 -0.4702758444189644
54 54 0.16863791661961047
55 55 0.5972166463628049
56 56 -0.36443727205237325
57 57 -0.8750339272664818
58 58 -0.9632100015135515
59 59 -0.8909000229322569
60 60 -2.8010507492940007
61 61 1.1458801106355645
62 62 2.1772954014814427
63 63 -0.0578422454107323
64 64 0.3879949633616352
65 65 -1.7315620414255595
66 66 0.8626259132851517
67 67 2.240459905229694
68 68 -0.7842775837972238
69 69 0.7559795698562858
70 70 -0.537294383307562
71 71 1.7065854674796845
72 72 -0.9273829400423881
73 73 -0.3575399857791273
74 74 0.9405913219391979
75 75 -0.20881516057745622
76 76 1.6744893241259022
77 77 -1.140083239028095
78 78 0.28611129510986366
79 79 0.4295951382297738
80 80 -0.355392913606232
81 81 -1.153048948376265
82 82 0.6914399192523644
83 83 0.15600325318009703
84 84 1.5978304921934008
85 85 1.5970053181633115
86 86 0.17050178265327576
87 87 -1.3831209430623497
88 88 0.6853074136707397
89 89 -0.21794797095631968
90 90 -0.15501432446670385
91 91 -0.871736616550487
92 92 0.1424591492798197
93 93 0.03288726587743909
94 94 0.6432563164321492
95 95 0.010383851287529737
96 96 0.5950703959397546
97 97 -0.4313620810045225
98 98 -0.836733709261289
99 99 -0.19919919639577321
100 100 -1.2572571394687078
101 101 0.1466725447897704
102 102 -1.3349829673726525
103 103 -0.5015505252341449
104 104 -1.302283459814819
105 105 -1.352539178711471
106 106 -0.07800971238408486
107 107 1.8451421304080493
108 108 -0.2322713675173459
109 109 -0.22293473849920073
110 110 0.8337380194692606
111 111 0.4273927371744243
112 112 1.023340074350714
113 113 -0.9033692412198492
114 114 -0.4034260747400225
115 115 0.13831604835718925
116 116 0.6452874120759148
117 117 1.1775482963392725
118 118 -0.9709649277502247
119 119 -1.2725724858923877
120 120 0.5926533042858161
121 121 -0.2002020496517909
122 122 -2.7814912550201085
123 123 1.1984149503477568
124 124 0.13554305494240407
125 125 0.06567325274058412
126 126 1.3710127318611365
127 127 0.257959884572668
128 128 1.484522650095811
129 129 0.9290467985616587
130 130 -1.3200861049930113
131 131 1.5967405543353155
132 132 -0.8882023405318987
133 133 -1.969625604458742
134 134 -0.9515074613229281
135 135 0.2432600032878015
136 136 0.2955890415081861
137 137 -1.6717828780245958
138 138 0.2763791948390741
139 139 -1.0651669451136112
140 140 0.29917941273754833
141 141 -0.8468578126755284
142 142 -0.051247652935144695
143 143 0.9073881057929007
144 144 0.2911268500158032
145 145 -1.848825286174546
146 146 -0.4272115776624487
147 147 -1.8975270589352065
148 148 -0.10702697951913773
149 149 0.24425336058098168
150 150 -1.1773204205447085
151 151 0.14086762907257788
152 152 0.8869903823011447
153 153 1.5625761826539792
154 154 0.8546423144272632
155 155 0.48692544633626467
156 156 1.5255201842768462
157 157 -0.6720811020833377
158 158 -0.6851635379282669
159 159 -0.60992233837445
160 160 1.4149600890258893
161 161 -0.7397909384546376
162 162 -0.328546806129303
163 163 0.06768081063965377
164 164 1.3258735894927662
165 165 -0.12764280809954584
166 166 0.46601747347122446
167 167 1.0311213348040247
168 168 -1.2389174965429683
169 169 -0.5851155782811253
170 170 -0.1493554861282251
171 171 -0.06748110668684158
172 172 -0.4027568751726749
173 173 -1.0230515221970433
174 174 -2.191483931241491
175 175 1.3299037511638698
176 176 0.6910996748250563
177 177 0.5522450704400079
178 178 0.6033117001881608
179 179 -0.9181297124116239
180 180 -1.0410949527482514
181 181 -2.7687958026677686
182 182 -0.07948069131429802
183 183 -1.0450051508613425
184 184 0.01991660282585919
185 185 0.09464649060187069
186 186 -0.3598094863819852
187 187 0.7027715934764973
188 188 -1.6432831395412875
189 189 -2.3829350074664166
190 190 -0.6170904242263465
191 191 -0.3116912783241648
192 192 -0.05308694783678773
193 193 -1.0769986350215006
194 194 0.6641097558667928
195 195 -0.586552629578768
196 196 -1.9992721887206422
197 197 1.3880050907086965
198 198 -0.14652563768342022
199 199 -2.078187692493106
200 200 0.11271791221127588
201 201 -1.520067970249121
202 202 0.8929972095815905
203 203 -0.30890622878747287
204 204 0.14352507460150618
205 205 -0.27320242928328997
206 206 -0.9005316701662588
207 207 -0.10498355111507271
208 208 0.23643026641515857
209 209 -0.2958889618959319
210 210 0.7620644353625838
211 211 -0.3694331484919699
212 212 -0.5944875398053293
213 213 0.1313904557896301
214 214 -1.325731533646002
215 215 0.8386501119922297
216 216 1.7923312578150459
217 217 0.015041687947541885
218 218 1.7918545150458896
219 219 -0.15546154628866193
220 220 1.9978403508282871
221 221 0.567587735217886
222 222 -0.5470996769811648
223 223 -0.3906969313001466
224 224 -0.11922317194135953
225 225 -2.143490701135852
226 226 -0.2666941610047755
227 227 -2.1291646981258263
228 228 0.2641991707488246
229 229 0.5809340264038557
230 230 0.17294747147990994
231 231 -2.0949150277807354
232 232 -0.9730879043396603
233 233 -0.2880773294335121
234 234 0.3849152690114193
235 235 0.7776059604726614
236 236 0.48287767347201793
237 237 -0.9231759170980338
238 238 -0.31427555151974595
239 239 0.12351715887589325
240 240 -0.8391988280474172
241 241 0.487872195130984
242 242 -2.031163280041302
243 243 -0.5740546902632783
244 244 0.22072053603750957
245 245 -1.7867590448180095
246 246 0.4348501606258372
247 247 -0.6655822815876415
248 248 -1.704730669633555
249 249 -0.5502660014576949
250 250 -2.0028835951401325
251 251 -0.2592568211360115
252 252 -0.5979431029878316
253 253 1.3123067844906962
254 254 1.0197152653730273
255 255 -0.29240303258855876
256 256 -1.2427666490258262
257 257 0.939740722170349
258 258 -0.2154764423921434
259 259 0.7190328786216847
260 260 -1.4929306331059682
261 261 1.720010628570568
262 262 -1.319574449951817
263 263 1.0160128319524844
264 264 -0.11333069125783043
265 265 -0.7977936541957915
266 266 -1.2375702833817561
267 267 -0.6988800722325076
268 268 2.413469650973354
269 269 -0.8793853007957654
270 270 0.815787608097964
271 271 -1.6329029566307627
272 272 0.13476971281909358
273 273 -1.2195598167470914
274 274 0.9330206499149284
275 275 -0.15632587521435604
276 276 0.6700459102893943
277 277 1.1749714818867834
278 278 -1.1034721854224294
279 279 0.5356911903610134
280 280 -0.3269890139180972
281 281 -0.011021356057811722
282 282 -1.442197779249679
283 283 1.965201710195232
284 284 -0.9043058385774215
285 285 -0.172582634950604
286 286 -0.5715799532940625
287 287 -0.5736574039332133
288 288 0.5431312318018532
1 2 -0.7535548392401266
1 4 0.4579198910393785
2 3 -0.14299248126016095
2 5 1.2696748897510146
3 6 -0.9334319971426321
4 5 -0.3373459749852016
5 6 1.7323138387859978
7 8 -0.7325126205745258
7 10 0.41365369543290487
7 157 0.012397751905812947
7 160 0.013313664506357716
7 163 1.112825143626282
7 166 -1.2415145656716358
8 9 0.7804101686336017
8 11 -0.024060176270146973
8 193 0.80029133845753
8 196 1.858737410775701
8 199 -0.41908812183054495
8 202 1.1189118668612121
9 12 1.5863791274725547
9 229 0.12651996137920188
9 232 1.7267865191729188
9 235 -0.5946377525957699
9 238 1.136040093500266
10 11 0.0802487299554865
10 157 0.43436976776880465
10 160 -0.4482215384927571
10 163 2.447920034873186
10 166 -0.37958749652088325
11 12 -1.199099513774317
11 193 -1.5719775663121858
11 196 -0.6499250379850646
11 199 -0.6720283262897688
11 202 0.46298233977778347
12 229 0.42764322884462247
12 232 -0.5446368723268928
12 235 0.5945783555170698
12 238 -0.8572734821188137
13 14 -2.71228135855949
13 16 -0.248679696484718
13 193 -2.4184701950280894
13 196 0.10075746137645118
13 199 -0.015458015166123938
13 202 -0.21924028829786074
14 15 -0.8103832316407306
14 17 -1.0007483687600056
14 229 0.1804316288377308
14 232 -1.1553518856814047
14 235 1.4608416186260225
14 238 -0.7348727161190824
15 18 -0.4806161466586251
15 265 -0.003345588261181521
15 268 0.6480228902062736
15 271 -1.3330674403082865
15 274 -0.8553949111882014
16 17 -1.8905170395819755
16 193 -0.33581597643072914
16 196 0.6144386957364745
16 199 -0.6364358534675895
16 202 -1.4625618670103109
17 18 -1.4651147226830352
17 229 0.23243178252715366
17 232 -0.5258161100362811
17 235 0.5394721066614756
17 238 0.546935168065514
18 265 -0.47878425031124644
18 268 -1.246280092878281
18 271 0.27553811067996836
18 274 -0.4627032188013637
19 20 0.721209333417029
19 22 -0.2731234095136071
19 181 -0.1386574465278806
19 184 -0.015052150941815669
19 187 0.35135152149383714
19 190 0.03659037410790627
19 193 -1.7242928594764588
19 196 0.39931847899369055
19 199 -1.2812707387856312
19 202 0.47099547716619755
20 21 0.27262402042050976
20 23 -0.3081720785208944
20 217 -0.15139940638704816
20 220 0.5664759535176381
20 223 -1.0812162786391326
20 226 0.8217523057246124
20 229 0.4877591188038456
20 232 -0.6566145016735068
20 235 0.04512329629295001
20 238 -0.948896491750572
21 24 0.1515140336384726
21 253 -0.37261952336288173
21 256 -0.35745897875094573
21 259 1.0762410871571733
21 262 1.010537871532753
21 265 -0.43068267346998707
21 268 -0.4603340662627301
21 271 -1.161747442950588
21 274 0.3314835086431641
22 23 -1.2042211624750478
22 181 2.205357756941258
22 184 0.688163600037717
22 187 -0.06948430346797814
22 190 -0.16810632436148357
22 193 0.5026345589466572
22 196 1.525378148519145
22 199 2.22944130159705
22 202 0.8609518099668513
23 24 0.7791965823959035
23 217 0.07617470544623292
23 220 -0.5390379617040779
23 223 0.9172874403352653
23 226 0.5479729419670191
23 229 -0.02772739022912518
23 232 0.7506553682178582
23 235 -1.1846589581229519
23 238 -0.9569457527718608
24 253 -0.8452813672635107
24 256 0.8154644565448098
24 259 0.30412033896173807
24 262 -0.18315860792867295
24 265 2.5054461404922828
24 268 -2.0381376957572073
24 271 -1.202907247342346
24 274 -1.9063840449987723
25 26 -1.2072631884191574
25 28 1.9351683086498501
25 181 0.5547354844470704
25 184 -0.15096874710839533
25 187 -0.5466886858368696
25 190 -0.6416880208683782
25 193 0.2592830916066321
25 196 1.2782388790888555
25 163 0.37139884321698946
25 166 -0.3234062471059882
26 27 1.154685366926682
26 29 1.661512032930713
26 217 0.5350512189417795
26 220 0.401896007948173
26 223 -1.3673005089750527
26 226 1.629567014611279
26 229 -1.1996182719660846
26 232 -0.9179024987539889
26 199 -1.0679996559288039
26 202 -0.5809494197700171
27 30 -0.5616350716983283
27 253 -1.8408277451383863
27 256 0.03549041215998149
27 259 0.4738658467351381
27 262 -1.437776841214331
27 265 -0.1308318676573587
27 268 0.036105384383336235
27 235 3.568799731095762
27 238 -1.1928421513014997
28 29 -1.4314486609054917
28 181 -1.0782149887044248
28 184 -0.66216207101048
28 187 1.7282723328085599
28 190 1.4491109738413042
28 193 -0.5903622887116204
28 196 -0.4085308010045497
28 163 0.18034879184867855
28 166 -0.09722051980767084
29 30 0.2594330927659384
29 217 1.4151375160581807
29 220 0.6849665041994891
29 223 -0.7358354021383854
29 226 -0.07536472630851904
29 229 -2.0351585402086614
29 232 1.7950372726617503
29 199 -1.5570990805760063
29 202 0.576726737911645
30 253 -0.7747337551501357
30 256 0.3684002782365666
30 259 -1.088942415924944
30 262 -0.9369894371624246
30 265 -1.1545090621465677
30 268 -1.990472261549447
30 235 1.6832044839021172
30 238 -1.186019672312802
31 32 0.19770462386616097
31 34 0.48582787401897454
31 181 0.16313910422822617
31 184 -0.9632423641323502
31 187 -1.4343064989464336
31 190 -2.4862341907619085
31 193 -0.12250560020449802
31 196 0.010618641896088547
31 163 0.017879662540127003
31 166 -0.2507889416406549
31 169 -0.8558361245375053
31 172 1.7472618842181125
31 175 1.184028800123046
31 178 0.6927536140341387
32 33 -0.7284313368482116
32 35 0.3725954247577954
32 217 0.30993013643252565
32 220 -1.6687176103388142
32 223 -0.07780636961126879
32 226 0.04986118869517936
32 229 1.1502523179319386
32 232 1.0060601050354898
32 199 0.6986555091805691
32 202 0.5384422232018292
32 205 1.1800319149353036
32 208 0.03528729950130693
32 211 2.245930620367692
32 214 0.8166447473534154
33 36 0.5190213215452829
33 253 -0.21113350572449952
33 256 -0.6814830469847494
33 259 -0.5646801018225442
33 262 -0.9948685876598303
33 265 -0.4429762095226662
33 268 -2.2997020400699353
33 235 2.919006636561904
33 238 1.9148093625134501
33 241 0.44769862191957616
33 244 -1.0828241885483472
33 247 -0.1476226079938093
33 250 -2.9059263432267857
34 35 0.9624843145739578
34 181 0.351417142773308
34 184 0.08551938557435321
34 187 -1.140175885696092
34 190 -0.23966627106188348
34 193 0.14468677364642868
34 196 0.43300534430608845
34 163 -0.7410446236283845
34 166 0.18400240070727497
34 169 0.03101573897448435
34 172 -1.9128012413570028
34 175 -0.20122896705512422
34 178 -0.10565503552822278
35 36 -1.745264287597835
35 217 -0.21358531689374388
35 220 0.39264903492876846
35 223 -0.22490514533100275
35 226 -0.8961893032559732
35 229 -0.928082353890194
35 232 0.6498900485004305
35 199 0.717393563558136
35 202 1.0941928141073325
35 205 -0.09008339686298528
35 208 0.7398435433286638
35 211 -0.23235391760234278
35 214 0.2540392136500998
36 253 -1.2853372505909852
36 256 1.7864445885857834
36 259 -1.6366319725175913
36 262 0.2154254070000526
36 265 0.48507697292574414
36 268 0.08478827605534106
36 235 -0.5450258210023712
36 238 0.19149990686854435
36 241 0.6587855574483843
36 244 1.217620478588909
36 247 0.8377791634850784
36 250 0.2940718713889202
37 38 0.3362060303574246
37 40 0.2067892567417736
37 181 0.3985877926572936
37 184 0.42144243647121377
37 151 2.465832990497158
37 154 -0.054192992750154774
37 157 0.9733963452232361
37 160 -2.5366470760265916
37 163 0.22951526794456437
37 166 1.2655682278358389
37 169 1.391004780713373
37 172 0.2513956313280982
37 175 -0.04058830068573003
37 178 0.461400083135222
38 39 -0.8709679094364065
38 41 3.3851582536127642
38 217 -1.0540626063022975
38 220 -1.0248467072218466
38 187 -0.7996716439552223
38 190 2.585339485163768
38 193 -0.049601852013399624
38 196 -0.6723131592450456
38 199 0.23424079551630606
38 202 0.5173525879823392
38 205 1.2135429944132645
38 208 -0.19275694243636063
38 211 -0.11388215187202923
38 214 -0.2472458219096676
39 42 0.23578976313885164
39 253 -1.8398825283070386
39 256 1.42952650815452
39 223 -1.0579123136011663
39 226 -0.26069574558932385
39 229 -0.9879491927687776
39 232 0.15615088976356523
39 235 -0.43629883274890624
39 238 0.45000252345142744
39 241 2.068098617929678
39 244 0.0965591395833513
39 247 0.7364893835131572
39 250 0.8213568769450176
40 41 -0.1647426226067924
40 181 -0.23992310249767382
40 184 -1.3540608143057105
40 151 1.0667453885509985
40 154 -2.268411296638251
40 157 0.7507598165410236
40 160 0.6063101269112307
40 163 0.22533880401328388
40 166 -0.5213492354186546
40 169 0.24446189240560762
40 172 -0.9356502439688766
40 175 -0.5906886843588577
40 178 0.29460203194834217
41 42 0.6199760953223106
41 217 0.5644719169111653
41 220 0.7999157814374487
41 187 -0.25362306562323084
41 190 -0.5423145353055451
41 193 -0.7087952497342801
41 196 -0.524721709592598
41 199 0.09120265215300648
41 202 -0.675480266492984
41 205 -0.32015608005019214
41 208 -0.3326152919866065
41 211 -0.40249468465045385
41 214 -0.8629946136285926
42 253 -1.3928879222878583
42 256 0.9631577579818452
42 223 0.4142737142894387
42 226 0.20867417337058722
42 229 -0.8476748375345764
42 232 0.7344518844641259
42 235 -0.2541339848630396
42 238 -0.8430023095897005
42 241 1.2746615238839418
42 244 -0.6738130541469407
42 247 -0.8695707444221034
42 250 0.13883123222015517
43 44 0.7212377504447984
43 46 -0.5261582136998733
43 181 0.9778967974667111
43 184 -0.361269447045746
43 151 0.1400204297762979
43 154 -0.44922919191375066
43 158 -1.4455110083286542
43 161 -2.303442658356451
43 164 -0.5146167758590977
43 167 1.5559868488827582
43 169 -0.8483222610810573
43 172 -0.0020058690470891533
43 175 -0.09340602674770009
43 178 0.8054948531630758
44 45 1.464010216767348
44 47 0.22972471278984202
44 217 -0.6488218068253324
44 220 -0.026520608399554536
44 187 0.05308186227638714
44 190 -0.9235085747675231
44 194 0.1645641310633778
44 197 -0.3638330305684495
44 200 -0.0036157699212533874
44 203 0.13040700700261593
44 205 4.241897045519618
44 208 -0.7710668825609056
44 211 -0.4879866586367727
44 214 -1.1596966376391002
45 48 0.15271646334476416
45 253 -0.04268031598742433
45 256 -2.639895801944067
45 223 -2.66886645588078
45 226 0.05723730475464641
45 230 0.629264548733805
45 233 0.28191344932441037
45 236 -0.332282293455384
45 239 0.31381462533559973
45 241 -0.9322217312108809
45 244 -1.139186121267669
45 247 -0.9206804778111283
45 250 1.397729696284392
46 47 -1.46853647617015
46 181 -0.7401265692620573
46 184 1.6957533312719208
46 151 0.48226348715819783
46 154 1.1322698691042634
46 158 -0.8661811326863271
46 161 0.20894347807841473
46 164 1.0385694270288652
46 167 -0.6764412221439875
46 169 -0.6640257412135361
46 172 -2.269502088659741
46 175 -0.7333408102755344
46 178 -1.5139873635661574
47 48 1.7310157083742794
47 217 -0.28350023597202445
47 220 0.7168739079787653
47 187 -1.5884287592622126
47 190 -1.0049694226608417
47 194 0.6868148465774638
47 197 0.3888100042720772
47 200 -0.41962051670779166
47 203 0.7758841457373701
47 205 -0.037093493219553804
47 208 -1.3762050976108633
47 211 -0.7622406470298311
47 214 1.801750473705781
48 253 -0.9862924676239792
48 256 1.4012208979191356
48 223 -1.199900047330455
48 226 -2.936641559581724
48 230 -0.5527438088198937
48 233 -0.5289170811170194
48 236 0.39213650044913584
48 239 0.9515762973284616
48 241 0.46946389852193393
48 244 0.869487643750316
48 247 0.34057847293090615
48 250 0.6819346748118322
49 50 -0.95026285034452
49 52 0.07330774032564083
49 181 0.7468127649985985
49 184 -1.4823082001799843
49 187 1.2945198922976837
49 190 -0.9264817534501074
49 194 -0.5253199692916747
49 197 0.2408065792074527
49 200 1.8512012001891984
49 203 -0.13136280084186508
49 205 -0.2588192935076455
49 208 -0.5425742304485721
49 175 0.37412358596699885
49 178 0.48062661107576604
50 51 0.9836800714477065
50 53 0.9530790474426794
50 217 -0.4980758540519382
50 220 -1.5395761462134767
50 223 0.1339453243652747
50 226 -0.432423183028365
50 230 1.1921026093910936
50 233 0.7012924009022597
50 236 -0.8032283321012024
50 239 -1.2116775437208975
50 241 1.099706628453886
50 244 0.7166040659212138
50 211 1.2544791832020994
50 214 0.15394983270433413
51 54 0.627594902961515
51 253 1.5256396014741445
51 256 -0.604269114578685
51 259 -0.39975171036937207
51 262 -0.58182633035326
51 266 1.189216808672618
51 269 -0.023057601936479433
51 272 0.596438722934095
51 275 0.7478981696598953
51 277 0.9736710467042324
51 280 0.9369655364030673
51 247 0.9006881635638672
51 250 -1.5618530950716791
52 53 0.7884388830813592
52 181 -1.6528777240644756
52 184 0.9386138009255609
52 187 -0.45652910574284344
52 190 -0.7965006358395567
52 194 1.0198499311516493
52 197 -0.993740697351712
52 200 0.7550290582293282
52 203 -0.858702027241024
52 205 2.353050733611881
52 208 0.2303404975034867
52 175 -0.2385403285312199
52 178 -1.3033384911440482
53 54 1.3436292860965253
53 217 0.7887446972937618
53 220 -0.3501822345305357
53 223 -0.06954533726627543
53 226 0.6365576608648771
53 230 0.3719989787983783
53 233 -0.38146223402614404
53 236 0.697493239835183
53 239 -0.8956506004555035
53 241 -2.144151958200797
53 244 -1.1421662537180741
53 211 1.0733472026612898
53 214 -0.44491214382532535
54 253 0.38120767478434137
54 256 2.5544510671952727
54 259 -0.06727758607337991
54 262 0.13048746640376654
54 266 0.03605355483618581
54 269 -0.3871511238408452
54 272 -0.5977138917313282
54 275 0.08723972987178226
54 277 -0.015100030232797261
54 280 0.7007616947410868
54 247 -1.303279199260485
54 250 1.3203179253542678
55 56 -0.7645816866940256
55 58 0.12894213443667432
55 182 -0.6902220356834424
55 185 1.2212118255029718
55 188 -0.6110418675217681
55 191 -0.21131222197424873
55 194 0.06289126168525426
55 197 -1.661354115185509
55 200 0.5391033759318099
55 203 0.11561237082717629
55 205 -2.7602106784901292
55 208 -0.20965285494500513
55 175 -1.0210414040308669
55 178 0.022707811744764248
56 57 0.5002585187578105
56 59 0.9725292441158863
56 218 -0.6797390771948718
56 221 0.26309009871901506
56 224 -0.2878617189510436
56 227 1.6382062871824412
56 230 -1.597455405119011
56 233 0.19164717269405024
56 236 0.4547596956187724
56 239 -1.9234556897889263
56 241 -0.6227500730926586
56 244 -1.387316350033019
56 211 -0.9652321223232253
56 214 -1.9899254308918741
57 60 -0.5823839973594984
57 254 -1.1062582366351592
57 257 -0.39028427713246444
57 260 0.452673241950212
57 263 1.0037771551225634
57 266 0.6992244471433906
57 269 0.7014129545136215
57 272 0.3440417167283544
57 275 -0.6137640591621562
57 277 0.9015085139312553
57 280 0.23711397164929626
57 247 0.019293052252064825
57 250 -0.8325751202148777
58 59 -0.11884226724145963
58 182 0.2871770927014092
58 185 0.32258381140256054
58 188 1.1540564843910823
58 191 -1.1694654623912717
58 194 -1.2517675791494884
58 197 -1.0039548191653809
58 200 1.2385425204751015
58 203 1.8594310773342546
58 205 0.5379830343928067
58 208 -1.002900261992838
58 175 0.6052651872476007
58 178 -0.6086621434839776
59 60 -1.3968241895265083
59 218 0.9498712329651164
59 221 -0.560008907038054
59 224 1.1667777551058385
59 227 0.10836332378301342
59 230 -0.26088463035172144
59 233 -1.3941367440315797
59 236 -1.8767205682200792
59 239 -0.2645276111650386
59 241 1.3028308584096677
59 244 -0.17914511187883764
59 211 0.10908236846051073
59 214 -0.018279108435228474
60 254 1.268279325986912
60 257 0.018943199079281714
60 260 -1.8996792767815265
60 263 0.2704571123368434
60 266 -1.3275508315972888
60 269 1.301093220980559
60 272 0.6716960067407812
60 275 -0.9639645065100254
60 277 -0.552715697328848
60 280 -2.066957988656221
60 247 -1.4745052638039633
60 250 -0.24812562438242708
61 62 0.870461376771688
61 64 -0.7583730726395125
61 182 -2.56400077351104
61 185 0.7079343400190005
61 188 -0.04202991861167496
61 191 -0.8462222183268914
61 194 0.0962930957415364
61 197 0.06717901761629753
61 164 0.30652397567317524
61 167 -0.25791889868458573
61 169 0.7336285327520397
61 172 -0.05036864752233579
61 175 0.8664710177095422
61 178 -0.11420829311372076
62 63 1.348414138763524
62 65 -0.6540751642687508
62 218 -1.288443491852321
62 221 0.9895204186675659
62 224 -0.21778732259429134
62 227 1.0491152575635723
62 230 0.2054675628670182
62 233 0.3005117943718602
62 200 0.11093303955477334
62 203 1.110621925002469
62 205 1.231970023108593
62 208 0.4967866543639326
62 211 0.4299585248730864
62 214 0.9637155827938569
63 66 -1.3046865880448943
63 254 -1.1485088391262368
63 257 0.010382821806367282
63 260 1.5509018480394428
63 263 0.2575948816276047
63 266 -0.0034718955428370366
63 269 0.6698923542247749
63 236 0.3073916904701949
63 239 0.4008016225925883
63 241 -1.2216542764377403
63 244 -0.43460929806905807
63 247 -0.4532535441107965
63 250 -1.9392086561615902
64 65 -1.307856719030861
64 182 -0.4009356699513901
64 185 -0.6131062195802424
64 188 1.4903065897070544
64 191 1.766815181516448
64 194 -0.74660117207083
64 197 -0.45933502281843286
64 164 0.8497426693186168
64 167 0.2554724194912793
64 169 -1.1290621697478183
64 172 0.5986792022125867
64 175 -0.3068891398631613
64 178 -1.4454954180931394
65 66 -0.9052314079005468
65 218 0.19411143976270806
65 221 1.217711609954516
65 224 0.6961336223198272
65 227 -0.07697510188246362
65 230 1.0526580101601684
65 233 -0.9668711224425947
65 200 0.09393307010755812
65 203 1.8117388215296772
65 205 1.4242593190110198
65 208 -1.2696015750568859
65 211 1.5084902675863645
65 214 -0.028240459995882403
66 254 -1.1251916846625727
66 257 0.9509160701982355
66 260 0.5121604816422516
66 263 -0.816027507411479
66 266 -0.10486601421233264
66 269 0.6775296783152708
66 236 -0.3349261711922198
66 239 -0.36749998134747214
66 241 -0.17844294787246232
66 244 -1.0945768107624867
66 247 0.009010136287993792
66 250 -0.13677510275384622
67 68 0.22962232791894102
67 70 -0.5759053167994681
67 182 0.08340140589588448
67 185 -0.44037907320456454
67 188 0.5723697918156881
67 191 -0.5679999277340481
67 194 0.16082380008602712
67 197 1.9236153121273902
67 164 -0.3006648069594885
67 167 -0.6007241971651971
67 170 0.6405575745828926
67 173 -0.6544679406193186
67 176 -0.9779335638037449
67 179 -0.3167794149976255
68 69 -0.5411181326601727
68 71 1.5576929967586388
68 218 0.060889117682662565
68 221 0.274918988177938
68 224 -0.26787653470421335
68 227 -0.012233876081815927
68 230 0.187049995052543
68 233 -1.1631355001646864
68 200 -0.35918811214864105
68 203 -0.09109269925185103
68 206 -0.3626914856571
68 209 0.6057362552768503
68 212 0.3656615065188907
68 215 -0.012229930303624285
69 72 0.6441291136286603
69 254 -0.8574104405124261
69 257 -1.3235745062330466
69 260 1.4035567348009872
69 263 0.5637863083675158
69 266 1.0708097095772398
69 269 -1.0396216131083837
69 236 1.9026405440513308
69 239 -0.9190843336552511
69 242 1.4900275080503544
69 245 -1.2097954560580637
69 248 -0.6984641187375777
69 251 -0.13221877542772356
70 71 -0.6017750061700338
70 182 0.15615734371300657
70 185 0.6987609794361525
70 188 -0.3012290316626932
70 191 -0.9852773789126686
70 194 1.1468557086613587
70 197 -0.2593425100687833
70 164 0.2982550298511994
70 167 -0.03395573019544047
70 170 -0.20631531443367612
70 173 0.06975550844435774
70 176 1.2968559708783796
70 179 -0.5061772752993772
71 72 0.35067572443556233
71 218 -0.08141630067798857
71 221 2.860315812757371
71 224 0.6832135608417866
71 227 0.07577936200856283
71 230 -0.5667903451119127
71 233 -0.05722326348643506
71 200 -0.31311280559265886
71 203 -1.514927150995944
71 206 -0.9881211940708288
71 209 0.9716754708059203
71 212 -0.0074134465622056065
71 215 -0.3635957705502873
72 254 -0.4177058950927642
72 257 -0.6770017236082744
72 260 1.8022229367799893
72 263 -0.02740091217224645
72 266 1.4729649613077878
72 269 -0.06281033976001806
72 236 1.0909688366221897
72 239 0.7337506298562338
72 242 1.5640860652769488
72 245 0.36065965934621846
72 248 -0.6994332145396316
72 251 0.17809895827970124
73 74 2.481695176952031
73 76 0.16500524203670103
73 182 -0.4256026107145565
73 185 0.953888610919259
73 152 -1.0880186661491018
73 155 1.1700417611632214
73 158 -2.146842043367302
73 161 -0.42728493180976274
73 164 0.8672582648264792
73 167 -1.1860340838797243
73 170 1.0058083945460614
73 173 2.492627934729746
73 176 -0.003015280354484286
73 179 -1.9070499646822046
74 75 0.8536999428307949
74 77 -2.8414270713292016
74 218 2.5457389544833564
74 221 1.523451999250278
74 188 0.7853535696018265
74 191 0.6312020084411086
74 194 -1.1636129709291279
74 197 -0.6372811852411108
74 200 0.8720990853782722
74 203 -1.46150933520623
74 206 0.31386864342768683
74 209 0.2513866484551079
74 212 -0.4169189075256054
74 215 -0.9025558430747334
75 78 -1.2950299518369497
75 254 0.1346454534798951
75 257 1.0963317476381758
75 224 -0.3726785426768297
75 227 -0.8326131955816661
75 230 0.30776264422579425
75 233 -0.8890721045095251
75 236 -0.6316896168583455
75 239 -1.2389640441170475
75 242 -1.1440992947169835
75 245 0.39543633661261407
75 248 0.380538058476163
75 251 -0.3102930265501291
76 77 -1.301807228659448
76 182 1.3466429419457349
76 185 -0.1820982032807874
76 152 0.8911830949062856
76 155 -0.8300514641609461
76 158 -0.9787002366032355
76 161 0.3319420915203638
76 164 -0.21678931044070535
76 167 0.5018000707829833
76 170 -0.504567477788324
76 173 0.5390731055146127
76 176 0.6471261614005528
76 179 0.7945247531633616
77 78 -0.4652170561404235
77 218 -0.414026919527712
77 221 0.6204087587374071
77 188 1.1531786641520225
77 191 0.5346522153494682
77 194 -0.7503978282587669
77 197 0.6652756676074583
77 200 -1.454132895424946
77 203 0.3870599842852026
77 206 -0.3850424907932416
77 209 0.6514850317591693
77 212 -2.1870486613296034
77 215 -2.2735221034542343
78 254 -1.27301234583599
78 257 -1.8757070234711388
78 224 0.4743081684587523
78 227 -0.08061527034368826
78 230 -0.42323060871782053
78 233 1.0373563125968506
78 236 0.9704791569106568
78 239 -0.7079713417554331
78 242 0.6842877971959915
78 245 -1.0850590019054236
78 248 -1.2514859823289162
78 251 0.9623049847314307
79 80 1.0203982936794682
79 82 -1.122108343808194
79 182 -0.6354644965110373
79 185 0.18381252152158004
79 152 1.5446142020113007
79 155 -0.33906222454230656
79 159 1.0579995554912973
79 162 -0.865308312821858
79 165 -0.33376647039320356
79 168 -1.76378511973667
79 170 -1.4018458927334592
79 173 1.557122398254857
79 176 -0.4732065124842331
79 179 -0.24503688253017816
80 81 1.4235464941525247
80 83 0.35471123564767665
80 218 0.6816024173613121
80 221 1.8818161728382756
80 188 -0.9053674721343188
80 191 0.32932173219026906
80 195 0.1728189212593146
80 198 -0.46559750675168243
80 201 -0.42670562375531723
80 204 -0.9974625560552678
80 206 -0.12946057481452972
80 209 -1.5103896948383437
80 212 0.39619945654151434
80 215 -1.6810572384493312
81 84 0.5120677662472068
81 254 -0.25965179706295977
81 257 0.1266335157572078
81 224 -0.4658912037848674
81 227 -0.2931831833700361
81 231 0.9846775391762188
81 234 -0.15484173203000348
81 237 0.05963064230567229
81 240 -0.989834878608234
81 242 -1.080636057024203
81 245 0.9208047821062311
81 248 -0.31559256860562157
81 251 -0.5661510814028841
82 83 0.4675195884997073
82 182 -1.147403813133825
82 185 -0.3357075165713597
82 152 -0.6136472751746613
82 155 0.17615953117854644
82 159 0.11299861001984836
82 162 -0.6181559220554429
82 165 1.6939599925715079
82 168 -0.09976505651567417
82 170 2.6673835540860944
82 173 0.26932220144087016
82 176 1.8834471050080202
82 179 -0.1586800382532403
83 84 0.21181638011167123
83 218 1.2682811922777497
83 221 0.9307667563251844
83 188 -0.4361470448027113
83 191 -1.7513502533229182
83 195 -0.6932619079231639
83 198 0.737163447160535
83 201 -0.2773250462819276
83 204 1.327264976310359
83 206 0.6426860376626339
83 209 0.1554469327007946
83 212 1.1155540650909217
83 215 1.3623499714003962
84 254 1.3674812782042969
84 257 1.6307849238607164
84 224 0.16376827034332114
84 227 -0.22201159065983667
84 231 1.1246835779151423
84 234 0.4796844560135825
84 237 -1.221223899520016
84 240 -0.6007736785049752
84 242 2.217832554153957
84 245 0.6186362364610787
84 248 1.3527978168429344
84 251 -0.46536553556478283
85 86 1.3384920477984006
85 88 0.9229548794944318
85 182 -0.2348127408535899
85 185 -1.2863750626075605
85 188 -2.1719506028267443
85 191 -0.8746576572808578
85 195 -0.09802609863890027
85 198 -0.6441976029407377
85 201 -0.8658340415008188
85 204 -2.34504873917943
85 206 0.2180489423418399
85 209 -0.5235151080853809
85 176 -1.727408839136363
85 179 0.8814831622665481
86 87 -1.206852081051757
86 89 0.8597077874793069
86 218 -0.09839555509953765
86 221 0.8627910288828439
86 224 1.5067780406533562
86 227 0.8589228250482216
86 231 0.39192525878572265
86 234 0.5170306901261361
86 237 -0.014661141449570753
86 240 1.1082818457948587
86 242 -1.7288659434784766
86 245 -0.21685704823071147
86 212 -0.40802487759029626
86 215 1.1291351083907641
87 90 -0.7901541189948015
87 254 -0.39508868286732163
87 257 0.8802338229019984
87 260 0.1409433028768845
87 263 0.15076319792855658
87 267 -0.09282337696582135
87 270 0.3281700796678273
87 273 0.7605551483681594
87 276 0.6447777900097579
87 278 0.04597733765047994
87 281 -0.8362129277325341
87 248 0.7667855745880741
87 251 0.8326713686268381
88 89 0.31379609988579676
88 182 1.5481591434227293
88 185 -0.6634001552111595
88 188 -1.9749854763683397
88 191 0.011376637957258849
88 195 0.377445942681592
88 198 0.9752983835357673
88 201 -0.6108162107605488
88 204 0.13308072889095748
88 206 0.4253214890708294
88 209 0.18284847474617047
88 176 0.469261893560415
88 179 -0.628291781823037
89 90 -0.3299756821573589
89 218 3.0963116935720354
89 221 -0.677142401536816
89 224 -0.5132393501126365
89 227 -0.3312317357828079
89 231 0.9139240864546913
89 234 0.5959954578892507
89 237 0.6352740930427894
89 240 -0.11206102380344214
89 242 -0.8417560244060248
89 245 0.41379220266833133
89 212 0.6706921631828193
89 215 -0.1695719869062503
90 254 0.0017430741545020935
90 257 0.10879720497688512
90 260 -0.017743443608379067
90 263 0.2412151944718671
90 267 0.13987891103244965
90 270 -0.4224148715724345
90 273 0.19301282815405424
90 276 1.7296449516844306
90 278 0.6739875633775647
90 281 -1.0714887608974386
90 248 2.6426665311114457
90 251 -0.8640480031415431
91 92 -0.8360492978515626
91 94 -0.16161833217370294
91 183 0.689739375913203
91 186 -1.3078556035542217
91 189 0.11149485556056053
91 192 0.7511601252620126
91 195 1.1336032574194255
91 198 1.215002068473738
91 201 -0.9306383373373783
91 204 0.3268307177038987
91 206 2.08722413090226
91 209 -0.5869691450925022
91 176 2.4388222170098346
91 179 0.14774823812411325
92 93 -0.7832793787636488
92 95 1.55902898308921
92 219 1.250298055130551
92 222 1.189650350319535
92 225 -1.6115231486051924
92 228 -0.06809567769363027
92 231 0.4207302279916669
92 234 0.2756084466201722
92 237 0.17742628528108928
92 240 0.18639069171642791
92 242 0.8350481509038867
92 245 -0.7808956877933558
92 212 0.7433775116400787
92 215 -0.2753141282453119
93 96 1.8838347296334894
93 255 1.0950803100132782
93 258 -0.9564958993807993
93 261 2.115471714515996
93 264 1.184551329548173
93 267 -1.1570510348320833
93 270 -1.0001724289165144
93 273 -1.337356855572913
93 276 -0.9207796133658918
93 278 -1.2250208174775592
93 281 1.4448554536075955
93 248 -1.0880906138406838
93 251 -1.0864711408080812
94 95 -0.13907491935844268
94 183 -0.40039826992413013
94 186 -0.9305668843703209
94 189 0.25080752165747827
94 192 0.21094221365992338
94 195 1.9103521597614037
94 198 -1.4053993444697777
94 201 1.3929843561730917
94 204 0.16710678837005277
94 206 1.058507318002584
94 209 0.6645991508798597
94 176 -0.3911116671055145
94 179 0.8365842385046518
95 96 -0.13544632224925057
95 219 1.1230733622625229
95 222 1.3323426321372014
95 225 -0.5849640095006675
95 228 1.3948133930750477
95 231 0.04180226601794926
95 234 0.33738542094016544
95 237 -0.0366946590611083
95 240 -1.13990693885706
95 242 -0.4323024933091941
95 245 -0.7856901353991292
95 212 1.647302248545477
95 215 0.8226324725025549
96 255 -0.9694565353455278
96 258 1.483177538555374
96 261 1.3183747720268868
96 264 -0.25028950693758895
96 267 -1.057139535786916
96 270 -1.9981581490886546
96 273 0.6281045823901357
96 276 -0.5670163998316381
96 278 -0.388877212881817
96 281 -0.25770915127462285
96 248 0.45796290166886516
96 251 0.20148533907179217
97 98 -0.19012060074643258
97 100 -0.20476978699812629
97 183 0.16026930272881218
97 186 -0.26256529844705556
97 189 -0.39147794378239725
97 192 -0.2682858169535875
97 195 -1.063518870396087
97 198 0.5803019679570673
97 165 1.9587190619953896
97 168 0.3190588865154977
97 170 0.27306337203235664
97 173 1.908900981228053
97 176 -1.1264118303506594
97 179 -0.47014435211973843
98 99 0.4887981374011639
98 101 0.3052300508232299
98 219 -1.2465748406489257
98 222 -1.3291232365807946
98 225 1.0876066235628916
98 228 -0.9297615039369275
98 231 -0.7777761871371871
98 234 -1.529467153624364
98 201 0.29721879998917755
98 204 1.0490267684063233
98 206 -0.2936593270448468
98 209 0.5635903745209363
98 212 0.06649915098025105
98 215 -1.1174969116257156
99 102 -0.5222272240855305
99 255 0.4541775370473223
99 258 -1.230425056127383
99 261 -1.3205283030353498
99 264 0.31243898865207853
99 267 -0.5299832239802681
99 270 0.5384968911475995
99 237 -0.12321190342128513
99 240 -2.0667379638675687
99 242 -0.8628566803841179
99 245 0.9969032467347562
99 248 1.2267833462577535
99 251 1.0945962143292753
100 101 1.5358317084715425
100 183 0.6078573775509553
100 186 0.07903896456899501
100 189 1.6404314763684464
100 192 -0.3663487783446773
100 195 1.1174532077874615
100 198 1.2855983348596849
100 165 -0.25342920159654286
100 168 1.443813435361658
100 170 0.15877154031900423
100 173 0.3620699019826053
100 176 -1.613964599297666
100 179 -0.14966636853675291
101 102 -0.2375319213758231
101 219 0.5984054572645623
101 222 -1.192064938855762
101 225 -0.7634016025098673
101 228 -0.04399317561193873
101 231 -1.2610256521271221
101 234 0.6699835360622475
101 201 0.5285911209856715
101 204 -0.7541129411329635
101 206 1.6777603690366616
101 209 0.0219823369307631
101 212 -1.810511911480652
101 215 0.17063515593645667
102 255 0.6935114479983349
102 258 0.9958529358531151
102 261 0.1336291720667194
102 264 -0.2209941486626978
102 267 0.5978371207393925
102 270 0.6647634360521392
102 237 -0.5895561083877706
102 240 -0.5262178075372083
102 242 0.0580972115634428
102 245 -0.5450122231154478
102 248 1.649511788436007
102 251 -0.6053839006409215
103 104 0.5896551427948514
103 106 0.2587999720505615
103 183 0.07688261766894233
103 186 -0.8672468871609902
103 189 -0.026160947008119793
103 192 0.5895715821590564
103 195 2.18392614400639
103 198 -1.7111897998053094
103 165 -0.43414216472270956
103 168 -2.101466941771837
103 171 0.3537615191313782
103 174 0.7222178298838654
103 177 0.9592129238527853
103 180 0.32127211804169564
104 105 0.3500101194494309
104 107 -0.6841945821256142
104 219 0.23770181321566894
104 222 -0.13330909169796074
104 225 -2.421865742295028
104 228 -1.2402203360517785
104 231 1.3387165378327999
104 234 -0.2576928508408502
104 201 0.42307153650437496
104 204 -0.621763154736247
104 207 0.46563833971277996
104 210 -1.7738666560353051
104 213 1.2981395166035372
104 216 -0.9169752535324955
105 108 -0.040841678252747454
105 255 -1.067578682665441
105 258 1.3296820915735907
105 261 -0.10816596143306391
105 264 -1.4932412446459824
105 267 0.10629083758265419
105 270 -0.6134524336929504
105 237 -0.3976227167563419
105 240 2.0936439569789127
105 243 -1.5332151719855511
105 246 -0.24007396550578441
105 249 0.37331917175773865
105 252 0.4005690072944464
106 107 1.770340437377402
106 183 -0.34238425153942775
106 186 -0.9999720345536159
106 189 1.3887500594155957
106 192 0.08910064886883862
106 195 0.5558169667127699
106 198 0.18057641745500097
106 165 -0.3902275724729113
106 168 -1.0212956609645678
106 171 0.35851253622096957
106 174 -1.88337968365176
106 177 -1.196618048719473
106 180 0.11968241331494307
107 108 -0.3152744209052808
107 219 0.16840377479972826
107 222 -0.21043920991357665
107 225 -0.7002396741259929
107 228 -0.775086456918351
107 231 0.019727977585261947
107 234 0.9241790528985122
107 201 -0.8012538369478687
107 204 -0.4301492981335098
107 207 -0.5400752734553698
107 210 0.620308496842891
107 213 0.48174076322496523
107 216 0.8688907876979928
108 255 -0.6782604274473554
108 258 0.5138607154926997
108 261 -0.1607066216495374
108 264 3.555856735082479
108 267 1.174635262130101
108 270 1.7088931001719325
108 237 -2.0426264734153743
108 240 1.3631890323511247
108 243 -0.610962120248965
108 246 1.3204884015444012
108 249 -1.0154272388445644
108 252 0.025843420654396165
109 110 0.8479856251748238
109 112 0.4025371357800046
109 183 -1.7835241747207884
109 186 -1.043324152517172
109 153 1.3404629556651773
109 156 0.6164003697010032
109 159 1.5153521636104854
109 162 -0.38014613138803177
109 165 -2.501296345387469
109 168 1.460904713245726
109 171 -0.35089592409538567
109 174 1.1498337250729587
109 177 1.584828130575421
109 180 0.8034904637437551
110 111 0.11979201436081147
110 113 -0.2923517048431052
110 219 0.8058626462318998
110 222 -0.3839400211272672
110 189 -0.5083302203857931
110 192 -2.2725280726984267
110 195 1.7104099953786662
110 198 0.23375911754745063
110 201 -0.8265311736247279
110 204 -0.077037045290995
110 207 0.10202708704593305
110 210 0.20979594010519315
110 213 1.3905554572300078
110 216 0.550202113337078
111 114 2.0465870636026655
111 255 0.07721741582590455
111 258 1.2947032017578692
111 225 0.6183015706419779
111 228 -1.2936031014399232
111 231 0.11928926312455701
111 234 -0.24226610286209518
111 237 -0.3443503824978192
111 240 1.4070708863651296
111 243 -0.7575545150889262
111 246 -1.1868576211871018
111 249 -0.3334355561239578
111 252 -0.5507011955099078
112 113 -0.4751554023821061
112 183 -0.6475462154871032
112 186 -0.7546812745961942
112 153 0.9596897486950913
112 156 -0.5909139781389448
112 159 0.5784934687392027
112 162 0.25198266545819475
112 165 -1.5183101263133871
112 168 1.5687640658694813
112 171 1.7740823454646821
112 174 -0.08350681478916154
112 177 -1.5216824641903708
112 180 -1.1426517606156488
113 114 -0.35153788710340345
113 219 -1.0366568893644106
113 222 -1.0227890574729674
113 189 0.7396934851877199
113 192 -1.849742007254242
113 195 1.0870225396510662
113 198 1.6636761138608689
113 201 -0.6263675692444908
113 204 -0.526037917123529
113 207 -2.525321940308362
113 210 -0.4397719601100524
113 213 0.9813903679790302
113 216 -0.7217140732778753
114 255 0.385874447065021
114 258 3.122423559486895
114 225 -0.054639853913490556
114 228 0.4937566398120413
114 231 -0.17395167792276156
114 234 0.39981462132440526
114 237 0.07501563907709527
114 240 1.0233671259369965
114 243 -1.0083957966175843
114 246 -0.15743679203097477
114 249 -0.15219972974011842
114 252 -0.20527476302319433
115 116 -0.5133096177119247
115 118 -0.4465264122002297
115 183 0.327991430196475
115 186 -0.4260935903943113
115 153 -0.8250857185638716
115 156 1.8922230937694988
115 171 -0.9741314781813248
115 174 -0.7602134867646186
115 177 0.8533646489268444
115 180 0.2271379890756317
116 117 1.9361951947819698
116 119 0.3654661680158137
116 219 1.5718195306227836
116 222 1.1233599001735177
116 189 0.40775863887678887
116 192 0.9258398900740475
116 207 -0.25095857959720935
116 210 1.157702643487396
116 213 -1.4918075521884846
116 216 0.08832852031925603
117 120 1.7452207703764007
117 255 0.6241969989969536
117 258 -2.4212162249718028
117 225 0.438398725818854
117 228 0.755262415674579
117 243 -0.4595367932022642
117 246 0.8833181474025359
117 249 -0.5322564731426511
117 252 1.0071954630072724
118 119 0.461308117719792
118 183 -0.9541180654844776
118 186 -1.2492766197430338
118 153 -0.6722594646737338
118 156 -0.2013657274716647
118 171 0.054096239833043534
118 174 0.05524281906146239
118 177 -1.1868596537887344
118 180 0.017691793626873852
119 120 1.436005934653366
119 219 1.1689391161435965
119 222 0.10522459826038956
119 189 -0.18840494143982597
119 192 0.9599936283192905
119 207 -0.6055344565574815
119 210 0.9739900438904688
119 213 0.4703222074573894
119 216 -0.47001532446997035
120 255 -0.7267101794386599
120 258 -0.6264151688967663
120 225 1.7376644651914819
120 228 -0.2044230871010696
120 243 1.206521010265751
120 246 0.9306379947522773
120 249 -0.29062188733622407
120 252 0.2285191629717866
121 122 0.2848186672189524
121 124 -1.9498193174016039
121 183 1.1385369258814222
121 186 0.4031603786146587
121 189 0.15537136780773528
121 192 -1.1075096247211564
121 207 0.7804424545775838
121 210 -0.1890260334631881
121 177 -0.08877130279151617
121 180 2.013680438254311
122 123 -0.018457567229762703
122 125 -0.9919128933968011
122 219 0.9841810953038188
122 222 0.34366217765128537
122 225 -1.2803726339999972
122 228 1.021894425335953
122 243 -0.16891690007691282
122 246 0.44584188261973123
122 213 1.9321432108834118
122 216 1.1200604546601878
123 126 0.2961162900491782
123 255 -1.1509910214999661
123 258 0.06517793289780331
123 261 0.8291161439052118
123 264 -1.2217964849191438
123 279 -0.07762239643975304
123 282 -0.8086317945914804
123 249 -0.07289598401577814
123 252 0.22516465970126923
124 125 -0.5297612787827124
124 183 -0.7814137109130289
124 186 -0.43547033855054035
124 189 -0.15106096533160523
124 192 0.04020502541587948
124 207 -1.1855016725289975
124 210 0.4185601862358992
124 177 -0.02107801897946492
124 180 1.51490002702822
125 126 -0.6724122799171551
125 219 0.3054236920467877
125 222 -0.9884906605784037
125 225 -0.0047984495370788464
125 228 -0.6779016712247683
125 243 -2.4291839997221834
125 246 1.8652172240477334
125 213 0.6904985452666538
125 216 0.3572873923230055
126 255 0.6112500193903971
126 258 -0.3217016952778656
126 261 0.7130630619992342
126 264 0.025233038777405317
126 279 -0.1663618323717492
126 282 0.8978322498726411
126 249 -0.25759973932209873
126 252 0.058796717303449736
127 128 -1.627625592433032
127 130 -0.3758519146042337
127 207 -0.01969301967714281
127 210 -1.234698043250584
127 177 -0.35102125070938595
127 180 -3.2996098771475038
128 129 1.4593201137615197
128 131 0.0008733426247817031
128 243 -0.08552996866794928
128 246 0.9485945203976598
128 213 -0.20535015178430746
128 216 1.2903886989097253
129 132 0.31120794473137076
129 279 -0.37540655609356516
129 282 -0.494587392736535
129 249 0.45436802697009243
129 252 0.11306092712680756
130 131 -0.470788937724155
130 207 -0.3949507743544543
130 210 -2.0860518868516453
130 177 -2.391472974192536
130 180 0.5962763027638418
131 132 0.6248680753058117
131 243 -0.7544526380572469
131 246 1.2316345726967148
131 213 0.5096944452138025
131 216 -0.12239774872960346
132 279 -0.5989456497778394
132 282 -1.544012996921715
132 249 -0.6553482424521061
132 252 -0.5304292344027088
133 134 -0.6199734929940681
133 136 -0.260050289844595
133 171 2.179098548035174
133 174 -1.049117610012927
133 177 -0.59394681800156
133 180 -0.7843462701007367
134 135 1.3457346710729372
134 137 0.9825713246812516
134 207 0.0673008410456666
134 210 -0.9873885220359665
134 213 -0.5536685776293169
134 216 0.5161123921625584
135 138 0.5683235360869818
135 243 0.47446575110955225
135 246 -0.04225688840253001
135 249 -0.24736140024229067
135 252 0.8122520836704419
136 137 0.3358638092250136
136 171 0.0236665280897023
136 174 0.22363575977737127
136 177 -0.1255314213340669
136 180 -1.9660844173743393
137 138 1.7476077351922283
137 207 1.4448895399043635
137 210 0.9082027582534438
137 213 0.9040665447994122
137 216 1.1060778293609939
138 243 -1.1224209094670343
138 246 -0.7997668452652651
138 249 -0.2177171317232866
138 252 -0.38029388016457477
139 140 0.30444465970846646
139 142 -0.5107353499449704
140 141 -0.6226286732044702
140 143 0.6125124294072257
141 144 -0.5241775567710072
142 143 0.05039797974066274
143 144 1.729218992857016
145 146 -0.7507273326870914
145 148 -0.1559028576292754
146 147 -1.7060188564307501
146 149 1.5773906828177835
147 150 -0.34408392091081824
148 149 -2.451606921422179
149 150 -0.4300022060271305
151 152 -0.5166093271955077
151 154 0.6092550646443374
152 153 0.004538394134686342
152 155 -0.25816879771546997
153 156 -0.04248203753257061
154 155 1.1470832486955194
155 156 -0.6699933368466351
157 158 0.5419263095022906
157 160 0.36885613167366216
158 159 0.07907732442149656
158 161 1.8852412940119831
159 162 -0.0972232394833932
160 161 1.7193462620525959
161 162 -0.32277446656894454
163 164 -0.9622739251060659
163 166 -0.7123675693362357
164 165 -1.9784050278374337
164 167 1.8688101120689173
165 168 -1.7091643706644486
166 167 -0.29558924286396276
167 168 -0.0016569260685166652
169 170 -1.1852541748876728
169 172 -1.4763959129083366
170 171 1.1030067781944963
170 173 0.5070422445669142
171 174 1.3918734195287403
172 173 0.6784575449159298
173 174 -0.7385475904287613
175 176 -0.305768210978797
175 178 -0.04993859968795557
176 177 -0.2255150955093445
176 179 0.49730741501037623
177 180 1.8755841823276245
178 179 0.15048012550136322
179 180 0.3381679007572999
181 182 1.5596280684787265
181 184 0.10812079804946455
182 183 -0.25287847922218154
182 185 0.4813965488735227
183 186 0.7820392141240791
184 185 -0.08831701958099462
185 186 -0.3395219352688012
187 188 0.6504800492168795
187 190 0.803072426479873
188 189 0.3663675230297165
188 191 -1.2437412516937103
189 192 -1.0824704326858667
190 191 0.7999968216596703
191 192 -1.5336982160800154
193 194 0.23142477460653918
193 196 -0.16146896625331114
194 195 1.0783428279577596
194 197 1.944867593528799
195 198 -1.5962062362317258
196 197 -0.6708573636028483
197 198 0.34512620330653115
199 200 1.0409855891311697
199 202 0.2927025435974825
200 201 -2.0545216352836326
200 203 0.16891003277896324
201 204 -0.6336083280863041
202 203 0.49808775725359394
203 204 1.2369203024718183
205 206 1.3686853217142316
205 208 1.1861562968732182
206 207 0.2187941082878364
206 209 -1.0125668112341817
207 210 1.1051340886156107
208 209 -0.8039501272217562
209 210 -0.24552746912051734
211 212 0.6286571365198101
211 214 -0.44647487677091335
212 213 -0.5322103627872035
212 215 -0.829152027249906
213 216 -0.6022957901037341
214 215 -0.10495441513201148
215 216 0.3207678320309398
217 218 0.855077695512307
217 220 0.9036392855531148
218 219 -0.1312581082640631
218 221 -0.4628358378366038
219 222 -0.02824806125002858
220 221 0.3990607994195019
221 222 -1.1827355348542812
223 224 0.1749808874317777
223 226 1.2928303497951186
224 225 -1.2051918327192686
224 227 0.4259821018773546
225 228 -0.47097879455020086
226 227 0.4304007108494035
227 228 -0.8494787188136761
229 230 0.6583761266245955
229 232 -1.0476423355247357
230 231 -0.6683163324334354
230 233 -0.8039709683593055
231 234 -0.3135511409274253
232 233 1.0185799327972316
233 234 -0.4485619881706061
235 236 0.5378508272891964
235 238 -0.9713991628617828
236 237 -0.29296326727556854
236 239 -0.9353007573009772
237 240 1.0558908160835851
238 239 0.7311982941437098
239 240 0.6121333055548366
241 242 -1.5572980157992002
241 244 -0.10889277103313397
242 243 0.13731945422662442
242 245 1.1157489327700796
243 246 0.14745404449677374
244 245 -1.7290114024101044
245 246 -1.2548993505205872
247 248 -0.7976671643077764
247 250 -0.8414502757248479
248 249 -0.35161147573611257
248 251 -0.2424015844788586
249 252 0.5268928514245452
250 251 -0.02853214819091797
251 252 1.0220648750303658
253 254 -1.6336654238699928
253 256 0.5599244013530433
254 255 -0.01672728405069563
254 257 0.5313179617957428
255 258 -0.2835485188711816
256 257 0.41681236862865045
257 258 -0.8503701901815144
259 260 -1.8784418493929245
259 262 -0.5216732747614735
260 261 0.2454945045708216
260 263 0.7528081134923656
261 264 -0.25068801072020375
262 263 -1.3732530107061434
263 264 -0.06248629170354706
265 266 -0.5884542241013996
265 268 -3.89037191184788
266 267 0.3480520184230761
266 269 -0.6120714646564199
267 270 0.5989707337630593
268 269 -0.9218438229391965
269 270 -0.17847005528534438
271 272 0.9038404094932607
271 274 0.4456283079739804
272 273 0.4031156818959328
272 275 0.47626825890357344
273 276 -0.9262523518317862
274 275 -2.2007872723832382
275 276 0.8048030180410101
277 278 -0.343478981899175
277 280 -1.1447261418995518
278 279 -0.848635565799629
278 281 0.20566298928377244
279 282 1.7457838829381649
280 281 -1.0694337890400096
281 282 0.30662444508161685
283 284 -1.1721525922617981
283 286 -0.1275883579043317
284 285 -1.1216720414923098
284 287 0.32792743751488246
285 288 -0.8122472981084063
286 287 -0.5851991617812542
287 288 -1.2505755767857274
