# 
1 1 1.2809634707927342
2 2 -1.8458377636403895
3 3 0.14464226343538356
4 4 -0.518870217621925
5 5 -0.4251760401636825
6 6 -0.5993314081521118
7 7 1.0095568682331322
8 8 -1.181361772518841
9 9 -0.10695715170367098
10 10 0.8292560755176405
11 11 -0.1344636679871897
12 12 -0.2780096323494423
13 13 0.29188790337016296
14 14 1.1514885617471975
15 15 -0.5527544629008517
16 16 -0.1508201303103872
17 17 -0.634407859937397
18 18 -0.013513803578110899
19 19 0.7196021868015364
20 20 0.23435320898589299
21 21 1.475983961475958
22 22 0.05836826641656039
23 23 0.25139149622716367
24 24 -0.2584096534581047
25 25 1.2969456692899306
26 26 1.4702160094575938
27 27 -0.6604640740397008
28 28 0.6132416185933864
29 29 -0.06082870259643537
30 30 0.7379833982033382
31 31 -1.401938403018241
32 32 -0.2182598633838229
33 33 0.2641524912681368
34 34 -0.8182656264750392
35 35 0.3800685856628326
36 36 0.2057650263184903
37 37 -1.5344493890932567
38 38 -1.2071492644722488
39 39 -0.07381531245869206
40 40 -0.06458098851969765
41 41 -1.7097843410364923
42 42 1.1640213970463607
43 43 -1.2765601193908864
44 44 0.8478267413858973
45 45 -0.12766294949540305
46 46 -0.7519966161922396
47 47 -1.4875355343637868
48 48 0.9869804962294355
49 49 1.1316267788406316
50 50 0.6864833768679313
51 51 0.5211328848489689
52 52 -0.34843587278347843
53 53 1.0263268908298608
54 54 1.9440398485934778
55 55 0.10881854374542872
56 56 0.12385936532860956
57 57 -2.824015199448599
58 58 -0.013463366938283622
59 59 0.08205860338148635
60 60 -0.3355241557071688
61 61 0.3452378973655505
62 62 -0.7551144689878948
63 63 -0.0016044613965852052
64 64 1.0431883133385897
65 65 0.7522499481765126
66 66 1.4675179418552022
67 67 0.1830888227446627
68 68 -1.3859382647720149
69 69 0.40567448008821894
70 70 0.33918736201202365
71 71 0.3528446272800187
72 72 0.3181521728631862
73 73 -0.8717595143715939
74 74 -0.09418034093764192
75 75 -0.8548141636241603
76 76 -0.7196069527551072
77 77 -0.07686624004763873
78 78 -0.278617920913601
79 79 0.031102963611950953
80 80 -0.06809736132111018
81 81 0.3048533705689888
82 82 1.3283037020823683
83 83 -0.40618797718393157
84 84 0.9861629806871708
85 85 0.41747465206275675
86 86 0.5100519707633372
87 87 -0.9218706481997834
88 88 2.5227028612478613
89 89 0.04786954309286717
90 90 -0.18145831899974446
91 91 -0.17319029953790147
92 92 0.43572712695779947
93 93 1.0229226564967038
94 94 -0.1309527404065803
95 95 -0.38940741804612966
96 96 0.008137333244785194
97 97 1.7983229133043026
98 98 -1.0491891547258227
99 99 0.4368534509795583
100 100 -0.20829628837062544
101 101 1.3339566946357646
102 102 -0.0067099659426098565
103 103 0.576583045823965
104 104 0.5839466469671104
105 105 -0.5809264283836645
106 106 1.278161484955542
107 107 0.08933499269155135
108 108 -1.335350616547891
109 109 -0.7705769545875808
110 110 -0.6979882582799327
111 111 0.1341773248650288
112 112 -0.3788409692065236
113 113 -1.7554364767882853
114 114 -0.5322017004482863
115 115 -1.8027355352537198
116 116 -0.07398106565308062
117 117 -0.12301618015030528
118 118 0.3464953763321399
119 119 -0.06929637847871002
120 120 0.7965550296305614
121 121 0.053350908823560306
122 122 0.14247933310787148
123 123 2.022225993350459
124 124 -0.398351118753112
125 125 -0.49140762994827697
126 126 -0.3052427765467409
127 127 0.292736064611495
128 128 -0.6186508465322003
129 129 2.5432260787601106
130 130 -0.9505618023286356
131 131 -0.905531884905599
132 132 0.9189915220747404
133 133 0.5299428289650215
134 134 -0.4747335783297622
135 135 3.349627516255305
136 136 -0.3055197291866218
137 137 1.3644447275325364
138 138 0.5824613606716471
139 139 -0.04611014767548693
140 140 -0.23911873960163654
141 141 -0.5326106852316823
142 142 -1.7881949298986575
143 143 0.14990772963693447
144 144 -0.3984133893962679
145 145 -0.1700978882240736
146 146 -0.3594599627368533
147 147 1.8653865077770244
148 148 1.948916906369625
149 149 -1.4134246992200123
150 150 0.5847966341400765
151 151 0.4200329520160711
152 152 0.5520316964333489
153 153 0.9148816910264518
154 154 -1.7742919955949708
155 155 0.24745847432441287
156 156 -1.146876298663156
157 157 1.132300387673379
158 158 0.6304295731442928
159 159 0.6925636220436148
160 160 0.5668691597173088
161 161 0.22498198833495298
162 162 0.23313928753386165
163 163 -1.9083356484281198
164 164 0.742077710464514
165 165 1.2721208978162755
166 166 1.2425033451090546
167 167 0.5865314065034641
168 168 -0.4515910893829033
169 169 1.374224015521
170 170 1.8947464675977301
171 171 1.0093660787175704
172 172 0.07742490510847072
173 173 -1.0646648140501913
174 174 -0.8129436998757621
175 175 -1.5706728165628365
176 176 -0.034884527012299486
177 177 -1.1313952428546834
178 178 -1.0688436200305866
179 179 -0.6815240004493522
180 180 0.12563438903401333
181 181 -0.29529926160180975
182 182 0.8065745377270656
183 183 1.4063391729429113
184 184 0.28978189559612855
185 185 0.652784425475697
186 186 -0.11623086091552336
187 187 -1.048751156180392
188 188 -1.0043211757168162
189 189 0.06850094086639018
190 190 0.2265089077125426
191 191 -1.4320931732854083
192 192 -0.660367986307829
193 193 -0.09669777552861415
194 194 1.7835846930782897
195 195 0.5285115086469433
196 196 1.0520370007474704
197 197 0.817178082991834
198 198 0.07553659883861102
199 199 0.5201124416315358
200 200 -0.7077832869949345
201 201 0.2077586353483504
202 202 1.822163839674232
203 203 0.8072860984595809
204 204 1.2067330236897706
205 205 0.947784044866071
206 206 0.5018912124250373
207 207 -0.167645120972642
208 208 0.44172989496983167
209 209 -0.15267405768215553
210 210 0.37918225941864486
211 211 0.5982553076204674
212 212 -1.342198921419527
213 213 0.27680586252046807
214 214 0.42473224793420206
215 215 0.4927427586698793
216 216 1.4426856846033085
217 217 -0.006031989880058515
218 218 0.5930729762312729
219 219 0.2367831680648171
220 220 -0.010206427190462759
221 221 -0.055464433607730707
222 222 -0.07062511932262018
223 223 -0.1655928231466529
224 224 0.8152808411254949
225 225 1.5878575815587797
226 226 0.2168711148696301
227 227 -0.936819419385479
228 228 0.774647087746216
229 229 -1.5170379100149212
230 230 0.3470105233453957
231 231 0.1993617558945976
232 232 1.5963474427883872
233 233 -0.44981260636388104
234 234 1.846068193232944
235 235 -2.1616414967138073
236 236 -1.4857120737471412
237 237 1.3402037672241232
238 238 0.14365766211383946
239 239 -0.1354460563013479
240 240 -0.9212736913838907
241 241 -1.0622364501012116
242 242 1.0954036536916743
243 243 0.13395620922473947
244 244 0.3653843727529559
245 245 0.5348402169858653
246 246 -0.18639417164555044
247 247 0.3626290230322921
248 248 -0.20249667521276957
249 249 -1.4658966677237173
250 250 0.42784137265723965
251 251 -1.0626995470057337
252 252 1.8770692684957262
253 253 -0.7234324499639314
254 254 0.647076545497223
255 255 -0.3460665953533547
256 256 -0.7233798787452824
257 257 0.21045650767712354
258 258 1.2514613590702235
259 259 -0.32079834429182336
260 260 -1.6598857630984607
261 261 0.02868030917310997
262 262 0.6861538936319028
263 263 2.1578411303430642
264 264 1.0146847293372985
265 265 1.5494782928274868
266 266 1.0013587177565122
267 267 -1.4849665649487234
268 268 1.4561788536427689
269 269 0.48617109758779614
270 270 0.02602568256278335
271 271 0.09826213017855173
272 272 -0.8618663237124707
273 273 0.013950571864272827
274 274 0.9679829808923693
275 275 -1.6351071159959687
276 276 0.6484123639941393
277 277 0.37720486142855125
278 278 0.6345800620073575
279 279 0.8453780023919691
280 280 2.1067490418069874
281 281 -0.021621890912458752
282 282 -0.3239880194626012
283 283 -0.8079171819333504
284 284 -2.9514296448941733
285 285 -0.39797920566911354
286 286 -1.988429917825649
287 287 -0.5343462575338348
288 288 1.265349059981278
1 2 0.014095980742261734
1 4 -2.7897079402104197
2 3 -1.5022341588157107
2 5 0.4880305857908636
3 6 -0.09666605549617742
4 5 0.6954355328898666
5 6 -1.4210356624373204
7 8 1.9568253353655074
7 10 0.3778430279207225
7 157 -0.416493169691653
7 160 0.04641213453808118
7 163 -0.7882274609530555
7 166 0.5925839857683001
8 9 -0.9625175833639229
8 11 -0.19091778997767314
8 193 -0.35429363565254673
8 196 -0.2516141669210568
8 199 0.7851744489632883
8 202 -0.25798546413920803
9 12 0.2534799699891329
9 229 -2.7694892154412227
9 232 -1.5286818405838936
9 235 -0.8025388955056826
9 238 1.5089755614946756
10 11 0.8127737472342724
10 157 1.795443382630396
10 160 -0.29097187675762876
10 163 -0.36356943285816457
10 166 -0.6418802628360102
11 12 0.330985932421198
11 193 -0.3976974560562126
11 196 -0.5418904030863441
11 199 -0.09175164739030527
11 202 0.8403825228173964
12 229 0.015735109506208905
12 232 0.04327876066169634
12 235 0.6488230577825927
12 238 -1.961299251237436
13 14 -0.10289311933519929
13 16 -0.6553901692132802
13 193 0.9674572706673386
13 196 0.17129994056808132
13 199 -0.48334676684672456
13 202 0.1330585332318031
14 15 0.2766316080743929
14 17 -1.182314496913237
14 229 0.19978262203136188
14 232 -0.051552312734889985
14 235 -0.7346966635933618
14 238 0.5817845978949765
15 18 -0.4448477106177346
15 265 -1.6520016517864664
15 268 0.7447004930141303
15 271 -0.454209827663867
15 274 0.24905615397384565
16 17 0.24340673508067656
16 193 -1.375044446385755
16 196 -2.708417704654679
16 199 -1.258896442640327
16 202 -0.2026097599922804
17 18 0.7494345676685468
17 229 -0.8062010970389437
17 232 0.6103237603235859
17 235 -0.5677851344790527
17 238 -0.5061213376655915
18 265 0.03681741779711739
18 268 0.8234211213480902
18 271 0.5853935178217539
18 274 1.2941504472402945
19 20 -1.4897016254433566
19 22 0.16365866761706793
19 181 0.683490329265197
19 184 0.06525517091264112
19 187 -0.24042521390907934
19 190 0.5698850791229425
19 193 -0.37166042294063983
19 196 -1.6796346882051238
19 199 -0.8078257896140443
19 202 -1.9179648409219
20 21 -2.2372502620628127
20 23 -0.9386589201470614
20 217 -0.3454550877268551
20 220 -0.2092659506672633
20 223 -0.73750793364314
20 226 0.6243794675621597
20 229 -0.21415425058894505
20 232 1.1096465896642767
20 235 -0.8193328145637754
20 238 -1.1951615426027473
21 24 -0.14397155930234742
21 253 0.7646885286341822
21 256 0.10358846367089249
21 259 0.4168421197658807
21 262 -1.7840672834033469
21 265 -1.0968448200959422
21 268 0.3087672974870337
21 271 -0.8791362860184894
21 274 0.5100301864794878
22 23 0.4150537772981623
22 181 -0.236155087165418
22 184 -0.24516114781685214
22 187 0.8022007133284969
22 190 1.9054052604352738
22 193 -0.5961945855568753
22 196 -0.17876949248652194
22 199 -1.8305774317619425
22 202 -0.7519563388922148
23 24 -1.4099873650544654
23 217 2.1311194728188614
23 220 1.2260432020792849
23 223 0.20265298913857774
23 226 -0.7671569193766496
23 229 0.1411478526217305
23 232 -1.527674281837451
23 235 0.7986041001293557
23 238 1.1191335104407487
24 253 0.45888862620908805
24 256 0.3615617686845387
24 259 -0.546384779056606
24 262 -0.1594451035342687
24 265 -0.5407018331410214
24 268 1.382803504384515
24 271 1.4173689467658892
24 274 1.2489102777904602
25 26 -0.8983800240562511
25 28 -1.4047505980904593
25 181 0.1895751252122538
25 184 -0.5164462142626429
25 187 -0.14493235057165338
25 190 -0.7442026906232647
25 193 -1.3180045155365065
25 196 -0.4258283147878698
25 163 -1.4209643753300796
25 166 -0.27110728033485226
26 27 0.8053622748957363
26 29 -1.8125784099092723
26 217 0.07182579601668053
26 220 0.9067584119455375
26 223 0.5002333784140164
26 226 -0.3673010197833815
26 229 2.054517244809641
26 232 -0.4406078736648601
26 199 1.2829584171140862
26 202 -0.6855642035615636
27 30 0.8007149522948981
27 253 -0.21506180052212712
27 256 -0.008337304457206358
27 259 -1.0342747428800252
27 262 -0.42382457444007327
27 265 -0.044501466560957784
27 268 1.7735536535877174
27 235 0.5955688686367091
27 238 0.8641009706135253
28 29 -1.4981218808399908
28 181 0.5053087536423738
28 184 0.5697493765278911
28 187 1.2662797771942735
28 190 -1.748504029920549
28 193 0.16707984888697963
28 196 -1.0140708404018837
28 163 0.9143481534946528
28 166 -0.11133510890813639
29 30 0.23839236134077985
29 217 -2.0535481380767737
29 220 -0.21439048345924344
29 223 -2.8895944130994526
29 226 -0.4457286806965611
29 229 0.03212143172074324
29 232 -0.5012449544776616
29 199 -1.0687007316586372
29 202 -0.22732682726999642
30 253 -0.8040020424460447
30 256 -0.07330744627524848
30 259 -0.4791604750548045
30 262 1.5968395546042227
30 265 -0.6315200443443639
30 268 0.34041676424936024
30 235 1.2829412136880745
30 238 -0.14198326722181992
31 32 -0.26375490007336494
31 34 -1.6820951991088056
31 181 0.23091006059028202
31 184 -1.4551518035224915
31 187 0.6494133911689418
31 190 0.2689929966536549
31 193 2.660915727647877
31 196 0.9793356794281883
31 163 0.23910023490598642
31 166 -1.1555885815217752
31 169 0.151606006495902
31 172 -0.6248630170666394
31 175 -0.026479498132983295
31 178 -0.046950511916353944
32 33 0.8120335544237168
32 35 -0.4784372179028736
32 217 -1.1600020235628055
32 220 -0.32664293766863833
32 223 -0.14836703162385553
32 226 1.4923771026315777
32 229 -0.6712684002471231
32 232 -0.8718404628357245
32 199 -0.8133042859562747
32 202 0.12201867361837856
32 205 -1.5146477685021018
32 208 1.8666730567990155
32 211 1.93315632801763
32 214 0.5819278156643415
33 36 0.3045927043393481
33 253 0.005657422844958786
33 256 -0.2669335278897112
33 259 0.247043183513539
33 262 -1.2045835263839157
33 265 -0.7621746148211144
33 268 0.9671617598525021
33 235 1.027144926056073
33 238 -1.0492193814725523
33 241 1.0630081142627816
33 244 0.19843623802941332
33 247 -0.4979171871953248
33 250 -0.9571838865008357
34 35 -0.07023587271120567
34 181 -1.3242030325813379
34 184 -0.49703064235995437
34 187 2.2811646630683193
34 190 -0.9482086644797216
34 193 -1.0711501513645758
34 196 0.9097084836173583
34 163 -0.26341812872514425
34 166 0.29788966449020243
34 169 -0.2816245371041439
34 172 -0.3131461680153193
34 175 0.5401848064001218
34 178 -0.9501749893417973
35 36 -0.17636739557639985
35 217 -0.6736717877693227
35 220 0.9547360624999787
35 223 -0.5206389754598143
35 226 -0.9757077264542998
35 229 1.1709523185636768
35 232 1.0332896301901562
35 199 1.3163718787916594
35 202 0.9008876788009411
35 205 0.7524688508092874
35 208 -2.1269740952532423
35 211 -1.2777158565848858
35 214 -0.9309822288924774
36 253 0.4986315943938278
36 256 1.1844005955559012
36 259 0.5625692778119162
36 262 -0.8995986194829029
36 265 1.4121190962297
36 268 0.3785392827611938
36 235 0.6702073163493215
36 238 -1.0862912285141755
36 241 0.6544488111216995
36 244 0.5444490582447401
36 247 0.9739434664559999
36 250 -0.10276866062852295
37 38 1.0484327471275168
37 40 -2.2544204071708775
37 181 -0.44463166111375363
37 184 -0.3751920724918952
37 151 -0.24405823029690638
37 154 -1.0700393902821592
37 157 -0.6963511529784205
37 160 -0.12214230693174066
37 163 1.2059851115556857
37 166 0.8970916276647367
37 169 1.4139642645461783
37 172 -0.0717374431128041
37 175 -0.4158230563213647
37 178 -1.946827094294416
38 39 -2.254037142297358
38 41 -0.23328973111982296
38 217 0.6194619455794762
38 220 -0.1415320185114509
38 187 1.1195058207147806
38 190 0.2831515206767794
38 193 -1.9860374771426723
38 196 0.6388019776776543
38 199 -1.4815870853468511
38 202 0.39268125973274787
38 205 -0.4897233841927952
38 208 1.1282598616193338
38 211 0.923500135517734
38 214 -0.11579343383154106
39 42 -0.4704422021564592
39 253 0.8606264421922093
39 256 0.0083617482875959
39 223 -1.0755141736144145
39 226 2.3160975396610004
39 229 0.7048929861900984
39 232 -0.48682203171269683
39 235 -0.24405589845175826
39 238 0.6799773447609468
39 241 2.2752500595903404
39 244 0.2943313577154729
39 247 -0.2914620642366157
39 250 0.8896784014885951
40 41 -1.648181872678581
40 181 0.223787850623623
40 184 0.7821080704820719
40 151 -1.0415851357295696
40 154 0.1266095618179927
40 157 0.0542708210900348
40 160 2.048804727326964
40 163 -1.8599624035078397
40 166 -0.6472924936598978
40 169 -2.34157953898251
40 172 0.2923567010757632
40 175 0.9323496480265743
40 178 0.38695263306561806
41 42 0.38545489441665487
41 217 0.5202556463858867
41 220 1.1538015324357602
41 187 1.8127779327750013
41 190 -1.8410885903661673
41 193 1.7128396423906365
41 196 0.4984472667496305
41 199 -1.7436608891707315
41 202 0.7667334144723968
41 205 1.2009527154231114
41 208 0.4749480428003987
41 211 -1.9830941144978351
41 214 1.877754660224207
42 253 -0.5103249447457846
42 256 1.0139872974328554
42 223 0.13625349746995108
42 226 0.5675358179515773
42 229 0.14830675462815776
42 232 -1.2534566102939757
42 235 1.6513764696397872
42 238 0.9152982781434493
42 241 0.16390278530784924
42 244 -1.088933519903408
42 247 -1.7398900674284925
42 250 -0.15720672626560633
43 44 -1.2839025471172907
43 46 0.0360496172477884
43 181 -0.6236328560959996
43 184 0.04557812517344291
43 151 -0.7580311783859149
43 154 1.9398910568250223
43 158 0.18402829825384284
43 161 0.6669058319528955
43 164 -0.7780173741384532
43 167 0.04727534474429832
43 169 0.6781528982354794
43 172 1.0935626811725097
43 175 -0.997801413855579
43 178 0.7823663019798355
44 45 -0.29976729989040296
44 47 0.042724239909932744
44 217 -1.0955083041864997
44 220 -0.014221908256713659
44 187 -0.768049901671913
44 190 -0.4495062674782234
44 194 -0.930733860873456
44 197 -1.976946352591586
44 200 0.42863967787357954
44 203 -0.9797570660849796
44 205 -1.2611779316817964
44 208 -1.091891306364698
44 211 -1.3360787253477113
44 214 0.9513352298404512
45 48 -0.2947821717292812
45 253 -0.49677320340010633
45 256 -0.11262063370924948
45 223 0.3235772798944357
45 226 0.3277270984865837
45 230 0.27889225194936995
45 233 -0.5235391620769413
45 236 1.2615758679437834
45 239 2.071340532341807
45 241 -0.06259409283841971
45 244 0.4829092669330865
45 247 1.4599402454097488
45 250 1.3810190597373349
46 47 -1.3803199783354159
46 181 0.42108216664261433
46 184 0.05245961614869225
46 151 1.2861488837001616
46 154 0.3750161928619368
46 158 0.30308816431957114
46 161 -0.29753341221666546
46 164 0.730805855130162
46 167 0.17323932593605
46 169 -0.7757933979031123
46 172 -0.48001822479742123
46 175 -0.6902608822066676
46 178 0.34641757183424465
47 48 0.2930407303496013
47 217 -1.925251044195766
47 220 -1.347754441858266
47 187 -0.5817405945916774
47 190 0.67802131083592
47 194 0.47725525965444554
47 197 -0.5769341687438393
47 200 -0.8618977509695883
47 203 -0.6825580093764787
47 205 -1.4140174125625022
47 208 0.1817029323992202
47 211 -0.32594367064142593
47 214 -0.6397024378255366
48 253 -0.9407307628068841
48 256 0.6029450730403515
48 223 0.29697460654231334
48 226 1.6345987521979608
48 230 0.16444581464399322
48 233 -0.5624801533929162
48 236 -0.0017555787706920363
48 239 -0.34754643446026806
48 241 -1.5060894873257502
48 244 -1.112620197373735
48 247 -1.3985152191494692
48 250 1.28754236740252
49 50 0.09502421551173836
49 52 1.2498945328714834
49 181 0.2834728842107644
49 184 1.6443648652309748
49 187 0.3896190069626179
49 190 0.8136651175765617
49 194 -0.9422074524536035
49 197 0.7727617965513472
49 200 0.7492065222234309
49 203 0.5640265421813845
49 205 -2.2193388946535397
49 208 -2.0979896308618464
49 175 -0.8730104244195702
49 178 -0.582419561062475
50 51 0.3381564433969779
50 53 -0.08096129100289716
50 217 -0.5442905530066032
50 220 0.05880912890076096
50 223 0.7203258869020982
50 226 1.6988088755676698
50 230 0.7471621708134606
50 233 -0.3442684402711193
50 236 -0.19125003799219084
50 239 -0.7994670557522443
50 241 -0.4997368973241183
50 244 -0.5174348304869308
50 211 -0.6942061882667475
50 214 1.2629176400684412
51 54 0.6613908242800902
51 253 -1.4396622951173792
51 256 -0.2469296514371607
51 259 -0.1617966778190046
51 262 1.1246095464563877
51 266 -2.249969964073131
51 269 0.2890152480083335
51 272 0.7857907893876516
51 275 0.11171827648481414
51 277 0.8156065780946328
51 280 -2.471289938983195
51 247 0.2758827104974469
51 250 -1.104421470289142
52 53 -0.46263335329208666
52 181 0.22395327464817433
52 184 -2.0040013414141686
52 187 1.2712598324022801
52 190 1.10425885214495
52 194 0.7618216751768647
52 197 0.5000666555565696
52 200 0.023372423461806464
52 203 0.5577895067110032
52 205 -0.8294168508717039
52 208 0.4336434485581905
52 175 -1.8513443255693418
52 178 -0.12018050551488713
53 54 -0.4366720823751327
53 217 -0.43318238982348733
53 220 1.5464463768805596
53 223 0.8809773839591286
53 226 0.5030939550929615
53 230 0.49096933095047385
53 233 -0.10357901904443177
53 236 -0.4607367461915477
53 239 0.22161935108925962
53 241 0.15617424320039586
53 244 0.49541606705343066
53 211 0.5561918716840962
53 214 0.012240160549206881
54 253 -0.09726044256673157
54 256 0.8656600425565326
54 259 0.343598663498272
54 262 -1.9884254297397834
54 266 -2.8966348263060984
54 269 0.15508978129701206
54 272 -0.551208178155353
54 275 -3.4935636102337444
54 277 -0.30818541958242496
54 280 -0.2279307767761425
54 247 -1.2575502572789505
54 250 -0.38962437353883633
55 56 0.5763095988570545
55 58 0.7143841033263558
55 182 -0.6835709857566683
55 185 0.7997804210295634
55 188 0.507739188278289
55 191 -1.9439375444411562
55 194 -0.8825605125942564
55 197 -1.4443249273592704
55 200 -1.177016579932837
55 203 1.1527440756408045
55 205 -1.0622550476789974
55 208 -0.5623352223551936
55 175 -1.7562162093206382
55 178 0.5630335802297411
56 57 0.8085384870383343
56 59 -1.6334929995620613
56 218 1.4771756049920854
56 221 0.803812934254358
56 224 2.0883776699943857
56 227 0.3344437572488641
56 230 -0.8463733413100247
56 233 0.006945398945376891
56 236 -0.18250154033619861
56 239 2.660189314933045
56 241 -1.5908705336144002
56 244 0.5576884515519952
56 211 -1.7958934599105907
56 214 0.042166218822889456
57 60 0.6188511974843681
57 254 -0.8490092180356278
57 257 -1.3440361566358416
57 260 0.8420517881265542
57 263 -0.5298965841486672
57 266 0.14561576353146685
57 269 -0.8725767080924989
57 272 -1.7293246910816917
57 275 -1.4225240972103466
57 277 -1.966229297146788
57 280 -1.0129025553966389
57 247 -1.3761439597907719
57 250 0.6318021757584744
58 59 -0.8022983055283509
58 182 -0.14375387292702776
58 185 -0.4810956088180271
58 188 -1.2830322504195542
58 191 -2.7456779027299407
58 194 -0.699672949098836
58 197 1.3811972026388653
58 200 -0.1453331722151663
58 203 0.9124875960613151
58 205 -0.009050132320583512
58 208 -2.580279532561389
58 175 -0.534963611692589
58 178 1.7946785619071304
59 60 -0.5934164153573203
59 218 0.008140840188219846
59 221 -1.0295507565828663
59 224 0.8453722076335657
59 227 -0.1564819977337429
59 230 -0.33188558818247577
59 233 0.8770766268985991
59 236 -1.7014885992295787
59 239 1.6433555220631495
59 241 0.9912778206929094
59 244 1.1048391488213818
59 211 1.8965458479362725
59 214 0.4618664592706678
60 254 -0.9759213399929086
60 257 0.08863290583626524
60 260 1.3696471141839186
60 263 0.3232272525058017
60 266 -0.45238103434573546
60 269 -0.7225906068310229
60 272 2.4095182719451254
60 275 -0.47996569267499795
60 277 -0.3222338067643523
60 280 -0.779195712116547
60 247 -1.2612427487197013
60 250 -0.3706155805871091
61 62 0.6616726071488586
61 64 -0.7486121707332589
61 182 0.38339444220696095
61 185 -2.3004860981476956
61 188 -0.394409296783073
61 191 0.17266253820265787
61 194 -0.9548114791797835
61 197 1.3861979028212768
61 164 -0.23278523279507127
61 167 1.3601895175324386
61 169 -1.201784530369761
61 172 -1.623096058387431
61 175 0.3388476805986676
61 178 0.6720383219259974
62 63 1.153945542633153
62 65 -1.451831111234887
62 218 0.7709712797986753
62 221 -0.1887595793941778
62 224 -1.935675464913839
62 227 0.5785916812211045
62 230 -1.6002773626085334
62 233 0.5011155369009195
62 200 -1.003471747858444
62 203 1.251296879994334
62 205 -0.40657123166452763
62 208 0.79831867423613
62 211 -0.06917710455264199
62 214 -1.3369599546402624
63 66 0.2994918010747355
63 254 -0.10612737844047948
63 257 0.18693179197471366
63 260 -0.8232735448366849
63 263 0.19567267396899019
63 266 0.3495941552479449
63 269 0.05167262447916087
63 236 1.0652865050525722
63 239 -0.21753537549929167
63 241 -1.1491878757399394
63 244 -1.308074498456984
63 247 0.02354834564762256
63 250 1.0251676666502596
64 65 0.2594846811676955
64 182 0.008582955411010482
64 185 -0.08094806016361676
64 188 -0.4971894269067595
64 191 -0.20123363623680787
64 194 -0.34989925480486733
64 197 -0.807340995438763
64 164 0.5044261723694653
64 167 -0.6307868559626754
64 169 1.573944597954902
64 172 -0.52704184905284
64 175 -0.5031100948769955
64 178 1.6688014899808858
65 66 0.5615047335620719
65 218 1.1914174145309064
65 221 1.0882889957108144
65 224 1.2711495209439847
65 227 1.1170482945365798
65 230 -0.7254503464127462
65 233 -0.7905196087800748
65 200 -0.7888032109993365
65 203 -1.3565059903478935
65 205 0.0767175307617767
65 208 0.6316078941933604
65 211 0.17135995702684947
65 214 1.4429492073306511
66 254 -1.1947433858041585
66 257 1.3781334496554725
66 260 -0.5720879639835447
66 263 -1.3146994592153443
66 266 -0.7974226483059417
66 269 -0.9276517338761486
66 236 -0.35183399703422813
66 239 0.23086736141669945
66 241 1.7503577101958878
66 244 0.32483944452861196
66 247 1.6444184860581599
66 250 1.296827334084065
67 68 -1.0733722268420194
67 70 -0.9089227769006692
67 182 0.2447712808395829
67 185 0.4600845682910372
67 188 -1.5782289323587455
67 191 0.2885015857759869
67 194 1.1979024318097957
67 197 -0.5155548319758559
67 164 -0.6419446715910104
67 167 -0.8347530841136801
67 170 0.759240351868568
67 173 -0.004192193829413523
67 176 -1.462746001287014
67 179 -0.13463840793434353
68 69 -0.9935203323252263
68 71 -0.6986247151648614
68 218 -1.5379974578741598
68 221 -0.6527786007420351
68 224 0.29358738742061846
68 227 0.15487990620808487
68 230 0.3313022027235496
68 233 0.7845040926165744
68 200 1.3178154188992346
68 203 -1.4693391442676862
68 206 0.24658865164279084
68 209 -0.3785476077235421
68 212 -1.4850113386257202
68 215 -1.3788428380709103
69 72 1.7380263231237192
69 254 1.3568579699422398
69 257 -1.217524761959908
69 260 -0.17732243374101372
69 263 0.8370382421782491
69 266 0.5505414898600461
69 269 -1.8546667301868114
69 236 -2.011100429304804
69 239 1.0217617792528464
69 242 -1.428860364397308
69 245 -1.1293583359627173
69 248 -0.5012448564345674
69 251 0.6103167876455118
70 71 0.2767241903413994
70 182 1.349587134895147
70 185 -1.6672514885510088
70 188 -0.8321410235858226
70 191 -0.9272304111101389
70 194 -0.5551300912930794
70 197 1.268894676202024
70 164 0.06142891480214414
70 167 -1.7329758978980603
70 170 -0.02706942165707247
70 173 -0.1809451277708657
70 176 0.25606290055235675
70 179 0.571067036173791
71 72 -0.23366377131667063
71 218 -0.2727536791376106
71 221 0.12644635308185156
71 224 -0.822700594704728
71 227 0.9492906961849433
71 230 -0.14288847215560974
71 233 2.298298659511309
71 200 -0.5823058957154206
71 203 -0.7458759908574721
71 206 -1.510950893208025
71 209 0.04605718187952429
71 212 -0.29302891475962545
71 215 1.9873352661562027
72 254 -0.37264877289347503
72 257 0.8325021331270656
72 260 1.329178293277752
72 263 -0.32909940565634527
72 266 0.8213751300727176
72 269 0.21104409071248945
72 236 -0.10835056021090318
72 239 0.33402001784783747
72 242 0.3759895831487965
72 245 0.5487224476015943
72 248 0.7258772994269926
72 251 0.0884974117423243
73 74 0.5646097544557065
73 76 -1.0312388880928358
73 182 -0.22822731760495035
73 185 -0.19680099626415265
73 152 0.12657454219128952
73 155 0.10972654420790266
73 158 -0.3443436078002514
73 161 0.11277710511719269
73 164 0.9622420454928889
73 167 2.0132368027201446
73 170 0.3913696157787696
73 173 -1.0719832392063764
73 176 -0.6122187492904416
73 179 1.013878835526766
74 75 1.1614994377183443
74 77 0.6925173726954105
74 218 -0.8632450446381312
74 221 0.7621306664948397
74 188 -0.4687278537337742
74 191 0.7039576574103967
74 194 -2.400692999010143
74 197 -0.753172037698553
74 200 -1.8188268990752738
74 203 -0.9940467363464285
74 206 0.7535065585107619
74 209 -0.8484758488606665
74 212 1.11488839275699
74 215 -0.5577814033004745
75 78 -0.6297632084521451
75 254 -2.087025675824119
75 257 0.157848922635526
75 224 -1.199648236853646
75 227 2.1543198162717654
75 230 -0.2239285942237839
75 233 -0.2616044904444052
75 236 0.17940560002470599
75 239 0.5561958189506641
75 242 0.46431779904465353
75 245 2.0061672543639624
75 248 1.0240189614156385
75 251 -1.0831036658708708
76 77 -1.0408203669263754
76 182 -0.9393142557465209
76 185 -1.146522766719807
76 152 -0.8305713882431748
76 155 0.520756817410137
76 158 -0.9400132282496275
76 161 0.022627679153121066
76 164 -0.06955288497656584
76 167 1.2806960386037285
76 170 -0.5246055449321848
76 173 0.4487560536891098
76 176 -1.6929857563601827
76 179 0.35355727365856543
77 78 0.2268549775564881
77 218 1.788329279287954
77 221 -0.10673732036287542
77 188 -1.0958636477834756
77 191 0.6629568727002167
77 194 -0.6764732607490573
77 197 0.5234098585015351
77 200 0.07157814034144541
77 203 0.7325667418134681
77 206 0.9399204992973312
77 209 0.4720341802198654
77 212 1.1002724417403595
77 215 0.43998467518072576
78 254 -1.6263745703562966
78 257 -0.24267361078352026
78 224 -0.7061874124969011
78 227 0.15385453425639073
78 230 -0.6611403267528403
78 233 -0.004610450364692293
78 236 -0.04225293206715359
78 239 0.1458065200358927
78 242 -1.2034222161933084
78 245 -0.42534215627316385
78 248 -0.8632172247912528
78 251 -1.0317352405638622
79 80 0.16979938679830092
79 82 1.3162051303356537
79 182 0.7251332940356902
79 185 -0.04299301658977323
79 152 -0.3205021118902873
79 155 1.2917883209216223
79 159 0.7997857351458366
79 162 -0.6456292861884909
79 165 -0.1732201858387298
79 168 -1.6422883436140328
79 170 -1.5579353153025597
79 173 0.6604174966360857
79 176 0.6635355139280849
79 179 0.8942628251153036
80 81 -0.020397956627537826
80 83 -0.7257974205613196
80 218 -2.869052456760749
80 221 0.3181583354142954
80 188 0.42796043445273785
80 191 0.03177330201578937
80 195 -1.545169009229549
80 198 0.969678690418001
80 201 -0.2691963251327702
80 204 0.8308926955664478
80 206 -0.5322546162761769
80 209 -1.2166944058449338
80 212 0.04201069766215276
80 215 0.373430900711726
81 84 0.5417915009797906
81 254 -0.08976870757584818
81 257 0.46704494786389944
81 224 0.07165784526824011
81 227 -0.5308469605368229
81 231 -0.03571134578077277
81 234 -0.9310535692756025
81 237 -1.9168846299134743
81 240 0.4567017692570178
81 242 0.22883485853801958
81 245 -0.1905581420425842
81 248 -0.6293118673020612
81 251 0.3025776971547638
82 83 -1.0206908034050926
82 182 1.2576772962860374
82 185 0.0982247395995174
82 152 -0.703207836452252
82 155 -0.7468860838104523
82 159 -1.1733995725116373
82 162 -0.7205731939388984
82 165 0.28039235927341105
82 168 -1.0677749271119001
82 170 -0.8577028609770444
82 173 0.3705654084552002
82 176 -0.9292445228692071
82 179 2.0506191297057836
83 84 0.4792084569313356
83 218 -0.1271842053356977
83 221 -0.348501574315004
83 188 -0.6358520319141405
83 191 -0.9958400294474741
83 195 -3.0310039424134794
83 198 0.4492102941252325
83 201 -0.0815799615615711
83 204 0.29406094712448844
83 206 1.0291671941383638
83 209 -1.1443619072266054
83 212 -0.09333416985787839
83 215 1.7312455218054081
84 254 0.46784847952066805
84 257 -0.4117042906120011
84 224 0.6776013863397924
84 227 0.010173359262403465
84 231 -1.6496390336563573
84 234 -0.30912348425160946
84 237 0.9538333318819555
84 240 0.008978927499172108
84 242 0.40130569454856996
84 245 0.866958225306032
84 248 -0.9836506834495435
84 251 -0.5837083893942939
85 86 0.9294851750971819
85 88 -1.4856757866799535
85 182 -0.9080166013003934
85 185 2.1526170740691444
85 188 1.3686811853385124
85 191 -0.048083928511680356
85 195 -0.4346854504741082
85 198 0.34970877951158497
85 201 0.8942978549706415
85 204 1.9244395169539519
85 206 -0.6823663247400673
85 209 1.1805449373709245
85 176 0.9799131262258419
85 179 -1.8490290634634956
86 87 0.15402784916262308
86 89 -0.5305996725582721
86 218 0.0565860999823352
86 221 -0.7571229871753531
86 224 -1.793589592822444
86 227 -0.8147204845597662
86 231 -1.0165889564324875
86 234 -0.4450352470427253
86 237 -1.3172362423990955
86 240 -0.6051750576042433
86 242 0.31121149095260175
86 245 -0.0281319104772685
86 212 -1.7293303005603196
86 215 -0.41687859174796893
87 90 1.1072019262443242
87 254 -0.24035787368989917
87 257 0.3676058460109471
87 260 0.0064169882159511235
87 263 -0.45190305714395784
87 267 -1.1027351005995278
87 270 -1.7364437660466137
87 273 -0.49184292727568385
87 276 -0.5814400802373132
87 278 -0.45071494685466224
87 281 -0.7784236361498237
87 248 -0.6143973876705399
87 251 -0.13003506274472185
88 89 -0.6935854985952167
88 182 -0.30658958184487556
88 185 -1.3297676575646449
88 188 -0.6753117043525564
88 191 -0.6887308439627425
88 195 0.03455791308150687
88 198 -1.2343587137235221
88 201 -1.9846022099661138
88 204 -0.7848260150379112
88 206 0.19950196082279656
88 209 1.1016303669836924
88 176 -2.298110023873308
88 179 0.956260910876955
89 90 0.52381572755904
89 218 1.531542150293163
89 221 -0.6041735828595723
89 224 -0.21900190685020374
89 227 -0.08699825904369655
89 231 -0.2103201269009583
89 234 -2.2809112453761844
89 237 0.8825747245035022
89 240 0.2733512409075923
89 242 -1.0504754129965463
89 245 -1.7197103284830964
89 212 0.10158169178282639
89 215 0.127063766118843
90 254 -1.5609430354753442
90 257 -0.5502053322406001
90 260 1.3888231830266144
90 263 0.8514876449905359
90 267 1.8530420344395815
90 270 1.0687153495988573
90 273 1.412515234984113
90 276 -0.48181857047190796
90 278 0.1774466633298907
90 281 0.2630694996457252
90 248 -0.3962623030861274
90 251 -0.5418958120268922
91 92 -0.4556202798349432
91 94 0.4410857651177012
91 183 0.4993798117763994
91 186 -0.7236975798344948
91 189 1.3908251821526085
91 192 -0.02258980044598689
91 195 -0.5385267314492926
91 198 1.4021178311627038
91 201 -1.096880109580833
91 204 0.5438156172419835
91 206 -1.0990350745065958
91 209 -0.13205269360926214
91 176 0.2258633803476856
91 179 0.8587391424949208
92 93 -0.31011021481840567
92 95 1.2371652496616565
92 219 -2.3099206074682272
92 222 -0.948186353277969
92 225 0.1393905431107978
92 228 -0.12018045855798902
92 231 1.5096874279793666
92 234 -0.8092212419005084
92 237 -1.2588110817619336
92 240 -1.159505072929331
92 242 -0.8909619813407659
92 245 -2.751226311712649
92 212 -1.154466740736107
92 215 -1.7859020459785753
93 96 -0.7072421669133779
93 255 0.4387927120497859
93 258 -0.307411369902656
93 261 0.8634783722057594
93 264 0.9819940161034212
93 267 0.1525880691378851
93 270 0.7241338814619228
93 273 -0.2941324306509702
93 276 -1.1336531088620845
93 278 -0.32150430988595663
93 281 0.8249302829027155
93 248 -0.704111098014238
93 251 -0.4868030692476635
94 95 -0.4484084493751509
94 183 1.3316213128542107
94 186 -0.3602009079838965
94 189 -0.5605464815037711
94 192 -0.2660207230199777
94 195 -0.258024524808999
94 198 -0.13023117059139236
94 201 1.225325942371435
94 204 -0.7665516072004119
94 206 0.4539254003505178
94 209 -0.5490090432186309
94 176 1.0173313311472783
94 179 1.2582344745696101
95 96 0.018411948908678966
95 219 0.04178553527985835
95 222 -1.309754145891044
95 225 -1.776612274341579
95 228 -1.3393098402626509
95 231 0.9654239380477324
95 234 -0.4283963596148024
95 237 0.8431616406791963
95 240 0.07539942707290602
95 242 -0.04943054169058874
95 245 -0.4641104739400104
95 212 -0.5099783937931287
95 215 0.6535683545534687
96 255 -0.20794917520336054
96 258 0.42381440182913865
96 261 0.6805814263081836
96 264 2.9997555962238267
96 267 -0.8415997358897843
96 270 -0.024344902926434785
96 273 1.138336130302875
96 276 -0.9029787308302804
96 278 1.2916569235735922
96 281 0.23065295580932657
96 248 -0.987586943685479
96 251 -1.3233313382455518
97 98 0.11805227612993928
97 100 0.3095842824670093
97 183 0.06412430068484215
97 186 -1.9386547928122209
97 189 2.6701468004831175
97 192 0.12814295044297497
97 195 -0.1722192575120461
97 198 -0.6171071184558913
97 165 0.5859850078956457
97 168 0.8948592051499035
97 170 -1.6101289567575163
97 173 -0.4670345280733305
97 176 -1.1981425732249658
97 179 -0.7641494827989338
98 99 -0.7361229119063134
98 101 2.42775828807502
98 219 -0.13414476216720395
98 222 -1.957740839274476
98 225 0.6237570969906856
98 228 -0.8078547045420836
98 231 0.3493894754003816
98 234 1.7144935941318178
98 201 1.4888378704492005
98 204 -0.5978984557433837
98 206 -2.202483155526472
98 209 0.5068162733237497
98 212 1.0458674463506963
98 215 1.458722372850009
99 102 0.016042240985776696
99 255 1.9183795010993276
99 258 -0.38108719695398846
99 261 1.1116122572816427
99 264 0.4218994885204794
99 267 -1.2491332840923433
99 270 1.3129342121611085
99 237 -0.6367809800099782
99 240 -0.4328585672250872
99 242 0.9858454160657012
99 245 0.5183695349495778
99 248 1.618440320707504
99 251 -1.531887360824461
100 101 -1.2939596522395682
100 183 1.5646879823573647
100 186 -1.61818556997464
100 189 0.13547744708260412
100 192 1.1497184305478338
100 195 0.4809450061158695
100 198 -0.39747769721945647
100 165 0.3440538395505365
100 168 -1.6613160296459575
100 170 -0.25913016031243197
100 173 1.4779486252261367
100 176 -0.23051866333789273
100 179 0.6984110681445432
101 102 -0.2092326754238841
101 219 -0.1457333319870638
101 222 0.7810705524947751
101 225 0.48277669445562454
101 228 -0.012925567845325921
101 231 0.6407369273999858
101 234 0.37465055292538724
101 201 -0.5522184900794364
101 204 0.38174645561379944
101 206 -0.7510829540899919
101 209 0.9215849798876282
101 212 0.5861177547224227
101 215 -0.388900595460529
102 255 -1.0855735876366648
102 258 -0.3946203634276591
102 261 -0.7048002779192232
102 264 -2.653823295095859
102 267 0.5373758933246058
102 270 1.5570318897628177
102 237 0.15186891956736448
102 240 0.5027556327440792
102 242 0.27307432344679916
102 245 -1.343162429979813
102 248 -1.3076044426776523
102 251 -3.0731477560785807
103 104 1.4279811900063868
103 106 0.0554428331482303
103 183 -0.28671075574215077
103 186 -0.49870890882803826
103 189 -0.6400789314601244
103 192 -1.3859521869857891
103 195 -0.9249263991560724
103 198 -0.010760832123951338
103 165 0.07531702454324485
103 168 0.09860883254298668
103 171 -1.9109532930664288
103 174 1.1658119373881848
103 177 -0.22858315294623596
103 180 -1.0776114839612743
104 105 -0.7124357435992038
104 107 -1.430531266963254
104 219 0.0754717278545676
104 222 -0.17183837718843
104 225 0.7319284881777849
104 228 -0.5637003761486127
104 231 1.1151547716277106
104 234 -0.6714684727767402
104 201 1.7333283580750645
104 204 -0.6989049131216158
104 207 -0.20777902315046148
104 210 -1.0642397616296875
104 213 0.05003001564754687
104 216 -2.653465172730107
105 108 0.4829137481193876
105 255 0.27322228824880723
105 258 1.5271841738644907
105 261 -0.8661542868100588
105 264 -0.1730193105506231
105 267 1.1906687251573458
105 270 -0.0451045151796212
105 237 2.5145708329573107
105 240 0.4507795218454968
105 243 0.7529833364559855
105 246 -0.9706137792895029
105 249 -0.33216444043140325
105 252 0.3296986189837886
106 107 -0.5840003399581434
106 183 0.538611493761372
106 186 0.5994474714847858
106 189 -1.6293503833038074
106 192 -1.677732495890009
106 195 -1.8732697883183684
106 198 0.38120957735000793
106 165 -0.13465554900002275
106 168 0.9646771539155522
106 171 0.8778240922758619
106 174 -1.2017120884978973
106 177 -0.5452623316762133
106 180 -0.41611842728594417
107 108 -1.340814288472069
107 219 -0.7487957622859719
107 222 -0.850157436093831
107 225 -0.9371099347960271
107 228 0.02446028533172824
107 231 -0.9417961712870379
107 234 0.7296405547819949
107 201 -0.15649732369911215
107 204 0.11937351579544579
107 207 0.5165335168975629
107 210 0.7034816240521649
107 213 0.45591908788340474
107 216 -0.5503345153007095
108 255 0.6375287534098456
108 258 -0.7521267934490422
108 261 -1.7292649803927453
108 264 0.7460507405306658
108 267 -0.59745809616752
108 270 -0.6740411061603871
108 237 0.23824313566593983
108 240 0.20797611497994076
108 243 1.1595430013068384
108 246 0.391760383791574
108 249 0.05512594624164212
108 252 0.9267220833759888
109 110 -1.8313761863087865
109 112 -0.0035376546315613634
109 183 -0.038668172440094725
109 186 0.5659889583769568
109 153 2.752133510787702
109 156 -2.2776754313523293
109 159 1.2419762660248228
109 162 -0.6789071945308206
109 165 1.4991698455192193
109 168 0.6422242814171155
109 171 -0.01922956800096231
109 174 1.2083032392863147
109 177 -0.0077241962704890305
109 180 0.904980044152489
110 111 -0.40720236289300965
110 113 0.7658355372032204
110 219 -0.05783865693576119
110 222 -0.7735751508887924
110 189 1.1984179078474404
110 192 0.09353562721233522
110 195 0.44602583605130663
110 198 0.2882001510526664
110 201 -1.6966999906519384
110 204 -0.2978905686554632
110 207 0.03878680407699937
110 210 -0.6914350738428341
110 213 -1.2180999262744923
110 216 -0.3413276009419874
111 114 -0.4599209182531051
111 255 0.8481551130532111
111 258 0.9557056597961754
111 225 -0.7421121721686794
111 228 0.08043281508140268
111 231 -0.4696139886890253
111 234 -0.9752043527631534
111 237 -0.07802262442926904
111 240 0.2677476542151301
111 243 -1.1166518241657517
111 246 -0.3302751965536341
111 249 1.7284958485551016
111 252 2.1301747136804265
112 113 0.9196757644511623
112 183 1.075164751050871
112 186 1.1157046904275545
112 153 1.0036820820466674
112 156 0.11933805408461
112 159 0.7072362281322957
112 162 -0.3846750182733389
112 165 -0.3712876225007908
112 168 -1.2855465443045648
112 171 0.3784476755935384
112 174 -1.2658204175831438
112 177 -0.5314563399014239
112 180 -0.849377156307768
113 114 0.6471061902358457
113 219 0.0359102106735405
113 222 -0.5110129358625274
113 189 0.38627723024719224
113 192 -0.5317585901881057
113 195 0.20558999194487043
113 198 -0.14793292608045733
113 201 -0.6491375846628975
113 204 -0.6314402989130905
113 207 -0.9636993212641065
113 210 -0.6795962171739237
113 213 -1.6511266962447118
113 216 0.6590759678225192
114 255 1.038332869638986
114 258 -0.8208824380533661
114 225 1.40909375169705
114 228 -0.13125915660487353
114 231 -0.771714233071383
114 234 0.2974705864403522
114 237 0.3578947809558442
114 240 1.6018864473136922
114 243 -0.3934598674756961
114 246 -0.10958050724457452
114 249 1.513361351014971
114 252 1.5928840439265852
115 116 0.1060313932753832
115 118 0.3124362030812855
115 183 2.557687036959419
115 186 -0.8892164446750135
115 153 1.115778293871319
115 156 0.11228339098093405
115 171 -0.295548930004649
115 174 -0.2966618709812757
115 177 -0.34688293561110517
115 180 1.0726749523683448
116 117 -0.3236152212030877
116 119 0.11721960684158725
116 219 0.5475136542073413
116 222 1.923730811145014
116 189 -1.1380830303748142
116 192 -1.250018780763268
116 207 0.7916113722959309
116 210 1.0031221436141302
116 213 -1.7510236170420475
116 216 0.14084017643937188
117 120 1.2555781350095239
117 255 -0.3944924583094556
117 258 0.7497248002992462
117 225 -0.9535791768053048
117 228 -0.7462174631188351
117 243 -0.20435598669593324
117 246 1.4595534423099263
117 249 1.297773706306643
117 252 -0.5227563058623073
118 119 0.5844089105500563
118 183 -0.16315944502446636
118 186 -0.23741972836712288
118 153 -0.40103493906230714
118 156 0.5115675702208926
118 171 1.6947610296930808
118 174 0.6880487591250871
118 177 -0.5602902422491848
118 180 -1.3457617787478842
119 120 -0.18949470199319265
119 219 0.3031957676391375
119 222 -0.4513890551036251
119 189 0.6630862842256281
119 192 -1.6244737543677628
119 207 -0.6184833745344233
119 210 -1.1401284201670534
119 213 0.1535743153841746
119 216 0.49526524598924254
120 255 -2.9099682389099866
120 258 -3.002269927018167
120 225 0.07254681419600685
120 228 -0.4670809121946324
120 243 -0.007232981466133324
120 246 -0.8464616744198454
120 249 -1.672245059698078
120 252 0.39880687170590506
121 122 1.5716076021441199
121 124 0.7846392098589297
121 183 0.5470342756945068
121 186 0.4223640112607474
121 189 0.5856757410279759
121 192 1.5602352792677925
121 207 -0.7325018250750878
121 210 0.6415290960123289
121 177 0.5835543273257695
121 180 0.8639339145554532
122 123 -1.2495245523885623
122 125 -0.2631043210735179
122 219 -0.21858203896643574
122 222 2.1921152543119446
122 225 0.8181955382472752
122 228 1.1624201981554463
122 243 0.6812365587446628
122 246 1.8210128993118166
122 213 -0.8902841053242778
122 216 0.33351761640401173
123 126 0.928037464281686
123 255 1.0265082244848776
123 258 -1.049402853731126
123 261 -0.9523990986819441
123 264 -1.1644451667918887
123 279 0.010612458797008204
123 282 1.1709701373126515
123 249 0.5261965185286211
123 252 -0.17344543143451688
124 125 -0.9070201061786521
124 183 0.8867076080056275
124 186 -0.45132408714825023
124 189 -1.8781150015500554
124 192 -1.4199643323157065
124 207 -0.5011540505863114
124 210 -0.9286983762892345
124 177 0.39951413424599164
124 180 0.36036865338886875
125 126 0.7312593504776103
125 219 2.2314983495002685
125 222 -1.103584627066473
125 225 -0.1512471154161243
125 228 -0.3109736224580755
125 243 -0.13542193901575222
125 246 1.2078871416168573
125 213 -0.38703444880227167
125 216 0.37877494042718984
126 255 -0.5051968570424756
126 258 -0.22471604372031853
126 261 0.6878597222995929
126 264 0.3160547134611002
126 279 0.0978493685303411
126 282 -0.04470927344837889
126 249 -1.3834479053493582
126 252 -0.4074681983057557
127 128 0.20685702272602022
127 130 1.9442464742838352
127 207 -0.038705177532935585
127 210 -1.1403149104451893
127 177 -2.4169105649776665
127 180 -0.40554116502790555
128 129 -0.06530505442463683
128 131 0.5035583849584812
128 243 -1.5947080999009249
128 246 -0.3552747432092417
128 213 -0.7306476025186611
128 216 0.5745203951142743
129 132 0.36198608579191843
129 279 0.8996758165846676
129 282 0.9028353370993502
129 249 0.0478842693812662
129 252 -0.6888245637883907
130 131 0.6136937440925642
130 207 -1.0474398258594642
130 210 1.2286486164209085
130 177 0.8765174001897142
130 180 0.48398335215992283
131 132 -0.5241286143653253
131 243 -1.0340214511922199
131 246 1.3625497597326575
131 213 0.027566847139118403
131 216 1.3992945876828222
132 279 -1.9057117769448801
132 282 -0.596829030771835
132 249 -0.6017632280709735
132 252 1.086891285869668
133 134 0.5109681156399913
133 136 0.560482742661173
133 171 -0.284344753801204
133 174 -0.7850029892826994
133 177 -0.9796718925774738
133 180 -1.5131958897480964
134 135 2.363808023748428
134 137 -0.4990139675158459
134 207 -0.12489930193183546
134 210 -0.1830250126764369
134 213 -0.46928913509059655
134 216 0.7975402891216643
135 138 -0.8826235307449375
135 243 -0.12478748626348168
135 246 1.6655466533125185
135 249 0.40819876623477896
135 252 0.22257363489726617
136 137 -0.13765023889469796
136 171 1.0675044122492532
136 174 0.7766385075340522
136 177 0.800081036145427
136 180 1.5058585021329987
137 138 -2.322495412236367
137 207 1.236319546419264
137 210 -1.4206579397698913
137 213 0.5489379050963291
137 216 -0.9566853085084236
138 243 2.5504006173790343
138 246 0.15544901941705325
138 249 0.3193848709825096
138 252 -0.31599571598994786
139 140 -1.561239454833512
139 142 0.21265209542695662
140 141 -1.0130270589437784
140 143 -1.8976428456650771
141 144 -0.059242707351860296
142 143 1.281594541971831
143 144 -0.49615921977687655
145 146 -0.38967739501667137
145 148 -0.8306608097213629
146 147 -0.5170519423675769
146 149 0.2375346347884922
147 150 0.8318744514356149
148 149 -0.6590727052865961
149 150 -0.7745940458872594
151 152 0.2165058771124071
151 154 0.9826934942406791
152 153 0.9682839010337596
152 155 -0.554634794540183
153 156 -0.8641219907523089
154 155 -3.0680245214423034
155 156 0.807548175073745
157 158 0.17330506259701597
157 160 1.097694352743076
158 159 -0.02585377824422516
158 161 -0.42894256445634
159 162 0.46067368689629107
160 161 -0.3760670515047129
161 162 -0.41169484406751394
163 164 0.22789777563156643
163 166 -0.6855203907607554
164 165 0.8974266825820197
164 167 1.1612362764771031
165 168 0.9792980976855682
166 167 -1.4003544549380509
167 168 0.5294211156863559
169 170 -0.5937909436644756
169 172 0.14177689699471685
170 171 -0.4972852422253596
170 173 -1.4614424421582197
171 174 0.27817162643451593
172 173 -0.3445291149881919
173 174 0.33390378148531075
175 176 0.17805925656457344
175 178 -0.5773990941080943
176 177 0.06788598311825339
176 179 1.0231072068456077
177 180 -1.8947465071767169
178 179 0.4737228672437718
179 180 -0.7929440295735932
181 182 2.0137478100093453
181 184 -0.34000197210026145
182 183 -0.5857488900243957
182 185 -0.544342635293784
183 186 -0.6078248372997966
184 185 0.8941639292802591
185 186 -1.434500567497483
187 188 0.7874661952264759
187 190 0.8952503209845931
188 189 0.4511649082721859
188 191 1.0213476303000908
189 192 2.03507125778553
190 191 -0.7711173060154721
191 192 0.25958655523662166
193 194 -1.1541084734840257
193 196 0.6732285746234061
194 195 0.6785501194584526
194 197 0.14209275754926082
195 198 -0.23405033563460687
196 197 1.4141170845722295
197 198 -0.5798251410068778
199 200 0.3795719849710035
199 202 -0.7354168681183613
200 201 -0.4535904521597569
200 203 0.3944923277679827
201 204 2.8096316407346933
202 203 0.2420332185538076
203 204 0.629924846301239
205 206 1.1341283967934697
205 208 1.6143837498649625
206 207 1.6104322192439595
206 209 -1.6909933355056321
207 210 0.6623903040313424
208 209 -1.1498880874867403
209 210 0.08721172157629706
211 212 -0.02343590770840743
211 214 0.5299923647888425
212 213 -0.6659076393265004
212 215 0.7406123890904325
213 216 -1.272954311338702
214 215 -0.3995091264156014
215 216 -0.8052203373278073
217 218 0.42641833827307574
217 220 -0.41277151702540044
218 219 2.068035920066992
218 221 0.8739032033256774
219 222 -1.7219175684213566
220 221 -1.471313770352711
221 222 0.9249253434257002
223 224 -1.0689988741941858
223 226 0.3069563158725771
224 225 0.8571054197486057
224 227 0.9216665806083504
225 228 -1.6505810938841148
226 227 0.9485983731465946
227 228 -0.47629309389863855
229 230 -0.7361490772753241
229 232 -0.38553085597877146
230 231 -0.4901533137466583
230 233 -1.3027964466929667
231 234 0.7483331509798326
232 233 0.7884550238741822
233 234 -1.404358576511275
235 236 0.24858147122488766
235 238 1.2651308974113245
236 237 0.09832716362108467
236 239 -0.49071061839102953
237 240 0.8133157952065406
238 239 -1.3272970625700498
239 240 0.40685972106853585
241 242 2.063873623842687
241 244 0.8307088945497492
242 243 -0.5346466429750578
242 245 0.6134387560887984
243 246 -1.268287393562803
244 245 -1.2056242639265233
245 246 0.22345472317881618
247 248 0.05467480763704187
247 250 -0.5865256711544606
248 249 0.17734344601183724
248 251 2.725094560193957
249 252 0.4632142267520217
250 251 0.6620460310822888
251 252 -1.0619026690989308
253 254 0.25033220235568754
253 256 -0.3052263348168622
254 255 -0.43942729865277247
254 257 0.520009579176826
255 258 -0.5600842414736417
256 257 -0.3115775002574172
257 258 -0.727323686922305
259 260 -0.026013097220749175
259 262 0.7124709133117606
260 261 0.30202573863073606
260 263 0.42306099571848005
261 264 -0.16604373688472435
262 263 -1.8297263201116567
263 264 -0.18669931469350587
265 266 -0.6735108029573192
265 268 -0.3310297879968008
266 267 1.7971743832246985
266 269 -0.7097224043401856
267 270 -2.477999699595716
268 269 1.3427219899168514
269 270 0.5639681534258523
271 272 0.4311718866741343
271 274 -2.349580199586564
272 273 -2.2173264495461833
272 275 -0.18378071230785503
273 276 -0.8916585298151268
274 275 -0.5505469659949447
275 276 -0.12674522291638166
277 278 0.4521502518616622
277 280 -0.04380685572576812
278 279 0.27137028095368193
278 281 -0.2947651521031391
279 282 0.7094734442754284
280 281 2.96316172759652
281 282 0.16014256447878464
283 284 0.8477671269050562
283 286 1.6253002541402202
284 285 0.9116203714871814
284 287 -1.5808300302195646
285 288 -0.09487912828163188
286 287 -0.4657350700062228
287 288 1.2174913970230794
