# 
1 1 -0.2280906471602794
2 2 -0.005455518949685535
3 3 0.5947909638569673
4 4 -1.8962938512555978
5 5 0.3111089725122202
6 6 1.8709945193564474
7 7 -1.6728189313207125
8 8 -1.5543696789911594
9 9 -0.7913313431748686
10 10 1.0782272430596818
11 11 0.2782977178075883
12 12 -0.3482350919741045
13 13 -1.2323210857764222
14 14 -0.39715119238901586
15 15 -1.7036689032883907
16 16 -1.3885326468885903
17 17 -0.5793561533044447
18 18 -0.020067531420693653
19 19 0.4921282708553671
20 20 0.020228121910137297
21 21 0.8452547387515105
22 22 0.09026986282651665
23 23 -0.0915468016093359
24 24 0.5356618698168191
25 25 -0.1525914312768546
26 26 0.33041377794838356
27 27 -1.0175364028897274
28 28 -0.7784579340056618
29 29 1.4072315482501405
30 30 2.2558108817811107
31 31 -0.5884909472667376
32 32 0.38230123548243233
33 33 0.23437133928182444
34 34 0.14047216260748616
35 35 0.2818852665451027
36 36 0.5537969954441441
37 37 -0.13205907915157508
38 38 0.8004423808667724
39 39 -0.6518386018807065
40 40 0.8726144451444218
41 41 -0.9636837846280872
42 42 -0.06717702180217848
43 43 0.029178869377635988
44 44 -0.6075746182576556
45 45 -0.8401539211413651
46 46 0.6763602023733197
47 47 0.5426629836559397
48 48 -0.34301698633755673
49 49 -1.5454777026618425
50 50 -1.203468812016427
51 51 -1.0561932740104794
52 52 1.9320969697267185
53 53 -1.6693030577158021
54 54 -1.176735725138894
55 55 -0.5724165554967728
56 56 0.6592160499934705
57 57 0.06031644876467103
58 58 0.6848429818622941
59 59 0.9195732888062869
60 60 0.7579298774695347
61 61 -2.5694817360804585
62 62 -2.10894328360267
63 63 0.48366973148591663
64 64 -0.05785896547529565
65 65 -0.8396331656278548
66 66 -0.7303079972874111
67 67 0.17086784504667896
68 68 0.19984697209367847
69 69 0.7999462393461877
70 70 0.817892733413633
71 71 0.9048598056823283
72 72 -0.3790779400609669
73 73 1.4706052972280146
74 74 -0.8933985567322101
75 75 1.4568209857128012
76 76 -0.002869679784486914
77 77 0.8413027948593758
78 78 0.2820869882026344
79 79 1.000894319606479
80 80 0.6735903675734671
81 81 1.333002828603737
82 82 1.3890101082017292
83 83 -0.42624388207624986
84 84 -0.689185434454853
85 85 0.935411210160466
86 86 0.654898689078024
87 87 -0.6537496188177703
88 88 -0.014972667832822117
89 89 0.01999252561891747
90 90 0.41985884210386126
91 91 0.18359437513462198
92 92 -1.0251624699169142
93 93 -0.10597488802577537
94 94 1.4753435158709278
95 95 1.0213069089849243
96 96 -0.597608527391967
97 97 -0.16939314857301987
98 98 1.6640984714079448
99 99 2.027738289294034
100 100 -1.6208583803764736
101 101 0.6231336178970729
102 102 -1.4353906692573803
103 103 -0.24817408363810795
104 104 0.5483021120053725
105 105 0.0873894930902051
106 106 0.065451740043948
107 107 -1.2309508120835833
108 108 1.0485320221862051
109 109 0.32238693484020364
110 110 -0.3898966799373301
111 111 -1.2893336478654804
112 112 -0.18686240055921996
113 113 0.310243647896156
114 114 -0.020839506615851756
115 115 -0.09052947984624728
116 116 -0.8989157301090194
117 117 -0.9917812234120761
118 118 -0.5061959605110533
119 119 -0.2318727750572096
120 120 0.82074013013093
121 121 -0.4922968746769188
122 122 -0.82410009631959
123 123 0.07270146593242308
124 124 -0.7522755319410894
125 125 -1.622987643662599
126 126 0.60871212430231
127 127 1.6323361644769685
128 128 -0.22249523589754225
129 129 1.4725584575070187
130 130 -1.649232354460943
131 131 0.6522027944586279
132 132 -0.6451123640321624
133 133 0.09866929779646194
134 134 -0.8768264433699114
135 135 0.7974058170921062
136 136 0.564361385656916
137 137 2.692903030353615
138 138 0.7676395975918863
139 139 0.8893764510624097
140 140 0.5676091535495856
141 141 -0.456158134768286
142 142 0.2997231202756902
143 143 -0.23541709909055838
144 144 -1.203991014808944
145 145 -0.9526574705204892
146 146 -0.10819724836521108
147 147 0.4774279431091675
148 148 -0.44036241389115466
149 149 -0.058164256016274514
150 150 -0.9121237271102298
151 151 0.04662359866282731
152 152 1.0745978646490948
153 153 0.6686895840996213
154 154 -0.6076721303575859
155 155 0.20373744401936117
156 156 0.47962600565936425
157 157 -1.2026314311863324
158 158 0.6970953041186574
159 159 -0.08850892656124121
160 160 0.26133652399002605
161 161 1.0514383630710515
162 162 -0.7869723522983241
163 163 1.613511787620063
164 164 -0.5016035628731184
165 165 1.606915555593006
166 166 -0.02753924840249464
167 167 -1.5978804617902178
168 168 -1.3954459477663432
169 169 -0.4323006814777146
170 170 -0.10157823654796924
171 171 0.08762101397598723
172 172 0.23540898526265008
173 173 0.29036337255806305
174 174 -1.6749129465100976
175 175 -0.3639281838289357
176 176 -0.2918525026584335
177 177 -0.9070960163805206
178 178 -0.23771484298100054
179 179 -0.03096340165247297
180 180 -0.5717441410174295
181 181 0.20675644848795127
182 182 -1.1171982294110354
183 183 -0.1500324620996844
184 184 -0.43027076434901956
185 185 1.4394701366630953
186 186 -0.38482525846875754
187 187 1.3362271897226115
188 188 -1.2237622041136655
189 189 -0.828138176660709
190 190 -0.7854233210741313
191 191 0.03607883762538522
192 192 -0.6607590318770291
193 193 -1.0487374377307386
194 194 -1.1703469477632733
195 195 -0.7007197748543491
196 196 1.1349327888160914
197 197 0.23438122204810116
198 198 -1.0150970852959447
199 199 -1.0319256238250596
200 200 -0.3707414962229232
201 201 -0.496241113222518
202 202 0.8038816736858448
203 203 1.4630600209607052
204 204 0.17328905085253513
205 205 -1.2460488986773857
206 206 2.3833869468365543
207 207 -1.19981558382895
208 208 -0.7716673627028011
209 209 0.8581285307907041
210 210 -0.9849991502288931
211 211 -2.245670457972279
212 212 0.3643615880796792
213 213 -2.186889252396682
214 214 0.995454345390796
215 215 0.8524947276332634
216 216 0.21737051301724972
217 217 -0.6493086802337074
218 218 -0.7106941020575047
219 219 -0.5545557428368412
220 220 0.7454139754736874
221 221 0.09303037844097123
222 222 -0.8332876897633826
223 223 1.5114168834346242
224 224 -0.0707082557344358
225 225 0.8861981739732975
226 226 -0.1994794487994471
227 227 -0.8942111858370237
228 228 -0.7736998781450087
229 229 0.4771488335130321
230 230 0.8968559306342475
231 231 -0.9186741325381352
232 232 -0.4725205324756747
233 233 0.2779930642851453
234 234 0.2296978827005976
235 235 0.5099387714336685
236 236 0.492976568630567
237 237 0.010816250713492319
238 238 -1.61470544287594
239 239 1.2140464797418655
240 240 -0.015083149457413502
241 241 2.4411516910921907
242 242 -0.3701113362614607
243 243 -0.017347550860175077
244 244 0.797119083411677
245 245 -0.4083800987684889
246 246 0.8022026065262114
247 247 -0.17181763437180667
248 248 -0.8342570014449534
249 249 0.3278779797921395
250 250 0.09889386432701391
251 251 0.9589103568484976
252 252 -1.9865167261376895
253 253 0.06266401335634203
254 254 -1.0150537529654442
255 255 2.4849537249312332
256 256 0.38204151451055857
257 257 -0.5214350995898148
258 258 2.682784233512787
259 259 0.45598678541708343
260 260 -1.741765856349128
261 261 1.7794650745262095
262 262 -0.6582206095428614
263 263 0.43443216244157873
264 264 0.4181004368467356
265 265 -0.7786074105862587
266 266 -0.3543087359993317
267 267 -1.0054341355889072
268 268 1.2171291440087093
269 269 0.8421757915972483
270 270 1.0228359550823451
271 271 -1.6345801646192186
272 272 0.16987115308214384
273 273 -0.630546098842348
274 274 -0.5292823707073389
275 275 2.379130441213166
276 276 0.46211151695076663
277 277 2.8369838021290845
278 278 0.7212698362594298
279 279 0.14747563634745992
280 280 0.17636359069348337
281 281 0.9703114357207228
282 282 0.3441548287872022
283 283 -0.7065003401207784
284 284 0.26345893470193205
285 285 1.531585550895809
286 286 1.5711816809720087
287 287 -0.014145412860242753
288 288 3.0261659758616677
1 2 1.4647946558921776
1 4 -0.36274082968597543
2 3 1.1145499515929744
2 5 0.10218624020880457
3 6 -0.09589705291552988
4 5 0.6142199219131682
5 6 -0.4592775996345057
7 8 0.7310538341199714
7 10 -1.7000914066708983
7 157 -0.9369243539827572
7 160 1.5124792345339673
7 163 0.969654346894426
7 166 -2.1565794409914147
8 9 -0.43088810123039184
8 11 1.8383060019024704
8 193 -0.8210552566450532
8 196 -0.7199722567429664
8 199 -1.3022882860984955
8 202 -1.2925864880225073
9 12 -0.7455027305395007
9 229 -0.9995342341106987
9 232 -0.0053253483592010774
9 235 -0.08640089714060743
9 238 1.4677773777577336
10 11 0.5761982774471893
10 157 -1.3942551047791094
10 160 -0.34357490432884524
10 163 -0.0493158172261191
10 166 0.5417274650240473
11 12 0.9140812786322219
11 193 -1.7573679067430352
11 196 -0.2938787548368485
11 199 -0.15319570745591127
11 202 -0.7397761908163153
12 229 -1.7099481276086668
12 232 1.3788303344568182
12 235 -0.18532656927232433
12 238 -0.09899364769482963
13 14 -1.2030938551445836
13 16 -0.4237488093822874
13 193 -0.5996187050768804
13 196 0.17352086711537346
13 199 -0.8594440285079138
13 202 -0.4559034431807723
14 15 0.06580754400762677
14 17 1.3474786033223576
14 229 -0.859721377281391
14 232 0.3218365251453757
14 235 0.6656439317774625
14 238 2.056680210147482
15 18 -2.307874101865795
15 265 -0.7244597837450092
15 268 -0.9236812061612865
15 271 0.5184017202125333
15 274 -0.9811869828829888
16 17 0.02552854497435337
16 193 -0.28749750768673277
16 196 -0.9192626538340556
16 199 -0.008746528930159805
16 202 0.5888628410570694
17 18 0.6611851305648678
17 229 -0.8334307047422544
17 232 -0.9438267225743247
17 235 0.149208526187597
17 238 0.8934309811271061
18 265 0.41671459227066904
18 268 -1.460114582933611
18 271 -0.19196912889393133
18 274 1.3316108352832332
19 20 0.9391349905581996
19 22 -0.4960690674432531
19 181 -1.0420643455104892
19 184 0.5195686237841437
19 187 -0.34793431882229686
19 190 -0.17099235328258944
19 193 -0.8684273667886993
19 196 -2.0187156714095704
19 199 0.6425891885767834
19 202 0.9868771351789297
20 21 0.574506201051772
20 23 -1.16330843707344
20 217 -0.1707195850291716
20 220 0.9324287852197866
20 223 -0.063482766802875
20 226 -1.7567183497187282
20 229 -0.6164154364968345
20 232 -0.928767496944037
20 235 0.07680980977243167
20 238 -0.6589669337704421
21 24 0.32183781211042845
21 253 -1.2668434507715036
21 256 -0.13101925680971394
21 259 0.587013616030451
21 262 -0.4918306050605329
21 265 -0.32531984435465033
21 268 0.022233790561411126
21 271 0.7707579382763272
21 274 0.3600841826369312
22 23 -0.6250705282062013
22 181 0.840754268026764
22 184 0.4338404478276322
22 187 -0.0998310673119603
22 190 0.13300379186122077
22 193 -1.6837291116976378
22 196 0.2840656728421756
22 199 0.5702828980941785
22 202 -1.1692807859352536
23 24 -0.8263227059613867
23 217 -1.1758328797449904
23 220 0.1841056606220149
23 223 0.3102123044409287
23 226 -0.4839378665389402
23 229 0.49359980541788623
23 232 0.7271048543043896
23 235 -0.45302715481862527
23 238 0.36294292065125944
24 253 -0.6163142205678708
24 256 0.9234428048587147
24 259 0.49671656032893824
24 262 0.4062973325973643
24 265 0.5505875009705096
24 268 -0.7848190220997601
24 271 2.114892826663571
24 274 -1.0388493126058134
25 26 -0.7103894575940558
25 28 1.01311109391084
25 181 -0.07743727099654583
25 184 0.7099727239657885
25 187 -1.6525726033490171
25 190 0.13455748187777397
25 193 0.9120396599947473
25 196 -1.3616446547431251
25 163 -0.5473940445606276
25 166 -1.6637129347592912
26 27 1.838142693094949
26 29 -0.06453863237860663
26 217 -0.9901100343592975
26 220 -0.05423374270780347
26 223 1.7387504495779773
26 226 0.11610958424756052
26 229 0.5662381623528772
26 232 -1.0615251743772365
26 199 0.9503114528578818
26 202 1.0234980704575365
27 30 -1.2521682768999278
27 253 -0.656496832266116
27 256 0.9535974858662758
27 259 0.7077500989467985
27 262 -0.3154787464170694
27 265 0.12032980075679997
27 268 0.36531285993236723
27 235 0.7694708068946636
27 238 -0.008123956288330621
28 29 -0.38749829794576135
28 181 -0.09168335641328486
28 184 -1.1890272969997284
28 187 -1.3349797207238483
28 190 0.8659510789631395
28 193 -0.2903394100858496
28 196 -1.3898746932737087
28 163 0.2389641275445691
28 166 0.08592417794807286
29 30 -2.4611873991216218
29 217 -0.5931608571334542
29 220 1.2234067264653388
29 223 0.17223895974341244
29 226 1.1396143403216372
29 229 -0.8172401430494499
29 232 0.053087032299314635
29 199 -0.9381756259097451
29 202 -0.5027812786436825
30 253 -0.465788092426283
30 256 1.1310034566538654
30 259 -1.0865798149224117
30 262 0.17045327740025104
30 265 0.8582917607060572
30 268 0.778256091392415
30 235 -1.9375799104271139
30 238 -0.855558249734054
31 32 0.24230383876597478
31 34 -0.135492379535667
31 181 0.969042855397689
31 184 -1.4795626279561351
31 187 -0.2102088970265581
31 190 0.4356737212319195
31 193 -0.1675971217492338
31 196 0.8646294775104788
31 163 0.33953276204190064
31 166 -0.7544854899248229
31 169 -0.42878188928526695
31 172 0.025625241935670496
31 175 1.1182470333613292
31 178 -1.6197383869000086
32 33 0.19637990162143404
32 35 0.28797984307422636
32 217 0.799886135172905
32 220 -0.4085141117877591
32 223 0.36319404061504984
32 226 -1.558357126989695
32 229 1.5599619075926765
32 232 1.4067687316990538
32 199 -0.532659049977101
32 202 0.8731243844528724
32 205 0.22429160568207834
32 208 -1.9381302256496697
32 211 0.46801495433543894
32 214 -1.176499930325597
33 36 -1.5325440711324534
33 253 1.0248684010012539
33 256 -0.5387375917281708
33 259 -1.4191382652928455
33 262 -1.889888341902698
33 265 -0.5282515892217695
33 268 -0.4560434053028274
33 235 -1.0102390552883964
33 238 -0.43493060229789343
33 241 -0.048091710560965846
33 244 0.9683810793459092
33 247 0.6563251929695799
33 250 -1.864355450689872
34 35 0.14650289663632568
34 181 0.338716498384496
34 184 0.7623446195112157
34 187 1.5719661743781495
34 190 -0.8329340865126335
34 193 0.9652292790663252
34 196 -1.6269145658185429
34 163 0.7841452144664334
34 166 0.6434732458722211
34 169 -0.023795580924338214
34 172 -1.5279500029430206
34 175 -0.978135757275009
34 178 -1.7812715001410204
35 36 -0.08831889755214067
35 217 -1.3788268235926517
35 220 0.19300624225528581
35 223 -0.5160954997031438
35 226 1.4077958957944923
35 229 -0.40488093948315523
35 232 0.0647881699683182
35 199 -0.33137819863651613
35 202 -0.11327018011953555
35 205 -0.3869911523669178
35 208 -0.16697886304804002
35 211 0.22457685718702955
35 214 1.4816846481756538
36 253 0.6969355786208051
36 256 -1.0023034599490295
36 259 0.7861420556815071
36 262 -0.05455628449813034
36 265 -1.2121833861316402
36 268 1.3125120466656235
36 235 2.0197717739058745
36 238 -0.36831814971281907
36 241 0.8119550026520354
36 244 -1.2549871972141615
36 247 0.48944088929835544
36 250 0.996049380055546
37 38 -0.6924950382030785
37 40 1.6771091273206704
37 181 -0.9415228480408943
37 184 -0.9758364889014381
37 151 -0.7302044886538487
37 154 0.4150163819679129
37 157 1.041437703536365
37 160 -0.46209426137874055
37 163 0.5671746210577912
37 166 2.3294680545959277
37 169 -0.34695546415192813
37 172 0.3943149450328908
37 175 0.24760662716512957
37 178 0.06723804617824519
38 39 -0.7627252520073481
38 41 0.3396210653553569
38 217 0.3520635330007433
38 220 -0.292668790623969
38 187 -1.2018171311016257
38 190 -0.7902016912324888
38 193 -0.6358978228111424
38 196 -0.0708803746454067
38 199 0.4963460248909986
38 202 0.10540970974521104
38 205 0.17542745445587782
38 208 -1.6342397842881378
38 211 -1.2348027813950013
38 214 -2.2308976512744754
39 42 1.0179574351560126
39 253 -1.0704836944569345
39 256 -2.951115264340455
39 223 1.5899194779121073
39 226 -0.33802218692862784
39 229 0.9885158564318771
39 232 0.6056959974351039
39 235 -1.092580757087304
39 238 -1.0487376014005625
39 241 -0.4150762421448363
39 244 1.4194219581814902
39 247 1.238938289238715
39 250 -0.5082064901151163
40 41 1.2547206973162568
40 181 -0.30199838601840195
40 184 -0.45998980863118727
40 151 -0.16481342143525823
40 154 -1.4794160422405513
40 157 1.9537174447161798
40 160 0.4036964925416617
40 163 -1.0871979095674857
40 166 0.4017074646412117
40 169 0.6055876248012398
40 172 0.9589790886380591
40 175 -1.5427914382900458
40 178 0.691576556516763
41 42 -0.9449387460226242
41 217 0.8969741793841582
41 220 -1.1674110860473796
41 187 0.345857566551289
41 190 0.4360790038978393
41 193 -0.4779659118932989
41 196 -0.5359498855363704
41 199 -1.8095414067898745
41 202 -0.7367276158228014
41 205 -1.497237891463888
41 208 -0.4555523587456077
41 211 -1.1343818455674537
41 214 -0.3689765351200127
42 253 1.4496288483149309
42 256 -0.5117972874925588
42 223 0.3664112269594037
42 226 0.6051121599880973
42 229 -1.411154284115995
42 232 0.1917628028138079
42 235 -0.10715409244425997
42 238 -0.45316066641838876
42 241 -0.021707782349085138
42 244 -0.6139989411810327
42 247 -1.5617849986812655
42 250 -0.7579961317905969
43 44 -0.5325554542994462
43 46 1.1297644428436564
43 181 1.81009463692531
43 184 0.5242914262544012
43 151 -0.23989512631971077
43 154 1.4731519107786175
43 158 1.048107299195863
43 161 0.5264104688804788
43 164 -0.313917240174905
43 167 0.2253495363983079
43 169 -0.5698215435473303
43 172 1.2420478946739344
43 175 0.704828158588076
43 178 1.6616418462986844
44 45 1.534796749306325
44 47 1.9594624617426863
44 217 0.6166502966562727
44 220 -1.0349500145907804
44 187 -2.030872711979119
44 190 1.2587552578949237
44 194 0.26868187496122825
44 197 1.0109004429038715
44 200 2.420948606031467
44 203 0.7391054777270408
44 205 0.5566510022548427
44 208 0.7343559326689002
44 211 -1.3736435807301863
44 214 -0.8274455882712077
45 48 0.2532700327223451
45 253 0.36026750195258556
45 256 0.22242956747927972
45 223 1.2477086001358182
45 226 0.2929882273294518
45 230 0.1216325819173773
45 233 1.4349694948011926
45 236 0.8956464544044769
45 239 0.27579725246715364
45 241 -1.5178467363649626
45 244 0.7353053569786587
45 247 0.9515147881197664
45 250 -0.6266349911602233
46 47 1.2466282991468307
46 181 -0.13035012523559306
46 184 -0.48447254748014823
46 151 0.5451692533856547
46 154 2.8126653552843046
46 158 0.7674260281194625
46 161 0.07324611977836253
46 164 -0.56563564417997
46 167 1.0664649649376354
46 169 -1.7962799374347336
46 172 -1.5251878674851125
46 175 -0.9568403195712435
46 178 -1.421178693837343
47 48 1.0645303720561567
47 217 -1.779660417931496
47 220 -1.462960792084332
47 187 -1.6219807795406755
47 190 -1.8150714796275298
47 194 -0.03319871106705205
47 197 0.03704200117979395
47 200 -0.29068829873371566
47 203 0.6820129325527876
47 205 0.5272723110312346
47 208 -0.6619373263930702
47 211 -1.7282132341712926
47 214 -0.20172450976954334
48 253 1.0388369192637497
48 256 0.5314547348493974
48 223 -2.512105902879099
48 226 0.7270926457502861
48 230 -0.448591549611474
48 233 1.680433811659821
48 236 0.10977338632315913
48 239 1.593112148235481
48 241 0.5397243301235679
48 244 0.43151615578393
48 247 0.6295904214839683
48 250 0.27935716575082686
49 50 -1.2563242272910955
49 52 -0.6635854417446001
49 181 -0.67499111273263
49 184 1.3565390852046924
49 187 0.799126508838579
49 190 0.0520925314383052
49 194 0.586197959286216
49 197 -0.5181325848255274
49 200 1.9847301162828164
49 203 -0.7885381484092681
49 205 -1.1191609471409067
49 208 1.7677108328767133
49 175 1.1225128895117091
49 178 -1.850320273916316
50 51 0.7368839428838228
50 53 1.0314740085880019
50 217 -1.339644875305675
50 220 0.3313818113264552
50 223 -0.46966359595438334
50 226 0.03996473020919403
50 230 0.0967062426522733
50 233 -1.194403226400016
50 236 -0.30040508200392857
50 239 -1.1883736337405384
50 241 -0.7241433764475802
50 244 1.9594304937577847
50 211 0.15458664517429344
50 214 0.3246696954668015
51 54 -0.3878226467769078
51 253 1.0012266154519796
51 256 0.6668699971673241
51 259 0.7934404750210011
51 262 -0.8356050991190704
51 266 -1.1538978091582188
51 269 -0.7381276294299774
51 272 -0.46223857697140447
51 275 0.3342441277168973
51 277 -2.369079824430188
51 280 0.29247815350753475
51 247 2.3791435118822446
51 250 -0.1977367990699704
52 53 -0.775991657471824
52 181 -1.8698428625648305
52 184 1.0774624193527615
52 187 -0.3405890920103516
52 190 0.2549195010519716
52 194 1.5249003490776005
52 197 -0.6284255884556371
52 200 2.1481397181119193
52 203 0.22674521138605486
52 205 0.5599816460501005
52 208 0.1026358183663873
52 175 -1.0817570378732253
52 178 -1.1580002987135114
53 54 -0.6191906173451669
53 217 -0.9262211320252005
53 220 1.1113799280274592
53 223 -1.4530692683990174
53 226 0.2419946609961572
53 230 -2.0756522559892097
53 233 1.1596596617989727
53 236 -0.22247547084940825
53 239 0.3397697519047421
53 241 -0.34388293585599755
53 244 -0.5834618525272203
53 211 -0.06791036593450317
53 214 1.1828274298576233
54 253 -0.14793036282491284
54 256 1.3647032943484563
54 259 -1.035508499794896
54 262 -1.1580771694583898
54 266 -0.5334614249114704
54 269 0.4074395564724106
54 272 -0.9532816135270005
54 275 -0.21454823814159316
54 277 -0.6926911691567944
54 280 -0.7498515911256386
54 247 -0.6035147237975111
54 250 -0.10794892256975949
55 56 -0.600465654314833
55 58 -0.7646833065846755
55 182 -1.9401344740399817
55 185 -1.393332569469022
55 188 0.03493843193604818
55 191 -0.4974243872949386
55 194 0.5790238264588292
55 197 -1.2951680257657832
55 200 0.03460244741376331
55 203 0.5073366991705908
55 205 -1.6101625557197947
55 208 1.0249306180891993
55 175 -0.6473308265755221
55 178 1.3183492858826995
56 57 1.0793205469168614
56 59 -1.4542926095103919
56 218 1.020248423974497
56 221 0.3673643220177908
56 224 -0.862278683349603
56 227 -0.3354592553805273
56 230 -0.5877300302716016
56 233 -1.7217857157491538
56 236 -0.7458292162431608
56 239 0.6102638206202159
56 241 0.6575575304865504
56 244 1.0450472944825095
56 211 0.9458808752609449
56 214 -0.8443388108575376
57 60 -0.5403338750328414
57 254 -0.3113568524149658
57 257 0.6288739654783486
57 260 -0.3691186256715824
57 263 -0.13434508157403519
57 266 -1.0686301282883803
57 269 -1.4037162186565861
57 272 -1.0290913038913572
57 275 0.14740453364941977
57 277 -0.14913458548660022
57 280 -1.7423697553648863
57 247 0.6733699833953792
57 250 -2.0550407464514038
58 59 0.6328515398258568
58 182 1.007602780310072
58 185 -1.2368557632066945
58 188 0.00958397732696338
58 191 1.007601285835934
58 194 0.12825316303757672
58 197 0.12923947895774116
58 200 0.03267245693584871
58 203 1.3693792008664996
58 205 0.206040026955701
58 208 0.12938179752932955
58 175 0.7276706671170272
58 178 0.6983910097045869
59 60 1.2750309361953884
59 218 -0.8203311561094567
59 221 0.8897086003378954
59 224 -1.1788577897016823
59 227 -0.09991795738997546
59 230 -0.3732188187403204
59 233 -1.7882392104920328
59 236 -0.7458624350393693
59 239 1.166584846581681
59 241 1.2429929852175772
59 244 0.10893117767950243
59 211 0.7845285315681538
59 214 0.8184861082567677
60 254 -0.017214701833343705
60 257 -1.3248857201391757
60 260 -1.7255354405488883
60 263 -0.3752613029669974
60 266 0.0426865575090525
60 269 -0.8812247768123443
60 272 -0.10645350039591048
60 275 -1.033479028908119
60 277 -1.2088112352065907
60 280 -0.62362626740117
60 247 0.09494512682347075
60 250 0.5225707976611705
61 62 -2.923472648240399
61 64 0.637400701145198
61 182 0.5720623599834251
61 185 0.0076074889011149924
61 188 -1.1830695549425045
61 191 0.8367660114610556
61 194 -0.38370404002696323
61 197 1.3506503445098563
61 164 -0.810744136643823
61 167 -0.7153676319590386
61 169 -0.3849706424245872
61 172 -0.6697715648887494
61 175 0.8639692351712109
61 178 -0.0827805722892645
62 63 0.4309546944688576
62 65 0.6590246953517561
62 218 2.595254376335172
62 221 1.0674485855727143
62 224 -0.9759616538331279
62 227 -0.9022963660554764
62 230 0.2594341263837358
62 233 0.3113284028683964
62 200 0.44715812376882774
62 203 1.1010004923260417
62 205 0.30924702480782784
62 208 0.14045362584818122
62 211 -1.3822790420763524
62 214 0.4320631422184506
63 66 0.566580810217128
63 254 -0.3731089348397616
63 257 0.2479281805868865
63 260 -0.7482858281521998
63 263 0.09572177857430725
63 266 1.503188484046735
63 269 -0.6917287809078444
63 236 -0.8094384772070331
63 239 0.22538344937848062
63 241 -0.5711586486049163
63 244 -0.38877790263349815
63 247 -0.5009419151612098
63 250 -0.40566432816401493
64 65 1.7165453978516527
64 182 -0.826582140492899
64 185 -0.8411309779490059
64 188 -0.7808604058530004
64 191 -0.04199184506452924
64 194 -1.164166211654132
64 197 -0.15823714163258168
64 164 0.46699200959657483
64 167 -0.8439348818056995
64 169 1.0126631607431622
64 172 -0.27884035531489443
64 175 0.26326792143739486
64 178 0.6470755458619752
65 66 0.18259411661210906
65 218 0.41285115148473384
65 221 -0.9419378561791129
65 224 0.27269138672253046
65 227 0.2177089203222777
65 230 1.6443995298221836
65 233 2.0693266323742243
65 200 0.28655824115448314
65 203 -0.8445211808643448
65 205 -1.0124423974645966
65 208 0.5494508232075913
65 211 0.08473981723259899
65 214 0.5760446785828194
66 254 -2.195378373469049
66 257 -0.8624541408443753
66 260 -0.946003194980073
66 263 -0.5597372927208432
66 266 -0.0772900133181743
66 269 0.315028837674123
66 236 2.3935034526178165
66 239 -0.052177722496693515
66 241 -0.28454003987696525
66 244 0.8631241943784055
66 247 0.4565555156206553
66 250 -3.205015563759981
67 68 0.40177014542735207
67 70 0.2837596404520156
67 182 1.4633609367331801
67 185 -0.48197734533000663
67 188 -0.16738970178949356
67 191 -1.012721302329102
67 194 -1.6035284332264355
67 197 -1.9569377556631822
67 164 -0.32559629635429677
67 167 -0.45611808670770027
67 170 1.1171345907243369
67 173 0.6490024129404216
67 176 0.023682015852774744
67 179 -1.7197589817802155
68 69 0.1488281838281094
68 71 1.1605712015644067
68 218 0.5066115078464573
68 221 0.9415877124939251
68 224 0.11206645139182211
68 227 0.8600582414180056
68 230 0.22787353318974968
68 233 1.5255225811146629
68 200 -0.4516375383758063
68 203 -0.2955772190525893
68 206 0.9204331271060703
68 209 -0.011637716973670855
68 212 -0.5988177204604298
68 215 -0.03146619442200447
69 72 -0.04842755451117729
69 254 0.0028506202227164806
69 257 -1.0315983791842247
69 260 -2.5975438878481185
69 263 -1.0134072738801414
69 266 -0.005188387570236751
69 269 0.9113558555832525
69 236 0.5294906675253374
69 239 0.5267666014888669
69 242 -0.39320309930796676
69 245 -1.6046321893180802
69 248 0.2651767840257935
69 251 0.048978121187125516
70 71 0.8505679194085964
70 182 -1.0804964383169344
70 185 1.549814102646015
70 188 -0.8362766028464518
70 191 0.873164441115778
70 194 0.4012916020433292
70 197 -0.16826951521444
70 164 0.8736571086963646
70 167 0.5016739022002915
70 170 -0.45690631165363577
70 173 0.9514341200968551
70 176 -1.1463708047725412
70 179 -0.9421892201398554
71 72 0.3370996642101541
71 218 -0.18413468571756633
71 221 -0.5550105915121498
71 224 0.8916380354251496
71 227 0.5316822191071187
71 230 0.7486761913006104
71 233 1.0126758598671008
71 200 1.5037688549141954
71 203 -1.1946180267289503
71 206 -1.0813559280956668
71 209 0.5711729019554136
71 212 -0.3882593544958419
71 215 -0.71111692462933
72 254 1.6970095688175506
72 257 -1.761076631572337
72 260 1.9753296712897495
72 263 0.2080053021585833
72 266 0.8371516194782211
72 269 2.505497273026459
72 236 0.6842536401667003
72 239 1.3905155948042718
72 242 -1.5765823280555902
72 245 -0.1386957977753927
72 248 0.9447165539354148
72 251 0.07823118537789431
73 74 -1.0396008128716425
73 76 -1.0372031348438235
73 182 -0.057473676326575074
73 185 -1.8252805978865776
73 152 -1.61794336688859
73 155 -0.07702165929201445
73 158 -0.5867618195648179
73 161 0.040060552916868566
73 164 1.1617483705371736
73 167 -0.84008020658604
73 170 1.1121034641807854
73 173 -0.5225798045124946
73 176 -0.5006957602299044
73 179 -0.7899552692956985
74 75 0.6483051606792511
74 77 0.1883815382919524
74 218 0.855721105383173
74 221 0.8593310783461069
74 188 0.603631960829053
74 191 -0.44364684976220214
74 194 0.1445758300442122
74 197 -0.07896944849835814
74 200 0.8681409292852731
74 203 -1.0466563792120271
74 206 2.265645226015906
74 209 0.15859705698051346
74 212 -0.534169342178684
74 215 0.4101634174205486
75 78 -1.8357017226088586
75 254 0.39105403435845915
75 257 2.9092723470433404
75 224 0.08354797520556048
75 227 0.07069434893953888
75 230 -0.8110397452207332
75 233 0.6220275682956867
75 236 0.9798373673859654
75 239 -0.2079894687248106
75 242 0.0484623780024619
75 245 -1.6852465977791877
75 248 -1.3142742788975061
75 251 0.7140807330182812
76 77 -2.450268174288699
76 182 -1.3592745012369838
76 185 -0.3770780143068801
76 152 -0.5237705104157868
76 155 0.627706070574029
76 158 -0.5381928073539775
76 161 0.49313643667864926
76 164 -0.6647163831222515
76 167 0.9932285479922733
76 170 1.8194603098058064
76 173 0.7090947594894131
76 176 -0.15709485860419944
76 179 0.8656270567762143
77 78 1.3342038796644837
77 218 0.663391984837564
77 221 -0.5321857431016705
77 188 -1.4462161067423123
77 191 1.4262738816515192
77 194 1.1832072097911501
77 197 1.0761097773042394
77 200 -0.4840753821197572
77 203 -1.3844612425700418
77 206 0.7723662731818289
77 209 -0.6794905504168608
77 212 0.9844157079457281
77 215 -1.5937887988156145
78 254 -0.46055995589390225
78 257 0.5379277699933911
78 224 1.4864884503090887
78 227 1.3778474032528978
78 230 0.7685290515346741
78 233 -0.33481321285803034
78 236 0.6248460239203656
78 239 0.8580174638582264
78 242 1.3756355661043818
78 245 0.33191225954460574
78 248 1.8122954361562886
78 251 1.0908969887843603
79 80 -0.17452640780308976
79 82 -0.1831579703887225
79 182 -0.7192225212025912
79 185 -2.940101335965046
79 152 -0.6212109518275745
79 155 0.3906229768649718
79 159 -0.4849078817196192
79 162 1.2406746730523326
79 165 -0.17606473969587588
79 168 0.43530624685997565
79 170 0.21423126329066725
79 173 1.1703058971010694
79 176 0.8307760284577738
79 179 0.5602616187480665
80 81 0.8618748969879243
80 83 0.0737669264015633
80 218 0.6632154118913862
80 221 -1.303345211949428
80 188 -1.017784590912984
80 191 -0.3198934682600583
80 195 -0.3361170487035402
80 198 1.4089456590736977
80 201 0.36878532674041004
80 204 -1.7179304565113744
80 206 0.07642137230578035
80 209 -1.0597483274686346
80 212 0.6726089802159266
80 215 -1.146912164621486
81 84 0.31049421353345175
81 254 0.8027727012959168
81 257 -0.26150072514060635
81 224 0.3448338719221409
81 227 -0.9380244852757432
81 231 0.4631983268953751
81 234 0.37306673265960705
81 237 -0.8441155093016557
81 240 0.6687678579627778
81 242 -0.7471117784678859
81 245 1.8792934422150052
81 248 -1.5660940675491017
81 251 0.2841960960381421
82 83 -0.0945690781080999
82 182 0.0850696694604398
82 185 0.06581424032201934
82 152 1.1056165537735552
82 155 0.32687392734408
82 159 -0.27476279575684465
82 162 0.7853441073526732
82 165 0.0895686764154237
82 168 -0.2957783893278034
82 170 1.0883739973976774
82 173 -0.5554110089806196
82 176 -1.5533269286872369
82 179 -1.2989198447839059
83 84 1.3824661250399168
83 218 -0.5398552118390799
83 221 1.285071786046521
83 188 -0.8441512704925064
83 191 -0.6239547275819788
83 195 -0.5162917245920574
83 198 -0.07813651034986231
83 201 -1.6810073599167317
83 204 0.9958786331146802
83 206 0.37932055246680446
83 209 0.14259422056514975
83 212 -1.1088440046909638
83 215 0.06688831484565239
84 254 -0.1947477373874256
84 257 0.8202136451792488
84 224 -0.687517478700085
84 227 0.35547601905457943
84 231 -0.3247579670014022
84 234 2.6331047329523676
84 237 0.2834023756146526
84 240 -0.6420541258132275
84 242 -2.420829851128179
84 245 0.9902242503036617
84 248 1.1299712618756612
84 251 -0.5029854952992079
85 86 0.2176130485586291
85 88 0.7817624423803675
85 182 -0.46130854102263835
85 185 0.10157083226802867
85 188 1.3892308148419492
85 191 -1.1950221627817403
85 195 -0.3962897063735693
85 198 0.7517911029124194
85 201 0.03614985401893017
85 204 -0.760553961679179
85 206 -0.48687844202479375
85 209 -1.740060594971522
85 176 -0.1796719709762398
85 179 -2.5077408686953397
86 87 -0.5707966979571399
86 89 -0.10010120933861387
86 218 0.38593193074320653
86 221 0.44892669750244485
86 224 -0.9397768996451354
86 227 -0.4713998093162089
86 231 -0.367128667875908
86 234 2.6739186549962226
86 237 -0.29350393727085194
86 240 -1.5551735095143364
86 242 1.429291194514722
86 245 -0.7772930846568671
86 212 0.2177545979434789
86 215 1.0041020104244571
87 90 -0.184277474196901
87 254 1.0435642920321493
87 257 0.6083269627416237
87 260 0.21357032971985748
87 263 -1.4759986379482135
87 267 1.6696907870285833
87 270 0.4473003601542456
87 273 -1.070595807313878
87 276 -0.26517281557701866
87 278 -2.2343178563723805
87 281 -0.5327306801102385
87 248 -1.5476615628221262
87 251 -0.8533818804972467
88 89 -0.7614342542926675
88 182 0.06270011696358424
88 185 0.45046669209509427
88 188 1.1250149067125315
88 191 0.780290424986223
88 195 0.10638056624992104
88 198 -1.051404145931315
88 201 0.7441701882992768
88 204 -0.529717732116523
88 206 0.1209950919742012
88 209 -1.6701854393720201
88 176 0.769508236721388
88 179 -0.9773853729747628
89 90 -1.1322028144291365
89 218 0.818177692115088
89 221 -0.06043947951305229
89 224 -0.3499232788445198
89 227 1.0667631096779606
89 231 -0.9727953741843688
89 234 0.8406909449035149
89 237 0.4366358086692326
89 240 -1.16400827278985
89 242 -0.8828171695092859
89 245 0.18996956220735695
89 212 -0.2051996964785095
89 215 0.8092740907452177
90 254 1.2091345443297863
90 257 1.6397939015543357
90 260 -0.271609970252596
90 263 -0.6767855451849942
90 267 -0.7960853951276444
90 270 0.04618918877583269
90 273 0.10354867479642088
90 276 0.15897174499985547
90 278 -0.2699091625968606
90 281 -0.2399536511383488
90 248 1.432911772097276
90 251 -0.19632273068084047
91 92 -0.3306832710253312
91 94 0.7417985804132934
91 183 -0.6214462687981896
91 186 -0.856375629250819
91 189 2.3364446619770165
91 192 -1.2473493302892307
91 195 -0.13652061597169873
91 198 -2.451575755224772
91 201 0.8728607448666521
91 204 -0.002706690176437137
91 206 0.3515811814488457
91 209 1.2639129559913944
91 176 -0.14564378926328772
91 179 -0.2709759896673611
92 93 0.9776038296623517
92 95 -0.0010542020753801066
92 219 0.053502787142567516
92 222 0.5071739366139616
92 225 -0.5542989359916117
92 228 0.9941405487251782
92 231 0.869940984231941
92 234 -0.5855650358991834
92 237 1.3989642543085836
92 240 0.3645343326609383
92 242 -0.578434452048384
92 245 -1.4229957813258043
92 212 -1.3958570901691048
92 215 1.051810805571834
93 96 -0.7890547463898692
93 255 -0.8934216024115603
93 258 -0.31782787341317964
93 261 -0.4381610415846956
93 264 -0.19941617837103773
93 267 -0.34037175187832797
93 270 -0.21363081507766254
93 273 0.6492270693105322
93 276 -0.17891604918708817
93 278 -0.8479400993012197
93 281 -0.6694948274811398
93 248 -0.22810624134030824
93 251 -0.22746398228776832
94 95 -1.0474463224210107
94 183 -0.4059283358519319
94 186 -1.0432063866555958
94 189 -0.6063808180931798
94 192 -0.33395283762555994
94 195 0.41503320651074826
94 198 -0.5820165777481838
94 201 -1.3263023702794823
94 204 1.2353429082348337
94 206 1.5442379697989883
94 209 -0.038712935848205246
94 176 -0.28756891928845263
94 179 -0.2470425541817777
95 96 0.1814449611343817
95 219 -1.400642094734859
95 222 -1.6642437511890555
95 225 0.25400991834141295
95 228 -0.33435356392760457
95 231 1.2274199911203012
95 234 -0.11786101729200286
95 237 -0.6958708850575741
95 240 0.9987824739793904
95 242 -0.38819918645456125
95 245 1.2434293165729338
95 212 0.3663865448522331
95 215 0.4695398076420875
96 255 -0.3741875710446772
96 258 0.08958068713494234
96 261 0.6044728253587474
96 264 -0.344790286656817
96 267 1.3562078273468494
96 270 -0.9790596700707793
96 273 -0.4457166199415276
96 276 0.48283572424961435
96 278 0.30963962487428487
96 281 -0.692646492184333
96 248 -1.3923102262516058
96 251 -0.9844341379003135
97 98 -1.3879878939059236
97 100 0.04407198203535316
97 183 -1.192833547264861
97 186 -1.3368478068230958
97 189 -1.3385255553757178
97 192 0.8473743303835343
97 195 -1.6962057756986009
97 198 -1.0663442744731875
97 165 0.6740039991616197
97 168 0.12124384126988004
97 170 -1.0184499288524682
97 173 1.9207731046691154
97 176 -0.7124068607215803
97 179 0.8557764502064793
98 99 0.6908908841115292
98 101 -0.7363430733250474
98 219 0.8660763914085712
98 222 -0.8959828984576707
98 225 0.7037560415057833
98 228 2.1290314024106736
98 231 0.9362577642750669
98 234 -2.290883073914302
98 201 0.6821398827434157
98 204 0.598521904301761
98 206 0.836724104175591
98 209 1.0331419073976826
98 212 -1.7342510344589726
98 215 0.5738290516425506
99 102 -1.2965425096524794
99 255 1.9872349551274802
99 258 1.9402110211049268
99 261 -0.8430793875213315
99 264 2.0442260898408238
99 267 -1.2204184855744085
99 270 -0.7000196674503609
99 237 1.2033898484996957
99 240 -1.7702152780786296
99 242 -1.0105285575365002
99 245 -0.14664228019795958
99 248 -0.27416803815683777
99 251 0.029326206207951684
100 101 1.1719128301133945
100 183 0.9159514741196115
100 186 -0.48836203128509525
100 189 -0.6661777777083984
100 192 -0.6076259215076925
100 195 -2.227551562405686
100 198 -0.2686079357406255
100 165 0.09989726746381535
100 168 0.10094864303235598
100 170 0.3056954565664617
100 173 1.5656653865429204
100 176 -0.5931216674321504
100 179 -1.0820509052195293
101 102 0.6117120577019267
101 219 1.0226879758474225
101 222 -0.0063604759438524346
101 225 0.8258324971068131
101 228 0.40800095965704614
101 231 -0.08068698738429006
101 234 -0.13557657351680472
101 201 -0.37541444003093166
101 204 -1.3825954142867853
101 206 1.108336542766028
101 209 -0.5538787352848848
101 212 0.6082317670185174
101 215 1.4117557451670066
102 255 -1.0117481455864477
102 258 -0.4147495831770937
102 261 -0.5694662586220658
102 264 0.45926366403748026
102 267 0.33104180707643555
102 270 -0.40606067915317123
102 237 0.42965319602129765
102 240 -0.36876827373413884
102 242 -0.6886119786593569
102 245 -0.3485432076192022
102 248 1.2897750516192834
102 251 1.236467417276507
103 104 0.43215893935630184
103 106 0.34401502156168096
103 183 0.6745766095993924
103 186 0.30535838048610786
103 189 0.43713272764759864
103 192 -0.2989108578804166
103 195 -0.04618284743058595
103 198 -1.2908575856445192
103 165 1.1728398996464062
103 168 1.676971725926648
103 171 -1.9288303943757266
103 174 0.25141322666763494
103 177 0.5422100643655242
103 180 -0.07989175008240647
104 105 0.493027532637308
104 107 0.7193927848699284
104 219 -1.0121551542948213
104 222 -0.181975501002683
104 225 -1.8343358351420744
104 228 1.669986813348003
104 231 0.5355913631476791
104 234 1.189956133118465
104 201 0.24257211368702142
104 204 -1.1339624918737559
104 207 1.2722730884456745
104 210 -0.06145635624330658
104 213 -0.3401464374478871
104 216 -0.6172782350273959
105 108 0.27694391398151186
105 255 0.6202710181482288
105 258 -2.4910908928218727
105 261 -0.6624234460912983
105 264 -1.2193246886940627
105 267 -0.5723570620770562
105 270 0.8245878864658889
105 237 0.4778840194816647
105 240 1.366838228202789
105 243 1.2933548079957868
105 246 -1.2888651096603334
105 249 -0.8402539979323947
105 252 1.7512131508344067
106 107 0.6958695198427377
106 183 0.9398242649847736
106 186 -0.3757133311403631
106 189 1.5535995815005277
106 192 0.99623661960142
106 195 -1.3366854135097415
106 198 0.3477979002351354
106 165 -0.49599366175625165
106 168 0.7879796669257981
106 171 1.6923072057197555
106 174 0.4365683131260535
106 177 1.981743966403573
106 180 -1.1794601201183728
107 108 -0.9949624304400109
107 219 -0.6724922673601248
107 222 2.5953209938527664
107 225 -1.1758386774290999
107 228 1.214745241071126
107 231 0.7255394743714687
107 234 0.3235550445002436
107 201 0.26076798833057196
107 204 0.6073007004143289
107 207 -0.235158132262842
107 210 -1.3723284064043386
107 213 -0.3973291093840242
107 216 -0.17865661300745855
108 255 0.31097515750491384
108 258 -0.2614352625150052
108 261 0.39312425268490825
108 264 -0.44351003350006774
108 267 -1.0053617536100783
108 270 1.1181291907569875
108 237 0.6906083626699193
108 240 0.6082416640791171
108 243 1.8575527483238528
108 246 0.029636216579865683
108 249 -0.5551850388812503
108 252 -0.987928955065216
109 110 -1.090148269606588
109 112 1.0142991499282197
109 183 -2.1483356401792513
109 186 -0.0070926174885218305
109 153 0.537299590889088
109 156 1.0987917969705123
109 159 1.1847799348689005
109 162 1.4829366136622506
109 165 -1.9406342526433296
109 168 0.9821293885984709
109 171 -1.7814083589061471
109 174 -0.5524297335594874
109 177 0.5837265558282254
109 180 0.6616564652241699
110 111 -0.26422241869294144
110 113 0.2969464940556443
110 219 0.32130772046143746
110 222 1.5058420317397536
110 189 -1.671457460939035
110 192 -1.2155444971876077
110 195 -1.6733188160692964
110 198 -0.06445065676276612
110 201 -0.6136551643435532
110 204 -1.8891161997141346
110 207 0.021836978590542944
110 210 -0.8922216979351968
110 213 -0.8898269978992791
110 216 -1.0337611893982102
111 114 0.8928167760536243
111 255 0.42858541014373513
111 258 -1.4934707717120115
111 225 0.09490351689021614
111 228 -0.07118557194974458
111 231 -1.4505983654900492
111 234 0.052251880096294834
111 237 0.7093408960463514
111 240 0.30841766748149024
111 243 1.3969214225256033
111 246 -0.7051713845645569
111 249 0.3856067752895837
111 252 -0.11677022633175042
112 113 -0.030638124905277613
112 183 -0.7545437350128934
112 186 1.379667753427062
112 153 0.30781805120664973
112 156 0.7391806336242367
112 159 -1.0172929573939165
112 162 1.150808648207569
112 165 -0.2899333949319255
112 168 0.5804014588710189
112 171 0.24101157031813036
112 174 0.4346122290921181
112 177 -0.6229037373382916
112 180 -0.22151484151200274
113 114 -1.130659475494096
113 219 -0.8465852023268972
113 222 -0.0693042462231978
113 189 0.9486341033387201
113 192 0.4727296601953159
113 195 0.9412900298252594
113 198 0.12652722381519418
113 201 -1.525824185766023
113 204 -0.9418067087940556
113 207 1.620903042212971
113 210 -0.7151486426293673
113 213 -2.6318881487448897
113 216 0.9004259072987111
114 255 -2.1886760262156764
114 258 -0.7147107526900341
114 225 -0.3377815506108424
114 228 -1.1548900507546738
114 231 -1.8144907887963786
114 234 -1.4542491079170434
114 237 0.6977608831525509
114 240 -2.620858838261004
114 243 -0.3573154916204758
114 246 0.8854515637244089
114 249 0.6705931641359867
114 252 -0.8782160254180775
115 116 1.1641283812055778
115 118 1.102361739214369
115 183 -0.4689786451548978
115 186 1.4385020280941843
115 153 -0.003991708806925235
115 156 -0.19181705087892145
115 171 -0.011468909667992565
115 174 -0.64244505142189
115 177 -0.09264259424854161
115 180 -0.6941530823833261
116 117 -0.7011840000170004
116 119 1.4055183262918443
116 219 0.3675531314249381
116 222 -0.047958855366291096
116 189 0.02685926899791359
116 192 0.14641743015242478
116 207 -3.2037788267988163
116 210 -0.6970524415401255
116 213 -0.4298791227845012
116 216 1.117157576003936
117 120 1.338992105815466
117 255 0.2420458411878875
117 258 0.46553187085118486
117 225 -0.9954181403140714
117 228 -1.1787392693964576
117 243 -1.2545425751228814
117 246 -0.34229043077687715
117 249 0.8499099761810042
117 252 -0.1948534178846576
118 119 1.289858943364722
118 183 -1.8688164511863816
118 186 1.3819472385364828
118 153 0.8473483649022486
118 156 -0.34908862690393294
118 171 -0.2931553252120583
118 174 0.3338134290463623
118 177 -0.7139793791733059
118 180 1.7382828676456243
119 120 -1.1259107885910513
119 219 0.8744431055772289
119 222 -1.0257656447455905
119 189 0.3054965025445475
119 192 -0.43224246939379923
119 207 0.4715110484168808
119 210 -1.0387987292042793
119 213 -0.3358527633786501
119 216 0.015716021601635335
120 255 -0.7535036691507193
120 258 -0.32655317632955805
120 225 -1.010824975148229
120 228 0.3823261871379502
120 243 1.2600338594740288
120 246 -0.14839687575601296
120 249 -0.4620713149305608
120 252 -1.709313567287426
121 122 0.6033318417124873
121 124 1.4474743186236645
121 183 -1.1076601092214884
121 186 0.5530141525286603
121 189 0.12271667206939252
121 192 1.0380337820576475
121 207 0.004440839219001954
121 210 -0.10221633935493385
121 177 -0.1887310931218647
121 180 0.8093475168599223
122 123 -2.7439319022386255
122 125 1.346320198382319
122 219 0.23018772858180322
122 222 -0.24345734033589686
122 225 -0.028544736401215638
122 228 0.22741381641547526
122 243 0.541531824469236
122 246 0.09429767800357718
122 213 1.466508688724687
122 216 0.7246001826812192
123 126 0.8210087960066129
123 255 -1.7452367686500894
123 258 0.24000235524622138
123 261 1.4944502531165764
123 264 0.937277758844114
123 279 1.9433884619264052
123 282 0.9392213439966268
123 249 -0.3137106858950435
123 252 -0.5302880259390719
124 125 -0.20751963608371096
124 183 -3.2611749065220965
124 186 -0.41732698910309785
124 189 -2.043146736721513
124 192 -1.9955441929994768
124 207 -1.7763698710271112
124 210 0.8692702841881915
124 177 -0.3528440934858839
124 180 -0.9923353666215073
125 126 0.43893087989213003
125 219 -0.26672422089008074
125 222 0.39064790924476034
125 225 -0.5146356389725695
125 228 -1.3941534838550365
125 243 0.4423583075936167
125 246 -1.3409450498272877
125 213 0.2564040314249942
125 216 0.34203463090081015
126 255 1.1728800105776436
126 258 -1.261450290800638
126 261 0.6384267195392308
126 264 -0.5048437916099922
126 279 -0.723589932745269
126 282 -0.09481795407352389
126 249 -0.12157197888070062
126 252 0.41143192030887843
127 128 -1.817001737126469
127 130 -0.9998581973691285
127 207 1.2446933544530605
127 210 0.11509501047638701
127 177 -0.9532124585471868
127 180 0.03342812127789889
128 129 0.11228285770312224
128 131 0.07783971218499362
128 243 1.6528944142105806
128 246 -0.1478574902282881
128 213 -1.095634868693266
128 216 0.002973727899534649
129 132 0.11683258091817221
129 279 -0.609358881726962
129 282 0.32950347252577983
129 249 1.0958064385213127
129 252 -0.07659465195531137
130 131 0.7103186879421378
130 207 -0.5175419454282576
130 210 1.0273008045872223
130 177 -0.7072063525565289
130 180 -1.570929502196721
131 132 0.48319333793537184
131 243 -1.4581109204446763
131 246 1.6250468301520407
131 213 -0.6334966658543162
131 216 0.03274873390718154
132 279 -1.7517976309717596
132 282 1.1001286415307394
132 249 -0.6301652254537471
132 252 -1.0224717002180326
133 134 0.9648942224384363
133 136 -0.20608105734357704
133 171 0.080390682457062
133 174 -0.5589232054166589
133 177 -0.18099535613244888
133 180 1.151728799704982
134 135 -0.5249234745575021
134 137 -0.41477882525649545
134 207 -0.33132074527290656
134 210 0.7297135240248062
134 213 -0.3250648668534243
134 216 2.134492436763044
135 138 -0.24937627824316294
135 243 -0.6953672516370457
135 246 0.41087191530762723
135 249 0.36429176221752274
135 252 -1.1264096523312763
136 137 0.9340457939312694
136 171 0.09992880431118141
136 174 1.3800418162551866
136 177 1.797931222884861
136 180 -0.46471182279979595
137 138 0.8211824837762474
137 207 1.0597158343629567
137 210 0.47169413619679573
137 213 0.9599549550740851
137 216 -0.46583561674108337
138 243 -0.8717180869062087
138 246 0.39783780123602436
138 249 0.8322006313927464
138 252 -0.5536480409569658
139 140 -1.149975118897951
139 142 0.633738934999374
140 141 -0.4462575189361198
140 143 -0.0747603231508955
141 144 0.996102329890151
142 143 5.852695004198752e-05
143 144 0.597974769471237
145 146 -0.6690421132944141
145 148 -0.9762409895944457
146 147 -2.4132710050038697
146 149 -0.6641221332383876
147 150 -0.7283214830639377
148 149 -0.2604528473045864
149 150 0.015294906218134388
151 152 0.7548753877478175
151 154 0.7134425282337924
152 153 -1.3216348003829577
152 155 -0.5432498625192074
153 156 0.555517560620276
154 155 1.4778857678273476
155 156 0.7740943927673011
157 158 -1.0908178786789617
157 160 -0.34824727434712227
158 159 0.7386753883569709
158 161 -0.8016636618187502
159 162 0.9895155772977662
160 161 -0.5190378789459008
161 162 2.0573085049037627
163 164 -0.9028708260098223
163 166 1.402025644054655
164 165 -3.7013124912496123
164 167 1.416557875771196
165 168 -0.7630618231689638
166 167 1.1610567789779425
167 168 -0.9486999394904658
169 170 -0.1781990896555687
169 172 0.7840854426317843
170 171 -0.48707946701270716
170 173 -0.75951756933954
171 174 0.836828752266063
172 173 0.5603143559259641
173 174 1.043854367753271
175 176 0.5082659112844921
175 178 -1.2597054930504838
176 177 -0.9806762396398744
176 179 -1.3815809249990305
177 180 -0.1479722107752456
178 179 0.7421762147223955
179 180 0.7315038133370118
181 182 1.082739281151431
181 184 0.491971142104369
182 183 0.029573333308648708
182 185 -0.36108249755565563
183 186 -0.46208097407596915
184 185 -1.946012561220955
185 186 -0.4162837206956984
187 188 1.3865457148270692
187 190 0.9556795409801211
188 189 0.31494500092732186
188 191 0.34354727863821877
189 192 0.019781051517393
190 191 -1.727826604340718
191 192 -0.2449337125753684
193 194 1.3244777215930095
193 196 0.5708897299029114
194 195 -0.29384846448632096
194 197 1.0852785615490432
195 198 -1.2827227763633724
196 197 -1.3759813861625452
197 198 0.8400694171353266
199 200 2.072873194588859
199 202 0.44665268278882614
200 201 0.26221359338140543
200 203 0.6359578130506687
201 204 -0.22835447309670115
202 203 -0.12602722134168753
203 204 0.3108675119937513
205 206 0.40022314657323776
205 208 0.6259044349095254
206 207 1.857028484447887
206 209 0.513649030184375
207 210 -1.1836821968189475
208 209 0.23495672076416171
209 210 -1.3213435865225032
211 212 -0.3106017784598865
211 214 0.1255951944364425
212 213 -2.0907988032205904
212 215 0.5943444622752145
213 216 0.640270170614084
214 215 0.6903266877604329
215 216 -0.2571847635589923
217 218 -2.3699989232288794
217 220 0.6958311578751151
218 219 -0.5385347713145178
218 221 0.9222190771456624
219 222 0.8486939760235003
220 221 0.30001732235412637
221 222 0.03678258673638148
223 224 1.8876999008733595
223 226 1.580106259578326
224 225 -0.8273997155764149
224 227 -1.778473185900224
225 228 -2.431425899064622
226 227 -1.649057177334128
227 228 0.7582514770855754
229 230 0.7385971732884171
229 232 0.34665077337286593
230 231 -1.6776460750851903
230 233 -0.15695053000630663
231 234 0.7006267924459163
232 233 -0.8483325892678267
233 234 0.3346726345777825
235 236 0.6237858890851057
235 238 0.3930339145035003
236 237 -1.4376403097920873
236 239 -1.951096096604087
237 240 1.4106121836593077
238 239 0.4529021481478374
239 240 1.2678117655679995
241 242 -0.2812724622590654
241 244 -0.2224030901652598
242 243 -0.9668379780348475
242 245 0.6249976430942609
243 246 0.046145295778870665
244 245 -0.12259289133749712
245 246 0.19247628597255032
247 248 0.733920742501138
247 250 1.1069261704993423
248 249 -0.9579252326162739
248 251 0.5153587065936523
249 252 -1.134972642480777
250 251 0.7080335833961471
251 252 -1.1697065261841766
253 254 0.9934588659543748
253 256 -1.593789286655618
254 255 -0.09828886571016668
254 257 0.4668637883861339
255 258 1.1821290749791835
256 257 -1.2915531445408104
257 258 -1.150072398757287
259 260 -0.5408820559299633
259 262 -0.8341821987123573
260 261 0.6575949309555867
260 263 0.7189264642837848
261 264 -1.6668914737127676
262 263 -0.45840246217272923
263 264 -0.10525470939958377
265 266 0.34289967586155506
265 268 -0.2180733123292328
266 267 0.3007471949141894
266 269 -1.1682813791380842
267 270 -0.3312578287977449
268 269 -0.057764660168870045
269 270 0.5830931648580515
271 272 1.2971839336441173
271 274 -0.3451160326711132
272 273 -0.7080400213012942
272 275 0.1866706696999683
273 276 -0.28789361916219436
274 275 -2.4484488887732567
275 276 0.8451342436357442
277 278 0.9379779655686655
277 280 -1.7453839278940566
278 279 1.0909304498462167
278 281 1.1314015500258345
279 282 -1.224206962981639
280 281 0.6955024298922714
281 282 1.153476340087613
283 284 -1.5432990775217406
283 286 0.4483655192473726
284 285 -1.461789971400768
284 287 -0.4779666976294467
285 288 0.029754343941033386
286 287 2.371309620306725
287 288 -0.4790019303923865
