# 
1 1 -2.0028910140966887
2 2 0.883754541487728
3 3 0.2234334457311014
4 4 0.01925916920206402
5 5 -0.5132908367486212
6 6 0.5531881645050258
7 7 -0.9974590834230687
8 8 0.3765941436668209
9 9 0.786794769176029
10 10 -0.41206947635168667
11 11 -0.9075093104968202
12 12 -0.9983233628711004
13 13 -0.17787437610457213
14 14 0.28388475104330524
15 15 -2.3806179351204144
16 16 0.9326109951833478
17 17 0.2827027786296408
18 18 0.5571601533107343
19 19 -0.29726488437574045
20 20 -1.3532475109178579
21 21 -0.023683786514455827
22 22 0.7363268723069406
23 23 1.6453098723172515
24 24 -2.3359358363970215
25 25 -0.9018138989905697
26 26 1.074034742503605
27 27 1.0889963479503446
28 28 0.2980986653618718
29 29 1.764698207596443
30 30 -1.0896962621075028
31 31 1.1328481337573262
32 32 0.526206314302229
33 33 0.8242731802855914
34 34 1.2985897324659483
35 35 0.6167657951534131
36 36 -1.1760347696582372
37 37 -0.6579937836951876
38 38 -0.34743596037569885
39 39 -0.5849023227628382
40 40 -2.6241588509345757
41 41 0.7666090803249831
42 42 1.531896716507948
43 43 -0.1644844792436573
44 44 0.9259824073298033
45 45 -1.6813360289401313
46 46 -0.5615970553439145
47 47 0.8438560421476956
48 48 0.9976672215297648
49 49 -0.35591144172696015
50 50 -0.05697775738185673
51 51 -1.4992812395961979
52 52 -0.3662462537332477
53 53 0.13284941309149867
54 54 -1.1442274563192036
55 55 -0.45324959115994506
56 56 -0.9962311953235349
57 57 0.9361225345478372
58 58 2.306881598073351
59 59 0.10536894036301722
60 60 -1.4225785735660454
61 61 2.2922351320673204
62 62 1.0740268198514582
63 63 -0.22136189465807682
64 64 -0.8777164691689494
65 65 -0.6578653550957881
66 66 -0.6998819199436702
67 67 0.8664279222890818
68 68 -0.4704759087711593
69 69 -1.3521998618573354
70 70 0.7454525674620256
71 71 -2.2441636580696582
72 72 -0.5394868070689216
73 73 -2.082488974381052
74 74 -0.38863590884422144
75 75 0.5536679892168371
76 76 -1.9004452194997097
77 77 -0.3280071239116148
78 78 -0.3679384687059552
79 79 -0.04562471706556959
80 80 0.12917028413273146
81 81 0.20383239167394393
82 82 0.12114162484728186
83 83 -0.38507682269307325
84 84 0.6363718151369104
85 85 0.15356998977616043
86 86 -0.414230354662904
87 87 -0.5783835870805597
88 88 0.5495910403479177
89 89 2.826887603908341
90 90 -1.8419878221722266
91 91 0.8430975512841948
92 92 0.8232961934164074
93 93 -0.7535114224277045
94 94 1.602905149046701
95 95 -0.8997172415479733
96 96 0.5307324622207159
97 97 0.31985141040692583
98 98 1.1316054614297146
99 99 -1.465508537381505
100 100 -0.025225538643930248
101 101 0.06899143234114491
102 102 0.5768375843312121
103 103 1.975879154892869
104 104 0.22695951146761315
105 105 -1.5261857402831522
106 106 -0.2386374866898873
107 107 0.346630601755904
108 108 -0.7232609782779392
109 109 -1.6532692778104707
110 110 0.26582882307351047
111 111 -1.2217271740466942
112 112 1.5491974729378948
113 113 0.14929617166318437
114 114 -0.5172398032787767
115 115 -1.1434102374302626
116 116 1.0768331176181123
117 117 1.389039301729416
118 118 -1.4328950060439476
119 119 -0.24808413053452164
120 120 -1.1119119315959067
121 121 0.19788874473413026
122 122 -0.6855290634830009
123 123 0.9990050949804025
124 124 0.38963380192601105
125 125 -0.32898547404902395
126 126 1.0571413786717063
127 127 1.0359059418011882
128 128 0.3176264799822983
129 129 -0.5367062656353969
130 130 0.0742602653625789
131 131 0.7199077853891377
132 132 -0.21168577546332953
133 133 0.157117596057902
134 134 -0.4441310757002733
135 135 0.5776005848438596
136 136 -1.1753117349039113
137 137 0.8595046023398957
138 138 -1.1586095617586818
139 139 1.043461207467201
140 140 -0.316484632231893
141 141 -1.1218333461623824
142 142 1.2225729667191227
143 143 -1.9339445841768526
144 144 0.2774442783064477
145 145 0.8152058639722296
146 146 -0.2405265291544313
147 147 0.24792862894467638
148 148 -1.2392363707217937
149 149 -0.7899995560755094
150 150 0.6617929130066131
151 151 1.4994686014561491
152 152 -1.9906626438128538
153 153 0.974902734768089
154 154 0.39419214879370723
155 155 0.17113254691133453
156 156 2.1796898232681543
157 157 -0.1479186909550767
158 158 2.0087454511956557
159 159 -0.5880783069136272
160 160 -0.44880352231619375
161 161 -0.5823878069347105
162 162 0.28818399381241755
163 163 1.9292358879794678
164 164 0.4307538889177797
165 165 0.6262516892544208
166 166 0.26840334600016214
167 167 -1.0216263355444979
168 168 -0.7873711782434252
169 169 0.578092045861143
170 170 -1.8773445009565066
171 171 1.442386155104332
172 172 0.08068189743917903
173 173 0.7548898346637078
174 174 0.2610904953107121
175 175 -1.7717287776753923
176 176 -0.8731931548520699
177 177 1.2110283187734134
178 178 -0.20319837913488326
179 179 -0.11562133360138614
180 180 -2.6294312233789334
181 181 0.1373122096346705
182 182 0.2076706381037674
183 183 -0.6820219091736582
184 184 -0.47159960836533354
185 185 2.1591888552917995
186 186 -1.7581485441787563
187 187 0.6503135749835208
188 188 -0.5804547386633043
189 189 -1.0302350839903112
190 190 -0.9418160741339485
191 191 0.4307173794737101
192 192 0.30611701865125057
193 193 0.00725502455150717
194 194 -0.4398735599018436
195 195 -0.6081234490817149
196 196 0.5244456612571933
197 197 -1.713383182512555
198 198 0.7004285729173524
199 199 0.2789762003451169
200 200 -0.15472370860078322
201 201 0.83981180198391
202 202 0.6565521467232174
203 203 -2.5079226732271005
204 204 -0.48200381718559804
205 205 0.8337645570006468
206 206 0.3746413279811146
207 207 -0.3402620840021996
208 208 -0.23409374726339477
209 209 -0.4742318735436998
210 210 -0.4096675979957257
211 211 -0.9966430726697142
212 212 0.604777858439677
213 213 -1.0694616419958887
214 214 -0.08566266146341021
215 215 -0.19416856272157695
216 216 -0.6855931798009315
217 217 -1.0421235716853428
218 218 -0.7894658971973582
219 219 -0.09289631653627828
220 220 1.108031701190106
221 221 -1.6533943429018467
222 222 0.9726587572110071
223 223 -0.019139644999138148
224 224 1.947210810353474
225 225 -0.3735974590154592
226 226 -0.5211848902794033
227 227 -0.6837946062111102
228 228 -0.39775195235086663
229 229 0.3501624181130012
230 230 -0.6096708493678035
231 231 -0.6037812831845303
232 232 -0.40564601890351387
233 233 0.1922507646933769
234 234 -1.3573154759521693
235 235 0.27132766854556234
236 236 0.22296413332602621
237 237 -1.0161153584668237
238 238 -0.3506173917571942
239 239 -0.8334361063560436
240 240 1.7703996099631196
241 241 0.00954310338037013
242 242 -0.5753150738242622
243 243 -0.19091336466319833
244 244 0.4314039904228155
245 245 -0.09399185353137816
246 246 0.14639111363931853
247 247 -0.17819992852669347
248 248 -0.4589288996547703
249 249 -0.10764776430903854
250 250 -0.027650634996019403
251 251 1.9402787187863628
252 252 0.7867006117769018
253 253 0.8646317266562418
254 254 -0.37574224759171515
255 255 -1.0016946962036548
256 256 0.1147003774194351
257 257 -2.7767668559187726
258 258 0.6188637829514894
259 259 1.3688108462851936
260 260 0.9611910879935759
261 261 -0.16608835298059255
262 262 -0.7657101700451033
263 263 -1.298414170873524
264 264 0.781712578267754
265 265 -0.09327785935121871
266 266 -0.460805338121553
267 267 -0.6224569287945885
268 268 -0.845898647695435
269 269 -0.5924458273067971
270 270 -1.3477579355171037
271 271 -0.9397710994550561
272 272 -0.007861182681677762
273 273 -0.3058871239813609
274 274 0.8863665912133581
275 275 0.5117952167726635
276 276 0.03755925418197826
277 277 -2.6023409190984212
278 278 -0.32299024274642857
279 279 2.4701937275205372
280 280 -0.21274529438195475
281 281 -0.2768048693169833
282 282 0.4485549745672361
283 283 0.5830593005480704
284 284 -0.07794702988155595
285 285 1.8954246096579146
286 286 -0.021613508977537617
287 287 0.4185222107805734
288 288 -1.2833978572529712
1 2 1.451039090200238
1 4 1.102165771718662
2 3 -0.18954437827586948
2 5 -1.268924530367286
3 6 1.5930713480479544
4 5 -0.9836943005664337
5 6 -1.0329559881518162
7 8 0.1391922401596124
7 10 1.2564957059200847
7 157 1.387860175830622
7 160 0.26442452043761744
7 163 -0.2841030687095553
7 166 0.019795358618222268
8 9 0.7003620634778649
8 11 -0.48745385182895196
8 193 -1.3237025299206373
8 196 -0.5285653961241178
8 199 0.21127400543919742
8 202 -0.17255020637609547
9 12 0.49014061738377535
9 229 0.692053614369332
9 232 0.1623723964237981
9 235 -2.0460552891251407
9 238 0.19055742622429206
10 11 1.3572246011290228
10 157 0.3838949630521407
10 160 1.806175383779206
10 163 0.7093028438419023
10 166 0.1920193171237818
11 12 -0.06635172066366672
11 193 0.08445662187417277
11 196 -1.733439401424218
11 199 -1.38821578745528
11 202 -0.9023756800199759
12 229 1.305788941543637
12 232 -1.1442650948365076
12 235 -0.5581259368761693
12 238 -2.5941196805750577
13 14 -0.6798232001410928
13 16 1.9972690272214935
13 193 0.7381793866657319
13 196 1.3782936572316191
13 199 -1.5646479229592134
13 202 0.6919414109139954
14 15 -1.2334390355733074
14 17 -0.6536099267649462
14 229 -1.6092125610354633
14 232 1.8958244981371188
14 235 1.3909349432958902
14 238 -0.19738702333905217
15 18 1.3825433212965486
15 265 -0.5747479563308481
15 268 -0.19343697333334275
15 271 -0.2946984613768919
15 274 0.8795251361317995
16 17 1.5228193683908193
16 193 -1.8103490170912564
16 196 0.5927302673767413
16 199 0.610770403080634
16 202 0.26306851800594966
17 18 -0.2012427091198332
17 229 0.33518658700816567
17 232 -1.5842806654537394
17 235 0.2924563927332724
17 238 -0.4718795281322036
18 265 -0.8835955538050758
18 268 -1.639907086550737
18 271 -0.5058222119607895
18 274 -2.409239792835683
19 20 -0.40036490473016073
19 22 -1.43564109715249
19 181 -2.008552957664695
19 184 -0.5676448559871958
19 187 2.1085835378380233
19 190 -0.1739491051843195
19 193 0.05512889089918763
19 196 0.4737688371985082
19 199 0.7743354121333131
19 202 -0.9915010942572616
20 21 -0.8322818228657021
20 23 0.12253261249068323
20 217 1.3509291045049243
20 220 -0.5663918966916792
20 223 -0.4848763800971642
20 226 0.1892384087893713
20 229 0.12943387218516664
20 232 0.8985547873206756
20 235 -0.2610778806965036
20 238 -0.8740522313485664
21 24 1.3882631476755152
21 253 0.23544745014834045
21 256 -0.3807377139607182
21 259 -1.3198880681831295
21 262 0.037706132906597134
21 265 2.017273137153431
21 268 0.445899762094094
21 271 -0.5450012793370467
21 274 -0.2455789599997623
22 23 -0.1875816910788229
22 181 -0.007781889230769514
22 184 0.8861577603929867
22 187 -0.6712058408160277
22 190 -0.02626778037741933
22 193 0.2970373321641366
22 196 0.0242812299512215
22 199 -1.0416321857876076
22 202 1.2214804349842876
23 24 0.5309031076223417
23 217 0.6107603520024553
23 220 -0.5942473701939293
23 223 -0.431735598006375
23 226 2.6461797859220777
23 229 0.04688424489599008
23 232 1.0238700241323644
23 235 1.1521482705585486
23 238 -1.0002380032093385
24 253 -0.054273324910273674
24 256 0.21220682230081567
24 259 0.9013614925228509
24 262 0.7674320692317868
24 265 0.15707945350731692
24 268 1.469675992554703
24 271 -1.4622043864956855
24 274 0.4556337061820917
25 26 0.8544989393158293
25 28 0.17221326730957662
25 181 -0.3894912834359387
25 184 -1.2347242051065725
25 187 0.8728295742986286
25 190 0.5191991075791578
25 193 -1.6132131013973194
25 196 -0.13859870961346837
25 163 -1.2626931024275676
25 166 -1.9414957368172918
26 27 -0.6614683246965383
26 29 -0.3686944798611053
26 217 0.7302337846648392
26 220 -0.5182868444137816
26 223 -0.07844087241008263
26 226 -0.9557004572361514
26 229 0.41845345372061094
26 232 -1.1625625530202142
26 199 0.6582485969208366
26 202 -0.4013425697059178
27 30 -0.5157989851970493
27 253 -0.16570613299832074
27 256 0.505262708082953
27 259 -0.0942158555676974
27 262 0.423559274001263
27 265 0.014800008818049588
27 268 -1.2143702987476999
27 235 0.4932068998977313
27 238 -0.30255292749604057
28 29 -2.0722946321883424
28 181 -0.2591056488365773
28 184 0.042701103901247595
28 187 0.974921383354182
28 190 -1.1574550329661137
28 193 0.9596896692316378
28 196 0.09315862513183933
28 163 0.42619319472511585
28 166 -0.5978064755796404
29 30 -2.547442775376181
29 217 0.5089733933418225
29 220 -1.090708533973625
29 223 0.6952215613646286
29 226 0.46410110333694543
29 229 0.9433242610277325
29 232 -0.03856477663664149
29 199 0.6595697323250095
29 202 -0.382880024308236
30 253 0.7378771876850276
30 256 -1.1652904863785156
30 259 1.3682953946119796
30 262 0.055268505164422374
30 265 0.6814086883755953
30 268 -0.1887947955069452
30 235 0.9251416408424586
30 238 1.245380689808634
31 32 -1.3335136983311675
31 34 -0.3191255404323907
31 181 0.5567083891714372
31 184 -0.05548290595086474
31 187 0.9159056367911714
31 190 0.3959547852462818
31 193 0.6170442507004201
31 196 -0.12527869285388535
31 163 -1.3158598819819811
31 166 0.504495717640297
31 169 -0.8455688988148035
31 172 0.5037015860930775
31 175 2.2159142935520855
31 178 -0.37665625081231713
32 33 2.4549828738790853
32 35 0.44088548073658756
32 217 0.3851425280131874
32 220 -0.1881740421307955
32 223 0.4264295091503035
32 226 -1.6902713101789268
32 229 1.569443180973105
32 232 -0.9691661704228226
32 199 -0.8654362896626503
32 202 0.4094438903391685
32 205 0.1456868046520392
32 208 0.1932737035537671
32 211 0.49113994834321606
32 214 -0.479368649465981
33 36 -1.8011064986712504
33 253 1.7078506993496934
33 256 -2.157384422371792
33 259 -1.5663847991169408
33 262 0.16200371895638685
33 265 -1.4519922671293992
33 268 0.23488923886372343
33 235 -0.20492824955913738
33 238 0.5550455948362403
33 241 1.2002015077829973
33 244 -0.20047141969515894
33 247 -2.569054557869484
33 250 0.9781346613241934
34 35 -0.4999888988176288
34 181 0.9846805866915579
34 184 0.13197052321190442
34 187 1.0781075042407293
34 190 1.1215861578141848
34 193 3.2588966626052445
34 196 0.8597882064193896
34 163 -0.27851621131077786
34 166 -0.18363324805252482
34 169 -0.19651287109876994
34 172 -0.182943971732528
34 175 -0.1655271995487678
34 178 0.8097045995294752
35 36 -1.0167825824852943
35 217 1.6518467603720433
35 220 -2.0966426932368045
35 223 0.07798107222184948
35 226 -1.8511583594192993
35 229 -0.14835848572692906
35 232 -0.6349267586099172
35 199 -0.7960625828643603
35 202 -2.744641337431652
35 205 0.18928071801149562
35 208 0.19032656906234985
35 211 0.38660278608295723
35 214 -2.5347595219795696
36 253 -0.6360112825017616
36 256 0.6316241113000777
36 259 0.39615596952325405
36 262 0.22544213604230304
36 265 0.006028633278682939
36 268 -0.16749780243082082
36 235 0.8706877779852723
36 238 0.535593301092245
36 241 0.7623047770965021
36 244 -0.3525577960077694
36 247 -2.427769044456955
36 250 0.481167307773301
37 38 0.3977361572774767
37 40 -1.4504374291539943
37 181 1.4390344015447842
37 184 -1.1066067577631733
37 151 0.14165268311837
37 154 0.6244748551906085
37 157 1.0681858237307267
37 160 1.2618775870975696
37 163 -0.6642721727233156
37 166 2.6322559232185645
37 169 -1.4349207917095714
37 172 -0.28893261367767764
37 175 0.19327178747271742
37 178 -0.2955645779528643
38 39 -1.3082198895042878
38 41 -1.3119641111161304
38 217 1.2833623941857333
38 220 -0.16265408810380302
38 187 0.9239779251817483
38 190 0.4983641639817108
38 193 1.7188367865305036
38 196 1.0528433821590104
38 199 0.8088639415097278
38 202 -1.3917244705994947
38 205 -0.6463613900174636
38 208 0.8066472682616849
38 211 -0.8450109119408448
38 214 -1.111646098118659
39 42 1.2224724875404551
39 253 0.25386926651574604
39 256 1.1966788522194929
39 223 0.7093280615718989
39 226 1.0577499329073734
39 229 0.6506466782605153
39 232 -1.0206135429973653
39 235 -1.288802241947874
39 238 0.3042479073138625
39 241 1.6735566519675813
39 244 0.996574893688506
39 247 0.4410902692445139
39 250 0.4724088958095988
40 41 1.108019488942717
40 181 0.006297471361959138
40 184 1.2706568404545089
40 151 0.33112292655656583
40 154 0.15633429706333513
40 157 -0.42233719761450317
40 160 -0.43746784646653286
40 163 -0.8089920275719722
40 166 0.23362059449803155
40 169 0.44473077808023126
40 172 -1.1718336745233595
40 175 0.1973459826826984
40 178 -0.5839756702442843
41 42 1.0497007537287837
41 217 -0.9883142196204897
41 220 1.0905749839612446
41 187 1.1296540402107895
41 190 -0.439250671174226
41 193 -1.3562893708806634
41 196 -1.2170559105216245
41 199 0.7398909186902137
41 202 -1.0126419830634528
41 205 -0.039052660531925305
41 208 -1.467654730981251
41 211 -0.2426713865387408
41 214 -0.8228484967174661
42 253 1.4207434559648222
42 256 -0.1782442753576469
42 223 0.2128121010156656
42 226 -0.8105492538276373
42 229 0.2774014300388905
42 232 -1.4431567899152393
42 235 -2.6879742198864744
42 238 -0.5228113744433611
42 241 0.39007257951720736
42 244 -0.2842290374733476
42 247 0.8333493379222879
42 250 -0.8287979941804161
43 44 0.3477750090092172
43 46 -0.6123329949263804
43 181 0.6972487444683851
43 184 0.7497305948397356
43 151 -1.0103907647197279
43 154 0.2738962156299023
43 158 0.37705991683298773
43 161 -0.35638802942345305
43 164 0.5180577167542498
43 167 0.4074169452901058
43 169 0.28202576525026374
43 172 -0.19590654613320843
43 175 -0.21682372490030521
43 178 0.3920237120124045
44 45 -0.7918742094095034
44 47 -1.640273613147743
44 217 0.8566952437944939
44 220 -0.7931494100611314
44 187 -0.44117019043770733
44 190 -1.112055011953388
44 194 -0.24437086609612854
44 197 1.183846102860759
44 200 -2.6408203139475384
44 203 -0.630431484290551
44 205 0.47892317712059573
44 208 -2.0840166593258935
44 211 -1.0916187200562188
44 214 0.382471009873998
45 48 0.5260959211253332
45 253 -0.3748717854342853
45 256 -0.6630701233773699
45 223 -0.20648466541671642
45 226 1.6590463308430934
45 230 0.5634376380885535
45 233 -0.9813300020493662
45 236 0.6541551878347044
45 239 -0.5931976121100923
45 241 0.35532667235266413
45 244 -0.062269809421966374
45 247 -1.1361276974516608
45 250 -1.9422980273987345
46 47 0.9114736665239244
46 181 -0.4342023201283941
46 184 -0.5911314875222347
46 151 0.15144005855384715
46 154 1.797286999509866
46 158 0.005350835156869661
46 161 2.0207476934888544
46 164 0.28295453622470584
46 167 0.044136399965514446
46 169 1.3635818017950916
46 172 0.11733431645648808
46 175 1.2535784657844045
46 178 1.2493269534563387
47 48 1.5127042208926507
47 217 0.7592447437561327
47 220 0.5220811010405015
47 187 -0.28640264763225365
47 190 0.032523448708946516
47 194 0.2675206936987992
47 197 -0.2191297890862834
47 200 -1.3288591027931353
47 203 -0.17737822158138689
47 205 -1.6789481153063643
47 208 -1.5729455182949197
47 211 -1.2242401024851117
47 214 1.364348285084211
48 253 0.19228146978251756
48 256 -0.9838802915010162
48 223 0.29915806820299373
48 226 0.07856116184980076
48 230 0.04510774173686219
48 233 -0.5955134514144106
48 236 -0.790648355470957
48 239 -0.24941691754886447
48 241 0.6732111644170478
48 244 -0.7057301087898458
48 247 0.44795445294665975
48 250 -3.8664014999142404
49 50 0.719788835488974
49 52 -0.8885650727054653
49 181 -0.10062002904091381
49 184 -2.55779692703106
49 187 -2.1721887974982153
49 190 -1.0672207924717494
49 194 0.15865595896684567
49 197 -1.2775837280458044
49 200 1.2585513604359955
49 203 -2.7390451500703024
49 205 1.8122448658340728
49 208 0.6833797202521796
49 175 -1.2067752408709644
49 178 -0.8066195553464864
50 51 -0.5961493046062128
50 53 0.4736050782988037
50 217 1.1067138221574628
50 220 -1.0906765352688244
50 223 -0.6299872575668152
50 226 0.7054270930952002
50 230 0.7000198698862592
50 233 2.1956862437418914
50 236 -0.19910834350445397
50 239 1.6837110575868846
50 241 0.038868438917378165
50 244 0.4695888514003856
50 211 -0.31665973011689547
50 214 0.19658805690474632
51 54 0.7278812870339654
51 253 0.20126146820557764
51 256 0.2115331367645079
51 259 0.7915437445679444
51 262 -2.5038478011900134
51 266 0.7492447734581594
51 269 -0.08251762906421482
51 272 -0.7664277020020652
51 275 -0.24663974596463267
51 277 2.241262305235821
51 280 1.624160354727725
51 247 -0.1997996016006267
51 250 0.4108856267889184
52 53 -0.8688529488469644
52 181 0.23261462028893534
52 184 -0.13393298123847164
52 187 -1.2647209009086924
52 190 -1.6837431425427296
52 194 1.1354933750431362
52 197 1.0589797974062758
52 200 -0.3497438275157861
52 203 0.7035676865268022
52 205 -0.17703653003985206
52 208 0.8193015690057677
52 175 -0.31677278495343136
52 178 -0.012828917783431853
53 54 -0.9005126908596935
53 217 1.5963999383423957
53 220 -0.8812104469240908
53 223 -1.226269982927038
53 226 -2.3069804174023867
53 230 -0.9692914274656669
53 233 0.9047481544535175
53 236 0.25883758462926876
53 239 0.07745185492413582
53 241 0.5537227671572768
53 244 0.4443453941871378
53 211 -0.3789241331767353
53 214 -1.1582228416750266
54 253 0.21887123465935293
54 256 1.3761773086208358
54 259 -0.9402323103596617
54 262 0.36151815276552074
54 266 -0.3242963283514221
54 269 2.0472825582585292
54 272 -0.04459152645357677
54 275 1.0761942513184928
54 277 -1.2703067642041963
54 280 -0.5812560710391846
54 247 -0.3647274387220656
54 250 -0.6807072351196924
55 56 0.13488604463324877
55 58 -0.5918905933372448
55 182 0.13535719773681706
55 185 -0.27701819866207
55 188 0.36537686382272233
55 191 0.536811866479183
55 194 -0.28556007059440724
55 197 1.634690777552234
55 200 -0.392344257538936
55 203 -2.250867040038116
55 205 1.1108299086476463
55 208 0.039835262754767634
55 175 1.4101637727362855
55 178 0.58235102565142
56 57 0.7081276074497971
56 59 -1.4189508020691453
56 218 0.2528035583541557
56 221 -1.0563398680052698
56 224 -0.17340990021789077
56 227 0.4363195912614458
56 230 -0.3316147814115526
56 233 1.3036649057220238
56 236 -0.643818545902847
56 239 -1.1261943474257765
56 241 -0.8804065323696337
56 244 -0.06387363729047663
56 211 2.270170051742529
56 214 -0.025615102144508167
57 60 0.5227990785709428
57 254 0.678309809952171
57 257 1.0718891706261948
57 260 0.6529473536637626
57 263 -2.6549627848540065
57 266 -1.0075994835540005
57 269 0.9157831958820265
57 272 1.7125186657842575
57 275 1.0817315733824484
57 277 -0.75944455894967
57 280 0.4865374382538651
57 247 -1.263590187762325
57 250 -0.6971606309949955
58 59 -1.45908770143418
58 182 0.3785236172324384
58 185 1.0203248294766776
58 188 0.4184468596392822
58 191 0.5306152547775693
58 194 1.7003637134992664
58 197 0.7667845610079831
58 200 0.34062391726455216
58 203 -0.2551628076814549
58 205 -1.1667521522724011
58 208 -0.7319617841769916
58 175 0.6956089185929134
58 178 -0.6519361230926041
59 60 0.6957358465297008
59 218 0.6144461669856988
59 221 1.0075736923904643
59 224 -1.9102683536228677
59 227 0.21942063308787385
59 230 -1.1555516790203801
59 233 1.8868499060147523
59 236 1.1694850830088925
59 239 0.5652965946424342
59 241 -0.3462651078376839
59 244 0.28487931912737496
59 211 -0.5147747351330485
59 214 -0.0854889921034468
60 254 -1.058488680776911
60 257 1.7495423337085803
60 260 -0.2473296760158229
60 263 1.8665515208260954
60 266 0.31651365208883603
60 269 -0.3702522188443004
60 272 0.5403841452989412
60 275 0.06053035277289359
60 277 -1.3146490658408685
60 280 3.038493435484051
60 247 -0.3734435647114762
60 250 -0.07214236099625834
61 62 0.4286591475438854
61 64 -0.3141647101829642
61 182 0.7712392605497818
61 185 0.019923508262200813
61 188 -0.8872205869501736
61 191 -0.20809863815040447
61 194 0.2402140239673374
61 197 -0.8997924804345461
61 164 -0.23515679707835846
61 167 0.9104788055933292
61 169 3.2855982715756316
61 172 -2.006430524479914
61 175 1.4124679976800305
61 178 -0.24942758057477213
62 63 -1.5848898146367547
62 65 0.3537672936387294
62 218 -0.43371348853790737
62 221 0.523799144971068
62 224 2.051872592955603
62 227 -0.0856936636549224
62 230 -2.870941937526819
62 233 -0.04203659057274133
62 200 1.2581090009082005
62 203 0.025049237107042745
62 205 -0.7477684848415583
62 208 0.30269307532933304
62 211 0.4120103739091959
62 214 1.6333316615169395
63 66 -0.8343093601933702
63 254 1.296326352924562
63 257 0.3124580147815885
63 260 -0.5917989017526885
63 263 0.491307872688189
63 266 -0.36963927440996874
63 269 -0.1598182809027501
63 236 -0.5913507322369581
63 239 -0.4320548022326346
63 241 -1.0343368493542904
63 244 -0.05767578897042808
63 247 0.46310467353740065
63 250 -0.15288972744051024
64 65 -1.0502602150791966
64 182 0.009365103658861725
64 185 0.77465292081468
64 188 -0.6398237347714287
64 191 0.14315884248463345
64 194 0.8905454333130439
64 197 -0.33394056599084093
64 164 0.06995330503625966
64 167 1.574769315425547
64 169 -0.0494323387254287
64 172 2.952393443837745
64 175 0.23186303120897453
64 178 -0.7540041358468075
65 66 -1.5952165869508104
65 218 -0.8270201174981274
65 221 -0.5193771830213239
65 224 1.2061203271312515
65 227 0.654060827613478
65 230 -0.5211303557862018
65 233 0.866542474368434
65 200 1.6672588311947836
65 203 -0.5558118521041904
65 205 -1.477444066280705
65 208 -0.44475488149564585
65 211 0.0014731132229045417
65 214 -0.647672551666307
66 254 -0.7889174172646515
66 257 0.7929260023039707
66 260 0.7549306156283366
66 263 -1.1180607189441214
66 266 -0.32140621149636145
66 269 1.9661862110611625
66 236 0.9121660187360062
66 239 1.75705161865635
66 241 -1.5417153410900362
66 244 1.2543997588333518
66 247 0.9821343614824097
66 250 0.8045150383815975
67 68 0.015764985779505896
67 70 -0.49329080579978835
67 182 0.25773238665070547
67 185 -0.06569492510319362
67 188 -1.5330843768568132
67 191 1.3139277834087333
67 194 -1.7975534751037308
67 197 0.39925934898423476
67 164 -0.0945901815665218
67 167 -0.9786490443362487
67 170 0.8064732511983141
67 173 0.18485180600246523
67 176 0.7356387331875961
67 179 -1.2714340234350368
68 69 -1.3562701964643666
68 71 -0.14603477564581463
68 218 2.0910851793366017
68 221 -0.38644288494691753
68 224 1.3556897964531844
68 227 1.3720199999443712
68 230 -0.07829215975823928
68 233 2.5732019539994533
68 200 -0.532156792446499
68 203 -0.0838391758109722
68 206 -1.4945674567703733
68 209 -2.21170910309452
68 212 0.8270284125812102
68 215 -0.34235632479870637
69 72 -1.475167230196627
69 254 -0.1746503331586894
69 257 -1.3331330974257567
69 260 1.337922009010185
69 263 -0.917572760841101
69 266 0.9323658073485492
69 269 -0.5367243857707089
69 236 1.0128286546229108
69 239 -1.4509937071713597
69 242 -0.32234776473661575
69 245 0.3160092357284541
69 248 -1.317772900476456
69 251 0.9552618887625849
70 71 -0.883901423641158
70 182 1.004068265282074
70 185 -1.683784156986147
70 188 -0.9558653470404264
70 191 -0.3414752776326525
70 194 -0.7829265350542259
70 197 -0.47735861975613764
70 164 1.9682991090237818
70 167 0.288262585414565
70 170 -0.8519828145352469
70 173 0.8052594963519707
70 176 -0.6555301202611274
70 179 -0.5082247872734779
71 72 -0.19121878281324958
71 218 -1.5342791662420294
71 221 -1.2546448118056304
71 224 -0.012467551975396219
71 227 -0.2811239910873413
71 230 0.10756902859843032
71 233 0.006245918377079025
71 200 -0.00814380933335505
71 203 0.1231495011276235
71 206 0.1831297532454816
71 209 0.5674377787646291
71 212 -0.2751147782701993
71 215 0.47161981330789493
72 254 -0.05996877529504514
72 257 0.6934579925025439
72 260 -0.20722258781482514
72 263 -0.5976074995474349
72 266 0.8630269619806131
72 269 0.16725881036145201
72 236 -0.1178645343278481
72 239 -0.9828649093055345
72 242 1.1438631189008106
72 245 -1.3201904972880503
72 248 -0.5773333911175349
72 251 -0.4773569154146078
73 74 -2.1241713514893257
73 76 2.0592464744654824
73 182 -0.4399348882769462
73 185 -1.1210151926008787
73 152 0.5319263834405462
73 155 0.1440007669031762
73 158 -0.4854952103471648
73 161 -1.210079580247049
73 164 0.10056409120585622
73 167 0.15671293167970968
73 170 0.9386212985223937
73 173 -0.8363721814271776
73 176 -0.16330312638352112
73 179 -0.591733784863777
74 75 -1.0660691740739414
74 77 0.5080638374476625
74 218 0.008543067683489896
74 221 0.6543754677785691
74 188 -0.8260706265478398
74 191 -0.8395126283058664
74 194 1.2541639454732094
74 197 0.4521688797955699
74 200 0.01180572218321315
74 203 2.236765858211085
74 206 -0.9491499710719776
74 209 0.9095808731744991
74 212 -1.6498544068538545
74 215 0.810363140704796
75 78 -0.4530383383380896
75 254 0.2439723546912373
75 257 -0.9157508388423166
75 224 -0.6546873540191782
75 227 -1.4927028451993343
75 230 -1.0916492278636023
75 233 0.006695799803806298
75 236 0.015361055171703211
75 239 1.3756389894202417
75 242 0.9709889190509202
75 245 -0.5413187843495604
75 248 0.15837311057634082
75 251 -1.8923669845786073
76 77 -0.5351097417314655
76 182 0.12795484543538813
76 185 2.2238617525776117
76 152 -1.2508518581946524
76 155 -0.8951296928271109
76 158 -0.5069314084883764
76 161 0.9374385159368831
76 164 0.21476512756611868
76 167 0.6761517705013845
76 170 0.18658043692595982
76 173 1.5975612192439466
76 176 -0.3700546941808542
76 179 0.12483342230635502
77 78 -0.3866305387897028
77 218 -1.3747251974505346
77 221 -3.281182874197246
77 188 -1.0183738961737099
77 191 0.5117292555707634
77 194 -0.502194154496804
77 197 0.92400218666498
77 200 -1.3658783259466922
77 203 -1.6171448890566862
77 206 0.007649770459109503
77 209 0.6687286552252125
77 212 -1.6776149732125951
77 215 0.7805096756994485
78 254 -0.42486395349696476
78 257 0.45939434224179293
78 224 -1.1071904277546236
78 227 0.5926386430542774
78 230 -0.47159622442209836
78 233 -0.48219480863890996
78 236 -0.15332426725471332
78 239 0.15542334696376764
78 242 1.186210859940461
78 245 -0.22634723177162927
78 248 0.09746422468704433
78 251 -2.4970648923240293
79 80 -0.20051247899723967
79 82 -1.227186422792332
79 182 -0.864325179341894
79 185 -1.130281190361453
79 152 1.1863222344353954
79 155 0.39634792529761803
79 159 1.5085570029793065
79 162 0.011094973229293714
79 165 -0.07823192265247762
79 168 -0.3042421745563359
79 170 0.469648253586175
79 173 0.5619724864983927
79 176 -0.37607411095549226
79 179 0.40604565373674356
80 81 -0.6626099925338432
80 83 -0.9199145139452272
80 218 -0.22322031422004301
80 221 -1.552007383541193
80 188 -1.1298783699810846
80 191 -0.6843576792284897
80 195 1.1191990406469958
80 198 -0.42187414005877405
80 201 -0.488542539285411
80 204 -0.1417222894358598
80 206 -0.20558838907787708
80 209 0.9124119381123925
80 212 -0.993609628500925
80 215 1.015344288688005
81 84 0.6679195988338825
81 254 -0.09626030022969259
81 257 -0.4781731023208613
81 224 -0.6908859924966407
81 227 -0.11241427033244147
81 231 -0.6636157633323106
81 234 1.3632969407271636
81 237 0.12550239198144447
81 240 0.4023163719007169
81 242 -2.3758356628048656
81 245 0.11985431555512956
81 248 -1.6123790707031354
81 251 1.8912196989016945
82 83 -0.861123681329464
82 182 -1.0740907741367531
82 185 -0.918211749258296
82 152 1.2260066998804462
82 155 -0.3591420581861693
82 159 0.7115619752476068
82 162 0.5117125193054378
82 165 -1.7718490922279595
82 168 -1.5781315060857835
82 170 -0.6815560982429463
82 173 -0.752654529363401
82 176 -1.358273304205912
82 179 1.0187998499118511
83 84 -1.283238575799523
83 218 0.39235324210610256
83 221 2.019410191169915
83 188 -0.09920077587882384
83 191 -0.5677698379358583
83 195 1.0053836296606247
83 198 -0.40220665282875134
83 201 -0.345045918080923
83 204 0.18207086800144912
83 206 -0.2945537527162074
83 209 -1.8628811587310152
83 212 0.5156681301111273
83 215 1.0948074855764414
84 254 0.23977062171023172
84 257 1.3135061216370552
84 224 1.5914412388949017
84 227 -2.191142448707719
84 231 0.29147209189170736
84 234 -0.046861036648486426
84 237 -0.1545126735600973
84 240 0.25827577489436254
84 242 0.3985480710108055
84 245 -0.34698382215733203
84 248 1.4474124794717294
84 251 -0.17759250533355195
85 86 -1.6664632945610993
85 88 1.404712621818823
85 182 -0.9140183596221733
85 185 -0.08354599281991253
85 188 -0.11223922487086076
85 191 -1.210253931140196
85 195 0.34793073629678234
85 198 -0.9942951043230263
85 201 -1.755249786257076
85 204 -1.874145926563754
85 206 2.5353596242269583
85 209 0.6233081938179783
85 176 0.8771234064347128
85 179 -0.9075282297649364
86 87 1.1719440561177132
86 89 0.5979615154194923
86 218 -1.2413639608620006
86 221 1.3307248143364097
86 224 1.2176520738786567
86 227 -1.9101591364677961
86 231 0.5481417318475207
86 234 1.1346597489897416
86 237 -2.23936711514049
86 240 -0.19489455602165903
86 242 -1.368050021510457
86 245 1.6263748319345392
86 212 -0.5287060221167562
86 215 0.4958305913928088
87 90 0.24130678773159436
87 254 0.5555657849395006
87 257 0.8749872473554486
87 260 -0.5653573382691084
87 263 0.5906947560615945
87 267 -1.2056364204214578
87 270 -1.1250278402563045
87 273 -0.30214595165991104
87 276 0.5615124515132126
87 278 0.8259672435847275
87 281 0.27291733168108445
87 248 -1.2378137595944938
87 251 -0.5202085656641641
88 89 -1.2885446006493362
88 182 0.35249452722705454
88 185 0.9316483813838418
88 188 0.9687651066192708
88 191 -1.8605391226213146
88 195 -1.0321098473267714
88 198 0.6723963761681585
88 201 -0.5413285253670607
88 204 -0.2697796638718198
88 206 -2.019649133395629
88 209 0.008823900367978116
88 176 -1.1500690737643828
88 179 -0.923462157413235
89 90 0.23319976252369692
89 218 -0.437631978075846
89 221 1.1611025082727517
89 224 0.09426769479854419
89 227 0.770770871823705
89 231 1.0205596098235779
89 234 0.5619694292267564
89 237 1.2007797816590728
89 240 -0.9034138093285308
89 242 -0.40341545086224334
89 245 -0.05294151652999129
89 212 0.4164619584261742
89 215 0.806719174679391
90 254 0.6353179995829921
90 257 1.2264330249997246
90 260 0.008645355378109806
90 263 -0.03963240081291807
90 267 -1.4540987355673223
90 270 1.0883352720429162
90 273 0.821472803286292
90 276 -1.2372547331891182
90 278 -0.29874078936464554
90 281 1.3806871227246165
90 248 1.1639077891286642
90 251 -0.044655497899350985
91 92 -0.33186227198925866
91 94 -0.08338686668081972
91 183 -0.04192858223785646
91 186 -0.4412659875408275
91 189 0.6858938818469815
91 192 0.4794155462230511
91 195 1.363907921684509
91 198 0.10978286363931669
91 201 0.12833990927481095
91 204 -0.9946845417659467
91 206 0.004422180512305056
91 209 -0.44894595422512296
91 176 -0.6978141871451271
91 179 -0.1284257433494868
92 93 -0.19620572826404986
92 95 0.6788544420459858
92 219 -1.5496071113724497
92 222 -1.2360105776807473
92 225 -0.6676659374164231
92 228 0.5709129436777337
92 231 -0.6880977475046682
92 234 -0.8318945815292854
92 237 -1.0047031050446145
92 240 -1.0705330235843729
92 242 -0.9573076143730275
92 245 -1.384636900975076
92 212 1.0678109268048224
92 215 -0.9872140297233374
93 96 -0.9258061959408164
93 255 -0.054595218253403376
93 258 -0.8228513209698306
93 261 -0.17156288390170155
93 264 1.123111564755285
93 267 -0.9903943045088748
93 270 0.13112440945936257
93 273 1.4497173386307989
93 276 0.5038542522823191
93 278 1.7217438562189868
93 281 -0.6605259113275564
93 248 -0.08953443986465144
93 251 -1.2437292410438416
94 95 -1.3189727169625518
94 183 1.6685231206908466
94 186 1.753240977615823
94 189 -1.1586953507175701
94 192 -0.2452364257395158
94 195 -0.6687920730022894
94 198 -0.7772881193097301
94 201 -0.7197729848068418
94 204 0.9193038476048812
94 206 1.0038179872416302
94 209 -0.7355335027950344
94 176 0.12452876636989896
94 179 1.1689869071279722
95 96 -1.052097910454978
95 219 -0.20704084445314885
95 222 1.7200965025698196
95 225 -0.7919480346334191
95 228 -0.993143430706054
95 231 1.4409170864001974
95 234 1.3702058338893859
95 237 -0.7866044316369448
95 240 -0.32859344563305465
95 242 -0.8826773888255895
95 245 -0.030087593294368768
95 212 1.1237069481897692
95 215 0.7400435575416133
96 255 -0.07095036344430392
96 258 0.23015148808791405
96 261 -0.1096464694080089
96 264 -1.5427864694342317
96 267 -0.5164987857118303
96 270 1.8261858923287895
96 273 0.6938503230695423
96 276 -0.5648169956487487
96 278 -0.0778826738943324
96 281 -0.5706528883787019
96 248 -0.22579485901417054
96 251 -0.3560736224306215
97 98 0.01782135658238646
97 100 -1.818586055042735
97 183 0.34147013032782825
97 186 1.8599743301487806
97 189 -0.7399445164068184
97 192 -0.17877466780494564
97 195 -0.719213884338463
97 198 0.16069848646545035
97 165 0.11719226972033717
97 168 0.8867234823146527
97 170 -0.21991045080701918
97 173 -0.13349379955991086
97 176 0.6325050654094913
97 179 -0.3467469458706387
98 99 0.9552962003753059
98 101 -0.7039187002931521
98 219 -0.12869260647257497
98 222 0.09744431692450678
98 225 0.3210496710071069
98 228 -1.2553747155786195
98 231 -0.6623267076353591
98 234 -0.19145377751699583
98 201 0.8106423868743411
98 204 -0.041677349207813574
98 206 -0.2995023229305514
98 209 -0.20895917945725279
98 212 1.143396002281819
98 215 -0.9935560547414807
99 102 0.36811031729078536
99 255 0.4456327774095006
99 258 0.2355177394799147
99 261 0.9227203238277196
99 264 0.379986897489644
99 267 0.8214247995410264
99 270 0.00039084707348055583
99 237 0.35716886609306303
99 240 0.6672939434383747
99 242 -1.5242462414767748
99 245 -0.4322326335491491
99 248 -0.3355798265143241
99 251 -1.0879516791998403
100 101 0.4981814802475668
100 183 -1.2078428222746775
100 186 0.6572069740442766
100 189 -0.17453707346394567
100 192 -0.5087746649326118
100 195 1.0529090299327135
100 198 2.070438168568009
100 165 -1.6062050369524217
100 168 0.3132406671930347
100 170 0.8715053204513966
100 173 -0.1732584217640303
100 176 -0.23199993945099887
100 179 0.008232668816305196
101 102 1.495599088362849
101 219 1.70947140507383
101 222 0.39502399501015756
101 225 -0.32480312946427625
101 228 1.4901436679011102
101 231 0.8902246641493885
101 234 -0.8213819223072745
101 201 -1.0821535898789003
101 204 -0.5302335864225242
101 206 -1.0318782602257603
101 209 -0.3268719654782687
101 212 -0.06704494489993616
101 215 -1.4936000899025
102 255 0.6956824597016462
102 258 0.24480594235949815
102 261 -0.8261889946415838
102 264 -0.5241641927504438
102 267 1.9644464668439892
102 270 2.2814398805494442
102 237 -0.6460459202637222
102 240 -0.576341692993278
102 242 -0.9229984161726533
102 245 -0.6411594915431442
102 248 -2.0983288753561347
102 251 -0.5458505229393285
103 104 0.2617689405295681
103 106 0.3639148516187756
103 183 0.6671304404204922
103 186 1.2503897102900494
103 189 1.133646711655768
103 192 -0.24274195543553517
103 195 -0.24541225429524408
103 198 0.11167049850463517
103 165 -0.9101728443233112
103 168 -1.1347982049700533
103 171 -0.9272287740282553
103 174 -0.4516232749184396
103 177 -0.6904937387489049
103 180 0.8770437658727583
104 105 0.7271403309473514
104 107 0.15720498180710124
104 219 -0.013510478922397127
104 222 0.08625777119335581
104 225 0.9196298342083983
104 228 1.092730497532218
104 231 0.7710055863170878
104 234 0.5722759457215114
104 201 0.07155520943755718
104 204 2.094735945268184
104 207 -0.27787356396053337
104 210 0.47960009876508514
104 213 -0.5659244422389402
104 216 -1.2494666429635264
105 108 -0.6216454568513284
105 255 -0.5612665590545054
105 258 2.0661681662490055
105 261 -0.3781346878626582
105 264 -0.3831020503906398
105 267 -0.4427244865891593
105 270 1.0041351934284568
105 237 -1.9542102573794957
105 240 -0.7197057457960286
105 243 -0.9919999843679072
105 246 -1.755695907323175
105 249 0.05624800533442347
105 252 -1.349598492195849
106 107 -0.9007003691002016
106 183 -0.7661224890639347
106 186 -1.13056431836398
106 189 -0.35251714297124837
106 192 1.171290329985471
106 195 0.8613592659911322
106 198 1.7752627492044144
106 165 0.03274514022593206
106 168 1.7570030831767018
106 171 0.9551899550349398
106 174 -1.0758378452210737
106 177 0.2575242860610578
106 180 -1.298753159590389
107 108 -0.838292766952938
107 219 -2.5456241620943234
107 222 -0.7460236227433976
107 225 -0.4148596651611725
107 228 0.2549151004386959
107 231 0.9040805148179615
107 234 0.19960325318721958
107 201 -0.48440667373889157
107 204 0.08136952177169696
107 207 0.5283508152152608
107 210 0.20575623753653768
107 213 -1.0672734568163742
107 216 1.3203320485600196
108 255 0.7582319272790151
108 258 0.309456184517315
108 261 -0.3755361250984878
108 264 -1.0846412361186102
108 267 0.48446421252986455
108 270 0.2925771784903539
108 237 2.027018574631606
108 240 -0.526463819405543
108 243 0.6077299423814249
108 246 -0.2425520287206934
108 249 -0.6433204822525326
108 252 0.05415949240458465
109 110 -1.251089839936345
109 112 -0.05542179729109656
109 183 1.0353382184956492
109 186 0.37379887615468277
109 153 0.6972844260423969
109 156 1.2071901672359668
109 159 -1.5913672763343774
109 162 -0.5647685658368858
109 165 -3.574326667828727
109 168 0.10078741295165733
109 171 1.0246831309294724
109 174 -0.41160796880772565
109 177 -1.182689626762152
109 180 -1.4566256006559843
110 111 0.311877321990186
110 113 -0.7068408714155384
110 219 -1.3991761905467945
110 222 -0.28125760455981036
110 189 0.8775197187854555
110 192 1.083629317121611
110 195 -0.6130622041555902
110 198 0.11000702448587783
110 201 -0.8162458643330207
110 204 1.8843058553196679
110 207 -0.5011599200599769
110 210 -1.1727333778235678
110 213 -1.4402698966329495
110 216 1.793970211372411
111 114 -0.03200180455828712
111 255 1.1351100049285063
111 258 -0.7342409435520301
111 225 0.08371912427616247
111 228 0.2492558782907648
111 231 -1.1922335769008152
111 234 0.8778993458500214
111 237 -0.49018471247303647
111 240 0.585896493809267
111 243 -0.9168890694110503
111 246 0.46466456935145306
111 249 -0.8443082270195533
111 252 0.13726207400428492
112 113 0.0594437815895539
112 183 1.0701011179149293
112 186 -0.4280747024757406
112 153 -0.026209408710831848
112 156 -0.9894280384459371
112 159 -0.8103370607468726
112 162 -0.453346700534358
112 165 -0.13783450721458718
112 168 -0.2927753370595659
112 171 -1.5375579298463729
112 174 -0.15933934073459247
112 177 -0.8438296691365
112 180 0.003798013480873409
113 114 0.4361357965550453
113 219 -0.9367681224689028
113 222 -1.5054322440508232
113 189 -0.5641191325551461
113 192 -0.7959546733364157
113 195 -0.6924774211606732
113 198 0.05307021872156727
113 201 0.7437949452687442
113 204 -1.1852815608881522
113 207 -1.4783459556055527
113 210 -0.5547495811933075
113 213 0.01169710971097927
113 216 -0.9554089745679942
114 255 -1.6537805841841489
114 258 -0.5912690785859671
114 225 0.2141018293115137
114 228 0.27533264125830803
114 231 -0.02666313189036419
114 234 0.028202494364953416
114 237 0.03178999576559211
114 240 -1.2218202175961668
114 243 -0.5538093406298997
114 246 -1.1705933186474895
114 249 0.17335302900770744
114 252 0.47038211981322536
115 116 0.9164608892870554
115 118 0.26715146137219425
115 183 -1.8977995446793445
115 186 0.8983379622194531
115 153 -1.8637434586565278
115 156 0.6568900890272708
115 171 1.0445421421883234
115 174 -1.5177637078677306
115 177 1.9383183536078579
115 180 0.681128464390796
116 117 -1.345785300762157
116 119 0.09635484962075441
116 219 -0.15648647915558667
116 222 0.9592547504250278
116 189 -0.7643807542124761
116 192 -0.49449402274456317
116 207 -1.4166074326047844
116 210 -1.7500457226457395
116 213 -0.7177249689642861
116 216 0.38950403824914726
117 120 1.8501605992878887
117 255 0.4954856213882312
117 258 1.0055952603460103
117 225 -1.6917485537020351
117 228 1.4695040360444562
117 243 -1.5654870878702227
117 246 1.586841375441261
117 249 0.08312250624313801
117 252 -0.09798189887723761
118 119 -0.9959525711929473
118 183 1.3150986150179655
118 186 1.1619698039520376
118 153 -3.2275420141972258
118 156 0.2494687700208414
118 171 -0.24075988036763415
118 174 0.027569325166460826
118 177 1.2716009992018888
118 180 -0.2262538860284691
119 120 0.2642814449467211
119 219 1.1435264865859418
119 222 -0.8123503853392978
119 189 2.238147177603127
119 192 -1.6733359136826536
119 207 0.9163730257875723
119 210 -1.3989026785830325
119 213 0.14290738660526428
119 216 0.14271524005630687
120 255 -1.1480959083821793
120 258 1.371638740059651
120 225 -1.120020952762548
120 228 -1.190523344818973
120 243 -0.43385791977392096
120 246 1.4793703872495678
120 249 -0.23531020624203566
120 252 0.41528555885626617
121 122 0.055076930147753465
121 124 0.10934138303142726
121 183 -0.513803834316231
121 186 -0.4960723000430132
121 189 0.4666585498575383
121 192 0.4205555238188086
121 207 -0.6023046493875839
121 210 1.2876324701320603
121 177 0.7691651180352038
121 180 0.08051206147850262
122 123 -0.013317520621815352
122 125 -0.16252676286312795
122 219 -0.8168282689100872
122 222 0.002219731445311303
122 225 -0.7155518299312223
122 228 0.1318028552403431
122 243 -0.716032941183437
122 246 -1.9077213349058324
122 213 -1.1383222714782806
122 216 1.2635126885657073
123 126 -0.23898897215777865
123 255 -0.1331494067507997
123 258 -0.7895730405793573
123 261 -0.7069278662067663
123 264 0.6881148708830804
123 279 -1.0205819226759827
123 282 0.3432030121448878
123 249 -0.4197624295314721
123 252 0.821321176481893
124 125 -0.5320079610525772
124 183 0.29556040938095307
124 186 0.2882148353350354
124 189 0.057543633956131414
124 192 -0.8971515133892541
124 207 0.173745843237816
124 210 -0.3455822747683582
124 177 -0.322807610106801
124 180 1.8848592389751126
125 126 -1.466527182939736
125 219 -2.4602226049932017
125 222 -0.3068958576899121
125 225 0.6671927220503929
125 228 -1.4762832176908116
125 243 0.6531530264402241
125 246 -1.8629366545383375
125 213 -0.651642561975008
125 216 0.0026617002181244073
126 255 1.235337513264056
126 258 -0.6572514626267549
126 261 -1.7599080743203643
126 264 -2.130707379085136
126 279 -0.006915315068882434
126 282 -0.14672457316732265
126 249 0.5683562378007277
126 252 1.109704426314866
127 128 0.4039487991422533
127 130 0.4003365115255455
127 207 1.6733623118952274
127 210 -1.7889080489080815
127 177 -1.0381640223245057
127 180 1.638308029917983
128 129 0.4559566990690703
128 131 -1.4013395907762907
128 243 0.36373637214244314
128 246 -0.2558883561826579
128 213 -0.18403142793967472
128 216 0.14387930707645605
129 132 -0.8448247519644994
129 279 -0.074307217040397
129 282 -0.5213566051940971
129 249 -0.26328557326470775
129 252 -0.49956385567796774
130 131 -2.5207385983596793
130 207 1.2174930606620582
130 210 -1.37791340229744
130 177 -0.399588753018378
130 180 -0.8433733797356304
131 132 0.6914765848123245
131 243 0.0443475102161017
131 246 -0.6906761261308336
131 213 -0.7421922331320127
131 216 -0.8965711385075074
132 279 -0.8234570868927021
132 282 -0.1965170441413848
132 249 -0.057204711230808176
132 252 1.383495891168856
133 134 -1.4797952501699185
133 136 -1.3898672905737515
133 171 0.33814296784891623
133 174 -1.615796471036263
133 177 2.299864129804066
133 180 0.8378174691139445
134 135 -0.23223090628423237
134 137 -0.5607631768068168
134 207 0.7633863477777064
134 210 -0.880781769396691
134 213 -1.5149332733941312
134 216 1.6310253139561148
135 138 0.21547815072774512
135 243 0.2766771183283172
135 246 0.31631813502462397
135 249 -0.3096725998985745
135 252 1.1754928224191714
136 137 -0.06243023445429286
136 171 -1.9820812397307161
136 174 1.5197462453555732
136 177 1.3593393998863263
136 180 0.619034580680819
137 138 1.9429711462440291
137 207 -0.027196701692571365
137 210 -1.1611081679038702
137 213 0.07517427159176705
137 216 -0.7681072618977773
138 243 -1.0526696996029772
138 246 0.700757007857929
138 249 1.7944987800692656
138 252 0.9299698715058151
139 140 1.5845705112262916
139 142 0.3863899281876325
140 141 2.472030430984408
140 143 -0.3086041707351751
141 144 -1.335963338852555
142 143 -0.9927878783114871
143 144 -0.1026659947541227
145 146 0.9543272609248659
145 148 1.1681975576109647
146 147 -0.20307297864756715
146 149 -0.48980503629005684
147 150 -0.4343781735094555
148 149 -1.7587045115639288
149 150 -1.1086158642363217
151 152 -0.49851263293131076
151 154 0.6491938143100331
152 153 -0.7370339233748062
152 155 0.00974980348190223
153 156 0.11070949054467899
154 155 -0.36847237105635167
155 156 -0.42443559091622296
157 158 -2.384214616190912
157 160 -1.0845468862197787
158 159 1.0764400610145046
158 161 0.7840481493407153
159 162 -0.3657755815235378
160 161 0.6282777337490503
161 162 -1.8799183370363866
163 164 1.1773565038609306
163 166 0.9792707235022866
164 165 -0.3011542549280435
164 167 -1.6151867622112552
165 168 -2.077849843898852
166 167 1.5992140829926902
167 168 -1.0247578328522862
169 170 -0.022131985889837322
169 172 -2.270868561066031
170 171 -0.5452203382946886
170 173 0.44007505325490615
171 174 1.6141190624198707
172 173 -0.40874879478397136
173 174 -0.026726155298602738
175 176 -0.6338171885811604
175 178 0.4850708803378054
176 177 -1.1132987246837753
176 179 0.9270730726594767
177 180 0.14842717621545268
178 179 0.9679335424692679
179 180 0.1890933537137783
181 182 1.1848205779247607
181 184 -1.3441178391361923
182 183 -1.7420283275300692
182 185 -1.7391191056852962
183 186 -1.1168948550566489
184 185 1.4658137798954223
185 186 -0.5530856856093519
187 188 1.1611412498187113
187 190 -1.1238616041328002
188 189 1.4685274011844625
188 191 0.7944450981708242
189 192 -0.46079921790474426
190 191 -0.8534179072323498
191 192 1.6901359069691198
193 194 -0.3599063682517156
193 196 -0.15971955926045192
194 195 -0.333296002483721
194 197 -0.013918196233181872
195 198 -0.5612580139972709
196 197 0.9851789897584797
197 198 2.1911564672271573
199 200 0.3365014095040808
199 202 -0.23454680060202168
200 201 -0.4083073892892435
200 203 0.28896316400979916
201 204 1.4900216375033926
202 203 -0.7708093446376557
203 204 -1.326856744032102
205 206 0.34510920770913767
205 208 -0.7257828247385109
206 207 -0.49243797226693364
206 209 -1.579048521698627
207 210 2.243678322285578
208 209 1.5363198165345349
209 210 0.9558493879583505
211 212 0.6534050036012868
211 214 0.5353079876129045
212 213 -0.15065547426184675
212 215 0.057775081823671644
213 216 0.3025311579642117
214 215 0.7588344825420857
215 216 2.0705901595972
217 218 0.6107752665403424
217 220 0.7137611250523144
218 219 -0.23615403570430724
218 221 -1.2320549823211375
219 222 0.13481414888279447
220 221 1.6742621088012717
221 222 0.7895556847038264
223 224 -0.7136438591202942
223 226 0.7618044308478967
224 225 -0.04476123265611173
224 227 1.4758601415363484
225 228 0.003250748146350729
226 227 -0.7941777263565689
227 228 0.7175043445661639
229 230 -1.1632871399715372
229 232 -0.2613390486250021
230 231 1.01935335125493
230 233 -1.1328456781590706
231 234 0.1845747229659712
232 233 0.9732706806148341
233 234 -0.2162082139467453
235 236 -0.5338512951802201
235 238 0.994710159471681
236 237 1.1769082432855702
236 239 0.5565168398094437
237 240 -0.4681121991427829
238 239 0.3306620878920269
239 240 1.237546565622223
241 242 0.6094888279061477
241 244 -0.06539225174427413
242 243 0.22739905386359724
242 245 -1.093725945231767
243 246 -0.7610099179069226
244 245 -0.11497552472114855
245 246 0.982971518670151
247 248 -0.7574609350164466
247 250 -0.7294364496607932
248 249 -0.7724091602607224
248 251 3.426175562462367
249 252 -0.6129508893844362
250 251 0.09256760131873235
251 252 -0.7682335529944718
253 254 1.4673170181103778
253 256 -1.9497348790083378
254 255 -0.40194725941000026
254 257 -1.9637249316454524
255 258 -1.7159308962490394
256 257 -0.9191639771036161
257 258 -0.1738613954613349
259 260 -0.8078467097077224
259 262 1.7720869195891735
260 261 -1.311585599326394
260 263 1.729191369570628
261 264 -1.4525659760379597
262 263 -2.599133172868388
263 264 0.7996212267284055
265 266 0.692694184148958
265 268 -0.8935324226920132
266 267 -0.8558971574117225
266 269 -0.08274370887783701
267 270 -0.31846776606114485
268 269 0.8405838747064074
269 270 -0.1160637640884418
271 272 0.9505518116166315
271 274 -0.22368387817237673
272 273 -0.4225233680136253
272 275 -0.5376055827005972
273 276 0.4784074312691622
274 275 -0.07486929484807439
275 276 -0.1826802321642115
277 278 0.19208742056430558
277 280 0.32789276353442925
278 279 -0.8595990490023704
278 281 1.2561697404481098
279 282 0.32186863001172233
280 281 1.3980408357038634
281 282 -1.2998341382492797
283 284 -2.5245601157129394
283 286 0.2705503202974104
284 285 -0.7648800908070295
284 287 -0.6303322962808632
285 288 -0.27829861205878037
286 287 -0.2843211731136368
287 288 1.2332639940841696
