# 
1 1 0.8393714208276711
2 2 -1.4302784050370452
3 3 0.8121211910821354
4 4 0.23398808611884253
5 5 1.4265001850033696
6 6 1.1207475192951695
7 7 -1.222004105819397
8 8 -0.4072342589344878
9 9 0.29684187166825116
10 10 0.3521150971063303
11 11 0.11275223536044979
12 12 0.7610958496518194
13 13 -1.105795547106524
14 14 -0.28092593651546477
15 15 1.2773766874127641
16 16 0.45214169588323516
17 17 -1.762021367918163
18 18 -1.7642375289639196
19 19 1.9875667880340828
20 20 0.9447428441077133
21 21 1.7168619023613645
22 22 -0.6916461893614594
23 23 0.5120904737628792
24 24 0.38726502232381865
25 25 0.5647157149440195
26 26 1.1808835012287344
27 27 -0.2163603920106819
28 28 -0.9996812409960207
29 29 -0.17704082911646873
30 30 -0.32975258182344536
31 31 1.1810470142657987
32 32 0.7827907742103863
33 33 -0.9147993208260911
34 34 0.7665885115516742
35 35 -1.757848363833796
36 36 2.1341435507790547
37 37 0.860989255332517
38 38 0.8969686545191311
39 39 -0.6390105552994828
40 40 -0.358522008453454
41 41 -1.3969607378418054
42 42 -0.7923183355275425
43 43 -0.021427872820574758
44 44 -1.5016728005989584
45 45 1.8335802330758018
46 46 -0.8002767836701473
47 47 -0.5830361129170967
48 48 1.989485807961535
49 49 -0.3573516122314547
50 50 0.14015886664447286
51 51 -0.026723681622849355
52 52 -0.6785702565607151
53 53 0.5363745129200503
54 54 -1.0292098844905624
55 55 0.0017054643984352473
56 56 0.05454274035190486
57 57 1.073954716235179
58 58 -0.09587819240103874
59 59 -1.1963871496757703
60 60 0.06384283261869197
61 61 1.3221259268898837
62 62 3.842943615537284e-05
63 63 0.7131507708833206
64 64 -1.3144916920821126
65 65 -0.14275873539998876
66 66 1.2651251571396998
67 67 1.4276501431075963
68 68 -0.6566251021016001
69 69 0.5184563879098032
70 70 -1.4059880123105175
71 71 0.5609290231661629
72 72 -1.2639585343474866
73 73 0.9555801150574135
74 74 -0.42173331929071844
75 75 -0.25654079536767127
76 76 1.3913298745836
77 77 2.1250378731606685
78 78 0.4613981415960792
79 79 -1.777805922693387
80 80 0.014359299759656927
81 81 1.1097513248235973
82 82 1.0404127744293554
83 83 1.3309548209690074
84 84 0.9175506663285812
85 85 -1.041115086469501
86 86 -0.14743427216614954
87 87 0.9672056627377911
88 88 0.8251105901961344
89 89 -1.0777264663932553
90 90 -0.019728007768368486
91 91 0.8687005288299591
92 92 -0.8892466865176116
93 93 -0.05940497555257972
94 94 -0.42874697993686
95 95 1.6713596099750296
96 96 0.729895724318319
97 97 -0.3052564720874217
98 98 -0.3575920810410092
99 99 -1.0863929414153128
100 100 -0.06871220539284727
101 101 -0.06476904642568641
102 102 0.03163690433782737
103 103 1.934317566388144
104 104 -0.8172409927720264
105 105 -0.8482775224770462
106 106 1.5117810268349023
107 107 -0.46051044333239566
108 108 -0.9543017032986045
109 109 0.6825035554245709
110 110 0.9007376325773279
111 111 -0.9471578538355533
112 112 1.0830229679193126
113 113 0.8317286923962975
114 114 1.529215700272889
115 115 0.4087094341783896
116 116 -1.0933291898021331
117 117 0.07614959073656932
118 118 1.1040245075788135
119 119 0.47199234407418644
120 120 -1.3560856935928294
121 121 1.5122285951832661
122 122 -0.24246586137995693
123 123 -1.02052603215766
124 124 -0.9624352393829376
125 125 0.5256387888779124
126 126 0.2599732345069132
127 127 -0.4912626703573647
128 128 1.1857078563462768
129 129 0.4961216248104191
130 130 0.31771793325692876
131 131 1.6103164366284313
132 132 -0.4994939352010396
133 133 -1.0008475752779245
134 134 1.3363952799716865
135 135 -3.1760082573464277
136 136 0.22209258702700202
137 137 -1.0245913548538312
138 138 1.401060401606118
139 139 -0.1371666286058672
140 140 1.0275290610222192
141 141 0.21256424663718773
142 142 0.450593971880804
143 143 0.07404651408038973
144 144 0.5233234772264344
145 145 2.265090839515377
146 146 -0.10439127587790134
147 147 0.2797460012463528
148 148 0.6290994434999585
149 149 -0.8092196957675887
150 150 1.1063849327735562
151 151 -2.116196291849057
152 152 0.3982369115278623
153 153 1.0159294728683483
154 154 2.000168943462231
155 155 -2.099369349540228
156 156 0.08367807896360836
157 157 -0.7576467275044867
158 158 0.3929700164977528
159 159 -0.5645984784939775
160 160 0.9187420366644683
161 161 0.17696831283626896
162 162 1.083381611425721
163 163 3.309075112453876
164 164 0.27477530993896276
165 165 0.7295409133512553
166 166 1.8657396924669674
167 167 1.3405263337135422
168 168 -1.229418088454987
169 169 -0.887983820580675
170 170 -0.9371855895842979
171 171 -0.11372283071240981
172 172 1.1312627804169324
173 173 -0.08548001453594001
174 174 2.4901000916625895
175 175 0.8093131455626829
176 176 -0.38025569305872864
177 177 0.7305767671492105
178 178 -0.8164095065047776
179 179 0.36902397329148917
180 180 -0.5422363780553484
181 181 0.9089198377954324
182 182 -0.12612938118697245
183 183 0.7435823091853616
184 184 -0.8243835911634896
185 185 -2.056370965495219
186 186 1.0700792884628394
187 187 -3.0156127885703525
188 188 0.28939749238074197
189 189 0.9051295737041773
190 190 -0.5763725495527404
191 191 0.7504124222538323
192 192 0.15088885331695434
193 193 0.7062732327970173
194 194 1.2639340999592958
195 195 -0.20441795462490395
196 196 -0.597822933873504
197 197 -1.1951177045719044
198 198 0.10214513044782092
199 199 1.6671430820573796
200 200 -0.3849612647723949
201 201 -0.03289459298106249
202 202 0.947994519961237
203 203 -1.01300718667311
204 204 -0.3273552309459414
205 205 -1.1088478672684239
206 206 -0.9047341163690275
207 207 0.21900136241042142
208 208 1.213118927949476
209 209 0.4854391661273428
210 210 0.41449629135488736
211 211 -1.1672441705409955
212 212 0.7812298803835599
213 213 0.39547440091619923
214 214 0.04597495846649297
215 215 0.9888411812059661
216 216 1.1156609576709864
217 217 -1.524334238061595
218 218 -0.6254291059350531
219 219 -1.6780415275546303
220 220 1.1853551133505378
221 221 -1.397008802430807
222 222 0.542932895242926
223 223 0.1319796861393805
224 224 -0.19306352171320876
225 225 0.8457428044337578
226 226 -0.04089522724287587
227 227 -0.3925809863614669
228 228 -0.3267963165624334
229 229 -1.4522793348145941
230 230 -0.3212183048637982
231 231 -0.4976513843022995
232 232 1.405503154780623
233 233 -0.8160221640286012
234 234 -1.6079035232413694
235 235 -0.03847786715697012
236 236 0.9969350182440585
237 237 -0.655346230570015
238 238 -0.2825365466906791
239 239 -0.41742038500621315
240 240 1.7385797071975748
241 241 -0.6024150556443698
242 242 0.28424802881362604
243 243 -1.8177315201713096
244 244 0.009551896402095368
245 245 2.4504657415227165
246 246 0.5164579964062584
247 247 1.7580800763416877
248 248 1.7286008793837575
249 249 0.5722895772657869
250 250 0.26979440105923536
251 251 0.06496050404662838
252 252 -0.5606024044906309
253 253 -0.562629791929142
254 254 -1.315108638084805
255 255 0.7995569276979658
256 256 0.8762488692994025
257 257 1.319556302203618
258 258 -0.334969003303315
259 259 0.20002096888512888
260 260 1.5825202102114044
261 261 2.238372854270173
262 262 0.5344553660695373
263 263 -0.7213879141906222
264 264 -0.9014199166831802
265 265 1.4653226164451092
266 266 1.0699035264032233
267 267 1.6146361086221193
268 268 -0.1854601655252711
269 269 1.442181699801949
270 270 -0.0935465157022913
271 271 -0.6584605472944643
272 272 -0.4874256180712051
273 273 -0.2536070138225403
274 274 1.0628893589031974
275 275 0.36376078162245484
276 276 0.738923581504846
277 277 -0.3190683595152525
278 278 0.42968454295754266
279 279 1.2085139900703916
280 280 -1.2477990833008987
281 281 1.5381849854266643
282 282 -1.0114725381387133
283 283 0.13422359612764512
284 284 -0.8305998555550259
285 285 -0.13395828119625827
286 286 -0.6154507432245747
287 287 1.3302355032196385
288 288 0.8572856218856946
1 2 0.3141964270709108
1 4 0.7292826685073164
2 3 0.6745035846855969
2 5 -1.2269627854253493
3 6 0.5262827200251399
4 5 0.17315808360050436
5 6 -0.8267481256592385
7 8 -0.6579223896880578
7 10 0.9531428744907294
7 157 2.025061116895883
7 160 -0.341745739364433
7 163 -0.8351762029152937
7 166 -0.8499888633537525
8 9 -0.0592035852360902
8 11 -0.746738332940889
8 193 -0.3453615246915618
8 196 -0.3054524655931909
8 199 -0.004865312113226857
8 202 1.515136433382743
9 12 1.1302026811734835
9 229 0.059599125033872415
9 232 -1.3641046128044279
9 235 0.8914781304364978
9 238 -0.47403149844215187
10 11 0.8729222640266467
10 157 -1.004115804397519
10 160 1.171007020690819
10 163 -0.6064319940472948
10 166 -0.444767128814012
11 12 0.11314779664029789
11 193 -0.33562801286600596
11 196 -1.6689375670937308
11 199 1.5218012070292732
11 202 -0.1052523922362728
12 229 0.502483472962733
12 232 0.5359571197448556
12 235 0.8964215053439027
12 238 0.6558417009283074
13 14 -0.7642637561644692
13 16 -1.2256124552949763
13 193 0.9196413505016551
13 196 0.3552921902229565
13 199 0.2974353509517134
13 202 -1.4721838690137827
14 15 -0.7613067701556333
14 17 1.4921241102128169
14 229 0.8989594520125952
14 232 0.6969919999262949
14 235 -0.396408147022904
14 238 -0.7488113597563413
15 18 1.0499378231771317
15 265 -1.3118127867017126
15 268 -2.8328650446113923
15 271 -0.13455531083212446
15 274 -0.4191976947988996
16 17 -0.9614243744652233
16 193 0.08673272369878973
16 196 -0.36812346268612883
16 199 -0.9210222453774509
16 202 2.70331901850449
17 18 -0.05515624010460035
17 229 0.7930186222308425
17 232 -0.5532194867021791
17 235 0.8328772399833851
17 238 2.114518861897039
18 265 2.445538669480991
18 268 -0.02084553950966613
18 271 -0.23851767462304901
18 274 0.4753411342342322
19 20 0.9967425681319325
19 22 -1.3952435580767608
19 181 0.21778369810752954
19 184 -0.5292255473849367
19 187 -0.7945295955499042
19 190 -0.5133698871833423
19 193 0.6959677567199265
19 196 -0.4302970012781103
19 199 1.0827292147773755
19 202 1.9233249444355163
20 21 0.5102902091827686
20 23 -0.38198873140553674
20 217 0.18208327313340594
20 220 -0.9379130981211238
20 223 -2.305753563594255
20 226 0.7648129628081476
20 229 1.3281114656347022
20 232 -0.08564944162483182
20 235 -1.9233623036019887
20 238 -0.3329530005012882
21 24 -0.501854475901831
21 253 0.7482639497961323
21 256 -0.3282305944432035
21 259 -0.03390719341214271
21 262 1.1488201848483066
21 265 1.0915577063378494
21 268 0.7795620839560551
21 271 2.1501591007979823
21 274 0.1224332318598281
22 23 -0.17666491119765493
22 181 -0.34112183212829406
22 184 0.5099644533313037
22 187 1.8656215156717246
22 190 1.0908550206324232
22 193 1.168111959530149
22 196 0.5903079091962969
22 199 -0.503875019652622
22 202 0.8342478204787076
23 24 -0.1855974826700792
23 217 -0.4348266568824089
23 220 -0.33652926558165014
23 223 0.08086112537216367
23 226 -0.13257073407669387
23 229 -1.472186894333769
23 232 0.3967746492875267
23 235 -0.30674559853402467
23 238 -0.10943564179740206
24 253 0.5847426415708809
24 256 -0.4619995581778728
24 259 -0.2032155253221878
24 262 -1.8770787494699332
24 265 -1.3004620790532968
24 268 -0.7887030313881803
24 271 -1.1999431454721525
24 274 -1.1697772224196006
25 26 1.2991726482191674
25 28 1.1732179029026581
25 181 -0.9216532639348528
25 184 0.5273756890625988
25 187 -1.0344398934691714
25 190 0.6355011772329848
25 193 -1.2684847278566411
25 196 0.8931029203994537
25 163 1.1291924383185907
25 166 -1.6437355993672673
26 27 0.32892614562666084
26 29 -0.9168755661594487
26 217 -1.127531397265992
26 220 -1.0548378737701622
26 223 0.818989563556682
26 226 -0.7784660276063572
26 229 -0.7705719518935013
26 232 -0.9808913357293078
26 199 0.450497015226577
26 202 1.5096162690135864
27 30 -0.5343750818653465
27 253 -0.43064118955261166
27 256 0.02009207477835387
27 259 0.15491118417114877
27 262 -1.5855954109371293
27 265 0.24762979616609332
27 268 -0.17330098679302897
27 235 -0.6224146662517968
27 238 0.4152618327719051
28 29 -1.329277222606382
28 181 -0.7870744404316957
28 184 0.49167411845526476
28 187 -0.031288876127714145
28 190 0.0736863039361057
28 193 -0.8216482556300546
28 196 0.29540323182223605
28 163 0.9071173481933535
28 166 0.8396407096114697
29 30 1.0175914876105563
29 217 -1.1025466570672753
29 220 1.0414476016148466
29 223 -0.44556331819153655
29 226 -0.030440560716768057
29 229 0.40358187810037827
29 232 -1.0640845086937052
29 199 -1.7418060597230711
29 202 1.1825828038025392
30 253 1.481936178497675
30 256 0.020221344268084012
30 259 -0.4691521799482041
30 262 0.24030885687385153
30 265 0.7362578367030419
30 268 1.070243170209613
30 235 0.5111600313711371
30 238 0.7118657309046769
31 32 -0.7756303210388382
31 34 1.9923031140603515
31 181 0.5675472465206388
31 184 -1.0350668947306656
31 187 -0.9380511318273059
31 190 -0.2958365718966299
31 193 1.156459047726916
31 196 0.18226425316693845
31 163 0.3182387743120309
31 166 -1.149253572873091
31 169 1.3950121436147573
31 172 -0.23865859782634244
31 175 0.25050660318616147
31 178 0.7817924778791695
32 33 -0.38194298956752964
32 35 -1.273750280151653
32 217 -1.4934800456092205
32 220 -0.5843238103605981
32 223 0.17958056539728376
32 226 0.4562036610846413
32 229 -0.18433847458536984
32 232 0.5089779854033535
32 199 0.43899187318727
32 202 1.384377889408536
32 205 0.6552845232012967
32 208 -0.11571612102057373
32 211 0.08111277947687898
32 214 -0.7289664962493623
33 36 1.7266620304912588
33 253 -0.3420769360627611
33 256 0.29549215519136746
33 259 1.0653663763804846
33 262 -0.03904528280618226
33 265 1.512836483625847
33 268 0.6103504015970662
33 235 0.250004751308793
33 238 0.04475809035017277
33 241 0.748374176011097
33 244 -0.24772469798786684
33 247 -0.5933771408642533
33 250 -0.2461743940789455
34 35 1.3677775708689246
34 181 0.879383501735362
34 184 1.1614204064453812
34 187 -0.4598162722121089
34 190 -1.5464425100444754
34 193 0.09593618100424249
34 196 -0.45251067014657004
34 163 1.4589757930436873
34 166 1.5933153068140298
34 169 -0.09973226729919132
34 172 1.4079476162560318
34 175 0.4946126624605553
34 178 -0.40952882286226655
35 36 -2.068930087955945
35 217 -0.01980193307658259
35 220 -0.005084375738068668
35 223 -1.1182524481189737
35 226 -1.2125901873121074
35 229 0.5156001417481854
35 232 -2.1004320194428283
35 199 0.024067800435932277
35 202 0.02176550278966022
35 205 -2.1129075635356873
35 208 0.029955466847987198
35 211 0.6652425972189593
35 214 -0.3213721542794514
36 253 0.5232037238959676
36 256 0.41891994383837744
36 259 -0.270217311415474
36 262 0.9461080625380782
36 265 0.2393404065332778
36 268 -0.0022435101076880163
36 235 -2.0374940596581728
36 238 0.3717543898560797
36 241 0.029592165911543736
36 244 0.2807276052867058
36 247 -1.7024235814937558
36 250 -0.6448675793754471
37 38 0.5839328528235139
37 40 -1.15505483664201
37 181 0.9329167414687858
37 184 -1.81640459347899
37 151 -1.3023959357786492
37 154 -0.13017828699454845
37 157 -0.694761953947159
37 160 0.7243968506303733
37 163 -0.40230323791779504
37 166 -1.4167861450318793
37 169 -0.9768692127920914
37 172 -0.4288101300974392
37 175 -0.7373151193958678
37 178 0.21444126627102628
38 39 -1.2800254271317149
38 41 -0.7708831703518456
38 217 -0.6737272109711469
38 220 0.4776682375805318
38 187 0.008623582041221937
38 190 -0.2410523316380758
38 193 -0.3981670206427234
38 196 0.6359439781226697
38 199 -1.0030955718376937
38 202 -1.471139201222128
38 205 -0.7733750047236266
38 208 -0.2422033255252208
38 211 0.22846746957059716
38 214 -0.6219277093633486
39 42 -0.599222024225651
39 253 0.18305366326178962
39 256 0.5379950182238445
39 223 -0.8028287557102484
39 226 0.09842409489480568
39 229 0.19152220211895982
39 232 -0.7850380903470797
39 235 0.647086937743712
39 238 -0.7834043551095301
39 241 0.033040657974788085
39 244 0.4699731207424275
39 247 -0.9711257507825733
39 250 -1.0251323817459728
40 41 0.44031030589493847
40 181 0.8984892790560682
40 184 0.21460980676198452
40 151 -1.1477508055138825
40 154 -2.5182712884280565
40 157 -0.5521296957039044
40 160 -0.8082090739730217
40 163 -0.45393640808086383
40 166 -0.27554442051294736
40 169 1.4439509862403725
40 172 -2.05652883168979
40 175 1.3592522578029056
40 178 -0.8781312542186676
41 42 -0.29082609243936786
41 217 -0.05754299638237178
41 220 0.4386279959202978
41 187 -0.021500635716027613
41 190 0.26417077124239075
41 193 0.6862651035430408
41 196 -1.1913817553687331
41 199 1.2039317712516564
41 202 -0.4484322225826846
41 205 1.5091723445432514
41 208 2.7303678013051296
41 211 -1.391657299009169
41 214 0.5031466961574684
42 253 0.8407120753447554
42 256 -0.14099140853503161
42 223 1.9639113306605942
42 226 0.09486845991939964
42 229 0.5035423348835057
42 232 0.8604796741646272
42 235 1.1206365747642717
42 238 0.035238313773385564
42 241 -2.0722065467746873
42 244 0.3225397387276433
42 247 0.5399855375558889
42 250 -0.6458875616838964
43 44 -0.7677213097687587
43 46 -0.49518474633006765
43 181 0.6467804019602831
43 184 -2.4097023976289567
43 151 -0.5860030872983328
43 154 0.8028352023447101
43 158 -0.3563044284748724
43 161 -1.016866186895504
43 164 -0.8730712893219471
43 167 -1.087347023224518
43 169 -0.662284302434813
43 172 1.9850556623277817
43 175 0.7191151939411529
43 178 -0.051794712475849825
44 45 1.9262112043642674
44 47 0.9563128468362508
44 217 -0.0205896895356976
44 220 0.39872135292843386
44 187 1.1932142373169987
44 190 -0.43416590026466867
44 194 1.3512192673220522
44 197 1.2031032787699847
44 200 0.7812099537003653
44 203 -0.40356966356654306
44 205 -0.31180678812122936
44 208 0.52363763472977
44 211 0.09820976281619082
44 214 -0.910369563285755
45 48 2.156876079803039
45 253 -1.6093567057832578
45 256 1.1616106397998267
45 223 1.4160299699981047
45 226 1.2936194969653165
45 230 0.5576941112716953
45 233 -0.9000255583945281
45 236 -0.06510833552782225
45 239 1.3208809212329073
45 241 -0.7459514782665747
45 244 0.5564223544182378
45 247 0.7125239203101231
45 250 -1.5813827670935225
46 47 0.3167501957112016
46 181 -0.1977858353831961
46 184 0.07154500614824483
46 151 0.621619065770191
46 154 0.38746113755838624
46 158 0.4220568132178519
46 161 0.9694700448284231
46 164 -0.4835098104168189
46 167 1.0247463617870929
46 169 0.10004247233311121
46 172 1.6610127315260248
46 175 1.4679915826393048
46 178 1.6937318142755895
47 48 2.0301951951877615
47 217 2.758627455300093
47 220 -0.7005730859978248
47 187 -0.5770762574254924
47 190 0.11637419228203719
47 194 -0.0008214310029048276
47 197 -1.2664461764205062
47 200 -0.530018778226444
47 203 -1.0306446828206208
47 205 -0.5265709550829182
47 208 -0.8566252008216615
47 211 0.7278514911584457
47 214 -0.4732131044095714
48 253 0.7625767765178164
48 256 -0.10454421248606821
48 223 -0.72527355497227
48 226 -0.5023081576732292
48 230 -0.5842368621137659
48 233 1.0208290076321003
48 236 1.0279018258012549
48 239 0.41079652126801186
48 241 0.8777147479043597
48 244 -0.7883684412858789
48 247 1.978755020359775
48 250 0.5622876602071686
49 50 0.2356743062786175
49 52 0.8828521712470943
49 181 0.8487468572739229
49 184 -0.5159774607777267
49 187 -0.24663443459164638
49 190 1.273804329653216
49 194 -0.47943870323074317
49 197 0.6998561442430244
49 200 1.5575389496804544
49 203 0.798972379542147
49 205 -1.2510075314398943
49 208 -0.2376850188023748
49 175 -1.434590146489618
49 178 -0.9887953410672079
50 51 0.5573358118491323
50 53 0.6874296031696847
50 217 0.3096438144928262
50 220 1.2998710532628992
50 223 0.9533954379066883
50 226 -1.3017524050038078
50 230 0.9665381528526256
50 233 0.32718910001144264
50 236 -0.10062573768169673
50 239 0.2503983431464825
50 241 -0.42900148921469905
50 244 1.1227014630894454
50 211 -0.03779853053366746
50 214 -1.0355054334954141
51 54 0.21003195769471716
51 253 -1.2236115315178417
51 256 -0.6522861916439208
51 259 0.36993302742267586
51 262 0.6554469865934724
51 266 1.3786234875309051
51 269 1.1686737499676008
51 272 -0.21685082185552426
51 275 0.7506018579224251
51 277 0.7457872870515955
51 280 -0.9320128974299617
51 247 0.6054600719674513
51 250 -0.039960964564926434
52 53 0.20989919300156137
52 181 1.382327148638066
52 184 0.25012281194564057
52 187 -0.3178795294750784
52 190 1.2676214082929125
52 194 -0.6167374479088686
52 197 -2.2551863399256646
52 200 -0.7352703532656072
52 203 -1.4955164919818185
52 205 0.5070871616850349
52 208 -1.0429416697959724
52 175 0.24454497882880863
52 178 -0.8125186388703189
53 54 -0.47632437220725793
53 217 -0.9147120032135058
53 220 -0.22285933472067132
53 223 1.6923659954021049
53 226 0.6304005437960758
53 230 -0.34476064531322886
53 233 1.9580615914891637
53 236 0.2082062041591466
53 239 -0.8708641245241865
53 241 0.046309567301149525
53 244 0.4664054698959389
53 211 -0.21812856937600703
53 214 0.2667097028629774
54 253 1.699315445823766
54 256 0.6521855816740804
54 259 1.0589903281828406
54 262 0.6226371147843376
54 266 1.5900575670320791
54 269 1.9324626169382197
54 272 -0.9504063642506597
54 275 2.4887923179674543
54 277 0.6917288902357065
54 280 0.8001807461011067
54 247 0.8162882398908808
54 250 -0.019447394330177947
55 56 0.029136561427349005
55 58 -0.43391129612350093
55 182 -0.8773393892345543
55 185 0.4890925458207147
55 188 1.4902395608518035
55 191 1.822376378669361
55 194 0.915279875345783
55 197 -0.18846331573473604
55 200 -0.14096626133556167
55 203 -0.24810532944988772
55 205 -0.3296686975790607
55 208 -1.4161851144469522
55 175 -0.6595975608480495
55 178 0.5311288859309523
56 57 -0.09447602450359838
56 59 -0.56948225339101
56 218 -0.4108009212728744
56 221 -0.5588521291997206
56 224 1.3808651871590822
56 227 1.94349416274791
56 230 -0.9316406877661684
56 233 -1.3576447367920608
56 236 0.02603746952549995
56 239 1.1032112415557678
56 241 -1.3406620579291884
56 244 -0.360029643685036
56 211 1.319162750671311
56 214 -0.044019119088970514
57 60 -0.18172898356018038
57 254 1.4349445414281734
57 257 0.2978045068084662
57 260 -0.960216993930852
57 263 0.05779081200927829
57 266 0.4734142635987236
57 269 1.301967651211936
57 272 -0.1550863414079601
57 275 -0.6542626564064712
57 277 0.9965538405491523
57 280 -0.008370926922976127
57 247 -0.2143714469498502
57 250 -0.8362737379539759
58 59 -0.19280302754264173
58 182 1.5574474842591706
58 185 0.4426418375267784
58 188 0.3563270334782749
58 191 0.21840896418065397
58 194 -1.3878700284687158
58 197 -0.34020132063507214
58 200 0.25164443404603326
58 203 0.4375353469120221
58 205 -0.9843685872423461
58 208 -1.5042716191866794
58 175 1.2908838142207837
58 178 -1.223400851747689
59 60 2.0553755315468156
59 218 2.1809889679292502
59 221 -0.00320932709492948
59 224 0.41999805228113307
59 227 -0.35981223434914167
59 230 1.240902063136701
59 233 0.4514388038237545
59 236 1.6498661526669602
59 239 0.4412775101119916
59 241 -0.0953229018724369
59 244 -0.3932405975549554
59 211 -0.610676783365305
59 214 -1.3410933362970425
60 254 0.6658166392870278
60 257 0.29496028830078574
60 260 -0.544842477228583
60 263 1.439593957415964
60 266 0.7145856359728727
60 269 -1.2728797167893864
60 272 0.693320978145431
60 275 -0.31411413243376685
60 277 -1.299855359892767
60 280 0.8804850804836702
60 247 0.7123237995428447
60 250 2.6065660495983263
61 62 -0.1872205732408165
61 64 -0.16303904566468638
61 182 1.163463009964405
61 185 -0.6362414216458308
61 188 0.8487770815883614
61 191 0.9903435363339741
61 194 1.746152950325835
61 197 0.558646748143813
61 164 -0.1606458888259754
61 167 0.19120197542307987
61 169 1.5698339657104052
61 172 0.2377067583398728
61 175 -0.07899015034626933
61 178 0.8142556426751455
62 63 1.040347353763436
62 65 -1.559659037771445
62 218 1.6961199698066811
62 221 -0.5856752369752832
62 224 3.4035061839109018
62 227 -1.8592100953865738
62 230 0.8070266675544837
62 233 -0.6613070376520755
62 200 0.7655951678941224
62 203 0.5435229266002964
62 205 0.17714069040731154
62 208 -0.29138652016860134
62 211 -0.4276607135827565
62 214 0.20676759018838436
63 66 0.7125863815586788
63 254 1.4793924677115238
63 257 -0.7626294582529797
63 260 0.04343720697925594
63 263 0.21377406018256076
63 266 -0.14043025125327482
63 269 -1.2930906796922144
63 236 0.014629433426817513
63 239 -0.8367050293045246
63 241 -1.478450126575304
63 244 1.8499787825460958
63 247 0.2604911909560245
63 250 2.0693929188114812
64 65 2.243598438938601
64 182 -0.9713071803605404
64 185 1.8665858610908912
64 188 1.1664377710602225
64 191 2.0625500677616584
64 194 -0.12999601667115354
64 197 -0.8455662681769706
64 164 -0.18137221989675503
64 167 -0.8289943380998156
64 169 -1.0921668586403996
64 172 0.8953346198940281
64 175 -0.5135812423664613
64 178 0.07630780236778664
65 66 -0.8656153249172598
65 218 -0.7288343182699181
65 221 0.06535867104344137
65 224 -0.7284942075151015
65 227 -0.8339438734728708
65 230 0.559478525882091
65 233 -0.24070862582214636
65 200 -0.8523865229254155
65 203 -0.3885030815775982
65 205 -0.4715417240640194
65 208 -0.2679271730817071
65 211 -1.2732011063101534
65 214 0.6208687661142468
66 254 -0.7406100996715644
66 257 -1.0856945404187561
66 260 0.832709829166726
66 263 -1.8626712387468796
66 266 0.3749059565657413
66 269 0.4747306840114137
66 236 1.0335543754295722
66 239 0.39803781213434786
66 241 0.23729692926613763
66 244 -0.25436431028971984
66 247 1.438709468310446
66 250 0.5842444549503836
67 68 0.6058774252521036
67 70 -1.6866917187923536
67 182 0.3243275917338624
67 185 -1.3551728184050311
67 188 -0.7693508066834182
67 191 0.01092138155830533
67 194 0.5215839557594467
67 197 0.45538605174160673
67 164 -0.4961041952352617
67 167 0.4281776519508946
67 170 -0.2104309263516806
67 173 1.160947537053684
67 176 0.9601516073024311
67 179 0.774787276307619
68 69 -0.05393093774122778
68 71 0.26757622960393085
68 218 -1.4705406670786199
68 221 -0.6386003359537122
68 224 -1.7148909815833637
68 227 0.3601405015461904
68 230 -0.5589194523288469
68 233 -0.9926473157796668
68 200 1.2825724944941717
68 203 -1.0036363930884231
68 206 0.9125675987611112
68 209 0.73174302776488
68 212 0.8061892336759917
68 215 0.9307314583569716
69 72 1.2128372429977587
69 254 -0.07389552568185104
69 257 2.8549243137599176
69 260 -2.538733841553666
69 263 -0.23513959841993284
69 266 0.41686094120292244
69 269 -0.09589303303903796
69 236 0.2224066421092022
69 239 -0.7645236104490991
69 242 0.6019996162635438
69 245 1.139397692512729
69 248 0.8758827620602684
69 251 -1.0422779024383442
70 71 0.3886134440865012
70 182 -0.7411101328379903
70 185 -1.174766471684175
70 188 -1.3967508067695067
70 191 -0.6773460309433308
70 194 0.09167470688381589
70 197 0.5397789040497376
70 164 0.5357894285287287
70 167 -1.165336499846763
70 170 -1.0037001818676305
70 173 1.1110143217392567
70 176 0.5601706538206518
70 179 -1.3760496855552862
71 72 1.190078118281421
71 218 -0.020459655550654397
71 221 -0.017899633507355888
71 224 -0.6870001949268236
71 227 0.26730871545823853
71 230 -0.5859971607326241
71 233 0.7218009520786685
71 200 -0.3387286940705359
71 203 0.13460912422482044
71 206 1.4812614191732538
71 209 -0.8172294485796877
71 212 -0.1991025265860987
71 215 1.228003580432779
72 254 -1.0077191920212334
72 257 0.16266329518016212
72 260 0.3065936148743113
72 263 -1.039662871897555
72 266 0.03873677643731819
72 269 -0.9824934175595629
72 236 0.27842826751585653
72 239 -0.5673490206842536
72 242 1.412233324416696
72 245 -0.8249768396805588
72 248 -0.9150035829763986
72 251 2.5289274518861693
73 74 -2.2521557562019865
73 76 1.2140705617419183
73 182 1.620328471591199
73 185 0.35085001267278587
73 152 0.709437370097089
73 155 0.604094978246719
73 158 1.1474842423932508
73 161 0.8222630658789949
73 164 -0.5400032432373507
73 167 0.14800238025849874
73 170 -1.4724210994181355
73 173 0.6228350928806473
73 176 0.19602686624578058
73 179 -0.23028416021818682
74 75 0.08843032513684171
74 77 0.2736773876768573
74 218 -0.08839285945216575
74 221 -1.4860856432417398
74 188 2.516802901423906
74 191 1.4363375491805153
74 194 0.20049196606963932
74 197 -1.3162739211732595
74 200 -1.8556974582535308
74 203 0.4330702305755987
74 206 0.2651531765843401
74 209 1.2216373689490327
74 212 -1.76503892427952
74 215 0.825624056974615
75 78 0.9401656359457681
75 254 -1.8320644516245241
75 257 0.19475501477027468
75 224 -0.3848270541550466
75 227 -1.677724029956547
75 230 0.20877979483284698
75 233 2.430306391115285
75 236 -1.0358709068735592
75 239 -0.7259084015139912
75 242 -1.6107864923736837
75 245 -0.17776989715080196
75 248 -1.2167808472202581
75 251 0.6281925184480872
76 77 0.11219535060626576
76 182 -0.6938620580811881
76 185 0.823871424707231
76 152 0.42169262623695564
76 155 0.3754496516540581
76 158 -0.8062505665158233
76 161 1.7576128876425463
76 164 -1.018342551240066
76 167 1.6638994927917303
76 170 0.6610009265510438
76 173 -0.2774171448334183
76 176 -0.27427638963422674
76 179 0.11258757204249517
77 78 -2.0678378563183926
77 218 -1.9494241097550649
77 221 -1.0311064925308147
77 188 1.084621162445656
77 191 -1.1523220755700222e-05
77 194 -0.09782413152993828
77 197 0.6481204839696973
77 200 -0.33307167299141976
77 203 0.22103816801497098
77 206 -1.312272464846861
77 209 -0.12600493861954784
77 212 0.2812741481230143
77 215 0.05885092615931156
78 254 -2.669428844316708
78 257 -1.3690293952638595
78 224 0.6135579090277163
78 227 1.7705547013211438
78 230 -0.3572056865041525
78 233 -0.1911933107629587
78 236 0.29888859999710365
78 239 -1.0815746255838476
78 242 0.22530640752665154
78 245 -1.432478372298575
78 248 -0.18023385464077946
78 251 -0.12725045180837596
79 80 -0.7647309067803446
79 82 -0.7033619619940062
79 182 -0.5669057797577315
79 185 0.6152172736772898
79 152 -1.0886953342088679
79 155 0.3617513008131067
79 159 -1.409992442200174
79 162 -0.33581216967023575
79 165 0.48298228320545766
79 168 0.15644793021284287
79 170 -0.6331935731968639
79 173 -0.5483640664409387
79 176 0.13383831327675547
79 179 -0.11938664656802588
80 81 0.49676265430218475
80 83 -1.6903612506105337
80 218 -0.048674538585147024
80 221 -1.6627041422100248
80 188 -0.492810005707771
80 191 -0.12957344857570666
80 195 -1.2247591880477486
80 198 1.381309345500562
80 201 -1.247442326303431
80 204 0.2145399186378866
80 206 0.005507449591594916
80 209 0.883037283739844
80 212 0.18205535700881834
80 215 -0.49967651011997993
81 84 0.8452284167815325
81 254 1.7253602928994476
81 257 -0.05285316406657511
81 224 -0.3277946483704583
81 227 0.6462147434536576
81 231 0.8464825996987634
81 234 1.7720782456731452
81 237 0.49815501272167456
81 240 0.15048978109638822
81 242 0.8788471445161786
81 245 1.1349205945581655
81 248 -0.2317285881407872
81 251 -0.4730944294378039
82 83 2.0409719658370022
82 182 -1.1239364113997108
82 185 0.42707764224439665
82 152 0.8239434006249089
82 155 0.27029761670747027
82 159 -0.03576338911875123
82 162 0.32465409725988076
82 165 -0.3472705506577163
82 168 -0.7092206344886449
82 170 0.6836259160369131
82 173 0.2967581696774507
82 176 0.4168807272052906
82 179 1.4914416027901898
83 84 -0.20161993495604053
83 218 -3.55064621114242
83 221 -0.42153622504342353
83 188 -0.24872981984926423
83 191 -0.6364914648598977
83 195 0.5239655092399271
83 198 -0.6772704456073796
83 201 1.0652130938944793
83 204 0.7691252661568831
83 206 1.507662612384214
83 209 -1.4319286913572067
83 212 1.889872390270754
83 215 -0.5533084221700066
84 254 0.7502485477450428
84 257 -1.8249434239616988
84 224 -0.16955846851171533
84 227 0.6672490236029073
84 231 0.9044640380292841
84 234 0.9737649054980352
84 237 0.4533415816805181
84 240 1.3331031766261894
84 242 -0.5204131726375046
84 245 -0.12426929136465474
84 248 0.27449279117285713
84 251 1.1025244798384057
85 86 0.0030440234840488803
85 88 0.9510429368029822
85 182 -1.2667101018920925
85 185 -1.3075726392967228
85 188 0.06691419157629004
85 191 0.6481427696103597
85 195 -0.06152205511124147
85 198 0.1860317060347971
85 201 0.17828724118470687
85 204 1.5547882376776716
85 206 -0.8720439521474093
85 209 -1.294057030659619
85 176 -1.0166397899723878
85 179 -0.4020035597816858
86 87 0.09786522681078275
86 89 -1.2870502388089125
86 218 -0.29900525842900094
86 221 0.5069496020905971
86 224 1.3972182406987335
86 227 -0.6569598388267687
86 231 0.6142402458510389
86 234 -0.7078363128289091
86 237 1.3109103488049927
86 240 -0.6617018993032405
86 242 0.9576458398892213
86 245 -1.2521453062015935
86 212 0.9189662470429698
86 215 -0.41450235397472324
87 90 -0.38166665273774997
87 254 -0.22829878222321862
87 257 0.6470990977869419
87 260 1.118566654966915
87 263 -0.1428848447885379
87 267 -0.7839759888439134
87 270 -0.6259644588794213
87 273 0.31290838175020314
87 276 -1.1002925635224832
87 278 0.8931366236246148
87 281 -0.2749882621194847
87 248 -0.4440494541834833
87 251 1.2651577387917674
88 89 0.04211350732831135
88 182 0.716908845265778
88 185 0.1330883394836641
88 188 0.3550967482238822
88 191 1.1018843626462362
88 195 0.12200768105532896
88 198 -1.419986248900567
88 201 -0.5541600190308754
88 204 -0.4727082396633101
88 206 0.6440753391103676
88 209 1.6253359317725615
88 176 -0.5156103433566965
88 179 -0.5649496482070264
89 90 -0.6564686916674924
89 218 0.26621200514720317
89 221 -0.7257842194245183
89 224 2.017491805020968
89 227 0.6796617958355708
89 231 1.1873851040716548
89 234 0.2555711105600172
89 237 1.187251186100362
89 240 -0.01977165532287475
89 242 0.2921075917353175
89 245 -0.9595359441008159
89 212 -0.5607938183592023
89 215 -1.408251246993706
90 254 1.8218440475917548
90 257 -0.3061895274561773
90 260 0.6520527853393837
90 263 0.12555264175766404
90 267 -0.1558797250799988
90 270 1.3088249506319962
90 273 0.8620092112496216
90 276 -0.26590667523766864
90 278 -0.9393223492965258
90 281 1.808604581331552
90 248 -0.45242343856420125
90 251 -0.20990941821010867
91 92 -1.1696525800734907
91 94 -1.0220623243639015
91 183 -0.5966556914774589
91 186 0.6798385019809747
91 189 -0.008850195335800977
91 192 0.3864582051480583
91 195 -1.1554989878913067
91 198 -0.7303275002159132
91 201 -0.46378972040393524
91 204 0.10830375007584189
91 206 -0.7807262061856265
91 209 -1.0388310616167984
91 176 -1.1211911350629205
91 179 1.581267190708037
92 93 -0.4921290567144146
92 95 0.6102352207994501
92 219 0.17530527614108918
92 222 0.24267382390316833
92 225 0.09559455923914337
92 228 -0.5665114253808634
92 231 1.554837915635585
92 234 -0.3489007344723554
92 237 -1.2856013560257937
92 240 0.8530202754995235
92 242 -1.3318214316438384
92 245 1.6672412824861698
92 212 -0.20509019643216383
92 215 -0.3291657981701182
93 96 1.0910734012538734
93 255 0.5109056093321744
93 258 0.9520579453173235
93 261 2.1342755119886143
93 264 0.8886731099854112
93 267 -0.6093864708008805
93 270 -0.8361312722501256
93 273 0.3500325217028081
93 276 0.5340167258425437
93 278 -3.5240510305307797
93 281 0.7943299614459732
93 248 -0.4891431420432353
93 251 0.03222293788708017
94 95 0.43073279618989235
94 183 1.7746584120352307
94 186 -1.1989200776933755
94 189 0.33948199881704594
94 192 1.608068629579824
94 195 0.8777891962215959
94 198 0.2655444052206026
94 201 1.0015990686532272
94 204 -0.3847121852317347
94 206 1.4888218424983475
94 209 -1.6453355477898979
94 176 1.1893220024941866
94 179 -0.27212661539265315
95 96 0.3262063503668608
95 219 0.686526269895597
95 222 -1.0358589420960846
95 225 -1.7792457663519639
95 228 0.08594642825672552
95 231 -1.7881863768494417
95 234 0.40512149200074926
95 237 0.061040484851877526
95 240 -1.5509201810355302
95 242 0.37532212300291423
95 245 0.7052543365036587
95 212 1.0014443159945807
95 215 -0.20659396412182374
96 255 -0.7747618036400079
96 258 0.5760559990573725
96 261 0.60705971115171
96 264 1.1845808187693005
96 267 0.7776998381501004
96 270 -0.7637706326416344
96 273 2.244968660581933
96 276 -0.854787823402584
96 278 -0.08299911661064514
96 281 1.0715013064505352
96 248 0.415710753978575
96 251 -0.6376357212084042
97 98 0.5795092742225422
97 100 0.6943805762591807
97 183 -0.7136931681796012
97 186 -0.7502724952425102
97 189 0.9882063438230291
97 192 0.7844536772474573
97 195 1.025030074109468
97 198 -0.1668919177154285
97 165 1.1225654639635465
97 168 0.04923300757610805
97 170 -1.0607237282021806
97 173 -0.34147146649239785
97 176 0.24703068540776812
97 179 -1.7814112826315431
98 99 -0.42455326303364715
98 101 0.15654205198433285
98 219 0.20613886155553193
98 222 0.18198231781726362
98 225 1.4550835539959752
98 228 0.10586224368957471
98 231 -1.8227976744982612
98 234 0.7055031561009156
98 201 0.5709990076712169
98 204 -0.4311825591971896
98 206 -0.4012898955672501
98 209 -0.7562197028330029
98 212 1.8090363849544966
98 215 1.0478859341073168
99 102 1.0521974625540673
99 255 -0.47826373300566055
99 258 -0.09167150664421427
99 261 0.7675310460174211
99 264 1.4603876381883016
99 267 -1.357272262657867
99 270 0.9263568173917195
99 237 -0.8043259899082489
99 240 -0.671967656296603
99 242 -1.883624608415054
99 245 -0.41631829489636824
99 248 -0.028277920228563402
99 251 1.158317669559808
100 101 1.6494564541287393
100 183 -1.0807525552525077
100 186 -0.29917760323590253
100 189 -1.0779105251369212
100 192 -1.8505799235979172
100 195 1.4179492716665731
100 198 1.9513671183766574
100 165 0.7104334935531881
100 168 0.264284253844259
100 170 0.2625319413626034
100 173 0.6229664043665096
100 176 0.1639647090748771
100 179 -0.4572365763141591
101 102 0.8675768604541108
101 219 1.0366659690795916
101 222 1.8858517014100835
101 225 0.7355007676849957
101 228 0.666273287224987
101 231 -1.7189753997926198
101 234 0.6241727779888283
101 201 -0.5531072134470134
101 204 0.9506151543902231
101 206 -0.5939186032270426
101 209 1.262454315672516
101 212 -0.20993321737081733
101 215 0.4168611870901859
102 255 0.6890677951579441
102 258 -0.7250249174895269
102 261 0.19900379422934927
102 264 0.3438114415500654
102 267 2.1244693729047515
102 270 -0.11880634063908414
102 237 -0.11899828567315003
102 240 -0.04483600060412141
102 242 0.4581576301262307
102 245 -0.07281571805474776
102 248 1.030845718578087
102 251 -1.6043947002937025
103 104 -0.39867923908369335
103 106 -0.8438765079101535
103 183 -1.7600816860516149
103 186 0.027904598856526762
103 189 -1.9345285771140968
103 192 -0.31289474494015196
103 195 0.17076076151636674
103 198 -0.22542924810670903
103 165 -0.3086938975099144
103 168 0.975744095969138
103 171 -0.4121295819971267
103 174 1.094220528612368
103 177 -0.773701033634199
103 180 -1.1645820219603054
104 105 -0.7477394168222123
104 107 0.08928965639872141
104 219 -0.7657911565674028
104 222 -0.8853806812840758
104 225 -0.23157207866689566
104 228 0.987100758238545
104 231 2.5283458350719332
104 234 -0.20645144805714452
104 201 2.6241616163415262
104 204 -0.41754895048587765
104 207 -0.26454030271519746
104 210 -2.323272532930461
104 213 -1.1212554623468023
104 216 -0.13918584828257238
105 108 -0.5814508133201975
105 255 -0.7960751561912243
105 258 0.9386820273638337
105 261 -0.13915432817237766
105 264 -0.5966888295789345
105 267 0.985399163630517
105 270 -0.7352869489963926
105 237 -0.7678962477300978
105 240 1.04564171497364
105 243 0.4697417704628456
105 246 0.3777993702621822
105 249 0.1343861869507357
105 252 2.319287406569112
106 107 1.4253525015463044
106 183 0.2888573266426496
106 186 -0.4404793907258716
106 189 -0.45723307551062586
106 192 -0.35138534037947344
106 195 0.7701691979851405
106 198 -0.0632767403720157
106 165 -1.4119745484660529
106 168 -0.1643193685378951
106 171 -1.0604918567330255
106 174 -0.5402573070599725
106 177 1.5309645586297318
106 180 -1.0090079318078458
107 108 0.7047252519431577
107 219 -0.7582185805436527
107 222 0.7638431533472387
107 225 -0.3103150577527158
107 228 -1.1605066778410653
107 231 -0.19272936753217043
107 234 1.9555009576145417
107 201 1.062638321034443
107 204 0.019277142544764692
107 207 -0.015205652437640875
107 210 -0.1787890721214324
107 213 -0.3108042485876579
107 216 -0.872079977473434
108 255 -0.01906567780765035
108 258 1.7078399857208908
108 261 -1.0968885246626996
108 264 1.2163694223429418
108 267 -2.246571775438657
108 270 -1.418293584373827
108 237 0.775874619422562
108 240 -0.9663748029333363
108 243 -1.8264319524986072
108 246 0.05945403175715092
108 249 1.1150916131772652
108 252 -0.18537721906667287
109 110 -0.2982565641467562
109 112 -1.6018512666266114
109 183 0.21530318372767152
109 186 -0.5765901806381563
109 153 0.09418982791283653
109 156 0.9463299764139499
109 159 1.0191951176587877
109 162 0.4752292010212304
109 165 -0.36659821617086136
109 168 -0.264358226046015
109 171 -0.5835856291135595
109 174 0.33704548126975997
109 177 0.2619220495828364
109 180 -0.17713431319661266
110 111 0.4820922457464659
110 113 0.45066875168331844
110 219 0.2239537322907029
110 222 0.2144376336237277
110 189 1.9302957076637581
110 192 1.5005884313114326
110 195 -0.03847185832234037
110 198 0.4458615865721204
110 201 0.3832463557563963
110 204 -0.14342672786562133
110 207 -0.09895351769543988
110 210 0.3022950265017144
110 213 1.5200199073777634
110 216 2.1878561404392864
111 114 0.08420309329268344
111 255 0.2338215770773674
111 258 1.1186874857728688
111 225 0.07518089711303112
111 228 -1.6192995944585442
111 231 1.6801038075245207
111 234 -0.20991699874762912
111 237 0.2419335987204754
111 240 2.2255169125447534
111 243 0.3132983603098742
111 246 -0.30197303545427795
111 249 1.0750822608631303
111 252 1.2010856644740047
112 113 -1.083063909935991
112 183 1.7659723682974058
112 186 -0.7976011662130056
112 153 -1.9605769770969534
112 156 -0.49431844212694936
112 159 -1.8816381810691325
112 162 0.36039788081140794
112 165 1.180452185826923
112 168 -0.39344201890820985
112 171 -2.5054850886557274
112 174 1.0664815480037193
112 177 -1.1441250822990945
112 180 1.1355938508367887
113 114 -0.5217289556472633
113 219 1.6110354281821135
113 222 -0.8140159416713293
113 189 0.3007942205605243
113 192 -1.1515517154739197
113 195 -0.7766699503659574
113 198 0.915816156694099
113 201 0.5751685588653852
113 204 1.7037081743449234
113 207 0.31372098239731994
113 210 1.030003109372424
113 213 -0.09943175794207278
113 216 -1.7722482936676394
114 255 1.879378269888449
114 258 -0.22084093122517043
114 225 0.25887183085887644
114 228 -0.8326210247358006
114 231 -1.3746706490298206
114 234 1.16860844970876
114 237 0.8223201351711319
114 240 -0.588028382042527
114 243 0.34875325889273
114 246 -1.9628967621956384
114 249 1.7436446947413855
114 252 0.027894097574390778
115 116 0.8997429005047193
115 118 0.07633563677068796
115 183 0.5911208460909064
115 186 0.218809548994043
115 153 -2.7634047662815022
115 156 -1.366534953834836
115 171 1.4384197573805992
115 174 1.360833243955797
115 177 0.0076602103943786025
115 180 -0.22749212112623363
116 117 0.6144353468368686
116 119 -0.5398205664197977
116 219 0.9137803313975813
116 222 -0.4947623034705319
116 189 0.0030302535253817846
116 192 -0.5398868953326362
116 207 0.9965525144663216
116 210 -0.05980921477230215
116 213 0.6828610561949372
116 216 -1.6997021167171253
117 120 1.1193748802585493
117 255 0.4360014576821087
117 258 0.5718293813014442
117 225 -0.2506652578071235
117 228 0.6325232200466961
117 243 -0.27466341043552617
117 246 1.1224325564129294
117 249 -1.6017532102311782
117 252 1.1729285523703443
118 119 1.2300151049317787
118 183 -0.09046538546985193
118 186 1.0787795268548406
118 153 0.010117908656574897
118 156 0.034151815732886386
118 171 -0.4685920809229439
118 174 -1.5769529158384827
118 177 0.44226118930109676
118 180 2.1449726497791226
119 120 0.6442182726575116
119 219 0.938368008197613
119 222 0.09865969331702283
119 189 2.000336438817171
119 192 1.0275337324197176
119 207 -0.5287160459222388
119 210 0.4444895578370721
119 213 0.7644697509639691
119 216 -0.0009764305782494853
120 255 -1.504697272941539
120 258 -1.0518233371175425
120 225 -1.3099634191297913
120 228 0.8735994615611911
120 243 0.27331902727117957
120 246 1.2113016057971084
120 249 -0.5421638564690812
120 252 -1.149819471840153
121 122 0.5604917787262091
121 124 0.6594453401635736
121 183 0.24761662548061342
121 186 1.3366372232088668
121 189 -0.4339049484007689
121 192 -1.3229462013717452
121 207 -1.118186790063665
121 210 -0.8212891204625817
121 177 0.5191851653776719
121 180 -0.7588425186891505
122 123 0.12157572019621649
122 125 -0.13874309178417432
122 219 -0.022538727833169667
122 222 0.3376889806521576
122 225 -0.3961933330934018
122 228 0.1574206559157384
122 243 -0.29691374728474773
122 246 0.3802415945149228
122 213 -0.2797675286155614
122 216 0.7569168115830549
123 126 -1.0427091757510283
123 255 0.17596734676731998
123 258 0.3011904997291803
123 261 -2.462129048834131
123 264 -0.32216742149662114
123 279 -0.1619108043148941
123 282 -0.06081731640623841
123 249 0.714398171802034
123 252 0.8358726041155264
124 125 1.7619260471054035
124 183 -0.7174562702890634
124 186 1.4853720141414328
124 189 -0.21802050928257546
124 192 0.21992786291204863
124 207 -0.6556975912364498
124 210 0.8422025973277694
124 177 1.3338711405081154
124 180 -1.3296733374285972
125 126 0.004316698686088168
125 219 0.2577772709836788
125 222 0.17385938239380422
125 225 -0.8830629268951322
125 228 -1.682784042223538
125 243 -0.36199927678327976
125 246 -3.0597645116332504
125 213 -0.8017178236613738
125 216 0.9864558782469589
126 255 -0.762744062805243
126 258 -1.149989955788184
126 261 -0.22981020432585034
126 264 1.5656791843695486
126 279 0.2677361850257567
126 282 0.057234945945039764
126 249 -0.04353761405885667
126 252 -2.701553010867849
127 128 -1.022608802955239
127 130 0.5777996154517465
127 207 -0.9463190785458455
127 210 -0.42438389553853983
127 177 0.07610771290374393
127 180 0.8418225121985716
128 129 1.980493100509794
128 131 0.41490123843181764
128 243 -1.6745155928371214
128 246 -0.014939704353425098
128 213 -0.6066592186653198
128 216 0.40768576769182624
129 132 2.3165183752361536
129 279 -2.2396761736525375
129 282 -1.7386562844274667
129 249 0.24927135722212176
129 252 0.940987460146932
130 131 0.9263295301723067
130 207 -1.2720570730468908
130 210 0.07383757522063963
130 177 0.34296320032396815
130 180 -0.4582561870319794
131 132 -0.9693340184464826
131 243 0.6344883609008449
131 246 -0.9392276489067336
131 213 1.028942945893773
131 216 0.28859179594052065
132 279 2.3499665274966057
132 282 -1.1044537072705902
132 249 -0.7661534693090387
132 252 0.26749036513157326
133 134 0.4782586165453772
133 136 -0.6017780633926714
133 171 2.059464522085371
133 174 0.38932794161537887
133 177 1.555516482293511
133 180 -0.6678786012470764
134 135 -1.1569230203049243
134 137 -0.5112352606960481
134 207 0.9723656527414137
134 210 -1.7073167770758266
134 213 0.314158096083336
134 216 -1.0685882655653036
135 138 1.1843251184680295
135 243 1.1110902970654646
135 246 -0.6142531497437016
135 249 0.11462712457956667
135 252 1.4485414748081273
136 137 -0.5654409705588007
136 171 -0.8930565883665894
136 174 2.3918621326492837
136 177 -0.16844703153207988
136 180 -1.1132807800564612
137 138 0.8067510734323704
137 207 -2.259338680986575
137 210 1.436545621262304
137 213 1.8335227048605565
137 216 0.9986606853218088
138 243 -0.25214436005372975
138 246 -1.206280484087129
138 249 1.4149232986063829
138 252 -0.28205601082523496
139 140 -1.55760079933698
139 142 0.9899500350975082
140 141 0.13637011360169346
140 143 0.9224781768388394
141 144 -1.329700210479703
142 143 -0.9377895674329998
143 144 0.6875501562169701
145 146 -0.666372048491855
145 148 0.3005260376926392
146 147 0.7551449695605713
146 149 -0.5862557684349361
147 150 -1.5812560929885933
148 149 1.652202898889325
149 150 1.0271186124262088
151 152 1.2170393550052512
151 154 1.1137885560916991
152 153 0.7188876508419898
152 155 0.302346415433086
153 156 -0.05766195357509286
154 155 0.713549702630512
155 156 -0.4385306645347847
157 158 -1.2509416209281634
157 160 0.8675117888084285
158 159 0.6692224592417573
158 161 0.9851448297693967
159 162 0.31080118416840025
160 161 -0.595099364899988
161 162 0.3931920186866436
163 164 -0.5791587584221336
163 166 -0.7015928924049494
164 165 -0.6940280827842817
164 167 0.17274924383565737
165 168 -0.7174653159934985
166 167 -1.6570244283688411
167 168 -0.8457338746129722
169 170 -1.2008146787695226
169 172 0.2726903826149995
170 171 -0.19792431890609188
170 173 -0.23164807935848655
171 174 0.11749212839125414
172 173 1.6253512194724087
173 174 -1.6344662829319965
175 176 1.0038149934552076
175 178 0.8312849915059956
176 177 -1.0122802086959406
176 179 -0.9310813528128974
177 180 1.0568221147641763
178 179 0.9627594060594964
179 180 1.3337245778685896
181 182 -0.45036278730659746
181 184 -0.7635999849245199
182 183 0.6067935727270578
182 185 1.1994135458148976
183 186 -0.4238813527538509
184 185 -1.025036145976906
185 186 1.138185510969489
187 188 0.08980855622336616
187 190 -1.7649980807773233
188 189 0.6148766099747642
188 191 -1.1699307827444336
189 192 0.35034364835848786
190 191 0.4444845074377375
191 192 -1.3157901919094777
193 194 1.4017458456534118
193 196 -0.32759973233123246
194 195 -0.6509881488114317
194 197 -0.22924877308008856
195 198 -0.8079027395525364
196 197 0.9634602921840828
197 198 -1.0168077975460352
199 200 0.11798423515331764
199 202 -0.3743472350443933
200 201 1.3948211245917024
200 203 -1.2518540645396696
201 204 0.09816116212956255
202 203 0.46239063022325966
203 204 -0.19865802890723633
205 206 -0.6166151486357665
205 208 0.7935291164411563
206 207 1.399429431020904
206 209 0.5031171828564274
207 210 1.0488543767454885
208 209 -1.7414520305917465
209 210 0.6280066862973087
211 212 1.208934578642074
211 214 1.256377310206238
212 213 1.6595734733275196
212 215 -0.01604037251502571
213 216 -0.6705508364583698
214 215 -1.3457369110244033
215 216 0.6247376267558787
217 218 1.2171197220673566
217 220 -0.3802374373629229
218 219 0.7565958846508299
218 221 -1.727008625694738
219 222 1.782483857948252
220 221 0.03711001951911539
221 222 0.8940351734915792
223 224 0.6203952588095617
223 226 1.954809340066916
224 225 0.05911365770567627
224 227 0.4349661383202524
225 228 0.6932401326848094
226 227 -0.9535267439105376
227 228 0.8104446957046978
229 230 1.5865789916072957
229 232 -1.4130156992451366
230 231 -0.34987524254668295
230 233 -0.6122684190235372
231 234 -0.16597124041813913
232 233 -1.650674927694671
233 234 0.5257872372053697
235 236 -0.7073077286266345
235 238 0.9753716631219016
236 237 0.32386558793886094
236 239 0.7774754239790717
237 240 -0.9914756364038809
238 239 3.0423890042997312
239 240 -0.2744333360986182
241 242 -0.1893018307859707
241 244 0.41351561687874516
242 243 1.977609218498441
242 245 0.059046416373085255
243 246 -0.9313425459764695
244 245 0.8624852680137486
245 246 -2.31328283976219
247 248 -0.23979473894588232
247 250 0.18905030456923816
248 249 0.7476959019565494
248 251 1.4488580118503724
249 252 -0.6835246259961354
250 251 -0.015468271272867791
251 252 1.1729862912308424
253 254 0.042195063812455455
253 256 1.169881778615694
254 255 0.6048214865863739
254 257 1.380438305739822
255 258 -0.6680751102547167
256 257 -1.200975591181929
257 258 -0.9288411655005901
259 260 1.0021873330178515
259 262 0.7146929166341021
260 261 -1.3759022763803612
260 263 1.226970537942247
261 264 0.9579686624583479
262 263 -1.0115965496898924
263 264 -0.6550302261450959
265 266 0.7127843067398274
265 268 0.7085983164367565
266 267 -0.12071681795441092
266 269 -0.2502183393622707
267 270 0.040528631848661345
268 269 0.3705914592773641
269 270 0.5042965631936088
271 272 1.0373694765129455
271 274 -1.3656301368931616
272 273 0.45762709642159777
272 275 -0.7323487864684717
273 276 0.5099890850373879
274 275 0.5951577892682057
275 276 0.1539591383224926
277 278 -0.011314580527452952
277 280 -0.2529816647375
278 279 2.7553753326808033
278 281 0.28170311357873473
279 282 -0.7114049130744199
280 281 -0.07494170628942047
281 282 -0.31884038556045896
283 284 1.155750724411556
283 286 -0.3865953313284821
284 285 -0.630702141077348
284 287 -0.6510399909211374
285 288 -1.0865761156880054
286 287 -0.8987077031459388
287 288 -0.3601637457449746
