# 
1 1 -0.23416957112208603
2 2 -0.6504817872553483
3 3 -0.04161027740362688
4 4 0.12669500328921848
5 5 -0.27842158844092013
6 6 -0.995514177790409
7 7 -1.2131505120107267
8 8 0.24233549659095124
9 9 -1.0037838393355476
10 10 -0.6594999328793374
11 11 -0.5396354049684843
12 12 0.9231150211456735
13 13 -1.9750199001111268
14 14 -0.17566908099850176
15 15 0.7486713562461446
16 16 -1.918683271352916
17 17 1.6615284027324138
18 18 1.3412700892425542
19 19 1.4661034393288541
20 20 -0.9670531858719321
21 21 -0.16250777984294115
22 22 0.0028107839801323623
23 23 1.897284371875506
24 24 1.210557108445531
25 25 0.22658143192837113
26 26 -1.594906269526127
27 27 -1.154791371031946
28 28 -0.0351079869646356
29 29 -1.3613169213869494
30 30 0.6431488114989828
31 31 -0.2627306935097673
32 32 -0.5568690341125193
33 33 -0.2463366926809331
34 34 0.05751392747585626
35 35 0.506780394508042
36 36 -0.09144628853233917
37 37 0.602780051687529
38 38 0.9179005221025583
39 39 1.3619641763138852
40 40 -0.86689094526756
41 41 -0.48767723063749735
42 42 -1.476005742044517
43 43 0.5492847685454687
44 44 -1.7614242777782296
45 45 -0.6855967487233707
46 46 -1.2232552032114885
47 47 0.7028657583983912
48 48 1.4240564487532759
49 49 1.8744472266143195
50 50 0.6533336556861072
51 51 -0.9584115723691039
52 52 -0.4905444532248805
53 53 0.8083348289558097
54 54 -0.7549070916992805
55 55 -0.25455203256301273
56 56 -0.6298141912416676
57 57 0.42404032246547413
58 58 0.45396831366409696
59 59 0.3773633895515387
60 60 -1.0460459918717466
61 61 0.16778126311631206
62 62 -0.3988237369450924
63 63 -0.4435262888995853
64 64 0.9150433797371044
65 65 0.07679406096870596
66 66 1.0813904658448983
67 67 0.28851172944754155
68 68 0.7924443795948548
69 69 1.4083271383911822
70 70 0.28708145884729386
71 71 0.5918690909158276
72 72 -0.628096760778242
73 73 0.07252830116790002
74 74 -0.6716314748462274
75 75 -0.5438847363052743
76 76 -0.1897482410503139
77 77 -1.8884750055312707
78 78 0.22788134487986972
79 79 -0.05051849250467879
80 80 -0.4376540995884236
81 81 0.656962873286417
82 82 -0.556908948068489
83 83 -0.47306145988733567
84 84 -0.2732299767946363
85 85 -0.7474135158196598
86 86 -2.088683491204948
87 87 1.4100526996089728
88 88 -2.5364742188074394
89 89 2.0260411023611473
90 90 -0.2707833531569095
91 91 -0.41085267079894505
92 92 -0.9464194156409395
93 93 2.2208403657094866
94 94 -0.9700050163108367
95 95 -3.229749119293911
96 96 -0.13637424707515483
97 97 -0.43293769674998633
98 98 -2.446728427857517
99 99 -1.9510680768801854
100 100 1.0160185257849328
101 101 0.23352504365757176
102 102 0.1382365997355889
103 103 -0.12018821340381898
104 104 -0.11099156044181731
105 105 -0.29597368472215735
106 106 0.020422173472579897
107 107 -0.1691014336360821
108 108 -0.0714641269015597
109 109 -0.7662407522387434
110 110 -0.18117311437742845
111 111 -1.1951078811771054
112 112 -0.9295335297491008
113 113 -0.4290374375796372
114 114 -0.109530134255488
115 115 1.4193666734563093
116 116 -0.37895652805089647
117 117 0.3158109543125461
118 118 -0.24669204298343472
119 119 -1.7573831633259303
120 120 -0.1649694786902185
121 121 0.2602138716063706
122 122 -1.2012579309600322
123 123 -0.4396689877761316
124 124 0.3444823626456753
125 125 0.25024224387710037
126 126 0.9833617366198152
127 127 -0.13189609149232112
128 128 -0.4227431864635196
129 129 1.2214472034365982
130 130 -1.3006277471453491
131 131 1.3365743269123602
132 132 -0.15138015048121767
133 133 -0.7505918406187422
134 134 -3.4716428623722746
135 135 1.7842020746628782
136 136 0.13175204274829463
137 137 -0.28159857787810205
138 138 -0.08291391694791565
139 139 -1.9289183833515429
140 140 1.859240064291131
141 141 -2.8373122179426464
142 142 -0.6777295816553355
143 143 -2.044506054167476
144 144 0.7688767554803279
145 145 -0.6446642814749827
146 146 1.2171089850064107
147 147 1.5698191483123296
148 148 -1.0720687393603399
149 149 -0.1950992893734745
150 150 -0.42247913820302296
151 151 -0.15367039647024186
152 152 0.14047757046033152
153 153 0.5813198912013636
154 154 1.2595687154978876
155 155 0.12079363284311045
156 156 -0.2506042851880014
157 157 -0.05226268875723268
158 158 0.9860346677857685
159 159 0.11811374341357597
160 160 -1.164579240874045
161 161 -1.281704120535
162 162 1.2737048437057419
163 163 0.33856423519620177
164 164 0.37136458922413373
165 165 0.4811409793666056
166 166 0.5742538430081152
167 167 -0.32460905117772293
168 168 -0.07652194526596157
169 169 0.24174392438434697
170 170 -0.3702994587983183
171 171 -1.1491489656417162
172 172 -1.2414853169066646
173 173 -1.3014188974213678
174 174 0.6776637396879991
175 175 -0.2589474208663979
176 176 0.27632207321844826
177 177 -0.11831375817858111
178 178 0.08025960318152865
179 179 -0.6799400954809985
180 180 -0.8318180691262232
181 181 1.671952948838965
182 182 1.075902943828744
183 183 0.31960524195747697
184 184 0.43875883009534516
185 185 -2.613067660077269
186 186 -0.5002001837022422
187 187 1.5590215737102442
188 188 0.1732821704704756
189 189 -1.4574687201398986
190 190 -0.5491037814622505
191 191 0.2253667877302601
192 192 -0.4393745516012232
193 193 0.4478216821944455
194 194 1.4870433064820354
195 195 0.08224861354726999
196 196 0.4280512179457817
197 197 -2.347046565258748
198 198 -0.8253339467963591
199 199 -1.7750453577186762
200 200 0.9911410108721703
201 201 -0.36671276877957226
202 202 1.6263511359498108
203 203 -1.1473505218996798
204 204 0.10771613604767406
205 205 -0.2397418719181332
206 206 1.255562856687981
207 207 -0.20893301345324208
208 208 1.2469806066463194
209 209 0.1340587990447254
210 210 1.6877533050023397
211 211 -0.16766596693708063
212 212 -0.08626920834995849
213 213 0.365067446691026
214 214 -0.36293696280286986
215 215 -0.4595866850171366
216 216 -1.2679901713117356
217 217 1.2349655848080139
218 218 0.6169047219032491
219 219 0.18479275040982365
220 220 -1.7586386564554894
221 221 0.24964230657525896
222 222 -0.9770130454525987
223 223 -0.8256135047486932
224 224 1.3090215844944035
225 225 1.097630074670167
226 226 -0.2417289351072039
227 227 -1.0089535239492087
228 228 -0.6614039904343697
229 229 0.2262802874801146
230 230 0.8802135250391877
231 231 1.5035364397078659
232 232 0.19878865023380415
233 233 0.5988239228160465
234 234 -0.6067241613826214
235 235 -1.0969727360471773
236 236 -1.2400287406816857
237 237 0.3488477269167848
238 238 0.7518038783374482
239 239 0.35610232847898066
240 240 -0.08253168925350422
241 241 1.7866619849277232
242 242 1.2968369247248923
243 243 -0.6040530090865502
244 244 0.5879181575352292
245 245 0.4528375496151592
246 246 0.5582358611160338
247 247 -1.064820086688349
248 248 0.5045268211114475
249 249 -1.6228244050692815
250 250 -1.5417133372437861
251 251 0.6855428049512
252 252 0.15479222293651554
253 253 0.6726941780327915
254 254 -0.15409897607789294
255 255 0.8380900209625275
256 256 -0.7865310530528264
257 257 -0.7483428004803491
258 258 0.15831615622624218
259 259 0.11137865409134598
260 260 2.1327069872508897
261 261 1.6918692495041485
262 262 -0.15972425389784198
263 263 -0.044251654093396195
264 264 -2.5155826877659977
265 265 -0.8824789943302919
266 266 -0.46695019609745
267 267 -0.7196225916146554
268 268 0.507091148992314
269 269 1.0033660582203163
270 270 -0.15281524199361726
271 271 1.1965160943350786
272 272 -0.8378548574522567
273 273 0.8158061155721176
274 274 -0.2208115298373818
275 275 -0.7242473339354081
276 276 -0.5791054946258162
277 277 0.25236556398711324
278 278 0.6558048685748671
279 279 0.30707258075973826
280 280 -0.18838079227623913
281 281 -1.4001802384201603
282 282 1.248008896406653
283 283 0.24924776046165473
284 284 0.28023601814318305
285 285 -0.8742382496995512
286 286 0.42401933876827635
287 287 -0.9227219423180041
288 288 -0.6531658601072108
1 2 0.04867834193572206
1 4 0.0030877840705805337
2 3 -0.8956134419917443
2 5 -1.3727927056548594
3 6 0.0016561506102538296
4 5 0.864541757195326
5 6 1.21783042429159
7 8 0.35727614774397043
7 10 1.3514896147134547
7 157 -0.8249787244696482
7 160 2.278073485355593
7 163 0.7359355951356725
7 166 0.28343816801051314
8 9 0.3450174326941071
8 11 -0.7153836468688164
8 193 -0.019299898014610035
8 196 -0.963245113677386
8 199 1.5285815039936599
8 202 0.32743810112269406
9 12 -0.6803178213455059
9 229 0.6077332285448944
9 232 1.0901453008963962
9 235 0.791226889114655
9 238 -0.24570558469291778
10 11 1.802156294425788
10 157 1.5206767988554812
10 160 -0.23644067911516095
10 163 0.14302771730436242
10 166 0.6811222147353813
11 12 1.4875719172280781
11 193 -0.569019193594414
11 196 -0.4291254821348688
11 199 0.5155742959692828
11 202 -0.02388513352330378
12 229 -1.482193980418269
12 232 -0.6910648047840904
12 235 -0.5522019329454813
12 238 -0.731279026620975
13 14 -0.14502735279044843
13 16 0.01534711220003001
13 193 0.8084905103744425
13 196 -0.37338007091413516
13 199 2.1298637281456845
13 202 0.4595725620816298
14 15 0.384429857840406
14 17 1.2305902550189307
14 229 1.1845383370605513
14 232 0.19052794025685507
14 235 0.3638368676411625
14 238 -1.5588094883980894
15 18 0.9753072715740623
15 265 1.3353382536927088
15 268 -0.0359310846014452
15 271 0.25142917879442317
15 274 -0.31705329701394813
16 17 0.5086553762309853
16 193 0.1782275123053547
16 196 1.3580891637507642
16 199 0.5366623466017061
16 202 1.7274483891537429
17 18 0.022442145356585022
17 229 1.1632351382023716
17 232 -1.5659657300357943
17 235 -1.4905123626180576
17 238 0.34746573039782774
18 265 0.158054441050236
18 268 -0.00183653260116044
18 271 0.6688637674949898
18 274 -0.5591679002666997
19 20 -0.07663649980955546
19 22 0.6048659565100074
19 181 -0.7338436461472421
19 184 0.724707095951548
19 187 0.4402389191173752
19 190 0.30089507073885363
19 193 -1.0224971525899937
19 196 0.8429113958901524
19 199 -0.6671248841502497
19 202 -1.1505090142548158
20 21 -0.5468926582069349
20 23 -0.07922225134131383
20 217 -0.5976163922441583
20 220 -1.4350772998243237
20 223 -0.8609053040756596
20 226 0.537555071193241
20 229 0.3992139938087478
20 232 -0.3070429486822714
20 235 0.4293360892602252
20 238 0.6013134415475223
21 24 -0.940098322877781
21 253 0.015312151818583503
21 256 1.2608208035472606
21 259 -0.7234017773898143
21 262 0.9097024163679572
21 265 -1.3211966306314158
21 268 -0.12976893283411714
21 271 1.1521714705298118
21 274 0.12643640113592453
22 23 -1.5804029717396482
22 181 -0.8710886600915941
22 184 0.930186838574959
22 187 -1.0853215258583537
22 190 -1.7475730356932766
22 193 -0.05690134331077709
22 196 0.48264919521985356
22 199 0.19610219180920807
22 202 0.5595706168774086
23 24 -2.2690650328604116
23 217 -2.5440226420839713
23 220 -0.028993131762928084
23 223 0.9445899560065675
23 226 0.11633270662648282
23 229 0.373379634285533
23 232 -0.4662538197955951
23 235 -2.7700764679188024
23 238 0.08512985178351452
24 253 -0.312109180997856
24 256 -1.0337674458455206
24 259 -0.44433193482413663
24 262 -0.9915049465983806
24 265 1.2957920621304844
24 268 -1.7376538121850762
24 271 1.2209576927911863
24 274 -0.44309575640248555
25 26 0.9107277000095988
25 28 0.2039406787175276
25 181 1.3253490439286477
25 184 -1.6210065259314148
25 187 -0.7710092721359942
25 190 -0.3721312061128855
25 193 0.5939698585934008
25 196 -0.07736198814156503
25 163 0.26147200253187713
25 166 1.0783423227334357
26 27 0.16499324914986938
26 29 1.043699947103084
26 217 1.8854061057057536
26 220 1.645207710062643
26 223 -0.271143143489723
26 226 -2.248109608712867
26 229 -0.2284462687861079
26 232 0.8020736574556622
26 199 -2.2934443914729616
26 202 -0.9011905190334962
27 30 0.27037137097932834
27 253 0.7962132937920128
27 256 -0.37737741936831287
27 259 0.030789053918790547
27 262 1.1230082645352943
27 265 0.42091929614180984
27 268 1.0968270041358377
27 235 1.1161301074833203
27 238 0.258070219290995
28 29 -0.0866265601881887
28 181 0.0924459439433712
28 184 2.382039483108671
28 187 -0.18376004769409257
28 190 0.13214549638060966
28 193 0.05219904173852151
28 196 0.21050076378103352
28 163 -2.0519381898677995
28 166 -2.363993687819441
29 30 1.6794952908937553
29 217 -1.1733148226102028
29 220 0.8854001051737995
29 223 0.3148550259869162
29 226 -0.5617797154579652
29 229 -0.5363409729013924
29 232 0.11033382721438631
29 199 1.0634248227695222
29 202 -0.7559448072467082
30 253 -0.6273182806416531
30 256 -1.2472942684440396
30 259 -0.7441341238637261
30 262 -1.7178287211512657
30 265 -0.7090431066059171
30 268 0.12231489122659904
30 235 0.21614887854701287
30 238 1.12620041390129
31 32 0.09139218244709316
31 34 0.011518380293034692
31 181 -2.3390825779390627
31 184 -0.7398650614814245
31 187 -1.7091660531266466
31 190 0.09821105954595633
31 193 0.029377523951436255
31 196 0.5031865903820089
31 163 -1.2856633144413399
31 166 -0.10402753236352506
31 169 0.9826941002998831
31 172 0.8719669692148909
31 175 0.12902035596153108
31 178 -0.07268828168107326
32 33 -0.31104356620960316
32 35 0.1254352893801994
32 217 -0.6541209084821604
32 220 1.1608001583439223
32 223 0.3231201252194915
32 226 -1.5639130179945901
32 229 0.03879755119020087
32 232 0.5473012175260449
32 199 -0.6919143349342788
32 202 0.5214186488787721
32 205 0.24692151928304065
32 208 0.3344438529912522
32 211 -0.08195126326298874
32 214 -1.7375914361220943
33 36 -0.14030574693767242
33 253 0.18242316000869352
33 256 -0.9914118734986984
33 259 0.05871306480184066
33 262 -0.006801775548496009
33 265 0.39479721058934414
33 268 -0.642726813741809
33 235 0.34634788224682306
33 238 -1.0750784364757917
33 241 -0.4770557858469367
33 244 1.4781206395157238
33 247 -1.3610602037363908
33 250 0.054216139901136245
34 35 -2.662443803990525
34 181 -1.3936829380491305
34 184 -0.46707950478379523
34 187 -0.11931181604677348
34 190 0.5427873562303789
34 193 0.8280679430832819
34 196 -0.08761035291607588
34 163 -0.25423854879709684
34 166 0.10700548365590017
34 169 -0.601064931112537
34 172 -0.9631792176600384
34 175 0.7912505619410419
34 178 -0.17256230201520034
35 36 1.9893588710706382
35 217 -0.7486220551764722
35 220 -1.6659308603566836
35 223 -0.09023686152098544
35 226 0.6831419673415554
35 229 0.17109578364614858
35 232 -0.938835601446172
35 199 0.40556725627550144
35 202 -0.4397877649610617
35 205 0.7890761200151568
35 208 1.7129722500598845
35 211 0.8135983917244457
35 214 1.0678759140644476
36 253 1.3982480374458028
36 256 0.5640100102058643
36 259 0.4653290787458434
36 262 0.27713480793305456
36 265 -0.3656719975338804
36 268 0.7924042698044901
36 235 -0.46018334026630486
36 238 0.5198009258565923
36 241 0.05697553884921029
36 244 0.6173714993487606
36 247 2.6546372365237754
36 250 -0.12230717646533791
37 38 -0.4999299203982143
37 40 -0.22480598613830508
37 181 0.15639964396227238
37 184 -2.1474120403595456
37 151 -1.3472870170821991
37 154 -0.3145230366682794
37 157 1.5743927813720622
37 160 0.8773336763322882
37 163 -0.1979912118337295
37 166 0.04309773532235902
37 169 0.8892661681323789
37 172 -1.0808493228954132
37 175 -0.8233401626277211
37 178 -0.5676237739802389
38 39 -0.1551839473603557
38 41 0.5662224066071887
38 217 -0.7627160732199145
38 220 0.8681941420006645
38 187 -0.47543224817540314
38 190 0.48965676100521854
38 193 0.73267700906107
38 196 -0.5854670374356052
38 199 -1.1481541119122407
38 202 2.41459062921071
38 205 -0.01726378522578543
38 208 0.009682296569767213
38 211 -1.1538525280583711
38 214 2.0579138710256037
39 42 0.025123603029580735
39 253 -1.4789697540715314
39 256 -0.336349002792384
39 223 0.22497432124299177
39 226 0.9030223456342349
39 229 0.12109870257374662
39 232 -0.9734933643023598
39 235 0.44856150925439947
39 238 -1.2018561451326506
39 241 1.1876604172272305
39 244 -0.47625120709432284
39 247 -0.001233149418460689
39 250 -1.4349864122904572
40 41 -0.5113542459028965
40 181 -0.79571685930174
40 184 -1.32923923861111
40 151 0.10567496720895239
40 154 -0.054690179909236025
40 157 -0.7134624879791678
40 160 -0.10643422707655101
40 163 0.9678082700204079
40 166 -0.7034924003973743
40 169 -0.21508741723187835
40 172 -1.8017096627022295
40 175 1.8745022695500284
40 178 -2.311032551665247
41 42 -0.4422340937502831
41 217 -0.021256630815755045
41 220 1.8205420254848999
41 187 0.7111026983718652
41 190 1.07554542674082
41 193 0.8996206675195212
41 196 0.15078206323164225
41 199 0.05392459216070195
41 202 1.649928372890836
41 205 0.018992814002574673
41 208 -0.01281491899037835
41 211 -0.9106196712319968
41 214 0.5000592085083705
42 253 -0.6525889959104967
42 256 -1.3785710855312499
42 223 1.0409137990190078
42 226 0.31742668673939867
42 229 -0.37046941966329083
42 232 -0.4358007402891921
42 235 0.377249881556186
42 238 3.368793628447712
42 241 -0.19899236445930524
42 244 -0.47857534302274146
42 247 2.3176890429501853
42 250 0.052877613800367
43 44 1.2836502054895025
43 46 0.8296519896121873
43 181 -1.0989542443880205
43 184 -0.917590754073629
43 151 1.7409270275134137
43 154 0.572945470572724
43 158 -1.4918413007526665
43 161 -1.4120580751153704
43 164 -0.809512101087363
43 167 1.0403980609510117
43 169 -0.6174010105948109
43 172 -1.582553496999937
43 175 -0.6148728853926688
43 178 -0.272284666822472
44 45 0.6029161336949933
44 47 1.6192157232590516
44 217 1.59544588029952
44 220 1.0563520550188377
44 187 -0.24353557333971235
44 190 0.6172081711041046
44 194 1.380016948871167
44 197 -0.6120229394618051
44 200 0.6356390147498333
44 203 0.586789840500917
44 205 1.0987528992912239
44 208 -0.1633355913138804
44 211 -0.03251688781268938
44 214 -0.27424274502617574
45 48 1.3952339387952912
45 253 -0.8365568951161192
45 256 0.36186259853416947
45 223 -0.09741870148320961
45 226 0.3473989228795973
45 230 1.8861707768174814
45 233 -0.041942627942022
45 236 0.674671187831891
45 239 0.530111503124895
45 241 1.2712048007951062
45 244 -0.5328480797818262
45 247 0.1708299836711462
45 250 -1.088667080704841
46 47 -1.1228451732517306
46 181 0.2983427127432914
46 184 2.8882527708417896
46 151 1.747906463927446
46 154 -1.1651537551427096
46 158 -1.1093767104981282
46 161 -1.7096727837151597
46 164 -0.5397619400752406
46 167 0.7937624308199032
46 169 1.0288208431682095
46 172 -1.3149927513216002
46 175 0.5569885450936553
46 178 0.44327576960242454
47 48 -0.41576805315465115
47 217 1.2308800408596348
47 220 -0.528384184873893
47 187 2.7061252235402438
47 190 0.4823517657988305
47 194 2.22307783321137
47 197 -0.5568773287685758
47 200 -0.8687269933700873
47 203 0.29009344874579757
47 205 0.7574231937947516
47 208 -1.1249987065083584
47 211 0.6222515119866417
47 214 1.482716797246005
48 253 -0.5917842396154553
48 256 0.1892059524651844
48 223 0.6338348880339956
48 226 1.0575925834704731
48 230 -0.2018974961567536
48 233 1.142940398633693
48 236 1.0938708962011832
48 239 1.429839241992158
48 241 -0.08942242842673928
48 244 -0.3526937197190309
48 247 1.2311916068438744
48 250 1.7702120671916266
49 50 -1.098669607358397
49 52 0.609571695526216
49 181 0.5764957400917308
49 184 -0.987723489890675
49 187 -0.44368647459187616
49 190 -0.563238533207856
49 194 0.1476336040080291
49 197 -0.43293285959788175
49 200 1.1867709408251739
49 203 0.8559964236268992
49 205 -1.0210506377791198
49 208 1.1325425436349092
49 175 0.04800471826172411
49 178 1.1126277926415442
50 51 -0.36767603073486277
50 53 2.639420244428596
50 217 1.1134849940516878
50 220 -0.28396253508942615
50 223 -1.2161715465496228
50 226 -0.20154783764364162
50 230 0.9804787501819601
50 233 -1.3136481420499326
50 236 -0.20238427568757097
50 239 0.9865132036912634
50 241 -0.08145291405020781
50 244 -0.26528818573312946
50 211 -0.4417115661665837
50 214 -0.6838676892916706
51 54 1.1072962697900472
51 253 -0.6626800515709163
51 256 -1.397011143076795
51 259 1.178464469105387
51 262 -0.81821767988008
51 266 -0.3720529471843739
51 269 0.3260416874565114
51 272 2.322337849636956
51 275 0.8267020876447707
51 277 1.4900102886902262
51 280 -0.0531927696620685
51 247 0.30894203745277626
51 250 0.5974375364796496
52 53 0.9138012557012573
52 181 -0.35734148439738883
52 184 -0.8214522023480162
52 187 -1.0781953105248823
52 190 0.48300958045651604
52 194 1.271052889038092
52 197 -0.0364366170765766
52 200 -0.16704477986804137
52 203 -0.304603616198251
52 205 -0.884327947926207
52 208 -0.4244214553422582
52 175 -1.6848341526158268
52 178 1.8577648314124728
53 54 -0.2447575770967526
53 217 1.6897679774274326
53 220 0.5050161026031811
53 223 -0.4625672476109269
53 226 -0.4691936077782005
53 230 -0.19065241136705724
53 233 0.10605441631795176
53 236 0.7972497594880436
53 239 0.9187089997036293
53 241 -0.7444882619680974
53 244 -1.5123686654859927
53 211 -1.6330482130681017
53 214 -1.5143759807851893
54 253 -0.352984458305714
54 256 -1.6432560379772625
54 259 -1.396329159280452
54 262 1.6094669790562488
54 266 -0.1690120412511056
54 269 0.5042344373922673
54 272 -0.01994984505402466
54 275 -0.4515572606916908
54 277 0.44188603522594055
54 280 -0.1233542670438168
54 247 -0.6337507312896093
54 250 -1.5748777184413238
55 56 0.10205019788579447
55 58 1.8643067986604362
55 182 1.8160287326203255
55 185 -0.8231767301975057
55 188 -0.40759205263458015
55 191 -0.7711889624869077
55 194 0.12844138197836713
55 197 -0.04231041290554084
55 200 -0.5961298708620519
55 203 0.5066872822926148
55 205 0.41068262824639745
55 208 -0.46198250647893135
55 175 0.8140472486288833
55 178 -0.4997484814833003
56 57 -0.6146492099868653
56 59 0.03377465449652359
56 218 0.5712332666420151
56 221 0.11334935803057586
56 224 1.4149379789144327
56 227 1.0827560500128794
56 230 0.120596743421084
56 233 0.1833372353188351
56 236 -0.5673303585262489
56 239 -0.013741229182802815
56 241 -1.8760261935205595
56 244 0.135354803691923
56 211 2.204664113502582
56 214 -0.1502550282070259
57 60 1.1955274133202978
57 254 -0.4426518897268211
57 257 2.0781902079057417
57 260 -0.24463306262327347
57 263 1.8628164242581315
57 266 0.17566233819750504
57 269 0.38835908032244804
57 272 -1.1708228269512913
57 275 0.42704306130433506
57 277 0.9618870464935869
57 280 0.4976817121513068
57 247 1.4852335276744348
57 250 -0.8553880551824499
58 59 -0.34394510406286044
58 182 -1.600054030859634
58 185 1.1234076730937816
58 188 0.03594923109037754
58 191 0.8084253390808717
58 194 1.1568388402848235
58 197 0.3012785390491657
58 200 0.3276407734088446
58 203 -0.3610798035782576
58 205 -0.10561148515731757
58 208 -0.813043817954826
58 175 1.5746459018816803
58 178 -1.026226103126525
59 60 0.3812850986859911
59 218 -0.5523211336129099
59 221 0.5167861985254119
59 224 -0.48146017796205315
59 227 -0.8336309363666455
59 230 -0.5413268330616008
59 233 -0.3037441692250834
59 236 1.1395717376994041
59 239 0.21790487190793234
59 241 1.2735881167492589
59 244 1.2545613642112428
59 211 0.7921398032239858
59 214 0.4063669636859227
60 254 0.7050160216230766
60 257 -1.5597767400512392
60 260 0.16890459226270987
60 263 1.216163915829145
60 266 1.1647532913132697
60 269 -1.9058442559045827
60 272 -1.2955637532155886
60 275 -0.5240611270232398
60 277 -1.1335894947437923
60 280 -0.9278309885333317
60 247 1.787511533408754
60 250 0.15535693941001136
61 62 -1.3886986038491713
61 64 -0.49233913803378243
61 182 0.7692032621018308
61 185 1.1026486924878094
61 188 -1.7175732159866917
61 191 -0.7798378771587855
61 194 -0.6754030875594639
61 197 -1.45621515618863
61 164 0.7193341187667971
61 167 -1.444621964500358
61 169 -1.2894676162517882
61 172 -0.01262621394291964
61 175 -0.7245669320362775
61 178 -0.699792576406822
62 63 1.1751647365458608
62 65 -2.214779930987398
62 218 1.761604257117581
62 221 -0.0637806450078532
62 224 0.3646754107706163
62 227 0.790838203317657
62 230 0.12830722731037253
62 233 -1.598553388093783
62 200 0.0971493148622082
62 203 0.4588078271776884
62 205 0.16878000038110486
62 208 -1.236550720551155
62 211 -0.7416698292423601
62 214 0.3664192955239492
63 66 -0.7835577559681842
63 254 -0.33799030230042637
63 257 -0.5487037205722585
63 260 -0.746249174066296
63 263 0.9566891736690603
63 266 0.36699114685047685
63 269 -0.07076299249724169
63 236 0.33905984637892955
63 239 -0.8303882908059833
63 241 0.8085920750961298
63 244 2.1117109509953433
63 247 0.5046455806317527
63 250 1.6779569528890383
64 65 -0.5094300850627688
64 182 -0.5423855432556162
64 185 2.087452583781494
64 188 -0.43744938274127804
64 191 -1.4771102679643708
64 194 -2.5467500933991505
64 197 -0.266979444277582
64 164 -0.9618419199910749
64 167 1.3445491030506986
64 169 -0.3225565594697111
64 172 0.31871232614513934
64 175 0.21407587433274777
64 178 1.0059649468236842
65 66 -1.8886820349009155
65 218 0.0628899572201754
65 221 -0.25817650170296524
65 224 -0.3340228337992473
65 227 2.8823005084785533
65 230 1.3255531215291854
65 233 1.0290288138940125
65 200 1.7234741646112766
65 203 0.32290682337678306
65 205 -0.13686072319390571
65 208 -0.4239501946458778
65 211 1.4431830324852464
65 214 0.27834176909856445
66 254 -0.6194931439598135
66 257 -0.7944828791752467
66 260 -0.15386294445877588
66 263 -0.952318095014132
66 266 0.6082958163990949
66 269 1.2767516779551713
66 236 0.8412026758216316
66 239 -0.6347685837207154
66 241 -1.4861092919081023
66 244 -0.11544404703479207
66 247 0.02716632685294067
66 250 -2.753768090536616
67 68 -0.16880653333190446
67 70 -0.7558431306845219
67 182 -0.7522970029296722
67 185 0.4666906888128386
67 188 -0.06318787052199697
67 191 -0.15493122774664211
67 194 -0.707008309575332
67 197 -0.4236620796872345
67 164 0.43580639948751404
67 167 0.09604558293307464
67 170 0.33235377362809365
67 173 -0.6619370489414763
67 176 0.5678017400797073
67 179 0.11860261243117012
68 69 1.378433644361772
68 71 1.3590554751536155
68 218 0.6646442538177607
68 221 -0.49455284571272723
68 224 -0.2999899063444251
68 227 -1.185973192677214
68 230 0.2934007620912919
68 233 1.252799131779054
68 200 -0.27754412535850564
68 203 -1.1181151405097614
68 206 -2.0143061128372133
68 209 0.8556412820328968
68 212 1.340524805039322
68 215 -0.9374026881828551
69 72 -0.4081442165277004
69 254 -0.5437091440975306
69 257 0.5660820235711848
69 260 1.781086387722741
69 263 -1.8218108472686365
69 266 -0.2917401335925392
69 269 0.24446543739995913
69 236 0.19682469502350214
69 239 1.3303764473879132
69 242 1.1772211138758142
69 245 -1.1351514630731805
69 248 -0.08923929483083726
69 251 2.0199967791852482
70 71 -0.7632014941610439
70 182 -0.3378001828194572
70 185 0.5803465602727332
70 188 0.7426787119039397
70 191 -0.49444974028385086
70 194 1.1258479316795318
70 197 0.20015470607316754
70 164 1.8804882327338304
70 167 -0.7629949911595612
70 170 -0.1500857189694013
70 173 0.20101892372908856
70 176 -0.33820666489172235
70 179 -0.709835628107416
71 72 0.9708098357013135
71 218 -0.6018005422178073
71 221 -0.5368747425673837
71 224 -0.3192577191725384
71 227 -0.05219290798979247
71 230 -0.3511242251989095
71 233 -1.167692916249977
71 200 -1.0086249905893936
71 203 -0.26400368677523656
71 206 0.008654216215516016
71 209 -0.20786931322283977
71 212 1.5817672822139783
71 215 -0.35456475985451374
72 254 -1.4743600487945412
72 257 -0.4325964368110896
72 260 -1.3056791963280585
72 263 0.4598815277759697
72 266 0.4911836449535156
72 269 0.6236239670089069
72 236 0.6008380709330438
72 239 -1.5723949092924339
72 242 0.288159066646522
72 245 -0.24559993387124365
72 248 0.4326994352388385
72 251 0.575525344346203
73 74 -0.383864326764626
73 76 -2.384925547340266
73 182 0.519590101505034
73 185 0.9005660870688313
73 152 0.19032857205484321
73 155 0.005655164407182371
73 158 -0.23278564337811278
73 161 -0.23170172560479438
73 164 -0.5313064771907022
73 167 0.1407525744482622
73 170 0.8078874346495702
73 173 -0.3917971451917635
73 176 -0.24377047937930812
73 179 -0.1178188911583957
74 75 -0.7038353633242784
74 77 0.2746594031657007
74 218 0.2851692488497509
74 221 -1.1941682740677395
74 188 0.4942413927913252
74 191 0.390772043209386
74 194 -1.68397550810239
74 197 0.9976952302544767
74 200 -1.7378390000231998
74 203 -2.0110564744774133
74 206 -0.6662329924996666
74 209 -0.9406382055932753
74 212 0.7853763716593049
74 215 0.4016615083450196
75 78 -0.2774290062701018
75 254 0.7875366246694903
75 257 0.6455692959067294
75 224 0.3018705898539231
75 227 -0.5680644892184199
75 230 -0.15437111523819455
75 233 -0.10745103043552481
75 236 -0.5679676468954612
75 239 0.8015313418313291
75 242 -0.5166092209409276
75 245 1.2375571329604977
75 248 1.4041224588211059
75 251 -0.4543252831640703
76 77 0.5213919967796844
76 182 -0.43698477147506204
76 185 0.30060238972539993
76 152 -0.9957387283525205
76 155 0.23739965165296445
76 158 -0.5201516442290811
76 161 1.9467935664470126
76 164 0.5898145174172871
76 167 -0.7214546088956149
76 170 -0.7835456243466047
76 173 0.22540287824939453
76 176 0.3832336421765241
76 179 1.0922926539698479
77 78 0.9770399553911053
77 218 -1.0208586949214737
77 221 1.3117150115942677
77 188 0.2457011234763071
77 191 0.4004974150242514
77 194 -0.6359263031529709
77 197 -0.01961887415175891
77 200 -0.15875368128217243
77 203 -0.6149232436175738
77 206 0.07872343446405584
77 209 -0.846628315119367
77 212 -0.14860786370167528
77 215 0.2895419538280965
78 254 -0.39191287255632956
78 257 0.8773871442651294
78 224 -1.5784434512600096
78 227 -0.05144417729298229
78 230 1.8739633914747464
78 233 -0.4563334079046339
78 236 0.29568563105707163
78 239 -0.8206065818939057
78 242 -0.842424558432253
78 245 0.9669303543122245
78 248 -0.2600577977877783
78 251 0.048104761791827655
79 80 -0.48220621223752247
79 82 -0.5670337090740262
79 182 -0.9044915670359415
79 185 0.2652217633086575
79 152 1.078250847967115
79 155 -1.868757774845808
79 159 -0.2508495183171452
79 162 1.1710944415080449
79 165 0.964212217403453
79 168 0.1447516747512848
79 170 -0.7400728636893071
79 173 2.8335910529819457
79 176 2.7303083982849348
79 179 -1.215950196186235
80 81 0.8722605036726894
80 83 0.3734517903252833
80 218 1.9592011736654946
80 221 -1.1463327248511104
80 188 0.13371208822651454
80 191 0.6933010081407278
80 195 1.5051644071872943
80 198 1.6653806773815796
80 201 0.9425514331915751
80 204 -0.9206771349731829
80 206 1.9235203968777854
80 209 1.853563047326269
80 212 1.267723446427516
80 215 0.6823004395649033
81 84 2.043639841715249
81 254 0.7244932952208513
81 257 1.1940933767306248
81 224 3.0237205030579406
81 227 0.9255640130130296
81 231 1.1553027468032995
81 234 2.11017495415835
81 237 0.11284593589362073
81 240 1.4808548573124454
81 242 0.3672015585478646
81 245 -0.6343063940381014
81 248 0.19729983010120364
81 251 0.8692788382791765
82 83 -0.8420801823164441
82 182 -0.3985476361949795
82 185 -2.010992908455429
82 152 -0.22637878844871753
82 155 1.0378884919868485
82 159 0.16118433023660217
82 162 0.8671683508494449
82 165 0.8154431900702314
82 168 -0.013320741095922448
82 170 -0.8728314535663909
82 173 -0.019592277791522544
82 176 0.7423182055155281
82 179 1.133559865059539
83 84 0.3776274603744866
83 218 0.7608661290970793
83 221 1.5941871598780513
83 188 -1.1154603651813595
83 191 -1.5889354319482534
83 195 0.4429586159661576
83 198 0.22713631072855095
83 201 -1.6200027461984414
83 204 0.6122792330312979
83 206 1.516941646742945
83 209 -0.6101168976026374
83 212 0.3273122641244218
83 215 -0.8956196705755786
84 254 0.24924853740006592
84 257 1.4804118081143793
84 224 -0.3274692655044217
84 227 -0.4152196673922548
84 231 -0.7537989090033482
84 234 -1.1826896050621531
84 237 1.6095810762436327
84 240 1.2843617023972576
84 242 -0.30121483499984053
84 245 -0.14884900915372437
84 248 -0.06252315401440235
84 251 0.6879773101837682
85 86 0.22504204607032113
85 88 -0.19603980733144358
85 182 1.927290658278402
85 185 -1.3313777495933037
85 188 -0.10879931421844073
85 191 0.8174365518976278
85 195 -0.6884040450858353
85 198 0.4425618977757776
85 201 1.6084385468670006
85 204 -0.9217206627499133
85 206 -1.3350021544673425
85 209 0.7447222162376095
85 176 -0.10596178397138646
85 179 0.13183895074187507
86 87 -0.41016875670409025
86 89 -0.8126324210714861
86 218 1.7366778578317368
86 221 0.025360339639613993
86 224 0.792060934838742
86 227 -0.6085330145908876
86 231 1.3005978458085823
86 234 -0.30828547267056455
86 237 1.4482762435043264
86 240 -0.28113130606253584
86 242 0.7842426906806721
86 245 0.6470901847716214
86 212 -0.08090781688965056
86 215 -1.2156946097305232
87 90 0.20475532204828262
87 254 -0.5413658752577775
87 257 -0.8761556298965356
87 260 1.2285392962419888
87 263 0.7970633242061106
87 267 -0.05131587378169426
87 270 0.23788062328421147
87 273 -0.1623751646932243
87 276 -0.0958452724448767
87 278 -0.31781348203035054
87 281 1.046626802875808
87 248 0.18956121907220985
87 251 1.849616323607838
88 89 0.10843863623552712
88 182 -0.8829574429915676
88 185 -0.8388900314974739
88 188 1.9485809986331233
88 191 -0.39847146142674783
88 195 -0.5898421363751645
88 198 1.2136978025326648
88 201 0.6988828838009902
88 204 -1.2618758637320457
88 206 0.9735935804891793
88 209 -2.272907703467531
88 176 -0.9172597345296498
88 179 1.9121785809639973
89 90 -0.5892895365992998
89 218 -1.3736042744337875
89 221 0.6254530701601636
89 224 -0.40151657856178036
89 227 -0.9477016293823086
89 231 -0.1231020332978981
89 234 -0.5303812128142871
89 237 0.052016312160186165
89 240 -1.6993277361021935
89 242 0.24089986746602743
89 245 0.08934295954414741
89 212 -0.4453127884279616
89 215 -0.05910267295593564
90 254 -0.6620539422195388
90 257 -0.9913302796329405
90 260 -0.8317220562079007
90 263 -0.08681467091260235
90 267 -0.21493390691605094
90 270 0.20865615372793955
90 273 0.22950905364004553
90 276 -1.0534551776854852
90 278 0.37293329073777615
90 281 -1.2345441033501732
90 248 -0.08206623446610561
90 251 -0.9411591361146652
91 92 -0.6988027535354799
91 94 0.5299355553720984
91 183 -0.3792988714751954
91 186 -0.1022438363327268
91 189 0.5465374735150208
91 192 -0.46392496626583
91 195 -0.4120311738907335
91 198 0.08391234332495026
91 201 1.2101446044750521
91 204 0.9570874888491746
91 206 1.390644958798958
91 209 0.3004816587223383
91 176 -1.2233348155126529
91 179 -0.03851797510015919
92 93 0.8160592127007982
92 95 -1.4500783306224543
92 219 -3.454065088440295
92 222 -0.2741740282732741
92 225 1.110026818602162
92 228 0.534426281006157
92 231 1.4674967202311324
92 234 -0.4683489112631906
92 237 1.762316818192504
92 240 0.15216554435891444
92 242 1.2361092430375349
92 245 -0.35213597034278754
92 212 0.21609396020710647
92 215 0.10610349204317757
93 96 1.932468744270039
93 255 -0.012357015013149312
93 258 0.5978839066533174
93 261 -1.3194514162452244
93 264 -0.5718842323285172
93 267 -0.5233666367000563
93 270 0.6268696571942247
93 273 -2.2080992765747482
93 276 -0.570556520407573
93 278 -0.4582547674092197
93 281 2.0852994430689806
93 248 0.8354331612163938
93 251 -1.3873780570801937
94 95 0.8976446771038422
94 183 -1.0990155889743052
94 186 -0.825812819669899
94 189 -1.2741737656133965
94 192 1.1487629765919147
94 195 1.375060189233345
94 198 -1.036499931150085
94 201 1.015683465080975
94 204 0.5376107302913095
94 206 1.455476409688302
94 209 1.4042156537521757
94 176 0.2340117380253481
94 179 -1.1913069429980796
95 96 0.6463541042170893
95 219 0.16123498096100294
95 222 -0.028840483204828297
95 225 -1.4113483318884557
95 228 -0.2595182699909006
95 231 -0.6865339421616236
95 234 0.3569441909424039
95 237 -0.23484900473083406
95 240 -0.2601620370610414
95 242 -0.24560960377744717
95 245 -1.0245736101438339
95 212 -0.9246557368825133
95 215 0.03654012395300866
96 255 0.32866369562413683
96 258 0.6476555331155842
96 261 -2.1224244405462587
96 264 -0.22628805033266206
96 267 -0.35307311581560247
96 270 0.13072025864030404
96 273 -0.8958286989193901
96 276 0.1664206709156084
96 278 -0.23039435994545776
96 281 -0.6957692582935158
96 248 -0.4557631254515582
96 251 0.33966807661870846
97 98 0.2549652548320111
97 100 0.16689844978075147
97 183 -0.340407450618771
97 186 -1.3124340247245239
97 189 0.2748988397248963
97 192 -0.022063246849818342
97 195 1.000830365352758
97 198 0.018316838821647908
97 165 1.1672865284842697
97 168 -0.08012534960240365
97 170 0.06799604690537464
97 173 1.7759455751572182
97 176 0.5152585938949916
97 179 0.5506516860895799
98 99 -0.16810002997605264
98 101 -0.46698765942720044
98 219 0.7509142407974289
98 222 1.7705561168723545
98 225 -2.0992098607356753
98 228 1.1707758982592706
98 231 1.3292259867093807
98 234 -0.9378583380792551
98 201 0.08091643988108414
98 204 1.61556426443119
98 206 0.48459530148104296
98 209 -0.8341402778246667
98 212 -0.5067163700861252
98 215 -0.920491489867019
99 102 -0.2050157979290508
99 255 0.22104980387491333
99 258 0.07433788801107025
99 261 0.7837317900399648
99 264 0.9025837394698135
99 267 0.3046188580098972
99 270 0.5900311841089821
99 237 -1.2866373290280018
99 240 -0.2752747687284451
99 242 0.7744531966019834
99 245 -0.18822431547868676
99 248 1.244884169911336
99 251 -0.16490865667784313
100 101 0.6368298546459341
100 183 -2.028787960208235
100 186 -0.08119677936434508
100 189 -0.5525428648326858
100 192 2.174338605062931
100 195 -0.30330707807363316
100 198 -1.8993910650455896
100 165 -0.7066579958203255
100 168 -0.0643276212593018
100 170 -0.7742881461877686
100 173 -1.1291605448685245
100 176 3.0873427481969116
100 179 -0.1002071438350742
101 102 -0.48999704510311176
101 219 -0.21250520886490648
101 222 -0.49599328501321677
101 225 -0.058142395839058066
101 228 -0.24176212409465173
101 231 0.3123808940140512
101 234 -0.17250660625551248
101 201 0.7349751434861254
101 204 -1.074453953623424
101 206 0.1897481102139134
101 209 -0.5590084382075042
101 212 -0.5315519469887405
101 215 -0.662792798085719
102 255 -0.3574051908882033
102 258 0.957199158935152
102 261 1.9178190910276127
102 264 0.3304347384094889
102 267 -0.4601676423899123
102 270 1.1872061596977208
102 237 1.4246086991616562
102 240 -0.43641076665249723
102 242 -0.3590473838043324
102 245 -0.8344894197502335
102 248 -1.831965669760806
102 251 -0.7620543077298945
103 104 -0.4048116546265161
103 106 0.4914980978104298
103 183 -0.4049747241167201
103 186 0.08935845326954012
103 189 -1.5525959554607536
103 192 1.3296490580507896
103 195 0.3979146837285764
103 198 0.15398581717470897
103 165 1.341862980934089
103 168 0.2899910090699658
103 171 -0.5460655297404886
103 174 -0.5336857483347954
103 177 -0.5062222202769869
103 180 2.2930113185771757
104 105 1.9138818971188136
104 107 1.8996088739209074
104 219 -0.2270681865654539
104 222 0.2690497231519632
104 225 0.6066005876753772
104 228 -0.9879244573093566
104 231 -0.2328679411738204
104 234 0.768944285342592
104 201 0.6252529802338399
104 204 0.3176117638082593
104 207 -1.1344477754082718
104 210 -0.11567869035738025
104 213 -0.3859825726841542
104 216 -0.5319477976638254
105 108 -0.20668740784894102
105 255 -0.8438359142832461
105 258 1.1340581125389484
105 261 -0.8528175541706648
105 264 2.418684182137953
105 267 -0.7075065913247137
105 270 -0.3170011487391706
105 237 -0.2076879058642767
105 240 -1.7298410620477749
105 243 0.5984163111700668
105 246 0.5754333292619637
105 249 -1.1696795138775042
105 252 0.8695550522322367
106 107 0.6008150403194206
106 183 -0.40367119171240795
106 186 0.6238145428191524
106 189 1.6921452422914127
106 192 1.061046302772625
106 195 -1.615814560037816
106 198 -0.31879085162391285
106 165 -0.7101892843622595
106 168 0.45159900647694656
106 171 0.7891983902986307
106 174 -1.0061774090294404
106 177 0.4923029524891492
106 180 -0.2884491318832055
107 108 -0.3837125563862644
107 219 0.08661369053171232
107 222 0.21646209492959861
107 225 0.7920439758017264
107 228 -0.8335542720095636
107 231 0.4604932021992274
107 234 2.2909842745185887
107 201 -0.305184399699871
107 204 -0.6199600372195511
107 207 -0.47116614931580353
107 210 -0.35776223089918996
107 213 -1.9305215089733654
107 216 -0.6018658463172063
108 255 0.2092516308025798
108 258 -0.528449539107173
108 261 1.809544311699292
108 264 0.7104722452324059
108 267 -0.38482487391682313
108 270 -1.067808251171434
108 237 0.5452348770734414
108 240 -0.18408504611740606
108 243 2.059828260550278
108 246 -1.2908958674096527
108 249 0.455443289828222
108 252 -0.4401293792918517
109 110 -0.519973466279452
109 112 -0.33247008761319774
109 183 -0.3340111649904872
109 186 0.4368245353381358
109 153 0.2522247084543356
109 156 0.7629332160807195
109 159 -0.2954712162068668
109 162 -0.688172289173015
109 165 -0.15921217596776352
109 168 -0.24860198143747042
109 171 1.5608619266761907
109 174 -0.9862994882470125
109 177 1.912257000776267
109 180 -0.741937001792111
110 111 -0.8429891248177885
110 113 -1.5405090217607078
110 219 -0.5071208804323701
110 222 -1.6959081449868263
110 189 -2.678679532312371
110 192 -0.5417638963256336
110 195 0.9435526582081738
110 198 0.8537752596844249
110 201 0.31737686986936825
110 204 2.6010354826686672
110 207 1.9295999167369298
110 210 -0.6642894281496924
110 213 -0.021989471500049
110 216 -1.22801539377079
111 114 -0.07441409696123921
111 255 0.4486241759802475
111 258 -1.261805468127961
111 225 -0.8572869409469673
111 228 -1.5684966957118036
111 231 0.16040099602632393
111 234 0.7769261178572991
111 237 0.7465524830941253
111 240 -0.02825594296908883
111 243 -1.6114581508479116
111 246 0.6547116605943141
111 249 1.6815133049892332
111 252 0.9408877147424778
112 113 -0.03315334768598268
112 183 -1.8226283251973476
112 186 0.09386991581817532
112 153 0.4100207124910858
112 156 2.0075229419223195
112 159 -1.0111340229871746
112 162 0.3915451152748064
112 165 1.2632425692165812
112 168 2.064336965522909
112 171 -0.27515430773419775
112 174 -1.0275316013937008
112 177 -1.1475332334005348
112 180 -0.265077008944434
113 114 -0.7407516403612991
113 219 -1.5262949452635988
113 222 -1.7670523573318513
113 189 2.4911217412455713
113 192 -0.027909891666935024
113 195 -0.37210835603949854
113 198 -0.8448458867759593
113 201 0.4572316974302044
113 204 -0.7662375679368384
113 207 -1.9604763115353379
113 210 -0.6409677478399618
113 213 1.6282304461140906
113 216 0.6155541463487503
114 255 -1.1675333674090482
114 258 0.5452536414736219
114 225 0.14868463226502235
114 228 -1.6211544852300974
114 231 -0.5971667834614962
114 234 -1.2218200762476492
114 237 0.09881307043334744
114 240 -1.0110756119949986
114 243 -0.5183796079337141
114 246 -0.6329053912167235
114 249 0.16032158430028626
114 252 -0.806996433477752
115 116 0.5291127212139175
115 118 -0.6319603391056058
115 183 -1.0370183370577606
115 186 -0.8258240139861549
115 153 -4.22282762978012
115 156 0.5478171004675942
115 171 1.3971854175586056
115 174 -0.9989921984505622
115 177 0.1701464684753531
115 180 0.2344543418921044
116 117 -0.44228564593159087
116 119 -1.0188619718205993
116 219 -0.7864298231842412
116 222 1.4816047655134916
116 189 -0.49611092133208684
116 192 -0.7801343304162282
116 207 0.8915796634018149
116 210 -0.7660894202244091
116 213 -1.4841685253107646
116 216 -0.9764084490676104
117 120 0.15583342175595197
117 255 -1.2220547032806903
117 258 -1.6017925604406515
117 225 -1.329694866085113
117 228 -1.8508855678029263
117 243 0.6098051283607273
117 246 0.08522248908680873
117 249 -1.638229522340779
117 252 0.04152040707690916
118 119 1.0564626573391287
118 183 -1.623281298767599
118 186 0.1741931195776469
118 153 0.015574959003266537
118 156 -1.047510911606143
118 171 -1.3237475685100661
118 174 1.0143929744531657
118 177 -2.9018158127053892
118 180 0.06284247294260838
119 120 0.36793302925086735
119 219 0.8283576322687012
119 222 0.021451681835793032
119 189 0.05894420144197726
119 192 1.1523775824980025
119 207 -0.8809545510270923
119 210 1.9406640553390813
119 213 -0.9976814481898681
119 216 -2.1083884049219495
120 255 -0.3972723292503848
120 258 0.10222494158717046
120 225 -0.0555406199740938
120 228 0.17566642017135572
120 243 -0.13086342245932164
120 246 0.7470947083024784
120 249 0.7680130964167339
120 252 2.399067490659704
121 122 -1.2505210174281065
121 124 -0.7759834114823398
121 183 0.47564437890626454
121 186 -0.805406865166381
121 189 0.5256429789271204
121 192 -0.930329993623418
121 207 -1.7704308732836682
121 210 -2.341862400047524
121 177 0.7800600835476059
121 180 -0.07114250304836597
122 123 -0.05625291570016872
122 125 0.02122187480976003
122 219 0.4573569792106545
122 222 0.5679678981169102
122 225 1.1858323833694222
122 228 2.0105873213212293
122 243 -0.2508667632685465
122 246 -0.23675927211505732
122 213 0.5613187628165094
122 216 1.452235250955649
123 126 0.4364011998906418
123 255 1.933006388628212
123 258 0.009423323346634154
123 261 0.173804870059053
123 264 0.49079362855885295
123 279 1.1237955472154775
123 282 0.014652840428922861
123 249 -0.03085199309526431
123 252 -2.952755931072722
124 125 1.0231845283481895
124 183 -0.12566617112928616
124 186 0.08029352319676944
124 189 -0.03285562349948791
124 192 -0.2529345381243327
124 207 0.9106294119459112
124 210 0.5948381880353846
124 177 0.8410130417700517
124 180 -0.08593163306906546
125 126 0.6259577024387986
125 219 -0.30242170913854755
125 222 -0.30486373911285325
125 225 -1.3156922593669347
125 228 -0.8226002622610409
125 243 1.3759257211930362
125 246 -2.088818325663372
125 213 0.5118102395485243
125 216 1.0735191873893848
126 255 -0.1563771344059101
126 258 0.09038832564377383
126 261 1.4357049093737069
126 264 -0.5373606919118622
126 279 -0.34756331898504633
126 282 -1.152535783456647
126 249 -0.030754618128635516
126 252 -1.2084832456088426
127 128 -1.4267467814893997
127 130 0.5675402900352425
127 207 -0.861852027080653
127 210 -1.5608695155533
127 177 0.7977775341931592
127 180 0.07854468042114941
128 129 0.48375736458746815
128 131 -0.07453272406924052
128 243 -1.139923356401568
128 246 2.163890837563565
128 213 -0.743711731351905
128 216 -1.562063526314483
129 132 0.8182621758594217
129 279 -1.3796263570535419
129 282 -0.8729030946057269
129 249 -0.22239803266365651
129 252 0.011718276031689581
130 131 1.0208552457448932
130 207 -0.4924500967698313
130 210 -0.06221193363948921
130 177 0.9706867718004221
130 180 -0.35524728094080293
131 132 -0.9838110479510678
131 243 -0.1450265169875903
131 246 -0.614801230674667
131 213 -0.6861907241553026
131 216 0.6808383983150753
132 279 0.5200985770462287
132 282 0.34921485619800663
132 249 -0.7431466247823333
132 252 0.36710160456068164
133 134 0.691678079660944
133 136 0.2098496120061437
133 171 -1.2110761322944912
133 174 -0.4669739424189261
133 177 -0.8804753457658918
133 180 -0.5027489347831012
134 135 2.330588736894377
134 137 1.428326347714704
134 207 -0.045869091523541815
134 210 -0.6681435167960279
134 213 1.8633756641674708
134 216 -0.2735350485610025
135 138 -1.3067912626922615
135 243 -1.7228631298042834
135 246 -0.8463589440293814
135 249 -1.0855757387880376
135 252 0.3196606201525748
136 137 1.674964605179583
136 171 0.3182206612528067
136 174 1.6275860573480057
136 177 -0.6578471235493133
136 180 -2.0004152670980013
137 138 0.36035200775719106
137 207 0.20732984352407058
137 210 0.40364137723285803
137 213 0.46210599278859416
137 216 0.2982777305209052
138 243 -0.9014349311580067
138 246 1.0194556721966084
138 249 -0.8595941821216464
138 252 0.46125913881452
139 140 0.10293790928049754
139 142 0.24522308843611204
140 141 -0.8028456018173732
140 143 -0.9255685846889621
141 144 -0.02440639298154712
142 143 -0.8745376699701173
143 144 -1.3901521373617245
145 146 -0.062483944945134755
145 148 -0.5017004930360125
146 147 -0.9758939050798537
146 149 1.3199998488919396
147 150 -2.116319351138618
148 149 0.1880072555129011
149 150 0.412587230005884
151 152 1.6455121028714423
151 154 -0.3724141274051577
152 153 0.5949543912799116
152 155 -0.4231468633182909
153 156 0.4541865093050158
154 155 0.7364428307624047
155 156 -0.05014261788984355
157 158 0.22537167688764242
157 160 1.2313156724898098
158 159 -2.536451167552704
158 161 -0.26280964302015997
159 162 -0.794266410073853
160 161 1.139425071257704
161 162 0.1272745695059889
163 164 0.9561537209016423
163 166 -1.3916516668812784
164 165 1.2040816206604477
164 167 -0.28355013487087516
165 168 -0.7190300583961301
166 167 -0.0980452053392776
167 168 -0.7232508003175635
169 170 0.3951307661709539
169 172 -0.0643812811679168
170 171 -0.3929907574855283
170 173 -0.20203070305088874
171 174 -0.14671233731256333
172 173 0.27155836091719143
173 174 0.03996761781723017
175 176 -1.850712503129482
175 178 -0.8908253255246111
176 177 -1.238193248738903
176 179 0.4645562187687142
177 180 0.010680089810342434
178 179 1.6557613928066743
179 180 0.30647216808953104
181 182 -1.0819685710642168
181 184 0.2905821488174191
182 183 -0.7365289302516581
182 185 -0.21390348111345062
183 186 -2.23213928823148
184 185 -0.5379064455759784
185 186 0.6044546094034166
187 188 0.5375338611411344
187 190 0.3272706385177881
188 189 0.6317411761062266
188 191 0.3264217498994138
189 192 0.06621338080057647
190 191 -1.699678568100888
191 192 -0.012711286742299297
193 194 0.8032170795302845
193 196 1.413712287720774
194 195 0.3059748766664248
194 197 -0.3773520213800648
195 198 0.3109786298134213
196 197 1.117345529242411
197 198 0.2588317528558974
199 200 1.0541683524787049
199 202 -0.925609996237719
200 201 -0.8261097051264139
200 203 0.8616820181069229
201 204 1.1268950113417302
202 203 0.05447616490466927
203 204 -0.0781082614923031
205 206 -0.7427490111644253
205 208 0.7291086575228553
206 207 0.5103708388593962
206 209 0.13718703843375463
207 210 -0.5311089053716337
208 209 0.3713820096451925
209 210 -0.6595626368723801
211 212 0.9173500390246259
211 214 -0.43648601611586396
212 213 0.72039242156298
212 215 1.3751244422732172
213 216 -0.13296015107512335
214 215 0.5826957494557273
215 216 0.0004181313912694688
217 218 0.76738114743877
217 220 -0.10963619872053948
218 219 -1.158918650131455
218 221 0.8902382304808818
219 222 2.2571355055364575
220 221 2.59983995695291
221 222 0.12586335323109205
223 224 2.1542098687101183
223 226 -1.5698205842761588
224 225 -1.9936523512657098
224 227 1.788443028047656
225 228 -0.6651672023299394
226 227 -1.3242039444246112
227 228 1.356118924770577
229 230 1.598178862167956
229 232 1.1141270486520485
230 231 -0.19472224662162493
230 233 -0.7516525735588545
231 234 1.5455926339418367
232 233 -2.106363927545734
233 234 -0.2857954643753452
235 236 0.044334945483999945
235 238 -1.0377932385243438
236 237 -0.546910393219233
236 239 1.2518379322761597
237 240 0.2696791944433553
238 239 0.056377592461948685
239 240 -1.3744252694694543
241 242 -0.0960909359920582
241 244 0.013852431885246473
242 243 0.9031982239536123
242 245 0.25265882022668085
243 246 0.8829026290137887
244 245 -0.12969860290336227
245 246 -2.642059700174766
247 248 0.4876952616793254
247 250 -0.7331861300345341
248 249 -1.1502909921381175
248 251 -0.8876693939094654
249 252 -0.42206012853075175
250 251 -0.9383992452294022
251 252 -0.26452149187051366
253 254 0.9865078439846613
253 256 0.3881092307576198
254 255 -0.022814036843457203
254 257 0.184931598880424
255 258 0.1608812455872191
256 257 1.0748104402375334
257 258 -2.0178039156467893
259 260 0.14470235294047673
259 262 1.150801043727576
260 261 -2.335563972649622
260 263 -0.4647169105970548
261 264 -0.017711776179823235
262 263 2.0539511362090983
263 264 -0.6326743091978878
265 266 -0.4517114494636338
265 268 2.4406947969655106
266 267 -0.817839300805758
266 269 -0.03315632890286023
267 270 -1.061194688527449
268 269 -1.083801218092556
269 270 -0.7488386512495334
271 272 -1.1013339247896907
271 274 0.6948088289832046
272 273 -1.7968432805286718
272 275 1.1604933793179855
273 276 1.3143154016833953
274 275 -0.7160098222672343
275 276 -0.6467743491053376
277 278 1.0301692051508506
277 280 0.6324970852756817
278 279 0.22339866613993997
278 281 -0.3013825667131073
279 282 0.1552339371658305
280 281 -1.2414398187377154
281 282 0.7569920849410903
283 284 0.43482220400333976
283 286 -1.7453237309497618
284 285 -0.7071277601812302
284 287 0.12909404026721696
285 288 2.4200002172457666
286 287 -1.7967145628156433
287 288 0.2653510982905646
