# 
1 1 0.4306106351910668
2 2 -0.15035292324777075
3 3 -0.5063883500021549
4 4 -0.030917806045096034
5 5 -1.2376473703630857
6 6 -0.6563875250151153
7 7 0.22591616470938702
8 8 -0.5408571291860962
9 9 1.0951365394579122
10 10 -0.07995941066825586
11 11 -0.1774813130773547
12 12 1.1773114049191562
13 13 -0.0437922347246357
14 14 -0.1693912349103943
15 15 -0.4176781948031421
16 16 -0.6840452432467772
17 17 1.2349263943495303
18 18 1.3035525227013105
19 19 1.472060108188386
20 20 0.3169503996859318
21 21 0.04691647108541966
22 22 -1.149810525670982
23 23 0.9511648906443201
24 24 0.4060292724182568
25 25 0.11413301509019123
26 26 0.34110061597615365
27 27 -0.681077337520435
28 28 -1.1207517303907368
29 29 -0.8276464439657113
30 30 -0.12516317389913817
31 31 -0.42198685696494487
32 32 0.47137910228484464
33 33 -1.5054681387167794
34 34 -1.8532419976502392
35 35 -0.4875765019327354
36 36 0.4880302004656295
37 37 -0.7770654719196562
38 38 -0.082168863052857
39 39 0.0933537779810891
40 40 -1.8592129851152124
41 41 -0.15103589162515696
42 42 0.7947127993433571
43 43 2.1100950276488484
44 44 0.9824085252072731
45 45 0.8572944160020471
46 46 -0.8113122222346612
47 47 0.5541522683983885
48 48 0.13189954460122302
49 49 0.37264204498784115
50 50 2.6073876036436983
51 51 -0.911795237722654
52 52 -1.1223277508452012
53 53 0.6927527199858492
54 54 1.1136498574327072
55 55 -2.027606152805281
56 56 -0.746869975078196
57 57 -0.6956987000045873
58 58 0.0315894806664887
59 59 1.2314418092830866
60 60 0.39025569728463794
61 61 -1.3428289380206608
62 62 -0.5141120481057386
63 63 -1.5939016451336934
64 64 0.5927204850862984
65 65 -0.8362666340386986
66 66 0.4538777836214458
67 67 0.5761618280492093
68 68 0.6059646903023452
69 69 -1.6907645629459758
70 70 0.2538084682090736
71 71 -0.17340429798397164
72 72 0.7788783753346713
73 73 -0.08129586606458515
74 74 -1.3309125786523326
75 75 -0.27684882314111803
76 76 -0.32274407077531775
77 77 -0.12619783322096262
78 78 -0.47921743663207733
79 79 1.2980387290798465
80 80 -0.4268349694930181
81 81 2.059441633516734
82 82 0.6344998804451564
83 83 -0.6253805211769105
84 84 -0.18689867426170667
85 85 -1.6612835327196434
86 86 -0.11868885312544844
87 87 1.434944285023489
88 88 1.3424011360038874
89 89 0.20298760827920898
90 90 0.11066651062843759
91 91 -1.867623329077542
92 92 -1.2314769891065114
93 93 -1.2832390821413608
94 94 -1.543712501875742
95 95 -0.6068830224049789
96 96 0.5153641190936747
97 97 -0.32386049295357133
98 98 1.0782992873614243
99 99 -0.23953964912658732
100 100 -0.011425058533600534
101 101 -0.8267757433232282
102 102 0.5279882407184024
103 103 1.003650325166466
104 104 -0.6083936993978741
105 105 0.4275807387878258
106 106 -0.6622791550420333
107 107 0.2819988576127828
108 108 0.9252527776641947
109 109 0.9136830392770524
110 110 0.48602742291863865
111 111 0.06796182267962828
112 112 0.04902676742647637
113 113 -1.1814877280607252
114 114 -1.0314930949722154
115 115 -0.2420013804683277
116 116 -1.067402487905376
117 117 0.04969227310166105
118 118 0.9778187892132653
119 119 1.677899394829417
120 120 0.06619024943492641
121 121 0.9527740134708508
122 122 1.496418746468876
123 123 -2.0542380519677352
124 124 -2.196920829483077
125 125 0.0016259251748621164
126 126 0.0938423048455594
127 127 -1.0741560317911474
128 128 -2.2350306075182766
129 129 0.3020126347365255
130 130 -0.8700165587111444
131 131 0.6036254966476946
132 132 -0.6612683109620792
133 133 -0.3265259026520289
134 134 0.9734761145036255
135 135 0.028858033255359173
136 136 -0.07756196661572698
137 137 -0.9348374840974196
138 138 -0.8028366874076748
139 139 0.5331263113641053
140 140 0.26928515600420716
141 141 -0.09394816679530982
142 142 0.7434932689391722
143 143 1.0524238091411355
144 144 -0.21716007653188218
145 145 -0.5959047346429125
146 146 1.6102296268559217
147 147 0.9983370485428602
148 148 0.22291569056573493
149 149 -0.8920169276811901
150 150 -1.2018157638289084
151 151 1.64441081221029
152 152 -0.40839763881496705
153 153 0.3532147936619793
154 154 -0.6538272485658634
155 155 2.137429135822636
156 156 1.0945369534270786
157 157 1.019336297646985
158 158 0.9823198261364321
159 159 0.11457049265930577
160 160 0.510528800590672
161 161 -1.5173128905903592
162 162 1.7567777254184074
163 163 0.6960802020764253
164 164 -0.27213055598943064
165 165 0.7937514825237898
166 166 0.5469802940034099
167 167 -0.32751546559669864
168 168 1.123889534786696
169 169 -2.156948608890889
170 170 -3.088468473500068
171 171 0.28125431213572066
172 172 -0.37526454492080585
173 173 -0.3179752481442255
174 174 -0.6057292041970262
175 175 0.8675175494203906
176 176 1.3676244638929178
177 177 0.15153350575783686
178 178 1.5193404119911418
179 179 -1.0989232340748918
180 180 1.1233343496307318
181 181 0.5231843917879376
182 182 -0.9003216109874441
183 183 -0.6868984395260603
184 184 -0.6019479846415814
185 185 -0.7575333400469021
186 186 -1.447261278909858
187 187 -0.03471953971232009
188 188 -0.24562419375088038
189 189 0.3119984549029707
190 190 -0.52297200151442
191 191 -1.2848499939933993
192 192 -0.4332617336368472
193 193 1.3291858703149326
194 194 -0.305500435776448
195 195 0.33563880666057505
196 196 0.6378568555497071
197 197 -1.2164944616643325
198 198 1.6634538137951522
199 199 -0.7890958962296645
200 200 1.2473537158183907
201 201 -0.6711630677017419
202 202 -0.1586614843494334
203 203 -0.19628099740057503
204 204 -1.4375842109879295
205 205 -0.526843138519023
206 206 -0.4706108081616149
207 207 0.025246103491397994
208 208 1.3208925175916102
209 209 0.19678642659956416
210 210 -0.4454948278121529
211 211 0.8507885437961816
212 212 -0.2658811357796433
213 213 0.3894167412985709
214 214 1.1695850405812354
215 215 -0.8575107452986803
216 216 -0.4717575702363919
217 217 -1.0128579851393067
218 218 1.1770158439049316
219 219 -0.09050676847528968
220 220 -1.5753926762434383
221 221 1.203383795237449
222 222 -0.6563074133596946
223 223 1.7347651586540564
224 224 1.204118567083883
225 225 -0.25686714385765996
226 226 1.1562153135671365
227 227 0.589924417887187
228 228 -0.6466746595870003
229 229 1.221624787884711
230 230 0.7928861312122265
231 231 -0.09335216229945512
232 232 -1.615331637141975
233 233 -0.20233950551260838
234 234 -2.438019568790132
235 235 0.19653984280298212
236 236 -0.8376847016883999
237 237 0.6695232438503268
238 238 -0.3990861383225685
239 239 1.3363158568687787
240 240 0.33801326926888525
241 241 0.003906070128194005
242 242 0.5810524269194718
243 243 0.5334021742719095
244 244 -2.7991225183367825
245 245 0.9380739008952121
246 246 -1.7283623786076376
247 247 -0.4675542843461584
248 248 -0.19665373285041593
249 249 0.21821394221520551
250 250 -1.1788360365340895
251 251 0.9303769458018897
252 252 0.009051416918607013
253 253 0.07696324275452988
254 254 -0.4571544168265934
255 255 0.004144404453082269
256 256 0.7084630956988548
257 257 -1.053562273789994
258 258 0.28501230466344113
259 259 1.512927196189271
260 260 -0.5904830928765782
261 261 -0.7938459068856272
262 262 -1.1825190071985667
263 263 0.16503266651828746
264 264 0.9657450659947292
265 265 0.5654913082110083
266 266 -2.1506615369300404
267 267 1.6706656252192977
268 268 -0.31823227085427963
269 269 -0.9057033248879736
270 270 0.8380703193538683
271 271 -0.9117276948679301
272 272 -0.07292387084649866
273 273 0.8485644037849764
274 274 0.6645947964454024
275 275 1.4048959424351426
276 276 -0.8577380352892059
277 277 -0.11780212526799172
278 278 -0.7735766147464915
279 279 0.4300508831972976
280 280 -0.49201322967066813
281 281 -0.4637897173489526
282 282 0.3911771087249853
283 283 -2.5833632232873893
284 284 0.4584126327190588
285 285 0.6887979013689537
286 286 -1.5031224965062098
287 287 1.0208973654729843
288 288 -1.0241796781496884
1 2 -0.012408231382019267
1 4 0.17807284544107932
2 3 0.9208273199168902
2 5 -1.9055472383843655
3 6 0.8938816370216124
4 5 -1.2557385387248896
5 6 0.16617848565064114
7 8 -0.9973254371507835
7 10 0.41171842184812035
7 157 0.2988393675736456
7 160 0.4282994599883369
7 163 -0.8847727475253849
7 166 0.7122422110947322
8 9 0.7743790823797412
8 11 -1.603189963917394
8 193 0.4161938344685113
8 196 -2.2004565089423544
8 199 0.24290234563109153
8 202 -0.7231964879365708
9 12 -0.6959348440129689
9 229 1.6020455127765767
9 232 -1.2268670222043199
9 235 -1.022079514775855
9 238 -1.2403473675998056
10 11 0.8301945604919141
10 157 0.9220286792367909
10 160 0.08789173540081256
10 163 0.7373421446887068
10 166 0.986618333332172
11 12 0.9159290637058791
11 193 -1.0718892114021983
11 196 0.630421851953081
11 199 -1.1370889084541058
11 202 0.8637328798728452
12 229 1.0022980432347757
12 232 -0.4666616635451137
12 235 -0.011637792278214555
12 238 -0.3343653484644505
13 14 -0.579274195703471
13 16 -1.665582096328428
13 193 -1.1531169663484035
13 196 -0.10568377973456344
13 199 0.4631268251303574
13 202 0.38865857054083575
14 15 0.5634887872576277
14 17 1.0986353346002569
14 229 -0.669394415513659
14 232 0.6154556028867683
14 235 1.3864078849644546
14 238 -0.7775912018651322
15 18 -0.5534811308014728
15 265 -0.06171067311225896
15 268 0.8239957274520653
15 271 0.7437980096326906
15 274 1.2277606564652006
16 17 0.0045720872115158
16 193 1.7606393166380536
16 196 0.48866654853731506
16 199 1.0217804695216306
16 202 -0.18382613003481635
17 18 -1.4156505064549207
17 229 0.7004409347981104
17 232 -0.543416673742191
17 235 -0.23166912138751508
17 238 1.947424110188936
18 265 -1.974940553388389
18 268 -1.363961163826227
18 271 0.7530430550624623
18 274 -0.4907711381555588
19 20 -0.7232658371805347
19 22 0.880048022003508
19 181 3.6801976983163995
19 184 -0.34152635809537146
19 187 -0.6968143375663047
19 190 -1.1828495303542157
19 193 2.4731696053232444
19 196 0.6857482861481905
19 199 1.0697967179440326
19 202 -0.06944917884316616
20 21 -0.4587802017360796
20 23 0.21902671014310676
20 217 0.6973550770913997
20 220 -0.29689664694975265
20 223 -2.1405756944183505
20 226 0.40213346282216805
20 229 2.8307460331063123
20 232 0.7959586776895239
20 235 0.612792642866198
20 238 -0.25248037106735177
21 24 0.5162605223092173
21 253 1.2404465929646429
21 256 -0.3289979960870073
21 259 0.14058660873363518
21 262 1.4276982253805248
21 265 0.46636750132988486
21 268 -0.23506545479199442
21 271 0.22405212469571403
21 274 -0.9776604556974223
22 23 0.21663743227798482
22 181 1.3536050117875678
22 184 0.5047134681305027
22 187 -0.412123887184824
22 190 -1.7740001754138395
22 193 -0.4755916782930827
22 196 -1.146512014620235
22 199 1.8463574046667874
22 202 0.7613776417441864
23 24 0.3586758206431129
23 217 1.7908122088090874
23 220 -0.09510077187021705
23 223 -0.430942894395893
23 226 0.07637625365683978
23 229 -0.3309933851938418
23 232 0.4104559496487714
23 235 1.1609927700368137
23 238 -0.13483686678902687
24 253 -1.2023989976591032
24 256 -0.21462090807878792
24 259 0.8826628496526437
24 262 0.766883113874849
24 265 1.2267812237322
24 268 1.4118541340415773
24 271 1.1227767499279375
24 274 -0.8236079636523709
25 26 -0.06476786146666376
25 28 -0.5148633958897604
25 181 -0.24610551137300715
25 184 1.8797733896053834
25 187 -0.014117587390199665
25 190 -1.5486167855463415
25 193 -0.21574733841780847
25 196 0.009013059197938243
25 163 1.5608508493080915
25 166 0.222276420835852
26 27 0.6010219278935242
26 29 1.0006338697695474
26 217 -1.5554103721704027
26 220 -0.7801458671985495
26 223 -0.3559424637259413
26 226 -1.2676168921471536
26 229 0.19914658081750666
26 232 0.860955715248052
26 199 1.3259128788430066
26 202 -0.9111222995203548
27 30 1.6306506763773736
27 253 1.1356049905180234
27 256 -0.7919712005930939
27 259 2.175027180841681
27 262 -0.11928302761039358
27 265 0.06743328400865249
27 268 0.9083815165228476
27 235 0.05646245122756646
27 238 0.06146754853807769
28 29 -0.6679657920381232
28 181 -1.2567023474513594
28 184 0.02241907751064912
28 187 -0.4615916020936797
28 190 0.9272673043853777
28 193 -0.48366233158794014
28 196 0.36298729558016674
28 163 -1.3176736783950895
28 166 0.7504087058702453
29 30 2.084549676427126
29 217 0.5105647833160737
29 220 -0.564022627478782
29 223 -0.7261089181341179
29 226 -0.6870778969842424
29 229 0.4428250638089686
29 232 -0.8317801679258068
29 199 -0.17428632689362897
29 202 -0.3128027389742829
30 253 -0.4701157805163739
30 256 1.7270341284622763
30 259 0.8495749079371775
30 262 0.22982090228963717
30 265 1.241406601767225
30 268 0.5434201513679738
30 235 -0.25973692297393475
30 238 1.025895600418586
31 32 1.0776429048881178
31 34 -1.8557823160626399
31 181 0.1935241307285132
31 184 0.7199002031223742
31 187 0.5011082389045326
31 190 -0.06807877986332012
31 193 -2.1411945145082534
31 196 0.028479424549471638
31 163 0.2083827392526172
31 166 0.7869040817066056
31 169 -1.169074784942068
31 172 0.674353154095801
31 175 2.4686497450670735
31 178 -0.13850553872832913
32 33 0.5895849364188944
32 35 -0.2555376106164629
32 217 0.5436865231515201
32 220 1.3284498843502288
32 223 1.0854710978569952
32 226 -1.8040981411400796
32 229 1.458466270562714
32 232 -1.531358293073278
32 199 -0.05397478573765358
32 202 1.9974649603380705
32 205 -0.17545001291227283
32 208 -0.05666100323491047
32 211 0.30167621757845653
32 214 -0.16992965215367284
33 36 -0.29705723637298653
33 253 -0.15094603231848694
33 256 1.7212049537180298
33 259 0.6219356115173745
33 262 -0.02972716223178895
33 265 0.05449880221459127
33 268 -0.39321137935552325
33 235 -0.8482540150732727
33 238 -0.44383754597642594
33 241 0.809701611314816
33 244 -1.2254355112501072
33 247 0.5986418771515452
33 250 0.11890992511943545
34 35 0.14376627853260496
34 181 0.6459988774753993
34 184 0.20520524517883518
34 187 -0.2882139268145428
34 190 -0.04475119273652557
34 193 0.6220836629616092
34 196 -1.051808648342514
34 163 0.9391021665507704
34 166 0.1788977359938893
34 169 0.9107046855136446
34 172 0.1704599790393821
34 175 -0.8212588883166122
34 178 0.9617199199080587
35 36 -0.8055876736010534
35 217 0.7502296314828131
35 220 -0.6120023036072892
35 223 -1.2541629467321769
35 226 -1.9462689750264
35 229 -0.30028055998142184
35 232 1.4194009717381826
35 199 0.28845946297374947
35 202 0.08344680331848413
35 205 1.655176877168963
35 208 -0.4107937260049127
35 211 -0.688384131311511
35 214 0.4972829037821273
36 253 0.4052199894665418
36 256 -0.7965196882475195
36 259 1.699751316295783
36 262 0.12036772039445963
36 265 -2.1215114022285277
36 268 -0.004757217154503796
36 235 1.7731676153713052
36 238 -0.34896740773133517
36 241 -0.22979964996902502
36 244 0.0912269496659794
36 247 -0.04712161570491035
36 250 -0.09193535171803839
37 38 -1.0028387454712255
37 40 -0.7104303997866692
37 181 2.216998402294159
37 184 -0.558095003827263
37 151 -0.8279804132502685
37 154 1.157088298348129
37 157 0.008400365858285182
37 160 0.000651060725302284
37 163 0.7864833542839077
37 166 0.9292026344108584
37 169 -0.4174850560737175
37 172 0.754368960144111
37 175 -1.145984803008283
37 178 0.7016661413883857
38 39 -0.10491392084954662
38 41 0.34739371077342773
38 217 -1.2247280602018873
38 220 1.3774077958217672
38 187 0.6459744721384856
38 190 1.1783798018511944
38 193 -1.5073335369436645
38 196 1.9033011871752952
38 199 0.30801312895741473
38 202 -2.0986674987907517
38 205 0.29663679896854817
38 208 -0.28664204978443125
38 211 0.31033404938817055
38 214 0.7435688424463108
39 42 -0.4637408536170042
39 253 1.1101217710951188
39 256 -0.43304884332120064
39 223 1.9236660318167684
39 226 1.179200011277481
39 229 1.7644421176518743
39 232 -2.4369544733825355
39 235 1.3670095662228388
39 238 -0.46099686275221274
39 241 -0.1303615825590123
39 244 -0.8584041560660947
39 247 0.12850509728162607
39 250 -0.42709414447960536
40 41 -0.431545880028859
40 181 0.4226315957410869
40 184 -1.5922427443490088
40 151 -0.5289602885637236
40 154 0.7021867932070149
40 157 0.00697485211082802
40 160 0.5298082378324794
40 163 0.4302666400028849
40 166 -0.34877451866615344
40 169 -0.025139104261372894
40 172 0.8508214956129623
40 175 -1.5542322786154237
40 178 0.8899300488712322
41 42 0.22674192803565857
41 217 -0.36369944470800475
41 220 -0.016222775279362882
41 187 -1.035240556323998
41 190 -1.3252057801171568
41 193 1.4665496252209846
41 196 -1.2453432069394503
41 199 -0.5661951158499974
41 202 -0.08024956648927328
41 205 0.40835627023337223
41 208 0.6540647328797757
41 211 0.7874048582030732
41 214 -1.6669945024065198
42 253 -0.5234054875849007
42 256 -0.173435252464002
42 223 0.7358433504881051
42 226 -0.3055826983671357
42 229 1.2079333030640884
42 232 0.8422747604012607
42 235 1.8375158103063407
42 238 0.44069494733271936
42 241 -1.6185905157339908
42 244 -0.6779581047160584
42 247 -1.8050627604478453
42 250 -0.3233622789092342
43 44 -0.9570667636137797
43 46 -0.6496339834068815
43 181 0.7543109236304859
43 184 -0.39589349182172573
43 151 -1.2706616080282878
43 154 1.1516642819882088
43 158 0.48065464434845423
43 161 -0.5513918009676034
43 164 -0.049961074717556724
43 167 0.23916838104375623
43 169 -0.2142805851060091
43 172 -1.7923041093377299
43 175 -2.2020042274802822
43 178 0.19482440006350904
44 45 0.037076231222257915
44 47 -0.35544637756119585
44 217 -0.043650130211337956
44 220 -1.5702331334138417
44 187 -0.6302668140951222
44 190 1.3764621258248506
44 194 -0.799477130631164
44 197 1.4311306238596315
44 200 1.247631574655715
44 203 1.5467260181553986
44 205 0.5802921707545339
44 208 0.4391839447739273
44 211 0.4402074193465369
44 214 0.6872823262610769
45 48 -0.11109503190560992
45 253 2.188368532007112
45 256 -0.5626903710198564
45 223 0.7058950508455364
45 226 0.12464332209360772
45 230 -1.2555275612089623
45 233 0.07882048841833544
45 236 -1.1448562957238948
45 239 0.10524589997438173
45 241 0.32175698474794046
45 244 0.019606850029325208
45 247 -0.3050390842435969
45 250 0.6617785707639801
46 47 -0.8283534221742098
46 181 0.30248508013632547
46 184 0.9697985603321571
46 151 0.33067743218481016
46 154 -0.19445329151663823
46 158 -0.04476811866718896
46 161 -1.1696803068834227
46 164 -1.0541838750504633
46 167 -0.1826349010540113
46 169 -0.7645102566744056
46 172 0.6322356223523566
46 175 0.14070778938656947
46 178 0.015766050223408237
47 48 -2.0913876199308805
47 217 -0.36684094203778955
47 220 0.8221144551787402
47 187 -0.8687486709810378
47 190 0.7048126559942582
47 194 0.26046338167050515
47 197 -0.3619944954158442
47 200 0.3933312741736415
47 203 -0.5091625484546624
47 205 -1.2329450928195738
47 208 -1.8824282523260734
47 211 0.2360621974904513
47 214 0.47321448701182806
48 253 -0.6396249548749854
48 256 0.9618132037706766
48 223 -0.45040221128328145
48 226 -0.19399555904447757
48 230 1.1727195837640256
48 233 -1.5680308894962713
48 236 -0.09375737612413272
48 239 0.7936134128084322
48 241 1.1634846563981416
48 244 -0.3052495139118128
48 247 0.6717353193166782
48 250 -1.3407135935008054
49 50 -0.33721162235577296
49 52 -0.9780538374289438
49 181 -1.4406981636976879
49 184 -1.171258447071119
49 187 0.46041053313961966
49 190 1.0576446938219821
49 194 0.29661602148684785
49 197 1.8591302210961893
49 200 0.18717057451139352
49 203 0.5721285410969912
49 205 -0.004522302089048262
49 208 0.6818381245960394
49 175 1.1894742016845468
49 178 -0.3220829688977589
50 51 -1.206846496666465
50 53 0.40690085995224307
50 217 -0.2142800910228756
50 220 -0.42597626052450177
50 223 1.4895884930234888
50 226 0.8652140680960486
50 230 -1.1734140679102547
50 233 -0.9488588837691763
50 236 0.4524015906363993
50 239 -1.3202729254344596
50 241 0.15270138714681858
50 244 -1.506574820600963
50 211 -0.2640754906520843
50 214 -0.6323351685624498
51 54 1.6517166310552875
51 253 0.027557583685581415
51 256 -1.9249130696320076
51 259 0.9393627269300524
51 262 0.08356180290140641
51 266 0.7548021016275872
51 269 2.356390543309731
51 272 -1.5548206092352004
51 275 1.2472334436774186
51 277 -0.7148150836927684
51 280 0.714249771997337
51 247 -1.386389615543978
51 250 0.2950756117240565
52 53 1.4975470988405453
52 181 -0.5550996042005467
52 184 -0.5379830162144563
52 187 -0.6562418290843283
52 190 0.22648435336711736
52 194 -0.3544275652942987
52 197 -0.4890653475821294
52 200 0.6650135429690476
52 203 0.7768429717360572
52 205 0.6494989416620381
52 208 -0.8145347821449006
52 175 -0.04866306834458546
52 178 -0.4188640539576306
53 54 0.6356061609737204
53 217 1.9230898756593906
53 220 -0.2974035003914516
53 223 -0.9954431771984155
53 226 -3.2236189960043444
53 230 -1.3045653656665048
53 233 -1.4707165072588448
53 236 -1.8463111934130658
53 239 1.8344923312499124
53 241 -0.3358598820991814
53 244 0.17575827089565924
53 211 1.6330302305322246
53 214 -1.0737405890757856
54 253 -0.38228450660036295
54 256 2.424272598456153
54 259 0.24243430731448112
54 262 -0.08088027382739092
54 266 1.7297323618352831
54 269 0.13538684090500624
54 272 0.22438561589049455
54 275 0.12566515543237045
54 277 -0.776946563246019
54 280 -1.7903441545541154
54 247 -0.7604157168626029
54 250 0.846317706789684
55 56 2.7979934128146655
55 58 -0.5907153279618836
55 182 -0.2573233940556676
55 185 0.6019583706639746
55 188 0.5147165728446806
55 191 0.356629556971967
55 194 -0.6327895935193247
55 197 -1.6917725153712972
55 200 -1.0355217147155429
55 203 0.5930850341823014
55 205 -0.5342107505515145
55 208 1.8679453447799252
55 175 1.2316539991166586
55 178 0.3756077613076584
56 57 1.2509639530473016
56 59 -0.022134132373509488
56 218 0.29674514343602454
56 221 1.3178180159110482
56 224 -0.46062239839749186
56 227 -2.1676085057992442
56 230 -0.04325057544957026
56 233 -0.8524979550347722
56 236 -1.2976955711957097
56 239 -1.1183756874323068
56 241 0.40979073184198056
56 244 1.1389105727478421
56 211 -2.5478820104423963
56 214 1.2575165932766688
57 60 -0.6328116597029269
57 254 0.4471031206336832
57 257 0.4342672616588062
57 260 0.1327260063530918
57 263 -0.03001644127908714
57 266 1.4687944435555427
57 269 -0.7208409575414071
57 272 0.4741527112722274
57 275 -0.35555605178463756
57 277 -0.010200097826791476
57 280 0.19110391141967298
57 247 -0.36192183556285207
57 250 0.9145621348290978
58 59 0.6468615976477174
58 182 0.19102811551065638
58 185 1.1092220946820468
58 188 1.9234167637632105
58 191 -0.2837707505408567
58 194 0.460777656296295
58 197 -0.13588664102749756
58 200 -0.7277651084939639
58 203 0.5020096635459129
58 205 -1.0739026287347913
58 208 -0.1958084041947145
58 175 0.28719364635457667
58 178 -0.4721159473344405
59 60 1.5991662348683702
59 218 -0.3414529270306385
59 221 0.6436744252148129
59 224 0.2354218496885106
59 227 -0.1369314527188001
59 230 -0.3525439297921847
59 233 -0.13430380807386774
59 236 -0.7396646895472149
59 239 0.12415621848928168
59 241 1.2782319906668245
59 244 0.9112392127658776
59 211 0.5014355746243392
59 214 0.8314558548686775
60 254 0.6446155160076983
60 257 -0.969877704588478
60 260 0.6936950174440075
60 263 -1.9312809180978243
60 266 -0.7950226503148409
60 269 0.15096732399839843
60 272 1.3267811481036433
60 275 1.6094290731336363
60 277 -0.14875948529519756
60 280 1.3355005597667173
60 247 0.6610204926125413
60 250 -0.09930809900226753
61 62 0.011092617152657172
61 64 0.9521395417910882
61 182 0.589547256937715
61 185 -1.7900282381079275
61 188 2.550009789931312
61 191 0.26201952787377036
61 194 0.7082712202372422
61 197 0.6287474731927888
61 164 0.07962870867382713
61 167 -0.3124464895963428
61 169 1.4368110090864092
61 172 -1.0845668896463936
61 175 1.7011715759532946
61 178 -0.5096986379201666
62 63 -0.8046885058060361
62 65 0.06638667168829196
62 218 0.027477547237432613
62 221 -0.9388788131742951
62 224 0.14992391958265885
62 227 1.63306457327101
62 230 0.7847382440865345
62 233 -0.41678432451555303
62 200 -1.0200112963456565
62 203 -2.522190979428283
62 205 -0.9778239172778249
62 208 0.41541319427901513
62 211 -0.20728423442909588
62 214 0.014751994676392452
63 66 1.362733472928346
63 254 -1.5062457689674718
63 257 -1.1784554709934918
63 260 -1.296644613288321
63 263 -1.3828499540101473
63 266 1.646393177028548
63 269 -0.7408563879900658
63 236 -1.3287741225355012
63 239 0.6507554984630762
63 241 1.5378509913827583
63 244 0.029250196163038252
63 247 1.0813199545077756
63 250 -0.09557115361142322
64 65 -0.9181421905226704
64 182 0.3196963602802601
64 185 0.16303165655905003
64 188 -1.167669039033714
64 191 -0.1728816511678097
64 194 -0.9301845231285373
64 197 -1.5521197796361537
64 164 -0.7168800767322436
64 167 -0.41979652714714427
64 169 -0.5973956478285851
64 172 -1.0398395231175332
64 175 1.5244855907202415
64 178 0.08057543966908115
65 66 0.5594751066831413
65 218 -0.7116669732401254
65 221 0.14922142213148923
65 224 -0.886066477379466
65 227 0.7071201454696275
65 230 -0.2598204780903197
65 233 1.4274840591131648
65 200 0.851689523913209
65 203 -0.2604539785660326
65 205 -0.8942637635105167
65 208 0.20510466625450166
65 211 -1.1780357806417574
65 214 0.8872427116265384
66 254 1.716414473459986
66 257 -0.05931976907001638
66 260 -0.8260587956144175
66 263 -0.7780386178380541
66 266 1.7461677263471147
66 269 -0.15599538887903863
66 236 -1.148116146823751
66 239 0.20051491727669446
66 241 0.2207209976656115
66 244 -0.13274334866678367
66 247 -1.5565807951155843
66 250 0.20840805339748816
67 68 -2.165035625075411
67 70 0.35921046560604014
67 182 -0.8460976071275972
67 185 0.4488322440998722
67 188 -0.07247290727973335
67 191 -0.39132770555410995
67 194 -1.297991069856459
67 197 -1.869948472518093
67 164 -0.5447503122101112
67 167 -0.7556581167901345
67 170 2.242293119527526
67 173 0.5413940572948077
67 176 1.076161410980427
67 179 0.3139826753170974
68 69 0.20420915485322305
68 71 0.04580761454841133
68 218 -0.22908623097580005
68 221 0.32587216091382876
68 224 0.6727533643096892
68 227 0.381313700853038
68 230 -0.5788036453992494
68 233 0.197698976002734
68 200 -0.33833947549117394
68 203 0.29982530125618806
68 206 0.5133814786731157
68 209 -1.58105051652017
68 212 0.3909495596025234
68 215 2.0331748217091365
69 72 -1.4025159022283429
69 254 -0.388884519305704
69 257 -2.168127794922052
69 260 -0.2874714831258856
69 263 0.8694975869570754
69 266 -0.8073238743201147
69 269 0.2834453217440121
69 236 0.45161940713598236
69 239 -0.6522222389130785
69 242 1.416074835579324
69 245 -0.7393913421744569
69 248 2.0320149364141296
69 251 -0.18909808525992394
70 71 -1.3118631161655254
70 182 1.2170577179831112
70 185 -1.2319678947980124
70 188 -0.8458149724304537
70 191 0.3709445736174581
70 194 -0.52897430548734
70 197 -1.8622734198332347
70 164 2.6500504846404733
70 167 0.5486355485359319
70 170 0.7829275992430038
70 173 -1.0622780651731545
70 176 0.6305962483745121
70 179 0.06471984973150795
71 72 0.440391272345363
71 218 -1.8649623296501954
71 221 0.08835809630118382
71 224 0.4074636665618327
71 227 -1.4090783588754574
71 230 1.0819001693243417
71 233 0.5284177207143224
71 200 0.45475397178584503
71 203 -1.5069590838800213
71 206 -1.0427392675297056
71 209 -1.3601658044086702
71 212 -1.1303666519470732
71 215 0.15713424246368904
72 254 1.3876237962018043
72 257 0.08816793223102742
72 260 0.617721934935142
72 263 -1.1505335365067126
72 266 -0.31645573422285433
72 269 -0.9741928898690324
72 236 1.3551756696863206
72 239 1.1778882745512185
72 242 -0.7779829645782201
72 245 -0.003734627239110829
72 248 2.6452418598600334
72 251 -0.9964968578975505
73 74 0.5548180643596098
73 76 0.45852265696894345
73 182 1.1286409493035234
73 185 1.587774211834892
73 152 -0.43536970305491
73 155 -0.7502783880035382
73 158 1.0525287382145785
73 161 -0.04912871498190732
73 164 -0.6461756420100769
73 167 -0.5307581276767525
73 170 0.7521709950702717
73 173 1.1675839718301726
73 176 -0.4332390348483822
73 179 -0.9800196969224432
74 75 1.9672229531848318
74 77 0.23759478499275252
74 218 0.6476916976712292
74 221 -0.7673533034123607
74 188 -0.48797239984297275
74 191 -0.7182084161535921
74 194 -0.5323165681677462
74 197 -0.15575033294923069
74 200 -0.850200033206342
74 203 -0.9676318544940443
74 206 1.0263128218075204
74 209 -1.1887945425894773
74 212 -0.6838019919295845
74 215 0.2811222475758884
75 78 1.1077979070868333
75 254 0.0719537940657717
75 257 -0.3719909560725025
75 224 -0.9583773305301022
75 227 -0.6202170875546857
75 230 -0.4611442522414977
75 233 1.0523371189940747
75 236 -0.4506697039662073
75 239 -1.0552281609615681
75 242 -2.1686751054136626
75 245 0.32571052348427004
75 248 0.5689004456557393
75 251 -1.1051371035839241
76 77 0.3765461432727477
76 182 0.4384325027469376
76 185 0.2030493028874739
76 152 -0.6993061079960394
76 155 -0.5357201766710897
76 158 0.921537413666426
76 161 -1.6072830227252681
76 164 -0.4619415989660004
76 167 -0.16020049843089493
76 170 -1.4835455402948787
76 173 -1.213488079046817
76 176 0.29870451737502923
76 179 2.026492343883333
77 78 -0.5823629760666033
77 218 0.6049954385561791
77 221 1.4635980355622842
77 188 0.46810924356363925
77 191 -1.318138502802375
77 194 -1.0345430864283311
77 197 0.3144553094471744
77 200 0.6189513039850544
77 203 -1.2235669050372944
77 206 0.5703934152352205
77 209 -0.5777804888510452
77 212 -2.4549963111474784
77 215 -1.1982228690673038
78 254 -1.8016931605642061
78 257 -0.5560051804915572
78 224 -0.8741900186873903
78 227 0.10609244073473575
78 230 0.8947454181061011
78 233 0.9804598159481818
78 236 -0.4676372874734077
78 239 -1.8448229908016616
78 242 1.7067966714895049
78 245 -0.15257869772662186
78 248 0.7832517903722477
78 251 -0.40102567731920563
79 80 -0.7409043354702667
79 82 -1.241221644240236
79 182 0.35579566257599793
79 185 0.22961450478633935
79 152 -0.05385117474046936
79 155 -1.3289617571043522
79 159 -0.6104051916371455
79 162 -0.31187695734306814
79 165 -1.4184693522441205
79 168 -0.6466560438886529
79 170 1.444934149317332
79 173 0.41961511145154307
79 176 -0.23408309861223628
79 179 1.7656605379175636
80 81 -0.5265438052875476
80 83 0.6423027089485459
80 218 -0.7851423933549129
80 221 0.4197955494060245
80 188 1.5883440330576322
80 191 0.2794196401553451
80 195 0.3207042679700153
80 198 -0.4833841495645703
80 201 -0.20613536934751656
80 204 1.207733435440305
80 206 -0.4294266553159734
80 209 0.7610768369295616
80 212 -0.9386070411539594
80 215 -0.6351571299324595
81 84 0.5471484541085139
81 254 -0.6833216633647979
81 257 1.5145966467440046
81 224 -0.5962010723570242
81 227 -0.1836595644382286
81 231 -1.1061826422679204
81 234 -0.4788292900991119
81 237 -0.16786837229891843
81 240 -1.3982701676214115
81 242 0.6860840364045679
81 245 1.9248137995864276
81 248 0.2839635141087405
81 251 -0.7128036545764148
82 83 -1.200091272692733
82 182 0.07516815666943348
82 185 0.4831967280038446
82 152 -0.6408537937700057
82 155 1.0757042832413355
82 159 0.900944002347717
82 162 -0.7511154184649852
82 165 1.8283150852958194
82 168 0.9027776067958392
82 170 -2.413172108713684
82 173 0.6507633264898721
82 176 0.3029407592322304
82 179 0.9914777683326778
83 84 1.9932723823072276
83 218 0.7905929499031761
83 221 -1.0030455631302393
83 188 -0.037762835349309916
83 191 -0.21670994247101175
83 195 -1.8010727705734184
83 198 -0.5905107597942777
83 201 0.16582568683131724
83 204 -0.062348174954959285
83 206 0.3091006949654148
83 209 0.11409112866796144
83 212 0.5766102448990588
83 215 0.4336948776521082
84 254 -1.3966731552678369
84 257 -0.2834191153384304
84 224 1.7783283108417944
84 227 0.7502854587153908
84 231 1.3117488267990667
84 234 0.23077848352641225
84 237 0.22162997142527818
84 240 -0.3638590885945189
84 242 0.2658532223951544
84 245 -0.0013172694590970991
84 248 0.4385341062494566
84 251 0.1376263683134069
85 86 -1.6373720152542754
85 88 -0.8862853967333114
85 182 -0.3171772651659749
85 185 -0.41963649992201946
85 188 -1.509138572232182
85 191 0.6292948859588983
85 195 1.0357418007442736
85 198 -0.5612902017233813
85 201 -0.27834552722504496
85 204 -0.10127813678669559
85 206 -0.5048321830164079
85 209 0.6494631131213121
85 176 -0.16949359104051917
85 179 0.4630172034799923
86 87 -0.6282657453150888
86 89 -0.5041374435194591
86 218 0.7016170124363792
86 221 -0.22920333208199423
86 224 -2.0039348354704725
86 227 0.5768316722344303
86 231 0.23629537724614377
86 234 1.1605180075763357
86 237 -0.5895727088491901
86 240 1.6429280355212443
86 242 -0.48879013440774405
86 245 1.1913939708271108
86 212 -0.0994831204104005
86 215 1.2246931305211266
87 90 0.966542003633199
87 254 -0.6378275305907971
87 257 -1.0693231151472469
87 260 -1.27629531431608
87 263 -2.3931112820021556
87 267 1.082934644920167
87 270 3.0573651330736267
87 273 -1.2476077190924812
87 276 0.7336749081641383
87 278 -1.3891193297030322
87 281 1.6641238810477252
87 248 0.9015596483962669
87 251 -0.5530376814184741
88 89 0.47098905340999125
88 182 -0.9486331835732125
88 185 -0.05430703209704546
88 188 1.4304300191816501
88 191 0.18789296423060314
88 195 -0.2874031140813066
88 198 1.6612553474539788
88 201 -0.011265984068157786
88 204 -0.5228273860642566
88 206 -0.6539105211762388
88 209 -0.7362779163430605
88 176 0.47178946425074914
88 179 0.0857649085420057
89 90 2.1278872966352176
89 218 -0.4975736866644013
89 221 1.69034886212201
89 224 0.08520079670335266
89 227 -0.02667591809873251
89 231 1.0666611455610273
89 234 -2.297228468061259
89 237 -1.019668959519855
89 240 -1.763490297955174
89 242 0.46729009941112315
89 245 0.652807959755215
89 212 0.14297249118520977
89 215 0.3012992055488797
90 254 -0.1271340634663859
90 257 1.0814323686806455
90 260 0.2801978437355828
90 263 -0.9093966559479383
90 267 -0.0966504272432359
90 270 1.3524394059536733
90 273 -0.5019618916924302
90 276 -0.2379901928202851
90 278 -0.04393791396608863
90 281 0.9460356403156603
90 248 -0.3703127400524196
90 251 -0.2785722688026839
91 92 -0.9640085267180624
91 94 0.27796278054802964
91 183 1.264952234072053
91 186 -1.383640780896674
91 189 0.872149355285953
91 192 2.3359472850399072
91 195 -0.4544150028757657
91 198 -0.24799027107135793
91 201 1.5775468858088066
91 204 0.046001018370150026
91 206 2.1225946626918017
91 209 0.014989999311128797
91 176 2.6123414493395853
91 179 1.0082172638246645
92 93 0.05664271176531056
92 95 -0.29038277703983306
92 219 -0.803222502265134
92 222 -1.151142608060845
92 225 0.3349210277174693
92 228 -0.99346137995203
92 231 -1.8910655421877096
92 234 0.2602997073840075
92 237 1.130419602457485
92 240 -0.2896147557370947
92 242 0.8654147664687039
92 245 1.0818017558290027
92 212 -1.20753090952199
92 215 -0.21722785454526417
93 96 1.1556459440451352
93 255 -0.35161772279903375
93 258 0.8193555003895953
93 261 -0.9085276151098692
93 264 -0.1125201432266032
93 267 -1.6142844409466026
93 270 0.3642550878477468
93 273 0.9306974692471855
93 276 -0.4543417299657027
93 278 1.2646919003337938
93 281 -1.1761917070742551
93 248 2.639804127900444
93 251 0.796375078828967
94 95 0.32040094658719603
94 183 -0.9234572139005378
94 186 -0.6944691421536218
94 189 0.31125671433945024
94 192 0.9701740862162644
94 195 -0.20518028165937185
94 198 0.5714512405024939
94 201 -0.3747753986929479
94 204 -0.7132615526910628
94 206 -0.6421969968425159
94 209 -0.6182945743682825
94 176 1.4813301845075664
94 179 0.05068167729509047
95 96 -0.1664503460165962
95 219 -0.20504812433573308
95 222 -1.6904190293635495
95 225 -0.2562648908656718
95 228 -0.11157378488837186
95 231 1.2634803153931162
95 234 0.13967932151201842
95 237 -0.980250461149009
95 240 1.1117058819877752
95 242 0.909477557971708
95 245 -0.0558216786800993
95 212 1.115967921257909
95 215 0.3317370051854848
96 255 0.617617715757054
96 258 -0.9846640585773403
96 261 1.6305995563959688
96 264 -0.7495424892920459
96 267 2.4220655269210405
96 270 -0.41873013429014866
96 273 0.2573642313071465
96 276 -0.8571282863978366
96 278 -2.3303559641678486
96 281 -1.5029982859909672
96 248 0.8587413158586279
96 251 1.5908056054984103
97 98 0.3848594304372961
97 100 -1.221430133284378
97 183 -0.6346114238849008
97 186 -0.3790220128660106
97 189 -0.41051032916580854
97 192 -0.1259868689592118
97 195 -1.524864935989176
97 198 -0.41724584589417313
97 165 0.06753904922826856
97 168 1.6665661093391988
97 170 0.9763259485314787
97 173 1.6504196236923507
97 176 0.0897288535792923
97 179 -1.2523125687407086
98 99 0.5100345537355997
98 101 1.9478913426765556
98 219 1.3503332597144475
98 222 -0.5254395384933624
98 225 -1.378712323701722
98 228 -0.06084175357397543
98 231 -1.072212821931783
98 234 -1.1255583312724946
98 201 0.7075986580560252
98 204 2.712047739339694
98 206 -0.2428900314001808
98 209 -0.263692321528158
98 212 -0.04830953579763664
98 215 -0.8672577817945935
99 102 1.4118319248806086
99 255 0.2449194707168144
99 258 0.19675458311759578
99 261 1.1525559023881171
99 264 0.9330746077521297
99 267 0.5480577594207658
99 270 3.179946406067029
99 237 0.09124033857954918
99 240 1.2371719325363095
99 242 1.7806065769740256
99 245 1.4629206826635686
99 248 -0.878295626988512
99 251 -0.5408598218031151
100 101 0.2907793527823011
100 183 -1.7989702862001447
100 186 1.4192640578679356
100 189 -2.6694435176700146
100 192 -1.3643864723467136
100 195 1.6973211782026592
100 198 -0.018664303245546087
100 165 1.2754783158565564
100 168 1.6509539524340777
100 170 2.293079176072947
100 173 1.3838778465495154
100 176 0.0944319592027553
100 179 -0.6243093018458086
101 102 0.10598427252974968
101 219 1.0194033049276603
101 222 0.2179061929259649
101 225 -0.11682906923788007
101 228 1.765201171090691
101 231 0.01441466479294564
101 234 0.6336970843893287
101 201 -0.6859237550360903
101 204 -1.3798343672199678
101 206 1.1434226830748002
101 209 0.8172858333579004
101 212 0.9800832170234798
101 215 0.59144065182506
102 255 -1.6028283697057824
102 258 -0.5733984508886939
102 261 -0.6974865315548536
102 264 0.17723126944141465
102 267 -1.3326322141709552
102 270 -2.0622636266658314
102 237 -2.2808087848094485
102 240 0.6636929026606607
102 242 0.005059152484220866
102 245 1.7587227997739436
102 248 -0.615245871490051
102 251 -0.27208412250968145
103 104 1.2966898933814894
103 106 0.3932451265021061
103 183 0.6030144263036087
103 186 0.41072530649471123
103 189 -0.23521062652048283
103 192 2.347893366215686
103 195 0.6556501572235001
103 198 0.02700128769640602
103 165 -1.7970999227138003
103 168 -0.09125043790721081
103 171 1.153375853148364
103 174 0.1504274219164224
103 177 -0.4225914019141669
103 180 -0.07224602668585323
104 105 -0.4446050919680989
104 107 0.20510100787633292
104 219 -0.36259239293680157
104 222 -0.06927485073366367
104 225 0.08540588006402611
104 228 1.610477947341424
104 231 -0.3169646073585575
104 234 0.38339196968542644
104 201 -0.12761308734363663
104 204 -0.1820808192428063
104 207 -0.318614145405546
104 210 -0.5898023661936832
104 213 -0.20260458060387926
104 216 -0.9193804307738468
105 108 0.07113685223393552
105 255 -0.19312906518220468
105 258 -0.3302139859916693
105 261 -0.020273784424452282
105 264 -0.4723891227309806
105 267 1.294498113026744
105 270 -0.3678652967966895
105 237 0.6184072190112907
105 240 0.7211238183780253
105 243 1.6563843907128222
105 246 -0.7253207516905682
105 249 2.0346823066080173
105 252 -0.11323631192823995
106 107 0.0525325090632865
106 183 -0.3026784009248612
106 186 0.32163085079250076
106 189 0.21205736340542422
106 192 0.8754590967038525
106 195 0.9778803750593319
106 198 -1.1487790566372178
106 165 1.5030100372645454
106 168 2.021557577244675
106 171 -0.21845766002113948
106 174 0.34352752121885516
106 177 1.1717396267612437
106 180 -1.2012640742539453
107 108 0.7504801275735473
107 219 -0.11250207979723875
107 222 -0.10573917239681949
107 225 0.6193503675312597
107 228 -0.1435478574921438
107 231 -0.46870002871526506
107 234 0.4325179949513483
107 201 -0.0003155009522777016
107 204 0.5495268393563387
107 207 1.2725416967722052
107 210 0.4654894160680436
107 213 0.0670283589029517
107 216 -1.0033592145270016
108 255 -0.2255556904083299
108 258 -1.092453900187768
108 261 0.3074825580136505
108 264 -0.4863720664404997
108 267 1.1649798567410985
108 270 -0.9405944256957768
108 237 -0.600001028067407
108 240 0.41319718249088294
108 243 0.19034545866421662
108 246 -1.2822082238434744
108 249 1.1528244053941077
108 252 -0.31952459990113985
109 110 -2.1919666772357354
109 112 1.48053828254894
109 183 1.2587148802282035
109 186 0.6248184396281854
109 153 0.5454210683717875
109 156 0.858868639326214
109 159 -0.12735895305597958
109 162 1.1207352622060682
109 165 1.2672001774355421
109 168 -1.1759373828179271
109 171 0.803098111472373
109 174 -0.12339010251007777
109 177 1.9828947282341978
109 180 -1.2557106512439753
110 111 -0.0896899051863829
110 113 1.146198621640425
110 219 -0.05788807132677642
110 222 0.39559666587486314
110 189 0.20318931436683613
110 192 0.9589544837576165
110 195 0.700647564795601
110 198 -0.40675395609188997
110 201 0.28878370544717563
110 204 -0.38042121771005183
110 207 -0.19919046092657886
110 210 0.0440156940212239
110 213 -1.7966979998477557
110 216 0.9192136223419088
111 114 1.0559515717920254
111 255 2.2864746836253804
111 258 -0.7406981978837357
111 225 0.036867785555154874
111 228 -0.5022202325440711
111 231 -1.8965402937283742
111 234 -1.7640677735383021
111 237 0.13133966837060324
111 240 1.2024199776852498
111 243 0.3059798041879704
111 246 2.3893996367250194
111 249 0.054489081899464394
111 252 -0.7804754576848562
112 113 -0.1453398550238902
112 183 -1.1555128190728503
112 186 1.4044023175353244
112 153 -0.274517210764373
112 156 -0.9586988273103513
112 159 -0.027004482696657426
112 162 0.8249547976397641
112 165 -0.24753742328468123
112 168 -0.2645303256188702
112 171 -0.649531276034789
112 174 0.3686639887559398
112 177 -1.8648727929179634
112 180 -0.4704081869644126
113 114 0.26438939572276615
113 219 0.3117639854729114
113 222 0.8286084078969335
113 189 0.6296488036148256
113 192 -0.07501325160650907
113 195 -0.48644774524932693
113 198 -0.39455017541988535
113 201 -1.6623900036560704
113 204 -1.19209517691797
113 207 -1.014139330383893
113 210 -1.0650329703500927
113 213 1.0924923689938342
113 216 -0.027157809171452888
114 255 -0.4366027084100827
114 258 0.652698101811981
114 225 0.7066281088416934
114 228 0.19939458132180132
114 231 -1.1509295958956858
114 234 -1.0333440561180223
114 237 -0.9455515505882207
114 240 -1.9954115191313269
114 243 -0.7307768952993215
114 246 1.3918847113792627
114 249 1.6820136128909349
114 252 1.821081941594712
115 116 -0.6118811008258034
115 118 0.1396787623154059
115 183 0.2295699749328176
115 186 -0.22100108740945004
115 153 0.9552035343684684
115 156 -1.157698643372091
115 171 0.7360401706175956
115 174 0.49035816961049106
115 177 -1.6400935647952235
115 180 0.5192980228206115
116 117 0.8187678625418929
116 119 -0.4986287766064878
116 219 0.41153843412777924
116 222 0.40474040650109766
116 189 -0.6327355916354677
116 192 0.7068920018039621
116 207 -0.4442944720776804
116 210 -0.9272806856366168
116 213 -0.5324198762244539
116 216 -0.3166952267853356
117 120 1.1061321603165215
117 255 1.4127103820839408
117 258 -1.1566954018279596
117 225 -0.4529047834783197
117 228 0.06809552238210254
117 243 -0.06277095178833991
117 246 0.16746799828902498
117 249 0.48275148498104914
117 252 -0.4497255170882002
118 119 0.3199576355934927
118 183 2.0039945623586677
118 186 0.4638629962099718
118 153 -2.0889278569775698
118 156 0.18590843774365745
118 171 1.4027959013277467
118 174 -0.7534619859181569
118 177 -0.11712670273089777
118 180 -0.56886302804773
119 120 -2.285063720404965
119 219 0.31130170043540156
119 222 0.11746211946866444
119 189 -0.2384938672545409
119 192 0.9650306087914029
119 207 1.9099420925704267
119 210 -1.1610748922194454
119 213 0.8889748526244509
119 216 -0.527392167734332
120 255 -0.8950262425514723
120 258 0.3983248277389922
120 225 0.21841353131028068
120 228 -0.7574792904505895
120 243 -0.31932595608108333
120 246 -0.4446572911353776
120 249 0.9495736981704852
120 252 -0.27667029817082217
121 122 -0.8554531052497848
121 124 1.0683471328549747
121 183 -1.596703835432241
121 186 1.8112611013662978
121 189 0.3465101339468007
121 192 -1.1599967084024831
121 207 1.2343672527972829
121 210 1.281969935221549
121 177 -1.179535480160669
121 180 -0.053595879553369696
122 123 0.37049692315136773
122 125 -0.7907800984205828
122 219 1.1521371675168015
122 222 0.3187237991265629
122 225 0.06434061374546785
122 228 0.044208309375578826
122 243 -1.9595350657904278
122 246 0.19532056212489804
122 213 0.5035364217913477
122 216 1.235764585318269
123 126 -0.3098121376078141
123 255 0.34866687307831523
123 258 -0.6401751618212576
123 261 -0.1768730374401746
123 264 0.21584267186735945
123 279 1.4229649719518809
123 282 -0.43804439630058023
123 249 0.11056555745072288
123 252 -0.9465168661542399
124 125 0.19735757840970988
124 183 -0.7937769361384461
124 186 -1.8865892848841554
124 189 0.7213669941272981
124 192 -1.0341072357958125
124 207 -1.0720718371723976
124 210 -0.24892737168641066
124 177 0.24296214442797096
124 180 0.4145058212678096
125 126 2.045816211061254
125 219 0.010690587555272609
125 222 -1.6879359375085312
125 225 -0.7750163013518774
125 228 0.8900648895278995
125 243 -0.06143811586049031
125 246 -1.6246312479581346
125 213 -1.5441788810869241
125 216 -1.8562473069971068
126 255 0.19965073046455184
126 258 0.9388714698940743
126 261 0.12916390584641588
126 264 -0.4249459179557578
126 279 -1.5523841678515042
126 282 1.7678464525479978
126 249 0.24336663695551122
126 252 1.1028356287587713
127 128 0.8921574680095938
127 130 1.345330462562145
127 207 0.17927755130347767
127 210 0.5633963748406734
127 177 1.011681758959009
127 180 -0.08472331893813526
128 129 1.6196390726791994
128 131 0.5336688389649084
128 243 -1.5771408346810252
128 246 0.1788648065528632
128 213 -1.527048588300275
128 216 2.7107922244834337
129 132 -0.3177975337818942
129 279 0.14951495823457878
129 282 -0.9245914822970436
129 249 -1.1604715470696312
129 252 -1.5135852437823198
130 131 -0.7803553425943499
130 207 0.7290256485535694
130 210 -1.5954979907774594
130 177 0.9850717919887997
130 180 -0.7726147113249923
131 132 1.7112882129220166
131 243 -0.2143088402822589
131 246 -0.29757059894956567
131 213 -1.1868207512459297
131 216 -1.0645275619089858
132 279 0.8749418332581983
132 282 -1.803893231147612
132 249 -1.560611395118445
132 252 -1.5028007150001397
133 134 1.1958517623695697
133 136 -0.013847141485270213
133 171 0.7925310985301642
133 174 0.48544411131140774
133 177 1.3300729605920698
133 180 0.736679692602745
134 135 -0.2994124825537865
134 137 0.6952478577809568
134 207 0.31370021391009906
134 210 0.21452731426973168
134 213 -2.384616027745564
134 216 -0.13306434586384577
135 138 0.4370636454469381
135 243 0.9420370414223183
135 246 2.520654993564766
135 249 -0.4459621483814232
135 252 1.5370529999848994
136 137 1.1402468496974512
136 171 0.30214193596875827
136 174 1.5947955285167499
136 177 -0.7227753695415005
136 180 -0.6158829394900839
137 138 -0.2976072216411396
137 207 0.05459608744955434
137 210 0.8186292992307502
137 213 -0.8087803723998183
137 216 0.03239098936093596
138 243 -0.17023891518703918
138 246 1.452655661825076
138 249 -1.5956759546037795
138 252 1.3774692628461223
139 140 -0.18173313400884897
139 142 -1.6851694454000525
140 141 0.3192910090946334
140 143 -0.8347795856483927
141 144 -1.0041067239629855
142 143 0.2541043437435497
143 144 -0.720796408780666
145 146 -0.6097590973004692
145 148 0.037865149532324276
146 147 0.34612484549635975
146 149 0.022738855795790824
147 150 0.7382816900890735
148 149 0.17208469259190862
149 150 0.2191421418547625
151 152 -1.0695344228966277
151 154 -1.125471398775091
152 153 -0.2880637963029432
152 155 -0.11144595231587888
153 156 -0.3986502775868673
154 155 0.8714720071158473
155 156 -0.6687394060812337
157 158 0.5594510031413195
157 160 -0.8688383075260901
158 159 -0.3634605194315917
158 161 -0.7282036512597677
159 162 -0.5318142504131361
160 161 2.360382698479143
161 162 0.34762660931814987
163 164 1.0693060400024625
163 166 -1.9181530236756978
164 165 0.06198871131509972
164 167 -0.4730868699768051
165 168 -0.041545113313168985
166 167 0.31339873623794307
167 168 -0.4708343195915373
169 170 0.38880685970771905
169 172 -2.1009361500010697
170 171 0.19324667760613873
170 173 -0.19933904244624326
171 174 -0.34429207941601814
172 173 0.595054392674223
173 174 -0.43739124393427586
175 176 -0.8254178204389585
175 178 0.24795229835317706
176 177 0.49353743698588487
176 179 0.13704077686653987
177 180 2.1099043928821577
178 179 -0.42915858984182614
179 180 0.6914797952816072
181 182 1.993203661003093
181 184 1.0432613757889218
182 183 -0.820768734294244
182 185 1.3647325220569946
183 186 -0.39684071248863223
184 185 1.0642042550498507
185 186 0.17420498258140998
187 188 0.4385711773711239
187 190 0.1780468475624484
188 189 0.7166906609110147
188 191 0.18946162251775298
189 192 -0.5348247374292192
190 191 1.8095101043387196
191 192 -1.2111320352244825
193 194 1.3991952841802893
193 196 -0.9946837964364524
194 195 0.12742286767747615
194 197 -0.2234811085464473
195 198 -0.04284870141303211
196 197 0.20092455393007602
197 198 0.38408831228352763
199 200 -1.8183188764871883
199 202 0.17726493777245614
200 201 -1.384507863485305
200 203 -0.3512901028445286
201 204 2.6411909605232573
202 203 -0.11602175571133128
203 204 1.3031325598298698
205 206 -0.8949235372934121
205 208 0.0020835871989803444
206 207 0.5171624197261443
206 209 0.7573354511071267
207 210 -0.5966876153947458
208 209 -1.287724109653273
209 210 0.49955649920218126
211 212 -0.838422110131877
211 214 1.0732931368434433
212 213 0.4501535096832371
212 215 0.10463339678772789
213 216 0.20547403782856746
214 215 0.10033995677063841
215 216 1.3800718745930702
217 218 0.7035038804373385
217 220 -0.2925545463961078
218 219 -1.2129691700613447
218 221 0.69874402867941
219 222 2.341036185417614
220 221 1.6855722359264678
221 222 -0.20836332697854318
223 224 -3.5644821603078882
223 226 1.4322771212727334
224 225 -1.0389460753202164
224 227 2.0001593622545055
225 228 0.38866759818420793
226 227 0.06035324766913885
227 228 -0.9686981739427252
229 230 0.12131225997831915
229 232 1.091298018011038
230 231 0.09701269109291355
230 233 -0.3797593666672725
231 234 1.9022718572192792
232 233 1.287151132034442
233 234 0.17016729254035712
235 236 1.0264724957094102
235 238 -0.3617747752702881
236 237 2.2614969504874254
236 239 -0.9471250480240483
237 240 -0.11117005490378835
238 239 -0.6409647598310391
239 240 0.6755527046225519
241 242 -2.143480834374119
241 244 -0.9903019386178541
242 243 -1.4603482597494286
242 245 1.356933352510803
243 246 0.6682065704503861
244 245 1.1440509573019002
245 246 1.5639351409755449
247 248 -1.5368227250036706
247 250 -0.4247301771051289
248 249 1.2576050106521817
248 251 -1.279466207166949
249 252 -0.8164489128970196
250 251 0.7006276254285421
251 252 0.4624305933600738
253 254 -1.2855579725896102
253 256 -1.019425908925672
254 255 -0.13405688497581983
254 257 -1.5567117892591822
255 258 -0.07666913520525813
256 257 -1.7013525855751077
257 258 1.0494238880674878
259 260 1.3075460777310959
259 262 -0.688226814357294
260 261 -1.283094642915162
260 263 1.1107932275683057
261 264 -2.331416103081061
262 263 -0.3943073885106332
263 264 1.2759247119130768
265 266 1.592771177945214
265 268 -1.2874243115158222
266 267 -1.267065352573185
266 269 0.01035655697247108
267 270 -0.02413786365536785
268 269 0.19092310093002018
269 270 0.9975779362448957
271 272 0.2742910409728203
271 274 0.611331962636105
272 273 -0.019128960847177936
272 275 0.024580055725473938
273 276 -0.2525621669450113
274 275 0.13589415621584516
275 276 1.1309883102875133
277 278 -0.9062223474060984
277 280 -1.807373921357929
278 279 0.6379216491621138
278 281 -0.9504819078476784
279 282 -0.46048815314740216
280 281 -0.7955686785007849
281 282 0.0638118221014003
283 284 1.5348040557813345
283 286 1.39611250901241
284 285 -0.8135881163353463
284 287 -0.03499778259236155
285 288 -0.7533412919456702
286 287 -0.625234418709823
287 288 0.7959920221956933
