# 
1 1 -0.8442665423307181
2 2 1.5029104743313433
3 3 1.465643331780428
4 4 -0.5378187480819311
5 5 0.24905144870070092
6 6 -0.5105914918081961
7 7 0.27952009495557656
8 8 1.160707938999754
9 9 0.026110737786006005
10 10 -1.9822635639187844
11 11 0.01154734874864532
12 12 -1.1939838416636712
13 13 -1.1878153062712729
14 14 -1.068365704029893
15 15 1.1286304421542552
16 16 -0.6096692227769339
17 17 -0.6157799409730476
18 18 -0.19928189748646438
19 19 -0.6577950613877555
20 20 -1.324810081611084
21 21 1.4005696893149804
22 22 -1.774138635573851
23 23 -0.19655387769790986
24 24 -0.6372122987313936
25 25 0.23741004990465725
26 26 -1.3693524194870357
27 27 -2.561345535492548
28 28 -2.006906240098498
29 29 -0.2543938427470918
30 30 0.09246667971902076
31 31 -1.48352291334923
32 32 0.2030732052171438
33 33 -0.2588057849416157
34 34 -0.7844646677599929
35 35 -1.4589015743453226
36 36 2.239103910061298
37 37 0.48883358402683746
38 38 -0.1373545907297154
39 39 0.17676410313623406
40 40 0.7815088586784786
41 41 0.9771845499703943
42 42 -1.0767567342964655
43 43 -0.5775871204135674
44 44 -0.41527348282950116
45 45 0.26585006124543153
46 46 -1.8571198086273943
47 47 -0.7248570946896897
48 48 0.4367114026231777
49 49 -1.0903870576565629
50 50 0.8735092531037846
51 51 -2.1965914167829257
52 52 0.14293136585110722
53 53 -1.3343265266873696
54 54 -0.5744027525464346
55 55 0.6898098386125713
56 56 -1.7385934081574907
57 57 -2.088348645714933
58 58 -1.623823235671628
59 59 -0.8920842401652463
60 60 -0.7021037330480296
61 61 -0.1502495834026037
62 62 -0.2183140325798384
63 63 0.9304565633796542
64 64 0.7972225992596335
65 65 -0.5861751163730312
66 66 -0.14260397298756183
67 67 1.5609641865132562
68 68 0.10538536628298506
69 69 2.1579353766225324
70 70 0.056623756864302266
71 71 0.6141055954449616
72 72 0.5546675089845412
73 73 0.9712096419752657
74 74 -0.0649777935853688
75 75 -0.2240851910818424
76 76 -0.9899785412706315
77 77 -0.41984819192437123
78 78 0.2711883068458169
79 79 -1.2411940661010923
80 80 -0.042185600679142655
81 81 0.5302619312001281
82 82 -1.3724258019507067
83 83 -0.007902307299894627
84 84 2.324926896289322
85 85 -0.5220032546359997
86 86 1.642380565374647
87 87 0.6648627281284808
88 88 -0.9041499367291567
89 89 -1.1710613744780238
90 90 1.2769825460897495
91 91 0.9990971882993602
92 92 0.32208931348093833
93 93 -0.03647469709362922
94 94 0.616519173413654
95 95 0.02923717238600718
96 96 0.5840276869042258
97 97 0.1460735986540735
98 98 -1.0109981017515013
99 99 0.9847635871202528
100 100 -0.13853577613695678
101 101 -0.6631747705353892
102 102 -0.17186516139745334
103 103 0.08541302818524192
104 104 0.2513311182599461
105 105 0.7844059788779595
106 106 -0.011533115743874965
107 107 -0.23529349025701085
108 108 0.19391709931591708
109 109 1.871297754662517
110 110 -0.4297974053249629
111 111 1.82213718970311
112 112 0.09616286820283945
113 113 0.522173443602858
114 114 -1.8805596485454668
115 115 -1.136070386215514
116 116 0.7464548435514499
117 117 0.8130665817180478
118 118 -0.3628070148722875
119 119 0.2734279302837824
120 120 -2.151615897332734
121 121 0.9208267800429434
122 122 1.2914950792441366
123 123 0.7552747043372897
124 124 0.012173049783013824
125 125 -0.5038223246941196
126 126 1.3293811930029082
127 127 0.6399084813632909
128 128 -1.3407807382373356
129 129 0.2783365552318298
130 130 -0.10612054459698779
131 131 0.13663597030878877
132 132 0.5093024905638881
133 133 -0.34897191443452563
134 134 1.747033777153331
135 135 -1.1780412311180402
136 136 -0.22733185401530367
137 137 0.4485483689569543
138 138 -0.651713097881218
139 139 1.3956029724069823
140 140 1.3573686139709424
141 141 -0.6446649429962796
142 142 -1.1156636232478137
143 143 -1.2428155437666935
144 144 0.5140350097512217
145 145 -1.0450670786082101
146 146 0.5381126537902107
147 147 1.1593210632367057
148 148 -1.4846743320189568
149 149 -1.2447082678549921
150 150 -0.25782015895253274
151 151 -1.2480148546900367
152 152 0.5345009310954739
153 153 0.7400890296032703
154 154 0.22929354227190227
155 155 0.19264297530941227
156 156 0.2879329510441112
157 157 -0.8941071922021322
158 158 -0.017221977656821277
159 159 2.165988950626378
160 160 0.17853676739338847
161 161 -0.9096225977900988
162 162 -1.7080581653007234
163 163 1.5281713922403635
164 164 0.4110859043198303
165 165 0.28829219370760617
166 166 -0.10097827812680185
167 167 0.5327043494472162
168 168 1.085706086996528
169 169 -0.7641349832529079
170 170 1.1518496109436676
171 171 -0.8720721007405147
172 172 0.9656679983641443
173 173 0.5344507536596295
174 174 -0.5072991635079701
175 175 -1.088582461500533
176 176 -0.41313225914637497
177 177 1.77744930435558
178 178 -0.017035449733830508
179 179 0.8194827937179566
180 180 -0.3885600192143649
181 181 -1.101882089856799
182 182 -1.3824355083532078
183 183 0.8688972798841144
184 184 1.640284722323074
185 185 0.5311689154798755
186 186 0.7216707015980115
187 187 1.8750461760542054
188 188 -2.056262225777411
189 189 -1.6351424879298813
190 190 -1.4250380512117926
191 191 -0.7028557119752014
192 192 0.5555370595536436
193 193 0.37687656558007554
194 194 0.5264758549757896
195 195 -0.7264042949691573
196 196 0.1260481492095215
197 197 -0.04110497367252204
198 198 -0.36196472783017436
199 199 -0.9054963874684013
200 200 2.5683823599934636
201 201 0.35384541169741546
202 202 0.8283480591377401
203 203 0.46024957793679133
204 204 0.9011720275639974
205 205 0.5889616053756017
206 206 0.5701428646823078
207 207 0.9635658968816717
208 208 0.10485300417303503
209 209 0.9386527900606949
210 210 1.3609941279411681
211 211 0.815228803014188
212 212 0.5616005594157337
213 213 -0.3607812135050408
214 214 -0.2900069923940459
215 215 0.3660106016460979
216 216 -0.06633746439547128
217 217 0.9059192741977607
218 218 -0.4005930552230578
219 219 -0.16547545818807063
220 220 -0.6298110749062539
221 221 -0.06693100084244132
222 222 0.7239370174360122
223 223 1.1665276162139435
224 224 0.6594973446575352
225 225 -0.4053940406583488
226 226 0.01909529123705293
227 227 -0.0957395103132195
228 228 -0.3877745831208239
229 229 -1.219085778997849
230 230 0.5833003520471258
231 231 -0.320798313315927
232 232 1.300865121943419
233 233 -0.5965186636447805
234 234 -0.4243838304595004
235 235 -2.214160887148021
236 236 0.17186628676831303
237 237 -1.3008156893328076
238 238 0.7703342325518123
239 239 0.9335817318808182
240 240 -1.151011024354667
241 241 -1.2217482016515262
242 242 0.3804225893144178
243 243 0.26059017010057656
244 244 -0.9019185270722677
245 245 -0.9449289424258538
246 246 0.902500428080344
247 247 1.085063690579972
248 248 0.8911565275800286
249 249 -0.6909021985316159
250 250 0.2030854462872455
251 251 -0.4263359305354052
252 252 0.5927300438879246
253 253 -1.2857160398709433
254 254 -1.8538840871808089
255 255 -0.22299671213860528
256 256 -0.6024192686820379
257 257 -0.019033784911358414
258 258 -0.5122215425586376
259 259 1.1116277458127741
260 260 -0.6157561875413363
261 261 -1.036029157966432
262 262 0.7743533008431941
263 263 -0.4257459784112201
264 264 -0.6775801796138177
265 265 -0.590418837567808
266 266 1.5672485974454438
267 267 0.9047756370475996
268 268 -0.49503552339195445
269 269 -0.4691917102826742
270 270 -1.1235660589234768
271 271 1.9283344729402587
272 272 -0.6897344259551825
273 273 -0.6464093211949883
274 274 0.8025234487817531
275 275 -0.24367406042088288
276 276 0.0778452344706966
277 277 -0.633186999008878
278 278 -0.4613078892759999
279 279 0.27936893001274204
280 280 1.0170178631580251
281 281 1.0880117832718903
282 282 -1.4013995949177673
283 283 0.0827770808468227
284 284 -0.04432002839026652
285 285 -1.6296286187188658
286 286 0.23460029679261937
287 287 -0.8822483446044307
288 288 0.8801494453188888
1 2 -0.33585361039806283
1 4 0.08829541013558384
2 3 -0.3226435626027233
2 5 0.9034295069546566
3 6 -0.007747099986016875
4 5 -0.29616625642859606
5 6 0.017706690665402574
7 8 -0.5509647501939953
7 10 1.5923170989871855
7 157 -1.298488557711634
7 160 0.24031240186021002
7 163 -0.15224789401069483
7 166 -0.23369591571849482
8 9 -2.090096853083747
8 11 0.6757463641960814
8 193 -0.7250968164382724
8 196 -1.366993280759746
8 199 -0.15591602075495603
8 202 -0.006550581788314021
9 12 0.4292016842316717
9 229 0.6120745297206299
9 232 -1.7684645355047857
9 235 -0.802887838928127
9 238 0.7556617187703061
10 11 -1.195738075145093
10 157 -0.9119939777443938
10 160 0.32592157518758086
10 163 0.5770578376104554
10 166 -0.06265294962574869
11 12 -0.4320898899481848
11 193 -1.1600809252197013
11 196 -1.2502402514699278
11 199 0.19133763176988342
11 202 -1.265634817551098
12 229 -0.5981050229064072
12 232 -1.3753013600537702
12 235 0.997595028967065
12 238 -0.17966533983658323
13 14 -0.26259051067675804
13 16 -1.2054264849855911
13 193 0.8435815656171858
13 196 1.0060633109542287
13 199 -0.020845229972627333
13 202 -1.8922486826048135
14 15 0.47879634641616875
14 17 -0.9553852293283466
14 229 0.9688035275462827
14 232 -0.1523088199528714
14 235 0.09578325821754442
14 238 -1.144981867839343
15 18 0.7334629219739885
15 265 1.2441044644299528
15 268 0.3463184395109896
15 271 2.3777799714655887
15 274 -0.3483401544923472
16 17 -1.567791698847505
16 193 -1.7314651226181592
16 196 -0.569369482776817
16 199 0.9834862163328952
16 202 0.26599489629953654
17 18 1.5408713668035137
17 229 2.838750973262454
17 232 1.4486796284063364
17 235 -0.16728419784200887
17 238 0.3216412780258972
18 265 -0.8388451211412888
18 268 -0.9510806203876945
18 271 0.18608760437652616
18 274 0.03900591884393802
19 20 0.2618797938465418
19 22 -0.870081708323574
19 181 1.503072482616225
19 184 1.1510300320733913
19 187 -0.30375652092554284
19 190 0.9779228567429774
19 193 -1.4360859581607777
19 196 0.2507786921643107
19 199 0.49642084123918173
19 202 2.6922750745737636
20 21 0.43093864267188986
20 23 -1.0418624307908193
20 217 -1.612382316820096
20 220 1.5936189414141169
20 223 -0.9030989749195478
20 226 -1.2684285683678547
20 229 1.33173849476464
20 232 -1.508881632167961
20 235 -1.5771574628072922
20 238 -0.6687252939413628
21 24 0.4632545279341036
21 253 -1.3808376508037818
21 256 -0.5630799029529758
21 259 -0.35037765140058663
21 262 1.742960580208994
21 265 0.4806694542979677
21 268 -0.3573347935345723
21 271 0.3663323843048483
21 274 0.06320822359306101
22 23 -1.1679480434937861
22 181 1.0732242981485929
22 184 -1.1317416998257417
22 187 1.5568139626260589
22 190 1.6146704418122673
22 193 -1.0246802674640725
22 196 -0.7586690922209938
22 199 1.4331909118165356
22 202 -0.6574748688843216
23 24 0.6530851367445156
23 217 -0.29470841194138986
23 220 -0.7205346771298505
23 223 -0.4266210334834041
23 226 -0.41997319345969364
23 229 -1.3221627788722652
23 232 -0.4191952286189682
23 235 0.6236693579575731
23 238 -0.4444979938220131
24 253 0.44888865963470653
24 256 0.7682486212215147
24 259 1.4523301068948002
24 262 1.3709269596416485
24 265 0.33965690365181084
24 268 -0.27439187339799215
24 271 -0.08945321791924378
24 274 -0.5609155803420689
25 26 0.15805540998568768
25 28 0.008217575814533197
25 181 0.7762805899391995
25 184 0.2919052448169473
25 187 1.2323262068794678
25 190 -0.9517431824070794
25 193 -0.5441373766407528
25 196 -1.0719464310091382
25 163 -0.13367517292019354
25 166 -0.8901288320085939
26 27 1.1063548455600083
26 29 1.5349735857716058
26 217 -0.916319997335527
26 220 -0.40318285218762473
26 223 0.4944732600020744
26 226 0.09572600683527725
26 229 -1.3265544473729196
26 232 -1.1486907382626605
26 199 -0.24288211930442252
26 202 1.692916746171501
27 30 -1.5435479503038494
27 253 -0.9288876230702416
27 256 -0.4785669701404846
27 259 -0.4914245438912726
27 262 0.20648839732842295
27 265 -1.7578001175609217
27 268 1.0365482996464992
27 235 0.9848897268888934
27 238 -0.8331290740275834
28 29 2.4219728324811505
28 181 -0.12210506782719126
28 184 2.241026881268966
28 187 0.050648331808701944
28 190 -0.16154153135309354
28 193 -2.0091046154006587
28 196 -0.5857134483448925
28 163 -0.7329288226831406
28 166 -0.6693194473718377
29 30 -0.858435308269412
29 217 0.7052632555558995
29 220 -0.683026311176522
29 223 -0.9668211392999705
29 226 -1.1625335809241113
29 229 1.1079076237285066
29 232 -0.13276250585777802
29 199 -1.4833771382915617
29 202 2.6392462596500614
30 253 -0.7131944555681355
30 256 -0.5124664382918617
30 259 1.1553110890381348
30 262 2.006997906748375
30 265 0.25061071356341247
30 268 -0.5721390180114049
30 235 0.6885255792603043
30 238 1.122149225604396
31 32 0.9289719213527351
31 34 0.7421452459169737
31 181 -1.3511351138317054
31 184 0.49941898267984136
31 187 0.1250160481594539
31 190 0.10895675652588274
31 193 1.1025135258033765
31 196 -0.02576665741540278
31 163 -0.22282147397696708
31 166 0.3431808520095662
31 169 1.5293236924079605
31 172 0.0523750177813401
31 175 -0.8722459209141828
31 178 0.13442015211036554
32 33 -1.1363953417671482
32 35 -0.12995108535653455
32 217 -0.289022638704389
32 220 0.3305612290074044
32 223 -1.2474283937815158
32 226 0.1408017144371294
32 229 0.16169399907497692
32 232 0.43340237491084077
32 199 -0.27758159132826743
32 202 0.91820879162469
32 205 0.1932173394772379
32 208 -0.35335815461620346
32 211 -0.8784929332681589
32 214 -0.9410943663479271
33 36 0.47828417311764043
33 253 -0.8037969726835065
33 256 -0.053929858977173915
33 259 -0.5246545325861484
33 262 0.4373485038080275
33 265 1.2636600259135162
33 268 -0.5309146532401049
33 235 0.664610809776661
33 238 0.05801526378622492
33 241 0.6566489356555048
33 244 1.3910982476223352
33 247 0.34492945506036043
33 250 -1.9158554673392065
34 35 -2.001234844829953
34 181 -1.2426401884572635
34 184 0.4484106886188085
34 187 1.3953255200967707
34 190 -0.2591123377605143
34 193 -0.4381154855746004
34 196 0.18762192472336733
34 163 0.04138240641738176
34 166 -0.19368959670758654
34 169 -0.055025187415960346
34 172 -0.3550369767680195
34 175 0.21028843156089172
34 178 0.5381321416654338
35 36 -0.2543372304977956
35 217 0.29740859580421247
35 220 -1.948759579715527
35 223 -1.5720056728955283
35 226 0.4306283763129738
35 229 0.031452219017047
35 232 -0.26135468449775257
35 199 -0.5752224892311555
35 202 -1.21994346019549
35 205 0.174601022010683
35 208 0.8486008030168992
35 211 0.8193122472142174
35 214 1.0818826680237403
36 253 -1.4886381105579298
36 256 -0.9478062823124328
36 259 0.3513344795028429
36 262 1.0515685369871703
36 265 0.10515045019682574
36 268 0.13902297762754137
36 235 1.1736992651866196
36 238 -1.2401167887846376
36 241 0.04003897218092905
36 244 0.3035603744456194
36 247 0.9394278543508647
36 250 0.10580427997090644
37 38 -0.12733474479632864
37 40 0.335856287975043
37 181 1.7071498027628633
37 184 -1.6111781771172922
37 151 0.14976124748934477
37 154 0.8670850749037035
37 157 -0.1914901563196843
37 160 -0.31619516586125634
37 163 0.16149188941965278
37 166 -0.7114516975859364
37 169 1.177692336860191
37 172 -0.42693320080118796
37 175 1.4162078759344043
37 178 0.03407410384889267
38 39 0.2804087105588944
38 41 -0.1658931225245851
38 217 -0.061046486050379996
38 220 0.39024696251926794
38 187 0.3826351508757903
38 190 1.0033392575050235
38 193 1.459671600279097
38 196 2.0218415640520617
38 199 -0.7522200925275836
38 202 -0.13165879513331785
38 205 0.8950164525392899
38 208 -0.726363104878807
38 211 -1.4206883580721037
38 214 0.7764163960814935
39 42 1.4281271982077148
39 253 -1.0171195846999355
39 256 0.3090792260546108
39 223 0.38150018864314417
39 226 -0.1209221895496896
39 229 0.050218750157343735
39 232 0.6636543364763339
39 235 -1.7064542237330422
39 238 -0.633103471841964
39 241 -0.08797524546175596
39 244 -2.6996416221903177
39 247 0.9500544711592357
39 250 -1.7647010601355313
40 41 -0.18971183913345493
40 181 -1.189193409160573
40 184 -0.29405918230280725
40 151 0.9986605759330387
40 154 1.1544877840498782
40 157 -0.3389710199224665
40 160 0.4415410875263802
40 163 0.5488353246238242
40 166 0.25604226993472
40 169 -0.42572555899117853
40 172 0.4406310878996434
40 175 -0.5686759881703423
40 178 -0.19723613181770536
41 42 0.7802302641555635
41 217 -1.4883889959442629
41 220 1.1283296547575707
41 187 -0.617374587873856
41 190 0.5075916271107697
41 193 0.11958672502543939
41 196 -0.6384466064337756
41 199 -1.885599194001869
41 202 -0.14099784997920417
41 205 -0.3275054062662874
41 208 1.781245536857966
41 211 -0.46711245672393514
41 214 0.0598652233042611
42 253 -0.8251099783580584
42 256 -0.3675691519953618
42 223 0.784230678247133
42 226 0.6888112042873886
42 229 -2.063159466386472
42 232 -1.094914291764193
42 235 -0.772088577617972
42 238 0.8800512912976466
42 241 -1.6150313519844346
42 244 0.2702192508233605
42 247 -1.6415070044569615
42 250 0.2848385096536633
43 44 -0.578049215009985
43 46 -0.2160327407486633
43 181 -0.2826345837157147
43 184 1.4453437448836906
43 151 0.583556195233413
43 154 -1.0377028680996367
43 158 0.06495638272850819
43 161 -0.7082269177714936
43 164 -0.4439953799977634
43 167 0.20651130097550163
43 169 1.6426276451313617
43 172 0.8613467158244662
43 175 -1.1212276222760649
43 178 0.2677640885566839
44 45 -0.2806960646217774
44 47 2.4139490888581765
44 217 -0.737450831253839
44 220 1.0443306319072347
44 187 -1.3573171628773362
44 190 0.5350940886248873
44 194 -0.05469562201067486
44 197 -2.02926081378048
44 200 -0.6922770608342453
44 203 0.09826852896415979
44 205 -0.02983173816278276
44 208 0.8780572805392008
44 211 0.6070036298611464
44 214 0.6358908269416518
45 48 -0.06155218046573843
45 253 0.6025747211881687
45 256 1.65063293397376
45 223 -0.8759607767594114
45 226 0.7349921793077574
45 230 -0.8736777850252143
45 233 0.5201418579886756
45 236 -0.7607647607713234
45 239 1.2369686781226832
45 241 -0.9402645904084984
45 244 0.5453618233578429
45 247 -1.1776513976094145
45 250 0.42043997631300173
46 47 -0.6340003778189119
46 181 1.3178601500311753
46 184 1.1768702602538492
46 151 -1.331443533817109
46 154 1.811792753467232
46 158 -0.6834738392377607
46 161 0.0993677154402528
46 164 -0.8896457375715697
46 167 -0.1717469033976531
46 169 0.5608778498789527
46 172 -0.5703166418816628
46 175 -0.7887123666411298
46 178 0.5515140310565959
47 48 -0.050576654436988985
47 217 1.208365768103508
47 220 -0.07679660160208707
47 187 -0.16690703630748555
47 190 -0.870237374947357
47 194 1.9778106282230623
47 197 -0.7354878963086494
47 200 1.4139488359333112
47 203 -1.4241041045331388
47 205 -1.1343651888670148
47 208 -0.9032821375629981
47 211 0.054992370425366824
47 214 -0.3478751349488966
48 253 -0.3411194682391574
48 256 1.3046723479643612
48 223 0.6676345626368072
48 226 -0.20550456572835518
48 230 -1.5649361116753835
48 233 1.513045547176273
48 236 -1.379122395567994
48 239 -0.5628366765596116
48 241 -0.3159858442614842
48 244 0.9621793070479947
48 247 -1.2307651448971932
48 250 -0.9985524447092823
49 50 -0.6528448997251249
49 52 -0.03487220617940385
49 181 1.2508772984744665
49 184 -1.4030502137602086
49 187 1.1186196994879973
49 190 -0.3747442719937872
49 194 -0.3354171192520383
49 197 1.10729484252806
49 200 -1.5733979475269266
49 203 -0.5029584774473893
49 205 2.10689408319585
49 208 1.2731494029556596
49 175 0.08897897526567078
49 178 1.0298581429915143
50 51 0.38081796537693224
50 53 1.3222420035902083
50 217 0.5397066939026378
50 220 0.30803382089232806
50 223 -1.3684942199277224
50 226 0.2963037288594684
50 230 -0.7432334161356006
50 233 1.3492778751169663
50 236 0.7820871594817149
50 239 -0.15003743900733832
50 241 0.36585941214495843
50 244 0.8744135626531923
50 211 0.5464146049468949
50 214 0.8281884168313485
51 54 -0.05370382533081099
51 253 1.7783660875697413
51 256 0.5103675173770634
51 259 1.1602255138434951
51 262 0.6054800575264098
51 266 0.3211701410120819
51 269 -1.1748607906763338
51 272 0.24632218335430575
51 275 0.5592973402622418
51 277 -0.600942486309554
51 280 0.04307245129018616
51 247 -0.9789971250519798
51 250 -1.1303636460244335
52 53 -0.6121757971046201
52 181 -0.41649706201959413
52 184 -0.444428686181473
52 187 -0.6995038322716864
52 190 -2.6623856620355757
52 194 0.5646372138035767
52 197 -0.4767776838133117
52 200 -1.5997937253909074
52 203 0.6197862664605844
52 205 0.6502390818516883
52 208 0.1335538896275173
52 175 0.02114977689172785
52 178 -0.20087690839326483
53 54 -0.31714370118369617
53 217 0.28193033929675315
53 220 0.7565978237950512
53 223 -0.08341299829836128
53 226 0.28451871108068294
53 230 0.6029504064280445
53 233 -0.3563110421048977
53 236 1.0255197806672252
53 239 -0.7669931829478482
53 241 -0.5903939604887047
53 244 0.059912296352956564
53 211 1.7714944039552092
53 214 -0.03009247512803519
54 253 -1.8334961036884359
54 256 1.4158853465645094
54 259 0.14254597449603834
54 262 1.6169907203364642
54 266 -0.04762014187051184
54 269 -0.843357757586708
54 272 -0.6287598946479015
54 275 -0.18501525294529106
54 277 -0.2364141321937228
54 280 -0.19779117611490826
54 247 -0.08090785697790107
54 250 0.3174406480790576
55 56 -0.08855199093961785
55 58 -0.5397154763203769
55 182 0.5077080957203866
55 185 1.1902256894517815
55 188 -0.7130369505995242
55 191 0.3430050162031222
55 194 0.34051965848645155
55 197 0.23640779668042702
55 200 -0.06825994372803812
55 203 -0.7523586882401723
55 205 1.0026364748279168
55 208 -0.31492338453850527
55 175 0.40871190259739626
55 178 1.0897943379774826
56 57 1.460506694403748
56 59 -0.652368421388277
56 218 -1.923103384252516
56 221 -0.3512150112472852
56 224 0.5694259530866047
56 227 -0.018887928364820086
56 230 0.4387875074905498
56 233 0.17957711580657043
56 236 0.19619675079123752
56 239 0.01287849221849689
56 241 -3.1580977376589923
56 244 0.2648202930360639
56 211 1.1698940416799541
56 214 0.6982791556268425
57 60 0.0358988376454351
57 254 0.7254255619949955
57 257 -1.2182240507679725
57 260 -0.24947609700560536
57 263 0.4715562661133905
57 266 -1.2916276159370628
57 269 -2.0290277556583143
57 272 -0.5498107487009173
57 275 -1.5500396314694966
57 277 -0.31758620782871455
57 280 0.8166173897464155
57 247 0.7015851704380884
57 250 -0.34810085472750535
58 59 -2.2637665260927338
58 182 -1.3616490693420062
58 185 -0.2616009214047266
58 188 0.049013317884240536
58 191 0.3991648407510206
58 194 0.5153735632506244
58 197 0.026098887194791892
58 200 0.4176985518112992
58 203 -1.1782236996765543
58 205 -2.5161991485288637
58 208 0.7229880899200585
58 175 0.18133227594290852
58 178 -0.47843416510353964
59 60 -0.36420748752762677
59 218 -0.2165722064010433
59 221 -0.4864131236792358
59 224 0.7214156697178493
59 227 -0.18762471347395032
59 230 -0.6370227952689528
59 233 -1.096517555458336
59 236 0.09824844888625188
59 239 1.53762029467974
59 241 1.6248013563649653
59 244 1.4576907197227753
59 211 -0.7746660082443738
59 214 1.0018849619297996
60 254 0.8677486486507624
60 257 1.2371842158346442
60 260 0.8970845421468518
60 263 -0.43323128414612966
60 266 0.388768910584824
60 269 -0.03608234682348107
60 272 1.738254881679594
60 275 -1.1815847748237607
60 277 -0.5692534505218394
60 280 -1.670328372609925
60 247 -0.6218227288579008
60 250 -1.613822175669686
61 62 -0.7003777509541651
61 64 -1.6287084723263294
61 182 0.3281641814431671
61 185 1.7686145158615367
61 188 1.4945835833312864
61 191 -0.5204230380871232
61 194 -0.006458602489523444
61 197 -1.1986441068632003
61 164 1.5269006370021145
61 167 0.1903292927254439
61 169 -1.3226932889449254
61 172 0.07713054766878302
61 175 2.174035094668689
61 178 -0.2895310751899964
62 63 -0.23093038774557506
62 65 -0.5354252071325961
62 218 1.660413891946432
62 221 -3.3446068955185018
62 224 0.8012984458372948
62 227 0.91343989328859
62 230 0.11602815774148803
62 233 0.45571320705437673
62 200 -0.22112957998541144
62 203 -1.7463722703751312
62 205 0.12994168993083632
62 208 -1.062714396288928
62 211 0.158289533420727
62 214 0.6161202493975646
63 66 1.142990178469824
63 254 -0.6617115556682065
63 257 2.9486815991589426
63 260 2.0353384945413415
63 263 3.076196635553914
63 266 0.13330562481183733
63 269 -0.3742776718141936
63 236 -1.2265058113544816
63 239 0.8868453954851505
63 241 0.320581348240601
63 244 0.7764374081387554
63 247 -0.7430298068656354
63 250 -0.6738977611365391
64 65 0.6562490021213436
64 182 0.6147998708268466
64 185 0.7941308167963076
64 188 -0.4171215184437264
64 191 1.5278563935283231
64 194 -1.5290627080787405
64 197 -0.3779288906138307
64 164 1.4329920824885736
64 167 -0.18195381998257912
64 169 -0.5614741125590526
64 172 -2.1554088997389775
64 175 -0.8419548169370673
64 178 0.6032057951584688
65 66 0.08393526576082094
65 218 0.06283524013036924
65 221 0.05735066570347558
65 224 -0.20793710356285458
65 227 -0.5131106507491764
65 230 -1.7336706633055436
65 233 -0.05488422480079359
65 200 -1.1893250741109924
65 203 -0.2164182206549165
65 205 2.3329658551566226
65 208 -0.2117729475796446
65 211 -0.819295076197811
65 214 -0.9899923206220657
66 254 0.5103232225762778
66 257 -0.041968750007676164
66 260 1.321111065499957
66 263 -0.2882421797995602
66 266 -0.9005400216717834
66 269 0.5419401719284193
66 236 0.5956846949003217
66 239 -1.1047467287315522
66 241 -0.9238611444405007
66 244 0.9916666554497321
66 247 -1.5729793139912138
66 250 1.1343726306423516
67 68 -0.0004609768551482573
67 70 0.7845293131293216
67 182 -0.5887743374371642
67 185 0.19626832846364028
67 188 0.9095172908137236
67 191 0.4578715497323786
67 194 1.9968969235034426
67 197 1.4167120390925636
67 164 -0.2673527015426953
67 167 -1.304049296761757
67 170 0.4141599885663274
67 173 0.0641192417632801
67 176 2.4524097756220105
67 179 1.4021019984683665
68 69 0.25889701068253035
68 71 0.6871994099510372
68 218 0.5141659790968329
68 221 -0.5887219606816654
68 224 0.47679357973470105
68 227 -1.4753240523058255
68 230 -0.6765670738323301
68 233 -0.4033901633247918
68 200 -1.071991903591491
68 203 -0.5718182363077856
68 206 -0.1681251210420405
68 209 0.24513469351827885
68 212 0.02165408563638903
68 215 -1.3482745335241049
69 72 -0.2855082595272022
69 254 1.0995578819205383
69 257 0.42195544305478305
69 260 -1.7134500387399865
69 263 0.9745668955339182
69 266 -0.2975004538518728
69 269 1.2566768377282014
69 236 -1.7752076738459457
69 239 -0.11355125916029603
69 242 1.542444085835457
69 245 0.6959863991590395
69 248 0.5906451479123457
69 251 -1.0106315389555378
70 71 0.0833589048795528
70 182 -0.8242513934833917
70 185 -2.000164586212779
70 188 0.30995867310746844
70 191 -2.241774060540029
70 194 -0.03259663406065947
70 197 2.0570106440642952
70 164 -1.0802268770740957
70 167 1.2926505782879323
70 170 0.5040094274919881
70 173 -0.5134251674645205
70 176 -0.0673025647543296
70 179 0.555649903164003
71 72 -0.8838431427834428
71 218 0.5793521719975024
71 221 1.445707939327908
71 224 2.7568454018485733
71 227 1.8052938619888135
71 230 -0.5520698965302226
71 233 -0.06931906453321857
71 200 -0.5014629234115628
71 203 0.3517436031999796
71 206 0.3398270660370096
71 209 0.7518812926507779
71 212 -0.5143833736291152
71 215 -1.1369952715968783
72 254 0.3747662823495833
72 257 0.359507199206767
72 260 -2.469430128032463
72 263 0.5576566272401846
72 266 -0.673796473644967
72 269 0.45078146567984817
72 236 -0.8703653779557681
72 239 1.5339739866359083
72 242 0.5151708430910014
72 245 -0.11052746988662768
72 248 0.3857534789187624
72 251 -1.5263950995028703
73 74 -2.143688568355045
73 76 2.072245423916846
73 182 0.36446369661066774
73 185 0.3728483992586475
73 152 -1.9149554157740853
73 155 -0.594593918289104
73 158 1.6887384240955878
73 161 -0.693672675407752
73 164 -1.1517458944636554
73 167 -2.189471068606824
73 170 -0.014980645743761544
73 173 -1.7466129832469748
73 176 1.0878343352201731
73 179 0.2415105907095705
74 75 -0.912415425817781
74 77 0.23606171351851946
74 218 -0.19976034816186555
74 221 -0.5162250402578303
74 188 1.717388461505033
74 191 0.9888822147577027
74 194 -1.5766697063652635
74 197 -0.746388076479803
74 200 -0.2107495252545861
74 203 1.586095345678838
74 206 0.7638327298702176
74 209 -1.5441508866304814
74 212 0.6938474065309936
74 215 -1.7472161077033521
75 78 -0.6893887145449792
75 254 -0.04533898445103841
75 257 -0.5857682488073659
75 224 -0.5163382151022261
75 227 0.40537973322769727
75 230 0.8280102918705148
75 233 -0.14029165180359923
75 236 0.6603137048633566
75 239 0.9128186412755871
75 242 -0.18937270552128588
75 245 -1.1049238592794834
75 248 -0.025348645257458627
75 251 0.34737550444873927
76 77 -1.2406646398511063
76 182 1.0681621672788904
76 185 0.035149460879288184
76 152 -1.1166904774146797
76 155 0.3694944477951912
76 158 -0.3207992267060739
76 161 -0.06342914654148117
76 164 -0.48582560806902264
76 167 0.5176016964290597
76 170 -0.11199123127461622
76 173 -1.1668415390812432
76 176 0.9856237128183707
76 179 -1.365203368451669
77 78 -0.631277740299797
77 218 -1.1248556638284881
77 221 1.8514880041213615
77 188 -0.17172127137065038
77 191 0.26934290624673707
77 194 -1.1923827487948266
77 197 -0.4308498259466921
77 200 0.6676658652059075
77 203 0.15883998920065498
77 206 -1.1048158403134176
77 209 -0.6392672350200902
77 212 -1.4533788186062035
77 215 -2.07563293717739
78 254 -1.6804260921953136
78 257 -0.2651683319322125
78 224 0.26597333997160255
78 227 -0.26430799161850804
78 230 -1.5956575129911912
78 233 1.0298227962526258
78 236 -0.22243357029753397
78 239 -2.3420854461554454
78 242 0.3152650665470003
78 245 -0.8243190451233273
78 248 0.5127560893435928
78 251 0.22299774443509626
79 80 -0.8756001894843122
79 82 -0.5637166458509074
79 182 2.1948197196629637
79 185 1.5018946465087903
79 152 0.41658542547240196
79 155 -1.707477443577286
79 159 -1.9396988415218859
79 162 0.9882565578656329
79 165 0.8230557355735449
79 168 -1.7741480291580953
79 170 -0.6847840106123674
79 173 -1.669291843201403
79 176 1.4407186078543561
79 179 0.3041725271788328
80 81 0.8607185568638371
80 83 0.5491591594712987
80 218 -0.7289644022679161
80 221 -0.9729239428294243
80 188 -0.3920287627859422
80 191 0.7253738372101447
80 195 -0.18369255838439946
80 198 -0.801205957596153
80 201 0.42553136727426055
80 204 1.4640538034647066
80 206 1.680309081626484
80 209 -0.7728077465231962
80 212 -0.1880567496475069
80 215 -0.3445484848077408
81 84 0.2586049827003236
81 254 -0.03350934336920206
81 257 -2.107998347495545
81 224 -0.818776239105118
81 227 -1.1589286841319306
81 231 -0.0968734172854543
81 234 -0.6926001211982207
81 237 -0.7452985160746047
81 240 -0.9183678991742106
81 242 -0.24362457403699836
81 245 0.5070773562329994
81 248 0.38203315344243344
81 251 -0.72691138825065
82 83 -1.012970016419711
82 182 1.6214891080958103
82 185 1.942862555291664
82 152 -0.13659535387060517
82 155 0.01598235151934577
82 159 1.2032460431620242
82 162 0.9886578954634766
82 165 0.8719347272973772
82 168 -0.829963144099464
82 170 -0.4532201409499157
82 173 0.7501026318272724
82 176 -0.3236891418588912
82 179 0.9726774625717526
83 84 0.3544481133444339
83 218 -0.07144974408744086
83 221 1.1698837575493013
83 188 0.638808929878858
83 191 1.7074164233543923
83 195 0.0618898728835978
83 198 -1.392294089397404
83 201 0.33781904194298007
83 204 0.417569910619655
83 206 0.15663380436796778
83 209 -2.270779133188719
83 212 0.5853988448971299
83 215 -0.009181147189897128
84 254 -1.2675690453977233
84 257 -0.9020785516168786
84 224 0.9548168216797628
84 227 0.4116056376394298
84 231 -0.3775020569467444
84 234 -0.38701026595705423
84 237 -0.9565278903243245
84 240 -0.44567543729309894
84 242 -0.7006960990191521
84 245 0.8106095317495284
84 248 -0.4826912357982849
84 251 0.8657621049241832
85 86 1.3791608505072575
85 88 0.7522045803822868
85 182 0.386716116573147
85 185 1.694767366269188
85 188 1.76143720190923
85 191 0.13561643557587075
85 195 -0.7630564492689383
85 198 -2.1428974580367086
85 201 -1.3712585560281876
85 204 -0.7649528629757787
85 206 -0.9800672545068879
85 209 0.8429912778640902
85 176 0.7169403465122511
85 179 -0.4670941979080624
86 87 -0.7719762696429397
86 89 -0.7146804110436051
86 218 -0.19043514739959638
86 221 0.6683439330384657
86 224 1.4307305976692224
86 227 -0.8181873569671274
86 231 -0.26172613937390105
86 234 -0.007131675533812797
86 237 1.0766469688150793
86 240 1.5611122412707314
86 242 -1.305844147278483
86 245 0.22793951783676167
86 212 -0.4188070755887554
86 215 -0.007139504079308815
87 90 0.18758125984191348
87 254 -0.18164008891124958
87 257 0.5751496611373502
87 260 -0.991305891341158
87 263 -0.07766995000218073
87 267 -0.628145448109902
87 270 -1.6828914508319215
87 273 0.40635432800834
87 276 2.157694360779731
87 278 2.8056973299189507
87 281 -0.10894908691777858
87 248 0.06710191774270408
87 251 1.2503900058744326
88 89 0.7698271372095243
88 182 1.3682565875500048
88 185 -0.6936541360688686
88 188 0.2528909989377844
88 191 1.1076125323834214
88 195 -0.417604227250319
88 198 -0.5890402169065619
88 201 -1.3045998011821878
88 204 0.5813508611944367
88 206 0.23632019631221293
88 209 1.257637791900062
88 176 -0.7294668165397421
88 179 0.19872196285809604
89 90 -0.4257035398647049
89 218 -1.3259039929274308
89 221 -0.6864432941648092
89 224 -0.0427904482909017
89 227 0.5690992177385613
89 231 2.283155207161413
89 234 0.7279829447828879
89 237 -0.8935244283085982
89 240 -1.5295435917795777
89 242 -0.7597464181443332
89 245 -0.798446287373794
89 212 0.4868367280372803
89 215 1.4408115184419448
90 254 -0.36842136254177665
90 257 -0.3380118326812101
90 260 2.3045014439423896
90 263 0.5126532097555122
90 267 0.6004818714484675
90 270 -0.8542904520382396
90 273 -1.247396545716803
90 276 0.2393375524124342
90 278 -0.03266585266004565
90 281 -1.1581714590246859
90 248 0.7640133656958508
90 251 -0.9140208031172231
91 92 -1.4352961213390483
91 94 -0.22301870345152766
91 183 -0.714804890678258
91 186 1.2704992380486995
91 189 0.010200223943520369
91 192 -0.3891673623570945
91 195 1.0791071603735456
91 198 -0.52885547581402
91 201 0.44579421981213546
91 204 0.8198151812894718
91 206 -0.2175768700394745
91 209 0.2061863440791576
91 176 0.6579506136102794
91 179 0.4937765811189847
92 93 -1.2190407189732346
92 95 0.5045497656367285
92 219 1.8007549600668253
92 222 -0.3734447233580313
92 225 1.5277650219770254
92 228 -0.44379779359345933
92 231 1.5867313358968413
92 234 1.0256423696345882
92 237 1.3920497321219223
92 240 0.4042934159670296
92 242 -0.14770698796166887
92 245 0.6968704704549971
92 212 -0.25691655113213463
92 215 1.8172095753726714
93 96 -0.309107864744127
93 255 0.40874049808789287
93 258 -1.4989863391422722
93 261 -0.7545115773590563
93 264 -1.5140352117800595
93 267 0.5409980471529643
93 270 0.2806794064818374
93 273 0.5651331342766738
93 276 1.3367543364434493
93 278 1.2726571708023602
93 281 -0.4702784422840367
93 248 0.31301250128269914
93 251 -0.6914802215838982
94 95 -1.0522793492946994
94 183 -0.08640003463789983
94 186 -0.9458184318343018
94 189 3.9749713670423876
94 192 0.6381884652957118
94 195 0.9248629124504529
94 198 0.5887361729808952
94 201 0.0032324473885557434
94 204 -0.9411666503163225
94 206 -2.1682357243801684
94 209 -0.8776266261642103
94 176 0.4345256275081406
94 179 -0.4397007643656367
95 96 0.7304113112038929
95 219 0.5985115167343005
95 222 0.24566262414195092
95 225 0.9696059852340652
95 228 -0.14947209606295178
95 231 0.31979973491891
95 234 1.3971006234190118
95 237 -0.7771997482623205
95 240 1.0954193893453241
95 242 1.4194198310832697
95 245 -0.15870315462127757
95 212 -0.6273629612776239
95 215 -0.12503656431392407
96 255 0.6786422935440084
96 258 -0.46399037773112783
96 261 -0.02821622194669405
96 264 0.5114670545002461
96 267 -0.5636689805720181
96 270 0.1981814108334561
96 273 0.32876367123352573
96 276 -0.17898299925562502
96 278 1.3603110882776213
96 281 1.0710593145864657
96 248 -0.006010816366875588
96 251 -0.8032456786382305
97 98 -1.054502267314668
97 100 -0.7065058160366932
97 183 1.180674855765471
97 186 0.7251704332044406
97 189 0.7964411884610569
97 192 -0.6383676354425976
97 195 -1.4661125576681362
97 198 1.5740107894329294
97 165 0.12639436422330444
97 168 0.738698713539215
97 170 0.29967146859741167
97 173 0.9511750752298916
97 176 -1.9100390078740022
97 179 -1.8056844450611713
98 99 -1.6012656195392638
98 101 -0.12785589561929242
98 219 2.2292140046561935
98 222 -0.2547785152550049
98 225 -0.31520712139745183
98 228 -0.08042820185162099
98 231 -0.6321453541242192
98 234 0.46477433461936074
98 201 -1.5358624503846607
98 204 -0.5498184938685957
98 206 -1.166187891904736
98 209 0.2186354102029598
98 212 -2.1750106986689426
98 215 -1.5347400364920833
99 102 -0.9639202826775328
99 255 -1.6342443677498273
99 258 -0.5089183948523213
99 261 0.8518158148225907
99 264 1.491249107974981
99 267 1.80094625360627
99 270 -0.9860017326618411
99 237 -0.13559286497561335
99 240 -1.107072455279865
99 242 0.22696765059097385
99 245 0.8025041108212795
99 248 0.38933597363356404
99 251 0.6109454835870223
100 101 1.1117545450005342
100 183 -0.5411696888488678
100 186 1.0499923384085144
100 189 0.9889171562495579
100 192 0.671586770178154
100 195 0.714873769061854
100 198 -1.0302011579222734
100 165 -1.0608850954747135
100 168 0.9239774504565265
100 170 1.23497147033795
100 173 0.7430315234133155
100 176 -0.5171561010749453
100 179 0.9571121809641379
101 102 0.2741531332358011
101 219 -1.115979784576105
101 222 1.927653015820266
101 225 -1.3439046426871109
101 228 1.0887933060550061
101 231 -0.7801886186964343
101 234 0.3182163378893885
101 201 -1.217377276066922
101 204 -1.1220579293029125
101 206 0.4389530048821963
101 209 0.5206359748746021
101 212 -0.6931397040426661
101 215 -0.9383334671830845
102 255 0.31355562310705215
102 258 -1.1420280032561527
102 261 0.33857360360322464
102 264 2.105256560175006
102 267 1.2497748243702815
102 270 -0.8147334085794453
102 237 0.03845599849361805
102 240 0.2399208591095448
102 242 -1.054404884477512
102 245 -0.38788828692188754
102 248 2.0096919738968944
102 251 -1.23617736681259
103 104 1.1319477909172246
103 106 -0.9045310262426688
103 183 -1.7064054293927704
103 186 -1.653390333348826
103 189 1.6529851822367574
103 192 -1.0934813063326427
103 195 0.27503056546555255
103 198 -0.6125367557032073
103 165 2.0574257619210914
103 168 0.9532769836491614
103 171 -0.14996130253841464
103 174 0.4566062852156223
103 177 -2.441812057332338
103 180 0.26043459067796165
104 105 1.4201632221493738
104 107 0.29567217363510845
104 219 -1.5259019020301616
104 222 -0.6727125848653673
104 225 -0.7852924075824498
104 228 0.47748224315396215
104 231 0.5074981100239015
104 234 -0.9383836340648115
104 201 0.11792448590343774
104 204 0.05906539331104254
104 207 -1.9959168839112917
104 210 -1.2536787826339846
104 213 -1.1488341361587326
104 216 0.08631746096175569
105 108 0.4548067806903569
105 255 -1.0201956807328167
105 258 -0.28550957273826644
105 261 -0.6299326800651252
105 264 -0.8389192256699796
105 267 0.3455592350372906
105 270 1.7663570130486248
105 237 0.032063459995907886
105 240 0.2123411678925878
105 243 0.022582749753487424
105 246 0.2140090029727136
105 249 -1.7087708452284407
105 252 0.21918172856446194
106 107 -1.747247878969251
106 183 0.7587860069922678
106 186 -0.5749816229389557
106 189 -1.3147366583770328
106 192 0.28807269855415124
106 195 1.2090746461002522
106 198 -1.4928813384995132
106 165 1.301264575874244
106 168 -0.18367764868955458
106 171 1.6297803095929453
106 174 1.5405919025665706
106 177 1.0629700681946106
106 180 -0.33195679712441595
107 108 0.9965002183174831
107 219 -1.9886810259845304
107 222 -0.5744802099384254
107 225 0.14890319788496204
107 228 2.3063605705622123
107 231 -1.2561709628387359
107 234 2.1317288868361386
107 201 0.9894964828306212
107 204 -0.7630149911156804
107 207 0.4031777869194397
107 210 -0.7037976190215353
107 213 -0.7650586276406829
107 216 -1.0533130161447137
108 255 -0.9528662837419847
108 258 -0.8189141209421411
108 261 0.07014176984114523
108 264 1.3779165501567316
108 267 -0.09930881841232446
108 270 0.7478288234185049
108 237 0.5837458243576576
108 240 -0.003089994238297857
108 243 0.20579648187939154
108 246 0.06368930119922457
108 249 -0.4863229624485981
108 252 0.27808069974568034
109 110 -1.6162816334974504
109 112 -0.8139163157447208
109 183 0.779982221480135
109 186 0.006249101049410942
109 153 1.0505324958428488
109 156 -0.5561812231238136
109 159 0.7812655364192468
109 162 0.880185777992771
109 165 0.0045050830640804085
109 168 -0.9431699185159835
109 171 0.4550532719314227
109 174 -1.5537383871570618
109 177 -0.2813210742358472
109 180 -1.0613230884986664
110 111 1.006670849684164
110 113 0.5266481308353074
110 219 0.46389325325752345
110 222 0.05825362269990467
110 189 -0.2220352936098449
110 192 -0.48928731696907396
110 195 1.848649920260649
110 198 1.0588470659590579
110 201 0.483242235608552
110 204 1.403686415213814
110 207 0.8894758928892503
110 210 -0.8588129349779731
110 213 -1.02647185424077
110 216 0.2447062865559975
111 114 -1.2097782908589612
111 255 -1.0773562096863156
111 258 1.7773048704549212
111 225 -0.6678923683924831
111 228 0.04069543201442863
111 231 -0.5994224388333156
111 234 -0.3992144516280123
111 237 1.2616875266984153
111 240 0.4823332331515642
111 243 -1.0198600061188363
111 246 -1.6746445029860313
111 249 0.3310280366184798
111 252 1.0311375999802868
112 113 -1.6911151855312703
112 183 0.5414409972993621
112 186 -0.4572628288365584
112 153 -0.304644338651547
112 156 0.25707091003840493
112 159 0.7122085678801262
112 162 0.24976944949757726
112 165 2.6590600375604647
112 168 1.7092418904080242
112 171 -1.456213159536388
112 174 0.4849132444384741
112 177 0.13236918429302522
112 180 -0.9508863207294759
113 114 -0.4704220173046626
113 219 1.1406089352499813
113 222 -1.331880731426101
113 189 -0.22245551735252356
113 192 1.4178946329052182
113 195 -0.9691511304274951
113 198 1.573218330548014
113 201 -0.576786239809586
113 204 0.24517288095204223
113 207 -0.5837133811014437
113 210 0.7710988103235212
113 213 0.9039168426019037
113 216 0.6974918207979739
114 255 -0.30569522047152126
114 258 0.30616117921501934
114 225 -1.191694907519068
114 228 -1.4258900751367232
114 231 -0.832286640462781
114 234 0.7593904541074282
114 237 0.09681957750309524
114 240 -0.3436432160437315
114 243 0.39748937340409735
114 246 -0.21200356537137197
114 249 0.27628683088330835
114 252 1.33695898815458
115 116 -0.07153364382775611
115 118 -0.9207867478838496
115 183 0.21128797484291634
115 186 -0.5430778533017768
115 153 1.9789874143224575
115 156 1.2515363086762499
115 171 -2.126499108667583
115 174 1.672443516714161
115 177 0.9367663856305062
115 180 -1.1823731533267179
116 117 -0.015646223542114687
116 119 1.099834848009198
116 219 -1.1226117781159886
116 222 0.2664036544444819
116 189 0.6928637904651623
116 192 0.05238034744347167
116 207 -2.087617292328256
116 210 -1.7135207875041636
116 213 0.1779943525810853
116 216 -0.5442428718968018
117 120 0.20691147495147655
117 255 -0.40446467406161424
117 258 -0.3728501882541999
117 225 0.6288953017517837
117 228 -1.2179098169346478
117 243 -1.5014444325414387
117 246 1.2623175636770538
117 249 0.31802502852819076
117 252 1.3225689649068004
118 119 -0.3262873771199798
118 183 1.7448920192951902
118 186 0.5873127509525115
118 153 1.6281780413115743
118 156 0.41057178900309055
118 171 -0.58067637267387
118 174 0.17517599829230288
118 177 1.0431867393257528
118 180 0.9277788390187344
119 120 -0.8227176811145372
119 219 -1.4623158355661476
119 222 0.9600821959947986
119 189 -0.09541277218569504
119 192 1.2012243569214642
119 207 -2.542735343880292
119 210 0.08073481132717092
119 213 -1.0040930004892563
119 216 -0.18266047483698541
120 255 0.24016085371110082
120 258 -0.059857308279651265
120 225 0.9907833825456894
120 228 -1.4583223306425734
120 243 0.014410363055005817
120 246 -1.3479070327444194
120 249 -0.044587795363147956
120 252 -1.5044692240710078
121 122 -1.5292203455609084
121 124 0.48053366885982857
121 183 -0.5064960080377163
121 186 -0.861864944846272
121 189 3.007433602836775
121 192 3.34090875639941
121 207 1.0995583323954745
121 210 1.141381082484438
121 177 1.3257346815921243
121 180 -1.1428595582907013
122 123 -0.6986999822291335
122 125 0.8306773810946099
122 219 1.415765691470654
122 222 2.2431731487187396
122 225 -0.10716977110185281
122 228 -0.31025590323661084
122 243 -1.4577259666739693
122 246 1.048811703045447
122 213 -0.24959526772002025
122 216 1.4306727894911773
123 126 -0.5492200191206302
123 255 0.5289549890740538
123 258 -1.0127191629396526
123 261 0.8347373935350622
123 264 -1.0273069949453164
123 279 -0.34928980244453495
123 282 0.7612321838988861
123 249 0.261580597595545
123 252 0.8934047853376016
124 125 1.5797329061210306
124 183 -0.40922986368205605
124 186 0.5067823848009385
124 189 -0.268842632862093
124 192 0.10196628069959295
124 207 0.37696466397518186
124 210 -0.6889670505274481
124 177 0.7850401562465489
124 180 -2.2206625928545267
125 126 0.1412263891889081
125 219 0.8357242155789464
125 222 -1.1963780102716524
125 225 -0.0778523569013907
125 228 -0.5288116500063927
125 243 -0.7307389109765509
125 246 0.6080786957418239
125 213 -0.48505855332219544
125 216 0.5517656652124545
126 255 -0.2322123171225201
126 258 0.8950194305317634
126 261 0.35149085611461606
126 264 -0.31353651787704595
126 279 1.1843703396878442
126 282 0.4256202483581422
126 249 1.035387119361434
126 252 -0.9823533688325873
127 128 -0.15179887182372573
127 130 0.28079236915564304
127 207 1.137704991249363
127 210 -0.029872873058898804
127 177 0.08695982885343022
127 180 0.1321522180294765
128 129 0.6369447841939333
128 131 -0.8682422919942285
128 243 -2.3139684852499074
128 246 -1.0681714260444362
128 213 0.23089580384516992
128 216 -0.5752630010459754
129 132 0.6475540400289176
129 279 0.26668884642488727
129 282 -0.4692389976782921
129 249 0.607457714853543
129 252 -1.7310586464477364
130 131 1.5366318654367142
130 207 1.516547138337097
130 210 -1.6153893191114221
130 177 -0.5461644865658312
130 180 -0.3234888979020573
131 132 0.16731398800587066
131 243 1.0264887036202963
131 246 1.8572650302048426
131 213 -0.4949804682137319
131 216 1.095157598429537
132 279 0.25650906085447084
132 282 0.7285109196791101
132 249 0.15320869203954765
132 252 0.17369304274871358
133 134 -0.3657637341133447
133 136 0.847287625339364
133 171 -1.065234637397146
133 174 0.5854899904901821
133 177 0.07467334879704784
133 180 0.06807112103373099
134 135 -0.8640057389036726
134 137 -1.048541068152519
134 207 -0.8607777186611273
134 210 -1.1050518610293354
134 213 -1.2347205338789404
134 216 0.5566227677048681
135 138 0.9607146183619096
135 243 0.19971128189682835
135 246 -1.5814393602490044
135 249 0.1381541934623535
135 252 1.2589041030878179
136 137 -0.7423669810899787
136 171 0.2867350039490545
136 174 -0.5384181096998906
136 177 -1.0751169832760608
136 180 -0.7311757832432886
137 138 -0.3653063562685105
137 207 0.6336670249821449
137 210 1.4624113088098385
137 213 0.7993197029119453
137 216 -0.4913201001255779
138 243 -0.021220984638542998
138 246 -1.4985899668253617
138 249 -0.042628745376918055
138 252 0.33057185742083234
139 140 0.046611888276060116
139 142 0.7742451785103547
140 141 0.0936598191613661
140 143 -0.2521909690230427
141 144 0.5529599927237112
142 143 0.46435647761124865
143 144 0.29786621109172284
145 146 -0.6149434916919511
145 148 1.760024729396747
146 147 0.08251096980826626
146 149 -0.7035831251032757
147 150 -1.5765293379419696
148 149 -1.279593320998747
149 150 -0.08693354387671495
151 152 -0.701818949424121
151 154 0.5370223607644716
152 153 -0.32875045632655536
152 155 -1.3360936024386545
153 156 -0.6865978960066335
154 155 1.3590133430999867
155 156 0.8430635327167546
157 158 0.8816184523943476
157 160 0.5149693925979917
158 159 1.0638962033368475
158 161 1.134647843497366
159 162 0.15718584583662237
160 161 0.8896739125412363
161 162 0.40797360885217476
163 164 1.1917026285714956
163 166 -1.6101524955378554
164 165 -0.15335567464036928
164 167 1.7651842791841814
165 168 -0.3073768436895661
166 167 0.31118775733844756
167 168 -1.995623427341211
169 170 1.5421497693133255
169 172 0.21386375797945922
170 171 2.43603236253607
170 173 0.5304678797416906
171 174 -0.010512080933210623
172 173 -1.8540650524636306
173 174 -0.4840947956219601
175 176 2.567776395514977
175 178 -0.09200602360797121
176 177 -0.550366801182147
176 179 0.007072155133025729
177 180 0.500696257910112
178 179 -0.6374962615177404
179 180 0.3277383923837369
181 182 1.3084456904628217
181 184 0.11900191604334548
182 183 -0.9567965533280247
182 185 0.08275729012064327
183 186 0.3664200006396878
184 185 -0.1974073107503084
185 186 -1.4582953874351599
187 188 -0.04623086202145379
187 190 -0.01743825980852425
188 189 -0.2023541939338063
188 191 -0.5100278249021755
189 192 0.9241309016831893
190 191 -0.3209545305900108
191 192 0.0368649528669461
193 194 -0.011190792385377067
193 196 0.8220070529035245
194 195 0.8692263389163021
194 197 -0.5815469164031578
195 198 0.27866267827485125
196 197 -1.5457537310737248
197 198 -0.23283194847124955
199 200 -1.3787847375533397
199 202 -0.40862553749855995
200 201 -1.5444876538754049
200 203 -0.7644067893320118
201 204 0.09683423831026074
202 203 1.961395181727911
203 204 0.23570183259499827
205 206 0.5245475849725033
205 208 0.14142203685402868
206 207 -0.7113860889551198
206 209 -1.0518363094251248
207 210 -0.3000103985207783
208 209 0.38683761055742744
209 210 -0.16198699417178763
211 212 0.6853434010120473
211 214 1.3714744392861709
212 213 -1.8257881708600099
212 215 0.0226479864025416
213 216 0.49565519824116294
214 215 -1.5770878160361688
215 216 0.8329230381417143
217 218 -0.4747818913947182
217 220 -0.1653173590939594
218 219 0.31171078963294063
218 221 0.5323380102469256
219 222 0.6016483734728256
220 221 -0.23613351645065334
221 222 1.0803086445842376
223 224 -0.137466306710429
223 226 1.318436139740574
224 225 1.408494374453651
224 227 0.5659034717382415
225 228 -1.0092598378744622
226 227 0.38045515511556655
227 228 -1.164933327697773
229 230 -0.3193826840508121
229 232 -0.3397913795241703
230 231 0.38588306757035706
230 233 1.2698583088554032
231 234 0.0868985423968902
232 233 1.704910999883796
233 234 0.06256344272641282
235 236 0.050907153201339546
235 238 -0.1032265008970881
236 237 -0.012582030372364822
236 239 1.4652760169136043
237 240 0.6138129403571881
238 239 -1.2884377699246718
239 240 0.7576211905620427
241 242 0.2267752879671655
241 244 -0.22098735176198414
242 243 -0.6323861198559328
242 245 0.4275564461480096
243 246 -1.603291007521279
244 245 0.7829202057422694
245 246 0.6249397534907511
247 248 0.8473759964509525
247 250 -0.15467161419988798
248 249 -1.5120659928856872
248 251 0.21901697586270377
249 252 2.433832056141467
250 251 0.7150120263838583
251 252 -0.7195369210690271
253 254 0.04095463103176863
253 256 -0.8674880186916978
254 255 -0.053762584074902975
254 257 0.6696800050052103
255 258 -1.8650861946055879
256 257 0.06778978414184708
257 258 -0.5032233816253984
259 260 -1.6199217239088104
259 262 1.8454027051012716
260 261 1.3125620557404367
260 263 0.9755551554481727
261 264 -0.06433859975686704
262 263 -0.3932862501280547
263 264 0.1487856208098349
265 266 -1.8527543226893943
265 268 -0.6108501315797387
266 267 -0.30515951423605964
266 269 -0.5222822448895349
267 270 -1.5772753379398934
268 269 1.639372474511871
269 270 -0.3880411367349821
271 272 -0.0798781630201465
271 274 1.3384177340787042
272 273 0.7172695236161188
272 275 0.590389768245138
273 276 0.48065002659075523
274 275 0.5371242086238306
275 276 -1.3271689237695226
277 278 1.1636038062843055
277 280 1.28384321281411
278 279 -0.32014685532862747
278 281 0.21642699507278643
279 282 -0.7223972088145175
280 281 -0.8778226942049273
281 282 -0.9128863141906532
283 284 -0.938679934365199
283 286 -0.28390412904399176
284 285 0.4659583015607195
284 287 1.104852735460407
285 288 0.32452357161628137
286 287 -0.3003424172181295
287 288 -0.2801217609162617
