# 
1 1 0.2279516453384254
2 2 -0.17075634101589443
3 3 0.4827334195687061
4 4 -1.3023462967563555
5 5 2.0854850370872837
6 6 -0.14409650916951106
7 7 -1.046053432868925
8 8 0.9761792070785952
9 9 1.520255358080478
10 10 -1.1420039252354
11 11 -0.7701613816497824
12 12 1.2412702071136836
13 13 -0.6370430286251902
14 14 -0.6166890230290006
15 15 0.29218160654437936
16 16 -1.603458869649927
17 17 -0.6280495530693586
18 18 -0.45621913790280255
19 19 0.35388859666817735
20 20 0.12868181820020536
21 21 -0.2239344009981607
22 22 -1.1381700801483035
23 23 -0.4299348429872709
24 24 -0.8917545563691925
25 25 -1.043984175289324
26 26 -1.2312234373502193
27 27 0.4974940000658912
28 28 1.2468959073237433
29 29 0.879082350538292
30 30 -0.5008207414148134
31 31 0.6306265522986025
32 32 -0.425331616495917
33 33 -0.5617790671574844
34 34 0.2621988818358006
35 35 0.3543663982404665
36 36 -1.9558739952848738
37 37 0.23459300487677395
38 38 -0.3623453401600286
39 39 1.3035575506065105
40 40 -0.4437594584225775
41 41 1.1815230186875587
42 42 -0.2172265519581914
43 43 -1.2021463949200326
44 44 -0.4842495399501587
45 45 0.5215823706776688
46 46 0.9485216435657678
47 47 0.8469669741304807
48 48 0.906211572967833
49 49 0.2969198946598408
50 50 -0.09961755768253056
51 51 0.5714059959239917
52 52 0.018984309822292218
53 53 -2.3844269585042346
54 54 -1.0341895892709756
55 55 0.06944253929363045
56 56 -1.360035753040676
57 57 -0.6309296686520198
58 58 0.11636418492744967
59 59 -0.3916560197338617
60 60 -0.5945586026166777
61 61 1.7578688417718975
62 62 0.48720855570396315
63 63 -1.923441402302852
64 64 0.7102618093558494
65 65 0.43852678642381665
66 66 0.3817974483832246
67 67 -0.6842870485779865
68 68 -1.4844110210124333
69 69 0.5532185693831858
70 70 -0.2409093979507288
71 71 1.7517196417291014
72 72 -1.9723888570309853
73 73 -0.7672304035141075
74 74 -1.2574953733792618
75 75 0.489620478319761
76 76 1.0284083327896671
77 77 -0.1232309102111642
78 78 -0.03674103634484317
79 79 0.6700349792132527
80 80 -0.8897248022422771
81 81 -0.4626349750411182
82 82 0.3926440661779668
83 83 0.32719163313783367
84 84 -2.2160177337156255
85 85 0.7502244503176102
86 86 -0.5181790152365272
87 87 0.3686355172380697
88 88 -0.05740940971250055
89 89 -1.673752238461396
90 90 -0.5032272165925442
91 91 0.0746580581705705
92 92 1.9851307750556475
93 93 1.445395167120144
94 94 -2.161921474834979
95 95 1.533034270369628
96 96 0.8838582285735972
97 97 -0.2685119482482755
98 98 -1.5532798743180007
99 99 1.0369411119700707
100 100 -0.991059082557468
101 101 1.3974012360200923
102 102 0.5565898504553322
103 103 -0.9626929861405947
104 104 0.31482591714477043
105 105 -0.28078899029513377
106 106 -0.601515870079354
107 107 0.6048891158338184
108 108 -0.2716301446683804
109 109 -1.3231772453606636
110 110 -0.5483273325575762
111 111 1.3110396530977884
112 112 0.9184579490067807
113 113 -1.0544612791586738
114 114 0.4730928621610818
115 115 -1.5579473412166667
116 116 -0.06498148466438877
117 117 -0.3908082363014551
118 118 2.170899619228382
119 119 -1.2338954943580855
120 120 1.55130203210809
121 121 -0.1706240398322756
122 122 1.2072995254575012
123 123 0.7025277600292372
124 124 0.6375443786098177
125 125 -1.4310973468969537
126 126 -0.5292089100117289
127 127 -0.9165619115079465
128 128 1.6416940042647343
129 129 0.3045520330064047
130 130 -0.08853785296890766
131 131 -0.07125615341030304
132 132 -0.8304652714518745
133 133 -0.1380841531303888
134 134 0.34801172990685825
135 135 0.6027531847613694
136 136 -1.0954376916989779
137 137 -1.8173293527715402
138 138 0.007516640466421202
139 139 0.7526584003775296
140 140 0.1974740537728469
141 141 0.21177953583068582
142 142 1.1852397125602294
143 143 -0.11854300927322427
144 144 -1.0299512661832326
145 145 -0.8545733270962743
146 146 0.8118337413140839
147 147 -0.955100240859682
148 148 -0.301746028767423
149 149 -0.6741483014934517
150 150 0.9737783870695929
151 151 1.0275229841617701
152 152 -0.5201690190351529
153 153 0.031837958217030705
154 154 -0.9078970024735771
155 155 1.1217537725899314
156 156 -0.5691632649526857
157 157 0.5258799291654018
158 158 -0.8841143750019902
159 159 0.43272949356172397
160 160 -1.0341586269328038
161 161 -1.0211215572495103
162 162 1.752581528874423
163 163 -1.1489502059665402
164 164 -0.8689420646122362
165 165 -0.5441857969264903
166 166 0.8272692651125239
167 167 0.20396023181759315
168 168 1.5605472448354
169 169 -1.268718705927046
170 170 -0.6343196922903123
171 171 0.1410587666045143
172 172 -2.032825964372549
173 173 0.7035278475978003
174 174 0.9588798900625638
175 175 0.8537329257063122
176 176 -2.115871304431873
177 177 -0.33443112913685225
178 178 0.2438141672033922
179 179 -1.5349848257861853
180 180 0.69348712196807
181 181 0.02062214281167049
182 182 0.346339683434826
183 183 1.7785754316426925
184 184 -0.7226234080863381
185 185 -0.514818230022234
186 186 -0.37050143767947746
187 187 0.6507232110102392
188 188 0.7271500242786497
189 189 0.3805308076747645
190 190 1.3150673227774943
191 191 -0.9061488733973829
192 192 0.8748813003103973
193 193 0.6732506341992681
194 194 -0.3169301522136033
195 195 -0.1821288734027666
196 196 -2.028079753445551
197 197 1.4517944818843826
198 198 1.0138736618732593
199 199 0.6960211528070034
200 200 1.0387982517368204
201 201 -0.7539678555445439
202 202 -0.4602832218459707
203 203 -0.7198343697058828
204 204 0.2693508436898885
205 205 -0.10443905143146884
206 206 -0.6179016740732207
207 207 0.7002510639015103
208 208 0.14683979952723547
209 209 -0.8003236512604824
210 210 0.46067193122092626
211 211 0.4414188570179356
212 212 0.012128347560854003
213 213 -0.25154792481501714
214 214 -0.8328249135531149
215 215 0.20799037512835164
216 216 1.115272616318738
217 217 -1.090393205417699
218 218 0.5918431481619212
219 219 0.7522387217442453
220 220 0.5650593225847204
221 221 0.010439261786777213
222 222 2.729002755475661
223 223 1.4162216870801172
224 224 0.1852226419841395
225 225 -0.8975376610813641
226 226 -2.7505498397735866
227 227 -0.38225967030456276
228 228 -0.5852299625655897
229 229 1.079576174596129
230 230 0.6710239571201955
231 231 0.20122648299721008
232 232 0.5585461419618241
233 233 -1.4462237372871882
234 234 2.1371852410490755
235 235 1.5919058140707019
236 236 1.0996781766782688
237 237 -0.3890633878406179
238 238 -0.06958068644438502
239 239 0.05590336970302099
240 240 -0.46041761277640314
241 241 -0.6963575141442305
242 242 1.448904943017885
243 243 -1.4651073175655733
244 244 0.4635062361508532
245 245 -0.4746018374748636
246 246 0.3585315852870775
247 247 0.42690061536066276
248 248 -1.5166345573998352
249 249 0.24757243079072216
250 250 -1.6124255353995682
251 251 0.5112890580315719
252 252 -0.3897996737369992
253 253 -0.1357801668427157
254 254 1.000554444974727
255 255 -0.9271537420033751
256 256 -0.17696178565813958
257 257 -0.4441891633994193
258 258 1.8090327595747
259 259 -0.8048136043264491
260 260 0.05253668165604021
261 261 -0.08808564724297627
262 262 0.7277341120261676
263 263 -0.5691844008233544
264 264 -2.2576510531106
265 265 -0.6889431620716255
266 266 1.0704505390985481
267 267 0.24436518398922394
268 268 -1.2749370127060973
269 269 1.7000629853476363
270 270 -0.6495715878893362
271 271 0.14959816852041413
272 272 -1.097979003201105
273 273 -0.8550513131091978
274 274 -0.5680049998728077
275 275 0.38638136905227854
276 276 -0.5153820054011271
277 277 -0.12241035759136208
278 278 -1.0913327087808522
279 279 -0.38442655265173914
280 280 -1.9673737914327523
281 281 1.2022275481493636
282 282 -2.6733990466115505
283 283 -0.5971413962914481
284 284 -1.3209269079685309
285 285 -0.6564832151389803
286 286 0.972135454124223
287 287 -2.0359062695194243
288 288 0.2397065448398606
1 2 0.5812717180779545
1 4 1.4583764080539487
2 3 -1.2673037822527997
2 5 0.45165430218468794
3 6 0.20318135292938982
4 5 0.3075092161529747
5 6 0.1100354750050565
7 8 1.2595401675645956
7 10 0.4900907603129018
7 157 -1.3395460985613314
7 160 -1.265961448934619
7 163 -1.0187528056504498
7 166 -0.2160764873360322
8 9 -0.6078714949669892
8 11 0.7181810904999403
8 193 0.6163126810070836
8 196 -0.694418200986146
8 199 -1.0703686488794926
8 202 -0.8282808154716491
9 12 -1.2921175855732585
9 229 1.6693242506714525
9 232 0.46524089126834306
9 235 0.021420882850519702
9 238 2.5034578253585265
10 11 0.8562483948681976
10 157 -1.2191444166938288
10 160 -0.16391222589896906
10 163 -0.03912308196814146
10 166 -1.5867015257165642
11 12 -0.7014314620037669
11 193 -0.16706994508200354
11 196 -0.8566206328433611
11 199 0.1556124316213485
11 202 0.7590492813991806
12 229 0.49876490609196245
12 232 1.887492541630182
12 235 -0.9521246401594605
12 238 -1.637031160235778
13 14 0.38566304019920133
13 16 0.1706441083137562
13 193 0.1116901893048153
13 196 -1.9889886327293296
13 199 1.1884227857297107
13 202 2.1749726745559728
14 15 -0.34202049418162594
14 17 1.9973381979742957
14 229 -0.6323346801072489
14 232 0.02989496827026769
14 235 -0.6513539351163167
14 238 1.978822599645139
15 18 1.6046525727666296
15 265 0.6848187335512639
15 268 -1.326369711605767
15 271 1.4000301852388946
15 274 1.0868359721711995
16 17 0.842808558944621
16 193 1.6649513543891847
16 196 -0.2844663163619742
16 199 -0.7008453865452473
16 202 1.1329775318515725
17 18 0.8261724848077803
17 229 -0.6037903606883064
17 232 -0.9318662824177263
17 235 0.35228544295633535
17 238 0.3718014572084519
18 265 -0.6883635334568289
18 268 0.4693251196077026
18 271 1.7667336756001886
18 274 -0.7794702929525934
19 20 0.89924043755391
19 22 -0.4491949294547302
19 181 0.42239884025500773
19 184 -0.9221990481963679
19 187 -1.4755429483812246
19 190 2.0986090182189603
19 193 0.29619085468075645
19 196 -0.31897646255714823
19 199 -1.8068890646058218
19 202 0.41615520711177345
20 21 -1.4776095291739797
20 23 -0.7825677094469344
20 217 0.7524940736891735
20 220 -3.6703561399901425
20 223 -0.6060737052010484
20 226 -0.04374134550183371
20 229 -0.33093016142347487
20 232 -1.7918173873906442
20 235 1.6697797052309862
20 238 -0.2638502167587605
21 24 -0.11234330896738812
21 253 -0.17428630245325846
21 256 0.06897288542941922
21 259 -1.3846575195800992
21 262 0.2622621669011068
21 265 0.9805445968176971
21 268 0.5781472855354757
21 271 2.9829389774588764
21 274 -1.3836859145048546
22 23 -1.818761611982465
22 181 -1.5063234266867014
22 184 -0.26651563839833015
22 187 1.9709322645453515
22 190 -0.4624870494402715
22 193 1.4274575559914926
22 196 0.06834387078328788
22 199 -0.6526156320236445
22 202 -1.0026056732851862
23 24 -1.1805225540915347
23 217 0.0550917309510231
23 220 -1.3434420945082421
23 223 -0.3122259380289744
23 226 -0.7200767339336178
23 229 0.1742260350975045
23 232 -0.8728752066279105
23 235 -1.2211679606189947
23 238 -0.5910927982444628
24 253 1.2640937673819228
24 256 -0.12858245648025757
24 259 0.7255438275417927
24 262 -0.06551508681624352
24 265 -0.13692194323258372
24 268 -0.20655927282533987
24 271 -0.7318238946779936
24 274 0.0782826751652521
25 26 -0.6996918846733537
25 28 -0.9183103944706501
25 181 0.9338415260404824
25 184 0.8054780418350885
25 187 -0.9068636543812209
25 190 2.3016898952646265
25 193 -1.4712063815737424
25 196 -1.7993056342102862
25 163 0.2198667824250268
25 166 0.6467039131510696
26 27 -0.44725334092890107
26 29 -0.5162485376906198
26 217 0.619031791547691
26 220 -1.9326742646226576
26 223 1.7416410206011503
26 226 1.477526335185541
26 229 -2.3903450809668234
26 232 -0.8103974431971055
26 199 0.44218919196022266
26 202 1.2478017898970861
27 30 1.1066890040737225
27 253 -1.679964807258617
27 256 -1.2222010889248862
27 259 0.15335633558431405
27 262 0.782039424440782
27 265 0.4047527704180499
27 268 0.38684734070087845
27 235 1.2873783746200955
27 238 0.7327460431803703
28 29 -1.718809176509792
28 181 -2.4717250750175164
28 184 -0.7597121808944736
28 187 -0.6409642705738534
28 190 0.22022861135377397
28 193 -0.1759904085487461
28 196 -2.11427287472372
28 163 3.3187126205826547
28 166 -0.09458243222856348
29 30 -2.025332481447893
29 217 -0.05373043092826188
29 220 -1.1739832383580313
29 223 -2.184284154985118
29 226 0.4240547592952288
29 229 1.704688880912341
29 232 0.19783656857342127
29 199 -1.563716713142474
29 202 -1.91834639173017
30 253 -0.04624164707293848
30 256 0.8641347493219387
30 259 1.5884863613137583
30 262 1.2647775938907408
30 265 0.451154461216904
30 268 0.1228052874116379
30 235 -0.8928447730666872
30 238 0.04963334272047877
31 32 0.4992331514988838
31 34 -2.043144747625872
31 181 0.030850343970295433
31 184 -0.2176894734956376
31 187 -0.2954332159120772
31 190 -0.9074758606464619
31 193 -0.7960839058085916
31 196 1.9352948991573455
31 163 -0.17994384698759555
31 166 -1.4059802582266494
31 169 -1.3722688274930455
31 172 0.16942293919045529
31 175 0.31325867354854436
31 178 0.4987483518119503
32 33 1.3971590536897271
32 35 0.7938396404942539
32 217 0.3893587739674778
32 220 0.9636383834988297
32 223 0.4855846721827974
32 226 -1.2789572436421726
32 229 -1.3853837699832294
32 232 0.016658260486005053
32 199 -1.3422493530458546
32 202 1.1753085304406528
32 205 -1.8297223374641365
32 208 -1.0258074089983402
32 211 -0.5012205752620016
32 214 -0.027567708406997897
33 36 2.6947934901146744
33 253 0.03572028749518117
33 256 -1.4213309248474806
33 259 1.1948691926668449
33 262 0.04427786179835045
33 265 -1.0122158754924915
33 268 2.4171425771578927
33 235 1.3174326742707572
33 238 -2.5188207790936596
33 241 0.8123390524477803
33 244 0.920673971300699
33 247 0.41912416564871524
33 250 -0.8220742910997054
34 35 -0.02893439779932218
34 181 -0.9869644891118221
34 184 0.3716196489636571
34 187 -0.05277056919030081
34 190 -0.15329000295190645
34 193 -0.07580541306408964
34 196 -0.26169450922168247
34 163 -1.1971272512931355
34 166 0.9481332733497385
34 169 0.7526900957825028
34 172 0.45673540358500253
34 175 0.6865790890849404
34 178 -0.710854804197357
35 36 -0.2854374493913158
35 217 -1.3919787203669762
35 220 -0.29860052332602366
35 223 0.9405157296486752
35 226 0.8393378390219508
35 229 -1.1637427374874956
35 232 -1.3745996485268592
35 199 0.23580838564643025
35 202 -0.1466902159923272
35 205 -0.06996102612842325
35 208 -0.3036861812209971
35 211 0.32305939764913255
35 214 -1.1807482608647848
36 253 0.31471746382885385
36 256 -0.17080119388282358
36 259 0.8386386572681895
36 262 1.7628856547145653
36 265 -1.2732171029598687
36 268 2.2076720725530543
36 235 -1.9995265610214767
36 238 0.06246605439702873
36 241 0.5217397859841697
36 244 0.324750914644375
36 247 -1.5998763531782567
36 250 0.8477154409531753
37 38 -0.268510003192813
37 40 -0.8474181635334623
37 181 0.3878142238372245
37 184 -0.5467162697678438
37 151 0.11862648058381424
37 154 -1.6834214642005274
37 157 0.8024179266529425
37 160 0.22599928008850656
37 163 -0.46608611776117664
37 166 1.5769973864688673
37 169 0.5361592396752205
37 172 -0.5218385216697252
37 175 0.5502623993031868
37 178 1.0334446801564614
38 39 -1.557332453397807
38 41 -0.2566729553825745
38 217 -0.23277036008833135
38 220 0.444723194507418
38 187 -0.3596651811987206
38 190 -0.26006276574632303
38 193 -0.8103321968488316
38 196 0.8758281871951761
38 199 0.7877354497437823
38 202 0.1720365405686998
38 205 -1.989407475863664
38 208 0.6906001158671798
38 211 0.510815793888049
38 214 0.2293269050143921
39 42 0.882003692623453
39 253 0.19603045652785367
39 256 1.6413491816492476
39 223 -1.071279639438759
39 226 -0.2799830307501901
39 229 -0.3802748862357777
39 232 -0.11701797398656548
39 235 -0.25729965998315774
39 238 0.36805215052250195
39 241 -2.605792914559875
39 244 -1.0829414602510723
39 247 0.19486883544389752
39 250 1.098068235112671
40 41 0.2696493391727663
40 181 0.9025613771321123
40 184 1.5550536470528964
40 151 1.0041424711030975
40 154 0.6683969549211992
40 157 -0.12431086867778839
40 160 0.2680944859492203
40 163 -0.12296059110757109
40 166 1.3024396403707754
40 169 -0.5261516309994715
40 172 0.5568555279351077
40 175 -1.975431426777727
40 178 1.2910672206599434
41 42 1.6157833587240116
41 217 1.0592927738000748
41 220 -0.7200048235586284
41 187 0.6422534983496968
41 190 0.018799719116689692
41 193 0.5686393744449256
41 196 0.1578417349499754
41 199 -1.2339680828256359
41 202 0.1698026651195969
41 205 -0.6401869458555087
41 208 0.2351065671688696
41 211 0.7938901244802149
41 214 0.3428663442935947
42 253 -0.04708076151154711
42 256 -0.05439891565748268
42 223 -1.1360681219052868
42 226 -1.0592623333075988
42 229 -1.5739314971567262
42 232 0.06868473959058664
42 235 -1.1485124752175147
42 238 0.7338140956679713
42 241 0.6929927139373024
42 244 0.18941399115657787
42 247 -0.703381890540555
42 250 -0.05889250082454527
43 44 0.9613532622940171
43 46 1.3275551052087518
43 181 -0.27099024012697404
43 184 -0.5952472393322049
43 151 -0.17458538557671102
43 154 -0.3303078231315172
43 158 0.46704428424880523
43 161 1.2912122264645756
43 164 -0.4604508319545558
43 167 0.11577843028714502
43 169 1.0763702109811077
43 172 -0.49683157708723463
43 175 2.160460622897427
43 178 0.013964254714288742
44 45 -0.9927517797434177
44 47 0.16657680613806614
44 217 -0.3453724113682763
44 220 1.0582328645165975
44 187 1.8133393576842456
44 190 0.5598522143900142
44 194 0.08515512503158645
44 197 -1.1682644230035188
44 200 -1.429102624311737
44 203 -2.077668866817827
44 205 0.3246899412845163
44 208 -0.45216249348402626
44 211 -0.2030093074200292
44 214 0.9222232942892031
45 48 -1.725968672455845
45 253 -0.20808164939027515
45 256 0.5510958548836807
45 223 0.28614056151072503
45 226 0.14052563732103499
45 230 -0.07317959396630386
45 233 0.08291373461753439
45 236 -0.6241135169799341
45 239 -0.0016014156953137492
45 241 -1.7084181629000892
45 244 0.26057378669711223
45 247 -0.25010572790576796
45 250 0.07738194854967194
46 47 -1.1952302932757852
46 181 -0.442777687716305
46 184 1.3945347605733802
46 151 0.8053630771647706
46 154 2.2884510448287987
46 158 -1.7636094322104565
46 161 0.29385325219670283
46 164 1.0515310974542587
46 167 -0.31772356639835836
46 169 0.48256438311245925
46 172 -0.9086240166334104
46 175 0.7917841929377123
46 178 0.21091073512515263
47 48 1.023360114715018
47 217 1.0052543535952871
47 220 0.4037288619128374
47 187 -0.6612810433851706
47 190 0.14566724806014497
47 194 -1.3334068362420723
47 197 1.587137915305997
47 200 0.43005360542195814
47 203 -0.406469093692119
47 205 0.300708222249469
47 208 0.5195123192101281
47 211 -0.26870272982559734
47 214 -0.6419589626185993
48 253 0.06463051605409896
48 256 -0.48209373633690644
48 223 -0.33997569038991743
48 226 -0.8568168252360393
48 230 0.217581003809992
48 233 0.5138149057334606
48 236 -0.4375201443487855
48 239 -1.0160181277714233
48 241 -0.46713668770712286
48 244 0.15898656766005242
48 247 -0.05288735262318975
48 250 -0.31366785555524984
49 50 0.0979492301252741
49 52 0.9235036828193359
49 181 -0.5738649536734438
49 184 1.438161275391582
49 187 0.4887626516607683
49 190 -1.0624345514210856
49 194 0.8002438734194867
49 197 -1.2415691621406446
49 200 0.6016135687901175
49 203 -0.3768944497477274
49 205 -1.824569216043203
49 208 1.0484211874682436
49 175 -1.0345643959808677
49 178 0.059418465956349836
50 51 0.8226438169100424
50 53 -1.223985604886374
50 217 -1.6502672617344636
50 220 -0.9245289359207497
50 223 -1.2118961753378883
50 226 -1.1479930942076568
50 230 0.1701400644754852
50 233 1.1247425927385764
50 236 0.5084705364798571
50 239 -1.3129305581195008
50 241 2.285419575314611
50 244 -1.041263641072488
50 211 -0.5702124713126479
50 214 1.1925653473820579
51 54 1.131771134229408
51 253 -1.007357766480282
51 256 -0.3259065201740843
51 259 -0.6019593900939371
51 262 -0.17064751671966819
51 266 -0.16480359522032845
51 269 -0.40967063109808677
51 272 -1.0322808147630809
51 275 -0.054542224118584996
51 277 0.46916987364397916
51 280 0.8371639593178378
51 247 0.3796716311691127
51 250 2.9481521986376573
52 53 0.9331750521047999
52 181 -0.31529363165547963
52 184 0.10276001480598627
52 187 -0.7723450641680527
52 190 -1.9724638655548987
52 194 0.12145389646868825
52 197 -1.1215120054037004
52 200 -0.3719434073850471
52 203 -0.5256864401021075
52 205 -0.11008238581361293
52 208 1.1386207907176586
52 175 -0.06631792897853807
52 178 -1.7185684819739346
53 54 1.3205059253150462
53 217 -0.5138545107808374
53 220 0.8609858370719933
53 223 -0.24709272344584912
53 226 -1.9737759962217893
53 230 -1.1471441962804136
53 233 -0.018317820464702452
53 236 0.8412493790359055
53 239 0.040715197961852696
53 241 0.47624628950736986
53 244 0.19518476162839582
53 211 -0.5697377785350416
53 214 -1.1903353119166598
54 253 -0.03405230377092399
54 256 -0.5075469934346359
54 259 -2.883976099187492
54 262 -0.636144092690478
54 266 -0.5942598695955684
54 269 -0.3772572975047153
54 272 -1.8401349780442076
54 275 0.0454807950813453
54 277 -1.1611579155471299
54 280 -0.9197294338557328
54 247 -1.7522142445519218
54 250 0.7886138856459771
55 56 1.490211138298898
55 58 -0.5594451076377236
55 182 -0.11371538658171883
55 185 0.013868922509797158
55 188 0.5784698174583884
55 191 -0.1845966627778925
55 194 -0.7205984439424898
55 197 -0.018658623674259207
55 200 -1.3489117916332116
55 203 0.7672970672456247
55 205 1.1755203854512635
55 208 -0.6376972044355137
55 175 -0.7199941309013465
55 178 0.31284222620461843
56 57 -0.12790584205886704
56 59 -0.6935508440220387
56 218 0.37454190760474526
56 221 -1.5073908494593131
56 224 0.8034895915578791
56 227 1.7011640923316151
56 230 0.41887717219446297
56 233 -0.9902525768647114
56 236 -1.1981067091182394
56 239 1.727379472712924
56 241 -1.4028858716522965
56 244 0.19986846984056936
56 211 -0.9407936157118018
56 214 0.10302688725640058
57 60 0.16908630711960823
57 254 1.1412443899420182
57 257 0.39265444335512983
57 260 0.06675073636634411
57 263 -0.5663563160945372
57 266 -1.6056209108441155
57 269 0.32219369002864756
57 272 -0.6709723585848284
57 275 0.8695556071263933
57 277 -1.0896491075912362
57 280 -1.1250343412728077
57 247 0.8374363436909771
57 250 0.6229114331054846
58 59 -1.0052422457837626
58 182 -0.28741819881559244
58 185 1.659984152627148
58 188 -0.3812259709702254
58 191 0.01359573607122751
58 194 -0.8852682101206141
58 197 0.9291287245190069
58 200 0.3586811966223059
58 203 -0.0622684372119345
58 205 -1.0352539867156223
58 208 -0.5210023747436123
58 175 -0.165717377913157
58 178 0.3444965961034329
59 60 -2.0641293451501226
59 218 2.768237804420389
59 221 -0.22377909383455774
59 224 -0.46674860819960773
59 227 -1.1753917426839862
59 230 -0.08894691277473252
59 233 0.08740329818462585
59 236 -2.1177041990135814
59 239 -2.5061834024896106
59 241 0.4315955577295256
59 244 -0.4359557328553688
59 211 -0.3300492280481036
59 214 1.449553895224306
60 254 -0.759836099522565
60 257 -0.05984401231577082
60 260 -2.1792762992218404
60 263 -0.5176315897681708
60 266 -0.7913035836916903
60 269 1.412739272545056
60 272 0.9347886459785659
60 275 -0.33003588760473673
60 277 -2.060481398378745
60 280 0.7421362270374902
60 247 0.2982639706567312
60 250 0.7549635466905981
61 62 0.007828119182450102
61 64 2.1603074843071206
61 182 -0.22382271723121952
61 185 0.1219023631990962
61 188 0.4647172785144363
61 191 -1.337747474310994
61 194 0.7586595002602099
61 197 0.5834662127605997
61 164 -3.624391236016103
61 167 0.6244080573683825
61 169 0.28435011214630085
61 172 -0.047192592173261105
61 175 0.8385596234401426
61 178 -0.45510318865467436
62 63 -0.19861395607273571
62 65 0.6296187879086279
62 218 -0.3962790848511791
62 221 0.24419498661157996
62 224 2.582947446504015
62 227 -1.1935942155019468
62 230 0.5366060199986923
62 233 -0.5038939150926178
62 200 -1.5795127898229042
62 203 2.2559703657303967
62 205 0.9059267269804864
62 208 0.22656991041011104
62 211 -0.8618796726495452
62 214 -0.6776582443009416
63 66 0.2911436846184511
63 254 -0.8394401576042667
63 257 -1.0219833047662066
63 260 -0.16197936304523586
63 263 0.8658096679657145
63 266 0.47449556364912265
63 269 -1.1238341076792033
63 236 0.4654604389753697
63 239 -0.37716227126217083
63 241 0.2949139537344893
63 244 -0.7752134936534218
63 247 0.9606977851223599
63 250 0.03773729577713629
64 65 -0.22838376931072288
64 182 0.9911904777713262
64 185 -1.0922193019286432
64 188 0.6550084314479894
64 191 1.1495935138972406
64 194 -1.4701694772876925
64 197 0.38360187259412976
64 164 0.696252936809829
64 167 -0.39522230256712293
64 169 -1.5975603188853198
64 172 0.9172566211025728
64 175 0.08693462871115284
64 178 -1.1946595856404236
65 66 -0.5288430665022757
65 218 -0.8289380992461665
65 221 0.7207861801199323
65 224 -0.8674209200852927
65 227 0.13991250750415804
65 230 2.1719542241118504
65 233 -1.6531992656477887
65 200 -1.9873759268801447
65 203 -3.109172117368018
65 205 2.2966907289104497
65 208 -1.497001607098646
65 211 0.23693088005413354
65 214 -0.32270343159444886
66 254 -0.6623798065216981
66 257 0.2696107639556428
66 260 0.09084256368360456
66 263 1.2322261753443944
66 266 -0.26613658428331455
66 269 0.7923826981755158
66 236 1.7203824131386907
66 239 -0.642957320967318
66 241 1.3138662815369921
66 244 -0.712586250773368
66 247 1.4523478767497404
66 250 -0.9046220506289668
67 68 1.37384993050037
67 70 0.9606048229023677
67 182 0.5588151599744031
67 185 -1.8696520135362293
67 188 0.1895542038528753
67 191 1.2157232666946811
67 194 0.9646227919381372
67 197 -0.26288132516534357
67 164 1.539354846903323
67 167 -0.1092860935569203
67 170 -0.22959303441550002
67 173 -1.1836509227019936
67 176 -0.21128168403490202
67 179 -0.27336263778037995
68 69 0.5380731908057828
68 71 0.1770145420579533
68 218 -0.2600835650800217
68 221 1.3428073283646098
68 224 0.4511507820160455
68 227 -0.5624280752865788
68 230 -0.1848413955149649
68 233 -2.925445398913142
68 200 -0.4716737735751758
68 203 0.32883244148739993
68 206 -0.19473758033346575
68 209 -1.1871513329287267
68 212 2.671027698080473
68 215 0.3990413343870882
69 72 -0.7200098284051449
69 254 -0.025843946340969814
69 257 1.0084385912679437
69 260 -0.15570592295575594
69 263 -0.746795007014433
69 266 -0.04830230374995759
69 269 0.26489922747438105
69 236 -1.672115836295367
69 239 -1.4277382516772583
69 242 0.953347554421153
69 245 0.06079055523353462
69 248 -0.45318133744146993
69 251 1.7162024885655833
70 71 0.9187991404025098
70 182 -2.121450707532733
70 185 -1.6155505966312835
70 188 -1.228200735426354
70 191 -1.2357179161224492
70 194 0.4530632997012263
70 197 1.2697891370464605
70 164 0.8612492398048328
70 167 0.6254783042236993
70 170 -1.6405966380870953
70 173 0.9905883680786615
70 176 -0.5456691164761064
70 179 1.609471797099625
71 72 1.5274305596535505
71 218 0.6441600758788478
71 221 0.7036442980445168
71 224 0.21956318434691768
71 227 0.2881428520217612
71 230 -0.23111970577122434
71 233 -1.2111960884663515
71 200 -0.9830717219369299
71 203 2.4943834522727695
71 206 0.7014952567876445
71 209 -0.20380861528820518
71 212 -1.7247607830860607
71 215 0.30449739528261804
72 254 0.1708567213393813
72 257 -0.8036486984701913
72 260 -0.9449212979524895
72 263 0.4312448098003579
72 266 1.4680081219870984
72 269 0.04926341918625576
72 236 -0.2738007099401816
72 239 -2.1660631417499157
72 242 0.2011336644960988
72 245 0.617700882104112
72 248 -0.008357025694486025
72 251 -0.1789496752619949
73 74 0.3551992398081701
73 76 -2.3199604597603027
73 182 -1.7789936446899248
73 185 -0.14967026166095007
73 152 -2.3672402908178465
73 155 0.374940156898353
73 158 -0.5848706474644892
73 161 0.15818813863385883
73 164 -0.25119381775738614
73 167 -2.002028383792321
73 170 -0.22142890397884557
73 173 -2.0114388233358502
73 176 0.8372275703353274
73 179 -0.32785133025080576
74 75 1.0619777588681953
74 77 -0.20485453293853711
74 218 -1.7861813236726196
74 221 1.134937094032773
74 188 0.2088848513474014
74 191 -0.8519480168788414
74 194 -0.39319912913002636
74 197 -0.36874617890094324
74 200 -0.8910479497162437
74 203 0.3078814589090233
74 206 -1.390028001118205
74 209 0.7086857410012576
74 212 0.13262074658001746
74 215 -1.3831426001382068
75 78 0.6670623952704405
75 254 0.9839129651350529
75 257 0.37473730730484484
75 224 -0.153090240907322
75 227 -0.31938608593654166
75 230 -1.922701562045797
75 233 -0.7076623503596424
75 236 -0.6431453658759126
75 239 -0.27161492485190897
75 242 -0.9826832838663667
75 245 -0.08916687871355679
75 248 -0.9762337532059021
75 251 1.4494605687661934
76 77 -0.07459454299279444
76 182 -0.457740763645655
76 185 0.39443040291243947
76 152 -0.41274600084552965
76 155 2.671767237454035
76 158 1.555584512694324
76 161 1.0098862157797983
76 164 0.5344484838046617
76 167 0.17642244437395954
76 170 -0.6455547118701463
76 173 0.3665403283698228
76 176 -0.6918971643514474
76 179 0.5292543391903819
77 78 -1.0493119715406136
77 218 0.1631315270219083
77 221 -0.9278311479848756
77 188 -0.6152813521334295
77 191 -1.8485645645610624
77 194 0.9643617931488156
77 197 -1.0138659927107658
77 200 -0.023218764076782056
77 203 1.4112792229977464
77 206 -1.6586256966795487
77 209 -0.22996506577180795
77 212 0.34421600174793726
77 215 -0.18110482105419096
78 254 0.2994081689455718
78 257 -0.840083923051474
78 224 -1.1772797962284174
78 227 -0.3625234563318337
78 230 -0.4554228179306938
78 233 -1.045739232200648
78 236 -0.8747036309616255
78 239 -0.08501767097530792
78 242 0.11147512569848865
78 245 1.519498251841273
78 248 -0.5603641765576328
78 251 -1.2547838133391793
79 80 0.37910132433963767
79 82 -1.6650141341206874
79 182 -1.1899235057905142
79 185 0.7165222319773525
79 152 0.28176342229484885
79 155 -0.24210758530410512
79 159 -0.8384741809115961
79 162 3.015415758073168
79 165 -0.1541392557079167
79 168 -0.19315730982565563
79 170 0.19672414355434462
79 173 -1.0915285774825347
79 176 0.07022077807200183
79 179 1.1074984570310795
80 81 0.33047466809411125
80 83 0.0065473730913416465
80 218 0.16564852259469895
80 221 0.33034258893907936
80 188 0.19073818283744717
80 191 0.7842049596801923
80 195 -3.0757567943065443
80 198 -0.4099629217144904
80 201 -1.406963374570447
80 204 1.180715263653057
80 206 0.2194430296035301
80 209 -0.05414702603831216
80 212 0.5405571039049549
80 215 -1.6678082563178274
81 84 -0.9521642562904649
81 254 2.0404880602206887
81 257 0.5114258205255356
81 224 -0.6791616591312802
81 227 -0.40195941774239985
81 231 -0.2341987561048553
81 234 0.8082687163713341
81 237 -0.010424730883276606
81 240 -0.6871865621894732
81 242 -0.27614693653851485
81 245 -0.8585708190052215
81 248 -0.9652992731356212
81 251 -0.001591937648889256
82 83 0.3031813317735012
82 182 -0.3543285244205454
82 185 0.7941952591856438
82 152 0.5727642448361643
82 155 -0.5642594944810814
82 159 -0.08357486031313657
82 162 1.0096025353325981
82 165 -0.7162195397210221
82 168 0.3212212193657981
82 170 0.6479609908485529
82 173 -1.3186937672666312
82 176 0.15563985607488035
82 179 0.3365362254682038
83 84 0.18773474242514585
83 218 1.022840656263272
83 221 1.5872745815028804
83 188 0.1100968486816481
83 191 -1.3514007404614863
83 195 1.9134423616053182
83 198 0.5088985964576762
83 201 -1.8145044001666915
83 204 1.8633494683073637
83 206 1.319090833458528
83 209 -1.3637395729561286
83 212 0.9177570465095155
83 215 -1.3335254998444377
84 254 -2.102046402868962
84 257 0.2579280918227088
84 224 0.132597361899784
84 227 -0.03461093496689972
84 231 -1.108794109079212
84 234 -0.20585399593047551
84 237 0.8300887088253923
84 240 -0.5618544364090073
84 242 0.5459856797951341
84 245 0.7085987957229187
84 248 0.9651740268828127
84 251 0.497873884725423
85 86 -0.39455869570778196
85 88 1.8484249176377114
85 182 -0.8129681169632165
85 185 0.6161891940664604
85 188 0.872233096907038
85 191 -0.018956223073570165
85 195 -0.6351491832894711
85 198 -0.7169197067954278
85 201 -0.7233445355377768
85 204 -1.0807492530098084
85 206 -2.4484675509845633
85 209 -1.5524041949887883
85 176 1.6695929308208484
85 179 -1.481489856926686
86 87 1.5133996538599888
86 89 -0.9656903211085933
86 218 -0.9455730867261402
86 221 -0.5745512104012205
86 224 -0.5649611689465478
86 227 1.6991086123771568
86 231 -2.078791469580544
86 234 0.16918283326114625
86 237 0.3101684816640986
86 240 -0.098325792774965
86 242 -0.30952119357538055
86 245 0.7881129046227281
86 212 0.2928722331036094
86 215 -0.6245372040120963
87 90 0.6526466899902673
87 254 -2.4012123901387863
87 257 2.6680668307358695
87 260 0.40206479609255086
87 263 2.6306915066374295
87 267 -1.561454721141256
87 270 -0.3673261577370514
87 273 -0.7654524874985648
87 276 0.13281868297000138
87 278 -1.6970326547672705
87 281 1.0898958291001652
87 248 1.297349859005489
87 251 1.130993997036726
88 89 1.0796191480130226
88 182 -0.5355903153165996
88 185 0.4031307565681422
88 188 0.9803124965637862
88 191 0.9784743494227524
88 195 1.3421119757871045
88 198 0.1667942567590615
88 201 1.044244559351965
88 204 0.62299032489092
88 206 0.27532526463167434
88 209 0.4705375728774878
88 176 2.3978639489879763
88 179 1.7708980189912098
89 90 0.07790753161470765
89 218 -0.32584969769793204
89 221 1.4014071008099536
89 224 -1.1327380092053994
89 227 -0.779867669631929
89 231 0.8488698116350807
89 234 1.9641805724431698
89 237 -0.20355006319382413
89 240 0.6334760333828343
89 242 -0.913352123921752
89 245 -0.522561063132942
89 212 -0.5813869080282188
89 215 -0.9636966280646581
90 254 -0.5670047454911047
90 257 -0.04882552671075676
90 260 -0.9390912235407755
90 263 -0.46784341858036066
90 267 -0.27254877023604823
90 270 -0.20048743430700627
90 273 2.1159192637319952
90 276 0.7441233942883202
90 278 -0.6726963090045562
90 281 -0.8155327913578923
90 248 -1.7747360654314441
90 251 2.565006264063499
91 92 -0.5103025353436784
91 94 0.674572905236126
91 183 -0.7729518314415321
91 186 -0.738158752773958
91 189 1.4676944136453522
91 192 2.8607545250073025
91 195 -0.6167030972623553
91 198 -0.662714322011951
91 201 0.7160039080866852
91 204 -0.6322784582370822
91 206 0.1607095691089678
91 209 1.7146926194528023
91 176 0.8503907608878739
91 179 -1.2046572665229132
92 93 0.09470030485013099
92 95 0.16269447197240722
92 219 -0.7467385634080247
92 222 -0.61725966980504
92 225 -2.3687992443183132
92 228 -0.2698487399006181
92 231 1.486466147434195
92 234 0.2068632140539734
92 237 -0.037183733291490224
92 240 0.7796018834411118
92 242 -1.615375188726868
92 245 -1.175478746715311
92 212 1.2154315415465065
92 215 -0.6834122928046893
93 96 -1.6091933950341417
93 255 -1.7815635715882738
93 258 1.0155367134285487
93 261 2.530434734263314
93 264 -1.7400818004460807
93 267 -1.993837651931307
93 270 0.9779655668696917
93 273 1.0901844715526643
93 276 0.8001040843185213
93 278 -1.274952436613459
93 281 1.8878967803587265
93 248 0.09341585347801604
93 251 -0.41226343465242704
94 95 0.19733084197113263
94 183 1.1534775387418637
94 186 0.9662508402664207
94 189 -0.15891121181702875
94 192 -1.1860042921606107
94 195 0.009612997428686777
94 198 1.4667979913408813
94 201 -0.314034674892056
94 204 -0.5418227832451882
94 206 -0.6501299584897507
94 209 -0.47095186740123496
94 176 0.022920123086330516
94 179 -1.3405200669304167
95 96 -0.3921186194596041
95 219 -0.42964097084795067
95 222 1.705116566469194
95 225 0.5163265400259075
95 228 -1.720271348162849
95 231 -0.5003830565492938
95 234 0.850314212926167
95 237 0.840372197172427
95 240 -0.5291778277565404
95 242 -0.1021117551153972
95 245 -1.8425265624995184
95 212 2.0953204389487206
95 215 1.528828621218643
96 255 -0.10721489968566315
96 258 1.0360674394339466
96 261 0.1943458982455467
96 264 -1.817307109984976
96 267 1.3301007962703308
96 270 0.9465960127882488
96 273 0.49758839139090766
96 276 -0.18870791603852283
96 278 -0.21783738363600788
96 281 0.8049221415628888
96 248 0.6757164801040747
96 251 -0.45388467690116086
97 98 0.3093722862179482
97 100 -1.5852438228521897
97 183 -0.3235430250105275
97 186 1.3423158489085572
97 189 -0.49615610291474455
97 192 0.7179998749574079
97 195 -0.5349179711737895
97 198 -0.13132809492810293
97 165 0.490316137088698
97 168 -1.3226829909969442
97 170 1.7342874415434535
97 173 -0.1093837459205996
97 176 0.3657903904216576
97 179 0.38155990389390093
98 99 -0.11668061967796443
98 101 0.7565628561332534
98 219 1.0149546896678003
98 222 1.814749189006489
98 225 0.052767234968664097
98 228 3.306442844719963
98 231 -1.022442845197111
98 234 0.8828426541968022
98 201 -0.7284939970008184
98 204 -0.03366751458085723
98 206 -1.629729142542673
98 209 -1.2988583787760521
98 212 1.487363639622568
98 215 0.5235616041301562
99 102 -0.4408891528293785
99 255 0.6858993480788822
99 258 -0.2914767517509288
99 261 -0.30599869925070616
99 264 -0.07384046808778079
99 267 0.9775490147523618
99 270 -1.7317569709685765
99 237 -0.5855836213414523
99 240 0.883686442124968
99 242 -1.50135809320659
99 245 2.0076734646426146
99 248 -0.7049855220671315
99 251 0.9132511675194995
100 101 -0.9810886776684173
100 183 0.295711553114265
100 186 -0.6601600696355284
100 189 0.7921932787808452
100 192 -0.6562477148227595
100 195 0.8216826336645529
100 198 -1.0975642015352025
100 165 0.9523522885281099
100 168 0.919724625954591
100 170 1.051439149379358
100 173 1.3565364211986966
100 176 1.2707503940200788
100 179 -0.4655667414541377
101 102 1.2468803507314916
101 219 -0.46928597060658545
101 222 -0.1448972788468643
101 225 -0.1527128391297546
101 228 0.05937504946686062
101 231 0.29634265725283887
101 234 -0.958012255295381
101 201 0.12129645807404918
101 204 -0.18908515599023645
101 206 -1.786950360265195
101 209 0.6216527102567302
101 212 1.1231131698050103
101 215 -0.5862196025987128
102 255 -1.5371537575678276
102 258 -0.6430736163713278
102 261 0.1416418378816301
102 264 0.44882943600271896
102 267 1.0757959839384135
102 270 1.3887832243517928
102 237 0.7986385642410759
102 240 -0.1634396348073756
102 242 0.4015204786167904
102 245 0.6428660014255324
102 248 -0.7001293712870617
102 251 -2.627360983370828
103 104 0.15211483975056742
103 106 -0.3050806622321707
103 183 -0.528162158508415
103 186 -0.21958618574750582
103 189 -0.19420773460221985
103 192 -1.2498554057359927
103 195 -1.851020561068552
103 198 0.3787556653265346
103 165 -1.6075084010730618
103 168 -0.4352145182452289
103 171 1.5655457934695511
103 174 1.8252897136444315
103 177 -0.08054410223412052
103 180 -0.641779207140508
104 105 -0.4505901383116015
104 107 0.4952958215775469
104 219 -1.5785994533683432
104 222 -0.6187506885530449
104 225 -0.5283004288281681
104 228 0.8229889409591666
104 231 1.7031506237485128
104 234 -2.1483615008184267
104 201 0.6427486896786639
104 204 -0.07387620557312342
104 207 0.8539418488900961
104 210 1.3730126152314224
104 213 0.02117970278933103
104 216 -0.8528955832635717
105 108 0.4489892073226089
105 255 0.8609038903004191
105 258 -0.5978656376836463
105 261 1.1297445061186697
105 264 -1.3760749789800844
105 267 -0.5888172252508124
105 270 -2.378109138666846
105 237 -0.3964830201065736
105 240 -2.0426819633379263
105 243 0.8326662356046431
105 246 -0.6981192266575148
105 249 -1.0298399594466467
105 252 0.1841558728210345
106 107 0.6453545705655458
106 183 0.3160194334411793
106 186 -1.2725236581042871
106 189 -0.7082791013165615
106 192 -0.04029255026445879
106 195 1.3910345156362294
106 198 0.9312875649897704
106 165 -0.1318868345196152
106 168 1.753986968365606
106 171 0.1772142963645534
106 174 -1.6167672531264798
106 177 -0.11401210921440319
106 180 -0.17318430654372263
107 108 -0.4296401348478673
107 219 1.5891466120927167
107 222 0.7393290181884684
107 225 1.097522933160027
107 228 -0.5203338494740664
107 231 -0.3406103716785973
107 234 0.24462753738719178
107 201 0.5688551473022848
107 204 1.172417636034218
107 207 0.17635104371987248
107 210 -1.1632363120211051
107 213 -0.4345080271083343
107 216 -0.23839266932267492
108 255 -0.47841754387297736
108 258 0.5113063600081763
108 261 1.7264344241572567
108 264 -0.5910255421578259
108 267 -1.0349158299650947
108 270 0.8799248945397641
108 237 0.83136116443343
108 240 -0.7159235565908357
108 243 -0.5793024074317704
108 246 -1.2480100673199348
108 249 0.43595424162506646
108 252 1.2192281726909244
109 110 0.6842422305587967
109 112 0.04921429985050797
109 183 -2.232198900960962
109 186 -1.1800606664121345
109 153 -0.5050256947387214
109 156 1.1256493302652426
109 159 0.756261984735293
109 162 -0.6785497747483298
109 165 1.3033641917116678
109 168 1.5950051634983373
109 171 -1.3541579379860882
109 174 -0.5171663117771073
109 177 1.32618270721374
109 180 1.9498554629659581
110 111 0.3283101220360426
110 113 -0.5316282536071185
110 219 -0.6291389066175112
110 222 -0.6684405767873434
110 189 -0.1344096788798319
110 192 -1.3071006350324101
110 195 -0.30967535249255124
110 198 -1.5323840294302344
110 201 -0.3820736443958893
110 204 -0.19817525182392975
110 207 -2.0142095312900468
110 210 -0.9053058497660896
110 213 -3.003616019368837
110 216 -0.4036127873490314
111 114 -0.011598097518216194
111 255 -0.3366365555508991
111 258 -0.6354819379135941
111 225 0.022488337755671838
111 228 1.0748409551543123
111 231 0.38590237936215116
111 234 -0.03459811722862683
111 237 -0.41503705464593155
111 240 -0.5621219262750473
111 243 1.4700460471368417
111 246 -1.628772932035912
111 249 -0.5402280536150268
111 252 0.160499552601419
112 113 0.11822793915611542
112 183 -1.638051812631313
112 186 0.9470494445535959
112 153 0.22857287568526286
112 156 -1.4316186725205569
112 159 0.25076611842158253
112 162 0.23426449534375543
112 165 -0.04498787377536281
112 168 -0.9667284036565913
112 171 -0.7943968365190434
112 174 -1.839998768042665
112 177 -0.13950101136252868
112 180 0.4529118609687011
113 114 -1.0583061936737184
113 219 -2.1495304103689628
113 222 -1.196697266171468
113 189 1.3833033536293335
113 192 0.6886943232078266
113 195 1.4188766860596933
113 198 -0.5572494543433872
113 201 0.7479893074878571
113 204 -1.1741483253129923
113 207 -0.5447103507849896
113 210 0.20034083756291796
113 213 0.689409179883207
113 216 0.13133238896892327
114 255 -1.4163474030411174
114 258 -0.7693655988556101
114 225 -0.7853807359406957
114 228 0.44555341728990405
114 231 -0.18022195207430192
114 234 -0.9346738109156647
114 237 -0.6909418330049429
114 240 0.30090957949957065
114 243 1.0792744816175905
114 246 1.0377730437236632
114 249 -1.6447978129968126
114 252 0.5014197090292186
115 116 0.2667348384472025
115 118 0.5708150534564075
115 183 -0.2528854120366738
115 186 0.46130573156346455
115 153 -1.4655496916885196
115 156 0.47671459116348897
115 171 -0.8550673985374871
115 174 -2.110275533746664
115 177 0.22992841901813912
115 180 0.44597908763022726
116 117 0.6054867064645023
116 119 0.3290510759929868
116 219 1.861619585957725
116 222 0.6917406573074408
116 189 -2.4140059507683524
116 192 -0.3814578231752784
116 207 1.5396330829333744
116 210 2.2799687191141027
116 213 -0.27656539010951514
116 216 -0.7270380458124495
117 120 -0.8563472574491102
117 255 0.801000012368148
117 258 0.6360301821961417
117 225 0.29031920038540626
117 228 -0.17732362507472624
117 243 0.30516600254986953
117 246 0.1457798524436798
117 249 -0.9439172491201324
117 252 0.46861461351882816
118 119 -0.4830689438774829
118 183 0.39826863887045166
118 186 -0.07469338306764985
118 153 1.3652720206857893
118 156 -1.8295508407069816
118 171 1.6034887091188141
118 174 0.5237353059081752
118 177 0.734203441372563
118 180 -0.4566712676251504
119 120 -0.2644640967535051
119 219 0.9662425750152264
119 222 1.2405405075168425
119 189 0.08896843769215285
119 192 1.6963708264237425
119 207 1.1289256193999555
119 210 0.33387610530433864
119 213 1.677608067719421
119 216 0.5555977974992797
120 255 -1.8627059541770925
120 258 -0.8916255111378808
120 225 -1.471849300714509
120 228 -0.22506809989879478
120 243 0.3766019112540141
120 246 0.841530670183608
120 249 -2.5433232728587463
120 252 0.2259553353808578
121 122 -1.5354201824124165
121 124 -0.09821500021023903
121 183 -1.4360017119095083
121 186 0.7285243623011644
121 189 0.17850520613085996
121 192 0.7589011834440831
121 207 0.021932504491521357
121 210 0.36674645274084233
121 177 -0.8665670470117534
121 180 -0.09880207579146695
122 123 -1.0886293732052787
122 125 -0.3674639422586121
122 219 0.2803557784465649
122 222 -0.07319147745342372
122 225 1.261746279123344
122 228 0.8998101266121044
122 243 1.599152008205736
122 246 0.2508780440025793
122 213 -0.7281423352402586
122 216 -0.7781619543886754
123 126 -0.3043192250484275
123 255 -1.3093586905336692
123 258 0.4156200980927722
123 261 0.6063525010059967
123 264 2.0496752047082927
123 279 -0.40074738058683007
123 282 0.6693795143526081
123 249 0.0562257279606594
123 252 -0.9360888189098765
124 125 0.3931768045650486
124 183 -1.8308246091382485
124 186 0.7981282985725482
124 189 0.024871537069540244
124 192 -0.4163875869536586
124 207 -0.3389623344348623
124 210 0.2705184399725504
124 177 -0.1500220910716791
124 180 0.4687957875717842
125 126 0.5884442823232711
125 219 -0.9468753939113113
125 222 0.4776195436193969
125 225 0.400650998368681
125 228 0.28642644859447186
125 243 0.042726541889169675
125 246 -0.38817518660611305
125 213 -1.1723510378368163
125 216 0.5361529114780179
126 255 0.02705132418130699
126 258 0.08108599633959324
126 261 0.1739962791359379
126 264 2.229629225621997
126 279 0.13160672173045365
126 282 1.395417881791119
126 249 -0.8919201929107909
126 252 -0.09437419339084635
127 128 0.46829530473057224
127 130 1.1394856091674295
127 207 -0.6493157852833966
127 210 -0.8437414140889459
127 177 -0.06265150498926096
127 180 0.7759169922692343
128 129 2.2693068256270537
128 131 -0.7398314414367831
128 243 -0.954517474345157
128 246 0.4519144145391287
128 213 -1.0349870693817782
128 216 1.5800190089974033
129 132 -0.6588382713804491
129 279 0.34749775933864596
129 282 0.43580554822932677
129 249 -0.22755039144156095
129 252 1.1687907102751698
130 131 1.1380101525467539
130 207 -0.7324159020198769
130 210 0.01923832325047055
130 177 1.8123692551287138
130 180 -1.031232712057944
131 132 1.273706682480724
131 243 -0.42228572439953677
131 246 -1.3456935913601287
131 213 0.020156006198183363
131 216 -0.7711482424083735
132 279 -0.25182763598638813
132 282 -1.4556797679708187
132 249 -0.07524975884854766
132 252 -1.9267590836197694
133 134 0.8630354346325004
133 136 -0.02734853407951949
133 171 -0.42139623736864373
133 174 -0.5107223380459843
133 177 -1.9884002335253321
133 180 1.5476510799118954
134 135 -1.5447477596499608
134 137 0.9967121477204157
134 207 -2.3941267782099707
134 210 -0.6157855019424985
134 213 1.784121791605373
134 216 0.27452480647809285
135 138 0.06606358670034553
135 243 -0.25632027474831137
135 246 -0.0795782313286713
135 249 0.7460496741201977
135 252 -0.3333735138975371
136 137 -0.895531723003216
136 171 -1.4295968700170036
136 174 -0.5294097634740568
136 177 -0.6951555348222597
136 180 -0.03400772272741781
137 138 0.29779187205196683
137 207 0.51563817623677
137 210 0.7294358623813089
137 213 0.37518979252331797
137 216 0.27506858458743116
138 243 0.46426027176623225
138 246 -0.170952462312223
138 249 -1.280320270573571
138 252 1.5023367894586916
139 140 -2.186651819557223
139 142 -0.15260444968355333
140 141 -1.662126626654767
140 143 -0.44177359036089286
141 144 1.1225043571681785
142 143 1.2662552634158788
143 144 0.3555454271826743
145 146 0.0753543519560938
145 148 -2.135458208222301
146 147 0.03309591689493404
146 149 0.5451955693910134
147 150 0.47405642727641434
148 149 1.1242389097278167
149 150 -1.325149076402587
151 152 0.6032391432533872
151 154 -0.10840872733005949
152 153 -0.048242582721097764
152 155 0.4126656041643817
153 156 0.12292368875228263
154 155 -0.12176697083141196
155 156 -0.28390477494686517
157 158 -0.5803661325370945
157 160 0.3959851125880606
158 159 -0.9479776518364104
158 161 -1.9020730727590636
159 162 -0.4145860152709112
160 161 0.013239467366723878
161 162 -1.2550474370466689
163 164 0.755861537284977
163 166 0.02751083625463889
164 165 -1.992677457985611
164 167 1.4875475487111838
165 168 -0.28721538551425707
166 167 0.04221701719940808
167 168 0.11635250333100543
169 170 -0.6046150335297977
169 172 0.9520209196430874
170 171 -0.6254490430395296
170 173 0.2697373671393477
171 174 -0.9024855764193214
172 173 0.1100050030495858
173 174 -0.435903518128412
175 176 0.1344638020701334
175 178 -2.4056864205150696
176 177 -0.5267969734630775
176 179 1.117999885619704
177 180 -0.2824518871672089
178 179 1.9761529953231523
179 180 -0.5917404019597207
181 182 -0.3601031879277754
181 184 -0.15612220101009128
182 183 1.5858159476560258
182 185 -0.7590898742290855
183 186 -0.8831867253387562
184 185 0.8864543546180345
185 186 0.2882818265711049
187 188 -0.5915227506529402
187 190 0.17606206973133542
188 189 -0.20393151619283698
188 191 1.238900565019508
189 192 -0.779241883911549
190 191 -0.9260379748739693
191 192 0.46666157200605696
193 194 -0.8106887347731416
193 196 -0.6409997591367468
194 195 0.8078841365911729
194 197 1.070305913361274
195 198 -1.2154613951859918
196 197 -0.472585564323001
197 198 -1.1466128405386826
199 200 0.16957237777607248
199 202 -0.3710611571916188
200 201 -1.0052155611383737
200 203 -0.01778690606462682
201 204 -1.0689224589033182
202 203 1.4747200456300738
203 204 0.4190062568372867
205 206 0.40759290237621076
205 208 -1.290775659189058
206 207 -1.1690549103234693
206 209 -0.22052825905690696
207 210 0.8523931902757556
208 209 -0.9067225733940307
209 210 0.45051777324640563
211 212 0.13339020616784666
211 214 0.442598837545814
212 213 0.7288410952541339
212 215 1.2765795245992584
213 216 -0.9376291204038809
214 215 2.019867008253177
215 216 0.7012669309460854
217 218 0.3104392241958615
217 220 -0.004494785145452442
218 219 -1.8393523993697967
218 221 0.023064341033272696
219 222 2.2690833434639868
220 221 0.9914360851024051
221 222 0.8134631288561521
223 224 -0.4421396925279441
223 226 -1.2700474352277629
224 225 0.11337448082059744
224 227 -0.4877394491796074
225 228 0.3938257815778231
226 227 -0.7466700172113127
227 228 0.4463157452178226
229 230 2.3092326163636527
229 232 -0.18973493754483678
230 231 -0.10285142295230369
230 233 -0.5850826895234185
231 234 -0.17190190496307553
232 233 -1.305792741687714
233 234 -0.9392419576951114
235 236 0.0906362388329458
235 238 0.8611087047745531
236 237 0.6521980255956709
236 239 1.6251965854589905
237 240 -0.9879792175535403
238 239 0.45362227065296123
239 240 0.5239415720029136
241 242 -0.44979146824458144
241 244 1.0750395904699641
242 243 0.5578721079636053
242 245 -0.3063797358161791
243 246 0.06756469247022316
244 245 0.9433339348019953
245 246 -0.04808196651868014
247 248 0.11048357132702577
247 250 0.7662711985639332
248 249 -0.20238276488467513
248 251 -0.08595001751823074
249 252 -0.21078460026643633
250 251 0.8857078503887904
251 252 -0.7878764815662008
253 254 0.36833778633341485
253 256 -0.21400380732652752
254 255 0.41433508140332076
254 257 0.019160812851883913
255 258 1.0049666294748092
256 257 0.06888774262508184
257 258 -2.510759008074997
259 260 -2.5533586464909654
259 262 -1.2869365873059493
260 261 0.7572764906625944
260 263 -2.058389161796573
261 264 -1.789374531272046
262 263 1.4412983237949921
263 264 -0.035843508190473994
265 266 -1.2659406331021041
265 268 0.876805948232191
266 267 0.589440811438529
266 269 -0.8846255079661781
267 270 0.9667929187686126
268 269 -2.1059984061420884
269 270 -1.235141297226572
271 272 -0.7527134692224486
271 274 -0.7668464333409597
272 273 -2.63093154472745
272 275 0.025312283246059577
273 276 -0.09525374608221127
274 275 -1.5621731706181734
275 276 -0.5601873006241063
277 278 0.5824427332113831
277 280 -1.124310835496297
278 279 1.1644874179236648
278 281 0.8412380868643813
279 282 1.2316366135295493
280 281 1.5269933953460855
281 282 0.5672412980322326
283 284 1.8866168118063553
283 286 1.173570260736672
284 285 -0.5806441029207391
284 287 1.0998251088818922
285 288 -0.3772498732148284
286 287 0.890433029990325
287 288 0.34826560181864574
