# 
1 1 -0.5463047658811396
2 2 1.2028941665469677
3 3 -1.3845546830700879
4 4 0.4973946476182926
5 5 -1.319876337026122
6 6 0.4358096246263892
7 7 1.7186895600752286
8 8 -1.410190733266192
9 9 -1.2033841327137622
10 10 0.13080735209230265
11 11 0.34280023039514457
12 12 -1.6180269309756594
13 13 -0.3527551056602192
14 14 0.27817511180032434
15 15 -1.3134169920123564
16 16 0.5743844011843812
17 17 -1.7238762576618178
18 18 -0.7807214307650765
19 19 2.0288473803852733
20 20 -0.8833065384787309
21 21 0.38354398244896704
22 22 0.9770240345908172
23 23 0.17022811906949756
24 24 0.6094967326425826
25 25 -1.0910311962626813
26 26 -0.44899235246170877
27 27 -0.005183030106582109
28 28 0.17336530003228384
29 29 0.12283203613333372
30 30 1.1669903431812803
31 31 -0.0222072068479639
32 32 0.7463151862797919
33 33 0.07394894116299222
34 34 1.9591145710632443
35 35 -0.9765368118039695
36 36 0.16419433365267322
37 37 -2.0683238075628916
38 38 1.1673959850263598
39 39 0.10497990762448416
40 40 -0.5787853485894007
41 41 1.0213989912195176
42 42 -1.1120310546560348
43 43 -0.4933842602589962
44 44 0.5949024518044295
45 45 -0.2332695834190709
46 46 -0.5237660088014062
47 47 0.5670871558007352
48 48 -1.3891097346201389
49 49 1.3084904466838259
50 50 -0.3538348403674121
51 51 0.42792199305237977
52 52 0.11854233535619661
53 53 -0.5938742221021027
54 54 0.20629068520370947
55 55 -0.7093981955683941
56 56 0.25274025120066873
57 57 0.12281806475544815
58 58 -0.8910414260561415
59 59 0.14992394856658994
60 60 0.5286760389241921
61 61 -0.5069140968003065
62 62 1.1099367199983532
63 63 1.352243903320808
64 64 0.4761135217185458
65 65 0.2709003678792184
66 66 0.14701532276692103
67 67 0.05813287879845183
68 68 -1.3276846452754032
69 69 -0.17675699978710008
70 70 0.2990277713031872
71 71 -0.21174272242811074
72 72 -1.507871327731728
73 73 0.5651527298557946
74 74 0.5987017050229314
75 75 0.6951863993976098
76 76 -0.7402643305918492
77 77 -0.8979700712735899
78 78 0.7369011936885146
79 79 2.036764530757761
80 80 1.2987321235949876
81 81 -1.1043873537311262
82 82 0.538575253693889
83 83 -0.07696950873456557
84 84 0.19825017620287888
85 85 -0.19306514518823611
86 86 0.9181728466006522
87 87 1.828227449703545
88 88 -2.2170722418630353
89 89 -0.8393485416843423
90 90 -0.9271499971188357
91 91 -2.111503586192901
92 92 0.5655662387102545
93 93 0.5758068977787404
94 94 0.15655791533204697
95 95 0.5309343330519382
96 96 -0.6689775579429857
97 97 0.06493671322702232
98 98 -1.2454778743983401
99 99 1.4643337830332361
100 100 0.09855662113270179
101 101 -0.32814474454633674
102 102 -0.08934254220863777
103 103 0.15560150788470017
104 104 -0.771954720115291
105 105 0.19580970619558818
106 106 -0.18236269785082246
107 107 0.5120797906629864
108 108 0.4731310762523943
109 109 -0.9056999784206298
110 110 -1.766305710398045
111 111 0.9545007993150434
112 112 0.5897056478141852
113 113 0.27950302714071
114 114 -0.38737576910345817
115 115 -0.08243929892870026
116 116 -1.6563504539336502
117 117 -1.753086932183854
118 118 -0.16423240682617288
119 119 -0.7555277234519013
120 120 -1.648434328262314
121 121 0.7598460102210564
122 122 -0.7599694798336923
123 123 -1.5807506306758141
124 124 -0.7863095780123319
125 125 0.788519663328246
126 126 -1.8876040426063636
127 127 -1.9609015250570327
128 128 -1.0029454527305812
129 129 0.6314697460676517
130 130 -0.2664662671890116
131 131 -1.6580478375036523
132 132 -0.12209167558357037
133 133 -0.5059442292121468
134 134 -0.2778669949361449
135 135 0.7229631953440899
136 136 0.1098595538716161
137 137 -0.12943712286937137
138 138 -1.830776523005326
139 139 -1.2703634994098116
140 140 -0.9189958892511813
141 141 1.094071268036578
142 142 -1.6037207303833034
143 143 -1.4423203852891875
144 144 1.970609497393989
145 145 0.3001434011489007
146 146 -0.6304910740561555
147 147 -0.777505438836411
148 148 -0.3997933088754016
149 149 -1.3069218856661486
150 150 1.5008994982439494
151 151 1.2287898268558959
152 152 -0.678624515043995
153 153 -0.3866462234018493
154 154 0.15534715718786143
155 155 -0.8551528461925111
156 156 0.47019684767679026
157 157 0.6523631415505935
158 158 -1.1871764314612987
159 159 -0.944641689799592
160 160 -1.529958027863364
161 161 0.11915253767415981
162 162 -1.963771865490215
163 163 -0.5355822841493131
164 164 -0.4035319615032251
165 165 -1.2965031086653076
166 166 0.34821194855771936
167 167 0.10072160978683671
168 168 1.1277573163354708
169 169 -0.8274118494129715
170 170 -0.2652509027913366
171 171 1.0542835372157044
172 172 1.568081273575995
173 173 -0.10103411983327792
174 174 0.20706517281312553
175 175 -0.20950184562542165
176 176 1.279283188629152
177 177 0.6749911160914275
178 178 0.6280339620423694
179 179 1.5519586371586023
180 180 0.637356090999423
181 181 0.07002876181554073
182 182 -1.073213146303652
183 183 -0.38115831552004276
184 184 -1.0084456625887794
185 185 -0.4868828081146962
186 186 2.6398994983011237
187 187 -1.059638088586047
188 188 -0.2834461904488309
189 189 -0.4361803720767061
190 190 -0.7284967954117959
191 191 0.6335298098277801
192 192 -1.3468080842232732
193 193 0.3064268664489682
194 194 -0.6389365350103856
195 195 -0.15247991931081728
196 196 -0.42278909345128934
197 197 -0.253222990193773
198 198 0.8072123325992921
199 199 -1.7358180306689703
200 200 1.5476659226133225
201 201 0.16688631521438327
202 202 0.4579992895569552
203 203 2.1332860771019635
204 204 0.27879202211413606
205 205 0.30343411397245595
206 206 -0.9187573882080903
207 207 -0.9491116557227935
208 208 -0.9858750475968677
209 209 -0.12392247207673657
210 210 -0.2705847749705463
211 211 1.3618097044937956
212 212 -0.8009777103949071
213 213 -1.5399148049602722
214 214 0.6498369774266924
215 215 -0.9188480665673006
216 216 -0.7462076161060642
217 217 1.9217166853110037
218 218 0.5326812895842827
219 219 -0.6111496358911784
220 220 1.1791207135117738
221 221 0.8465662590228056
222 222 0.680141099415064
223 223 0.9105326797247748
224 224 0.4193076929848935
225 225 0.5026010084513173
226 226 -1.3011162761843746
227 227 -1.0511867235963266
228 228 -0.10143896337035625
229 229 0.4848519451519183
230 230 -0.12807352433450545
231 231 1.3432108132174243
232 232 -0.7934024915513769
233 233 -1.6488444253513121
234 234 -0.9464083995580912
235 235 -1.3533085050282052
236 236 -1.2279444689522867
237 237 2.5385610924359714
238 238 1.192580415732644
239 239 0.07456018084100269
240 240 -0.3256955678240618
241 241 0.27079793485715936
242 242 -0.8367387695990669
243 243 -1.2612899393421326
244 244 -0.6133796279351986
245 245 -0.6929017166162017
246 246 -0.07825637374288348
247 247 0.5042502608913304
248 248 -0.8042173590975767
249 249 -0.7757650019832179
250 250 0.263957798169525
251 251 -1.8003631613227415
252 252 -0.08726086259983801
253 253 0.5633564856687309
254 254 0.10059906787100255
255 255 0.21938798091011769
256 256 -0.35627658982986193
257 257 -0.26607471266948735
258 258 0.5315339911605007
259 259 0.8568843475061293
260 260 1.9123839276119663
261 261 0.24967191304243563
262 262 -0.0006833466294889325
263 263 0.2782300843400374
264 264 0.2893146551223567
265 265 0.1630502651811557
266 266 -1.382268727825987
267 267 0.8196290805715628
268 268 -0.5690085082520134
269 269 1.413502413414645
270 270 -0.05656196654562044
271 271 -0.283344674240264
272 272 0.8248527179052552
273 273 0.38103779427892354
274 274 -0.7560738213180318
275 275 -0.2832688626603966
276 276 0.9130915751390956
277 277 -0.551949794728169
278 278 1.1874996914466518
279 279 -1.32982404958664
280 280 0.28110480860194187
281 281 1.626599384189361
282 282 -1.9962431747870157
283 283 1.2499342665487552
284 284 0.3081617188579936
285 285 0.9913812529185119
286 286 0.24245402294220694
287 287 1.6980509839803897
288 288 0.29758968966786886
1 2 -1.0751396655219756
1 4 0.9594010583646257
2 3 0.8725659469976156
2 5 -0.29749445666727337
3 6 -0.8072552505297672
4 5 -0.7431844444238336
5 6 1.373550915229929
7 8 0.9712928265605237
7 10 -0.26606142240033337
7 157 -1.1891061387608637
7 160 0.22051658797008608
7 163 0.6029910088627806
7 166 -0.7536785781964295
8 9 -0.10435159805406101
8 11 -0.7700122221996925
8 193 -2.063958505968675
8 196 0.6191296627693368
8 199 -0.3805206287691265
8 202 0.24614678925586103
9 12 0.1475303859736983
9 229 1.4113578391340194
9 232 -1.5270725714468767
9 235 0.6455345007217872
9 238 1.0833982495277197
10 11 0.7744064986519645
10 157 0.9914891850196956
10 160 -0.694082461212232
10 163 -1.3010273918778081
10 166 -0.31648186052186544
11 12 -0.7337156419474835
11 193 -1.3008032574981925
11 196 0.03006281395494787
11 199 0.368964947401589
11 202 0.07815762517772382
12 229 0.7448204808824525
12 232 0.6951804323662655
12 235 -1.1612884479721362
12 238 1.6781146711085029
13 14 -0.25350267007602373
13 16 0.22110614053646765
13 193 0.5625728160065634
13 196 0.39934399481949595
13 199 0.4998716719615094
13 202 0.17780507835926634
14 15 -0.6233462345706511
14 17 1.1494870351942605
14 229 0.09914578105234659
14 232 -0.27903555619510945
14 235 -1.7294999820334147
14 238 1.0724190063488626
15 18 0.39432757412094854
15 265 0.25288267034848716
15 268 -0.572493995051258
15 271 -1.1901449753386153
15 274 0.7384292644922469
16 17 0.10780894267961753
16 193 -0.020835842192370693
16 196 -1.3881757343450942
16 199 -1.6849311523256163
16 202 1.460119801600306
17 18 -1.2484385399709188
17 229 0.5434462508750235
17 232 -0.22718805878169196
17 235 -2.2142450514745255
17 238 -0.2278888103843133
18 265 -2.0608613559843043
18 268 0.5682581460471828
18 271 -0.8455286402745927
18 274 -0.5999061057320383
19 20 0.6206641607066775
19 22 0.13493131881293802
19 181 -0.534708827168602
19 184 1.0548418210180868
19 187 -0.5776441872718506
19 190 0.3459746971550547
19 193 0.5804216250731595
19 196 0.07051870318508292
19 199 -0.10411465599530612
19 202 1.601741699071018
20 21 -0.6860846052838918
20 23 0.7405489385955857
20 217 -0.02725195474252768
20 220 -0.13912367020063734
20 223 -0.5494445572619508
20 226 -0.1608744042768807
20 229 0.2677165699885407
20 232 -0.8065903834930892
20 235 -0.1232436506546622
20 238 -0.39910616463753434
21 24 -0.8188672846097654
21 253 -0.11554303480504749
21 256 0.0349273284253563
21 259 -0.9308535169398813
21 262 0.7085354773375989
21 265 0.1494984893615185
21 268 -0.17829191162905775
21 271 -0.7575211252029992
21 274 2.506039572392726
22 23 0.3936057757440124
22 181 -1.9667760563967691
22 184 -0.4635884320738786
22 187 -0.5149167794496424
22 190 -1.950823935017848
22 193 -1.4007746848028424
22 196 0.4548563639629318
22 199 -0.514454245843117
22 202 -0.11124876090448768
23 24 -0.8560484008056418
23 217 -2.005897843577055
23 220 -0.5444668318914007
23 223 -0.9514902285757801
23 226 1.0298336377463855
23 229 -0.5098649325412452
23 232 0.6125904452676356
23 235 2.4426932911695585
23 238 0.4233173712914833
24 253 1.4537425180649162
24 256 -0.8155265700016128
24 259 -0.07856848244631558
24 262 0.5059043740995686
24 265 -1.0824567207959348
24 268 0.3050847151914599
24 271 -2.642093739368433
24 274 -0.33630152094758775
25 26 1.3603079602822248
25 28 -0.39653893638119403
25 181 -1.6992261780109357
25 184 -0.26770478471398573
25 187 0.6324954739084684
25 190 -0.012806999141328462
25 193 -0.6007511016308312
25 196 -0.09116834019051522
25 163 -0.7979431812786655
25 166 1.3343393059303195
26 27 -0.010952800239524703
26 29 1.4897160326643384
26 217 1.200476246871419
26 220 -0.8762670788307133
26 223 0.47621313630246515
26 226 0.9033711225844381
26 229 -0.0983425761445954
26 232 2.3796282895798657
26 199 -0.5955192075089847
26 202 -2.4382616100491856
27 30 0.4280689874159291
27 253 0.2893151752666762
27 256 0.907064477709086
27 259 0.7296396755936728
27 262 -0.1065485856313565
27 265 0.7309393280605075
27 268 1.474830722581773
27 235 0.21839199871856
27 238 1.1645145351238921
28 29 0.3641027907780577
28 181 -0.025519647805307532
28 184 -0.941775206399274
28 187 0.25869288009019537
28 190 -1.0297472799636467
28 193 0.5615508706550819
28 196 0.3580825758381729
28 163 -0.5283503320482671
28 166 -0.5118147396019674
29 30 -2.0984727372636067
29 217 0.8796042370159429
29 220 -0.752447137813933
29 223 -0.23359344774463958
29 226 -0.6002112356199816
29 229 -0.9965358355741359
29 232 -1.4412530200177112
29 199 -0.5509683106330474
29 202 2.2458904601893277
30 253 -1.140007443528743
30 256 -1.0500412656403326
30 259 -1.2964375311447005
30 262 0.05899941603209687
30 265 0.6923405492741637
30 268 1.398642011244531
30 235 1.3387498690650232
30 238 0.9950992709610398
31 32 -2.38234190560824
31 34 1.8860482246346217
31 181 0.9169378332605181
31 184 1.384195336871114
31 187 -0.4485772377178287
31 190 -0.48219033366234404
31 193 -0.6806000094239498
31 196 1.1381662301116935
31 163 1.9000034068783718
31 166 -0.7606151644497471
31 169 0.7759382984756095
31 172 1.8972259940975615
31 175 0.14867661982607155
31 178 -0.7412633721290662
32 33 -0.06680126779976785
32 35 0.8755518263284121
32 217 1.5147985916391378
32 220 -0.2913246638846276
32 223 -0.05072066751567573
32 226 -1.2675915033690361
32 229 -0.17747863681049397
32 232 0.9706510441943128
32 199 -0.36579500568722656
32 202 -0.7658983660644503
32 205 0.4365148391329107
32 208 -1.3330327100937924
32 211 0.23966803697617772
32 214 0.029113100290404644
33 36 -0.8548293599108668
33 253 1.535141848876279
33 256 -0.46590017285663815
33 259 -2.0279172159162364
33 262 -0.30353035367421094
33 265 0.22960395264715003
33 268 0.641127970801831
33 235 -0.24243484994525236
33 238 -0.10839366165043716
33 241 -0.9263869199491461
33 244 0.46642469308516704
33 247 0.8116722089190391
33 250 3.015950576758767
34 35 0.7594723275051511
34 181 -1.1421430039661917
34 184 0.03703224966991768
34 187 -0.5639170058305285
34 190 -0.41734138765791173
34 193 -0.9405932092908142
34 196 -1.65267324699639
34 163 0.4240296187606247
34 166 0.6631642673643585
34 169 -0.128939333952052
34 172 -1.566259793593429
34 175 1.4319518214904416
34 178 0.8035504001888741
35 36 0.855829746288611
35 217 0.14370530808214046
35 220 0.4060357335937002
35 223 -0.0419997725495245
35 226 -0.42840792494292834
35 229 1.7941656393178238
35 232 0.31916262659795436
35 199 0.12015291220988707
35 202 -0.8434012460730597
35 205 0.1782468443587581
35 208 1.6663080629930738
35 211 0.1452341342752011
35 214 -0.009280652408053381
36 253 -0.5146672307295057
36 256 -0.9069513551007166
36 259 0.05302566657021933
36 262 -0.49144744774402543
36 265 0.0944077806723839
36 268 -0.765752394178129
36 235 0.14452257055758944
36 238 -0.2028643463723765
36 241 -0.687464149349242
36 244 1.3171170734058448
36 247 -0.09641013563165426
36 250 0.08247619091416095
37 38 0.7580448950425682
37 40 -0.08260153423768983
37 181 -1.7210302228039387
37 184 0.02428981495667337
37 151 -0.051589330577443665
37 154 1.9759917060048586
37 157 -0.3064310026514942
37 160 -0.7010387333206956
37 163 -0.2828723778535905
37 166 0.2497075821779509
37 169 0.34960183415277635
37 172 -0.2264044037043208
37 175 0.7253364398995829
37 178 -1.1299023341942196
38 39 0.9642714542034697
38 41 -0.9553223133528023
38 217 -1.1743685242972812
38 220 -0.29564225082429807
38 187 0.8979221749824234
38 190 -0.6855863347458503
38 193 -0.029971404332092413
38 196 -2.5069495401367585
38 199 -0.38847024776651534
38 202 1.6545332025993318
38 205 -0.09948382391213052
38 208 1.1735573863013633
38 211 -0.21608459967009433
38 214 -0.4802560993143431
39 42 -0.1487450215575953
39 253 -0.3875945047097147
39 256 0.4284232573468086
39 223 0.20965375476953807
39 226 -0.5963927765417638
39 229 -1.4965345846711542
39 232 0.5234299842161515
39 235 0.9359507643532415
39 238 0.1835170752719649
39 241 -0.8997336506857726
39 244 0.7741905260441957
39 247 -0.1281658372677428
39 250 -2.6334233712266344
40 41 0.2786837250608646
40 181 -0.11644005882751174
40 184 0.6251764308703558
40 151 -0.10052791707521701
40 154 0.5449463429236608
40 157 -0.46147816754679755
40 160 -0.7336692744533185
40 163 0.25121257107798345
40 166 -0.736043067459562
40 169 0.5833964014162312
40 172 -0.2089939488932655
40 175 0.03021732110200038
40 178 0.08398716193902425
41 42 -1.0033209121660434
41 217 -1.5715410827061589
41 220 0.2822541711985984
41 187 0.6554969390806366
41 190 0.8092005198347179
41 193 -1.6649492851695258
41 196 0.8868278452297151
41 199 0.22639981322054037
41 202 -1.4732394889594553
41 205 -0.653136409707251
41 208 0.37271721342715936
41 211 -0.501333360324338
41 214 0.49575460189523807
42 253 -1.062090782396823
42 256 0.5600176445800923
42 223 -1.0227049797649903
42 226 -0.2798941260819793
42 229 0.5115705183767
42 232 0.8173801718098971
42 235 0.1252212634779519
42 238 1.3173548874914396
42 241 2.602746391314798
42 244 0.07598802648632456
42 247 2.5173070450327195
42 250 0.27938770248241196
43 44 1.7137840635732344
43 46 1.4041245307943329
43 181 -1.125186171793742
43 184 1.0415643518270254
43 151 1.6453321240794505
43 154 -0.3995895047073898
43 158 -0.2035072031950439
43 161 -0.8729944446380945
43 164 -0.663984462444602
43 167 0.33570690217225047
43 169 -0.33170532295683086
43 172 -1.5540886592977592
43 175 0.24567824098250568
43 178 -0.48204878384800326
44 45 0.012615779565734056
44 47 0.9116004216226178
44 217 -1.1064932713781195
44 220 1.058203689181783
44 187 0.6260078797932241
44 190 -0.08430772826286648
44 194 -0.8152924150578199
44 197 -1.190961146185241
44 200 -0.2640995128565414
44 203 0.584162180702705
44 205 -1.3107342786203076
44 208 -0.6315545725282394
44 211 -0.24689519454166756
44 214 0.6651128002388914
45 48 -0.5110171797302928
45 253 -0.5191681919774618
45 256 -0.48613632864328427
45 223 -1.2712224280121995
45 226 -0.42230653281202174
45 230 0.8401632423278287
45 233 0.4893523770607174
45 236 0.17091325599070137
45 239 0.8115598529107955
45 241 1.89758566968824
45 244 0.5593198251010543
45 247 -0.16656694403246208
45 250 -1.2079088606238375
46 47 -1.5537288878717306
46 181 -1.1056705434087775
46 184 -1.9713455045380026
46 151 0.5100652617922342
46 154 -2.7580594948496833
46 158 -1.1432936658555535
46 161 -0.7482765527522889
46 164 -0.32591702794280014
46 167 -0.3819843810707533
46 169 -0.8121218748669714
46 172 -0.7033683452671873
46 175 -0.18691262571254869
46 178 3.046194818347125
47 48 -0.10656389308212852
47 217 1.649697189821094
47 220 1.5664038180644513
47 187 -0.4187927873584118
47 190 0.07226276265507162
47 194 -0.8953486946468224
47 197 0.20744218568707845
47 200 1.549283880656233
47 203 -1.4048864753782202
47 205 -1.003826725465286
47 208 0.1530196494477697
47 211 1.7863227646929303
47 214 0.10794529774251363
48 253 -0.13378094241001182
48 256 -0.7462198995855562
48 223 -2.836210382010639
48 226 -1.1968647075793903
48 230 0.9599301832910254
48 233 1.4671431859517385
48 236 0.5607195656138863
48 239 0.62927654296135
48 241 1.6282392843157076
48 244 0.23371612775685047
48 247 0.6689817956533778
48 250 -1.3350255910124744
49 50 -2.4634823399241834
49 52 1.8103297353217527
49 181 0.9983904349797389
49 184 -0.24182227556485858
49 187 0.9854762196832635
49 190 -0.14339641963485694
49 194 -0.5443819143932173
49 197 0.16768909260273598
49 200 0.21967575775773407
49 203 -1.0258328256288654
49 205 -1.0511287749168587
49 208 -0.47580190569043324
49 175 0.623688937344238
49 178 -1.1141237580113807
50 51 -0.01730726627535267
50 53 0.4075786465955981
50 217 -0.9982474204435382
50 220 -0.9832105715282559
50 223 1.0081538337983351
50 226 -0.4946785706512685
50 230 1.2001274920098628
50 233 1.6714589791368302
50 236 0.9668114426496348
50 239 0.5281494968592884
50 241 0.680821110128351
50 244 0.6861593790655868
50 211 -0.6947026250264514
50 214 -0.08064013139065977
51 54 0.4019968090176368
51 253 0.6161047172706207
51 256 -0.16552733158664712
51 259 0.3574137509342009
51 262 1.2625985970247098
51 266 -0.14341797094363007
51 269 0.3835404041031071
51 272 -0.6206049167434006
51 275 0.5486412751918801
51 277 -0.18683334874386823
51 280 0.6326006098543892
51 247 0.936617268799234
51 250 -1.5640947190355092
52 53 -1.7248154608583521
52 181 -0.8757509497162655
52 184 2.3722024560541395
52 187 0.34264202090685114
52 190 -1.4874623051467863
52 194 1.4496448147165146
52 197 -0.7273163306121891
52 200 -0.43835523221214207
52 203 0.9227369228382406
52 205 2.114467160687508
52 208 -0.5922695701806981
52 175 0.975452523498874
52 178 1.0828600076838413
53 54 -0.3335329459384581
53 217 0.769185081645431
53 220 0.9211394740615614
53 223 0.2783018050817962
53 226 -1.8481968464716079
53 230 -0.0004981041915226945
53 233 0.08915189043718909
53 236 -0.23354642943216794
53 239 -1.4590465513030417
53 241 0.374897227339754
53 244 -1.2799639877226459
53 211 0.574214535037705
53 214 0.44490621464411145
54 253 0.7783855306401596
54 256 -1.0999379915260978
54 259 0.8693402884826625
54 262 -2.206055435118019
54 266 -0.46729745754473845
54 269 1.2412908814852257
54 272 -0.5474131553456375
54 275 0.9991452872144307
54 277 -1.5362335302131724
54 280 -0.1794660421383945
54 247 -0.228213347779124
54 250 -0.5852007234010256
55 56 -0.47812923682578246
55 58 -0.388318931064914
55 182 0.4528233356330673
55 185 0.2983127985550483
55 188 -1.0042641546858477
55 191 -0.47830742618756894
55 194 1.995664894857636
55 197 -1.7886404564084544
55 200 0.21457645033914297
55 203 0.517284632091039
55 205 -1.5858834756823745
55 208 0.6114890351528949
55 175 -0.2734776981606396
55 178 0.504857857481682
56 57 1.0923752558921336
56 59 -0.5627995932239391
56 218 -0.14743604978480224
56 221 0.28785925659490785
56 224 -0.0861325101405893
56 227 0.6711841573972617
56 230 -1.1032657178321617
56 233 -0.06510868134845793
56 236 0.055984110618457796
56 239 0.5364686593281697
56 241 -0.23623967474329466
56 244 0.25062678367534935
56 211 -2.4448208218719674
56 214 1.0372105174525486
57 60 -0.5374984363660343
57 254 -0.9500947560494076
57 257 -0.41562968003030587
57 260 -1.3802087377861132
57 263 -0.2067191835911015
57 266 0.634748440349198
57 269 0.8991655687858536
57 272 0.8048484699612184
57 275 -0.22856917093515702
57 277 0.7300288757400626
57 280 0.13614426136448876
57 247 0.2887829261336246
57 250 -0.16044415954993324
58 59 -0.11807735510087788
58 182 -1.7158729362410876
58 185 -1.7144006791261603
58 188 1.0190924620318855
58 191 0.8871259708512756
58 194 -0.08186513359416203
58 197 2.3094550944941203
58 200 0.3176330548924273
58 203 -1.0033630267851106
58 205 -1.7558810835571403
58 208 -0.4542318656813566
58 175 -0.10440517549853265
58 178 0.6105390039485764
59 60 -2.5789977031115385
59 218 0.4795681152652704
59 221 0.9767387584472849
59 224 0.4481549344735223
59 227 -0.6247893982297374
59 230 1.587872833391041
59 233 -0.11365650762080164
59 236 -0.7415993996982818
59 239 -0.26971540536965455
59 241 -0.6953282910079951
59 244 -0.6518188416122228
59 211 0.5692198706099013
59 214 0.4113415074771063
60 254 0.1978295609857035
60 257 0.49680681739559485
60 260 0.06670757288930212
60 263 0.43439080748210823
60 266 -1.1458674191623133
60 269 -0.12440769164734965
60 272 -0.7588086584559991
60 275 0.7713041672520089
60 277 1.0253650437728998
60 280 0.2526973001855573
60 247 0.5678021765011518
60 250 0.3108930782007631
61 62 1.4374725603953775
61 64 1.047227963733091
61 182 0.8561944910464276
61 185 0.17770889159207273
61 188 -0.16677498477691505
61 191 0.006442265270354639
61 194 -0.7000392994923731
61 197 -0.20030081653006335
61 164 -0.8989800509098664
61 167 0.5572420309110648
61 169 -0.0429763073584654
61 172 -0.6918800312390256
61 175 -0.6773202184433844
61 178 -0.4812841848207165
62 63 0.4441754888296671
62 65 -0.04875393559547956
62 218 0.7255558095038055
62 221 -0.9865255230835599
62 224 0.3644299855009923
62 227 -0.8425232675039916
62 230 -0.29229920006380367
62 233 -1.7360665400551534
62 200 -1.5489773621426282
62 203 -1.065734533648624
62 205 0.056781786926080845
62 208 2.899999505463297
62 211 -1.5015183094989335
62 214 -0.9832814061430988
63 66 0.46523380660480823
63 254 0.33797411335690974
63 257 -0.14211593756805221
63 260 0.0054015031623672
63 263 0.5576241469022503
63 266 -0.25572182374212726
63 269 1.164722287076044
63 236 0.26934599754739047
63 239 -1.4338173781610044
63 241 0.4995806279385043
63 244 1.525630195273662
63 247 -0.27462964865196765
63 250 -0.18414611105500867
64 65 -1.9511771228614188
64 182 0.06757415142839063
64 185 -1.1427322957544068
64 188 -0.06623922471642878
64 191 1.8323492916967592
64 194 -1.303174353797427
64 197 -0.38549793774953184
64 164 -0.7642990687451472
64 167 1.4805646097822747
64 169 -0.7222311367463287
64 172 1.8215501308775306
64 175 -0.04191881684565135
64 178 -1.0306874105768642
65 66 0.03414924778888702
65 218 -0.08287661619448221
65 221 1.2508397162289824
65 224 -0.1279854351270536
65 227 -0.9480374349715867
65 230 0.05226648450809985
65 233 0.7257533360644601
65 200 0.48724597560345695
65 203 1.059743100955816
65 205 -0.5106963911621358
65 208 -0.32454673414146035
65 211 0.2664077323244805
65 214 0.24892223517219064
66 254 -0.4972460697245726
66 257 -0.4643862125281162
66 260 0.35549872437026897
66 263 -0.37483745255955764
66 266 0.97733828997519
66 269 -0.12434139454478807
66 236 -1.2128197682606143
66 239 -0.5440766923324778
66 241 1.7183934701447445
66 244 1.5240803637403864
66 247 -0.1014755470352341
66 250 -0.4746073016249905
67 68 -0.07546259750210112
67 70 1.0208058794840702
67 182 -1.4587830298853728
67 185 -0.18447149134418167
67 188 0.19210335282780472
67 191 1.1479099465261657
67 194 -0.49730002359236647
67 197 -1.1813376560845792
67 164 0.7455995870212385
67 167 -1.1630185556080672
67 170 -0.5952952895411074
67 173 1.2755915627442014
67 176 -0.1451826562940289
67 179 -1.5531058573020153
68 69 1.3197494005429762
68 71 -0.5949294175084802
68 218 -1.8460626655259127
68 221 -0.016904152918306447
68 224 -2.0079850473578533
68 227 1.04919726557238
68 230 -0.5889860209996235
68 233 -0.8004623393852391
68 200 -0.21482788292002822
68 203 -1.009814360186234
68 206 -0.7634008125647022
68 209 -0.4540648296967533
68 212 -0.22293122375602725
68 215 -0.03726854800555268
69 72 1.3289211036913098
69 254 -1.158786502247188
69 257 -0.06747619580864682
69 260 0.39814168354707835
69 263 -1.7630457694344839
69 266 1.7468871487366655
69 269 -2.3337221900627774
69 236 -0.5809199006468706
69 239 -0.7303092967007002
69 242 -0.18381943046981686
69 245 -0.14307988991664233
69 248 -0.7658689129569818
69 251 0.8711279053530459
70 71 -1.26798097687984
70 182 -3.0133071247563854
70 185 1.7715725083650933
70 188 -0.152555085630028
70 191 -0.6187011556949426
70 194 0.2456938576032373
70 197 0.10459678673510037
70 164 -0.6048806608358859
70 167 1.3156093070486021
70 170 0.6385623282943439
70 173 -0.3025765030554614
70 176 0.5134065706388514
70 179 -1.7204019487797473
71 72 -1.0357460212129905
71 218 0.7023925178534157
71 221 0.7319459478032568
71 224 -0.5718796318952623
71 227 1.2428351208373467
71 230 -0.9376017688927635
71 233 -0.07079029938992286
71 200 0.0023784791692077058
71 203 -0.04154467737934147
71 206 0.7761262660848504
71 209 1.175523310750593
71 212 2.0231997367266836
71 215 -1.4786937776478717
72 254 -0.5774425022606806
72 257 -0.6377864497868916
72 260 0.43339261138060486
72 263 -1.4356652529730995
72 266 -0.05610445079911125
72 269 -1.186954917807158
72 236 -0.476412498650794
72 239 -1.1662264191289862
72 242 0.9562082020899858
72 245 -0.565696636350909
72 248 0.5484721723676701
72 251 -0.6792733878385923
73 74 -1.4553643853023042
73 76 -0.4928347296521696
73 182 0.7761372083887729
73 185 1.0471810653501936
73 152 -0.016475563920103124
73 155 0.17853678750005125
73 158 0.5256915751444154
73 161 -0.478819184777118
73 164 1.1462511588782034
73 167 0.32128769302522375
73 170 0.4267149294334482
73 173 0.3400862245131654
73 176 -0.3120062817287514
73 179 1.309813567763403
74 75 -0.8803367717840281
74 77 2.73491192696386
74 218 -1.1652298300971846
74 221 -0.7022005265658715
74 188 0.8127680556073894
74 191 -0.4654863092502267
74 194 -0.9162565702040019
74 197 0.47587397911890034
74 200 0.3413889157331665
74 203 -1.371070356550861
74 206 0.06111400605372988
74 209 0.11911995799380375
74 212 0.02384080726149817
74 215 -0.29406847449883733
75 78 -0.5894530263487694
75 254 0.26389212467284
75 257 -0.2601757247235249
75 224 -0.9955235498511649
75 227 1.6015894971740483
75 230 -0.45088270022421495
75 233 -1.1539735931579613
75 236 -0.07171255732962023
75 239 -0.5283406432761105
75 242 -0.3308816978509365
75 245 0.15897509792741207
75 248 -1.3247557679387476
75 251 0.22422555099496982
76 77 -2.0751790124799423
76 182 0.24219496506739596
76 185 0.7224024586930122
76 152 -0.040599052670404034
76 155 -2.733437774437525
76 158 -1.0573398241372811
76 161 1.3976211830893313
76 164 -0.008522295098776873
76 167 0.2979072112223093
76 170 -1.336919423171752
76 173 0.4492188334722101
76 176 1.174225468611878
76 179 1.2146516876453204
77 78 0.3094607635949221
77 218 0.6742633096994906
77 221 -1.6340473408801683
77 188 -0.2465972325670218
77 191 0.011168010755205906
77 194 -1.4137384590913267
77 197 -0.7443281160073865
77 200 -0.03348889418630583
77 203 0.21841126712284065
77 206 1.9073242750011778
77 209 0.12567567937316695
77 212 -1.1271729859795045
77 215 -1.050104270776127
78 254 0.1364009713795667
78 257 2.181562101786963
78 224 -0.36384038845496564
78 227 -0.4133389853014282
78 230 1.000951744495108
78 233 -0.20272527014400127
78 236 -0.014617211812182077
78 239 -0.04346813226682336
78 242 0.7235753331074337
78 245 1.7174428952098566
78 248 -1.3932389419753526
78 251 0.27121411484114955
79 80 -0.7835259691423827
79 82 -0.31684130266024085
79 182 -0.3121882929014385
79 185 -0.7341361876707224
79 152 -1.018969411792014
79 155 -0.5626553579497829
79 159 -0.5407869700880984
79 162 0.6427988104102709
79 165 0.6310882469699961
79 168 -1.14686833393093
79 170 2.359680805733497
79 173 -1.7318460288594133
79 176 -0.875768054119346
79 179 -2.24434482080223
80 81 -0.3273888772631408
80 83 -0.7233094542639533
80 218 -0.8645675105291104
80 221 0.3802767920476503
80 188 -0.1806025574167467
80 191 0.39246832355510525
80 195 -1.580781231067603
80 198 2.4352966735457318
80 201 0.6418764815300317
80 204 -0.12145669877851288
80 206 0.6110234922295733
80 209 0.2596048065708281
80 212 -1.0625685529208793
80 215 0.6759852296060191
81 84 0.7001659971497969
81 254 0.45521655724764076
81 257 -0.15813762137901294
81 224 -0.480702179870003
81 227 -0.5380204454961681
81 231 0.8511588841806037
81 234 0.7095163533999417
81 237 -0.16528321090673964
81 240 -1.6871599562938968
81 242 0.5994631898841473
81 245 0.9362441294046442
81 248 -0.1684561923937372
81 251 0.26919035251336143
82 83 -0.5889327192986598
82 182 -0.21769131790778662
82 185 -0.05770942381088671
82 152 0.6654995278099923
82 155 0.272197277638976
82 159 0.13285403131604115
82 162 0.15599119348033763
82 165 -0.3924572454370043
82 168 -0.5026673025855941
82 170 -0.035330736768709944
82 173 -0.2974586989008105
82 176 1.081169941229786
82 179 -1.773022060606594
83 84 0.11597572929867596
83 218 1.1890013394650527
83 221 -0.6886001507894048
83 188 -2.1291796014968605
83 191 0.36142447487742085
83 195 1.3652251454842483
83 198 0.05415630403291265
83 201 0.929660258648093
83 204 0.5665328963364823
83 206 1.0782782062528704
83 209 -0.0061201229376118965
83 212 -2.456910911419586
83 215 -0.2282102176425743
84 254 -1.7391814961833982
84 257 -2.0949357610622155
84 224 0.5572057233327161
84 227 -0.28567533789746585
84 231 -1.9565191383636644
84 234 1.4029909030982115
84 237 0.6585975484560965
84 240 -0.33685616837402216
84 242 -0.6353864702850076
84 245 1.8635916417490843
84 248 -2.0026606911616587
84 251 0.12263658140849004
85 86 0.8133707780628314
85 88 0.19801575050775122
85 182 -0.20499874274077817
85 185 0.8051048538357568
85 188 1.105955000285253
85 191 -0.4484904221809434
85 195 -0.19984556775005569
85 198 0.41797712893052796
85 201 0.42322568492613366
85 204 0.8411806451483712
85 206 -0.3199607962577813
85 209 1.251329312787554
85 176 1.108212471387582
85 179 -1.0383807745673046
86 87 -1.2591718582041393
86 89 0.07512750010123304
86 218 -0.8993148367686209
86 221 1.128386343148421
86 224 -0.07698932470763599
86 227 -1.1296342510618562
86 231 -1.179505668996819
86 234 -0.936376849449446
86 237 -0.79223087979901
86 240 -0.22088593524692296
86 242 1.4135754725225638
86 245 0.9817836143818923
86 212 -0.6832769126317039
86 215 -0.6267826789627723
87 90 -0.2871995909891478
87 254 0.7467566695804395
87 257 0.00960548260890223
87 260 -0.5014339922145838
87 263 0.7587174723618085
87 267 0.931724609739518
87 270 -0.5594856595611339
87 273 1.435199434728351
87 276 0.1605793493496067
87 278 -0.2396656556929037
87 281 1.0787779173690693
87 248 0.6196237013673944
87 251 0.957457769882761
88 89 1.6810851405767793
88 182 0.6441071881951755
88 185 0.5974504508247842
88 188 -0.2603335652931204
88 191 -0.8815604130744783
88 195 -0.8913247869873275
88 198 -0.36176128679643016
88 201 -1.1876323028742046
88 204 -0.03858438723527163
88 206 -0.05758059299248324
88 209 0.6043138011909298
88 176 -1.773366148592618
88 179 -0.5717571751484255
89 90 0.1689109895620563
89 218 0.6273002971365567
89 221 -0.8813487099256863
89 224 0.3262255254910363
89 227 -1.4551691118803178
89 231 0.6156270081376846
89 234 -0.09706958765147093
89 237 -0.09148292897604335
89 240 -0.8706755635822553
89 242 0.22427210321906918
89 245 0.0008202618470259562
89 212 2.2569152483307056
89 215 -0.1450267690632174
90 254 0.5203707578600295
90 257 -0.11402673205198237
90 260 2.2417640156662504
90 263 0.1606209829277581
90 267 -0.6447101757847715
90 270 0.1577900370036206
90 273 0.056086033409345155
90 276 0.8213205276970484
90 278 0.4039915678116094
90 281 1.3504464651782104
90 248 -0.8253696317607696
90 251 -0.2853420941325241
91 92 -0.15800481769485322
91 94 0.7240334960544804
91 183 0.49962888287763935
91 186 0.7128151025966104
91 189 -1.8019515459116655
91 192 -0.3591425437379526
91 195 0.6002861043398715
91 198 -0.23136431010619238
91 201 -1.5635007612897671
91 204 1.1328593400305362
91 206 -1.0365995633564669
91 209 -1.4992087364799431
91 176 -0.20123032124689028
91 179 -1.1378066555989224
92 93 -1.129694173024099
92 95 1.095535637943641
92 219 -1.0712096532662017
92 222 -0.4484432653620219
92 225 0.6067471519062945
92 228 0.14530742287820875
92 231 -0.2628155571151829
92 234 1.49243353805973
92 237 -1.4208439620827482
92 240 2.8367496488379462
92 242 -0.22689039156468854
92 245 0.5794058481413272
92 212 1.100420424079787
92 215 -0.2361615815419953
93 96 -0.9824004518356552
93 255 -1.3419922393205412
93 258 0.5685585766041417
93 261 -0.5794080659448738
93 264 1.5498227489247431
93 267 0.6726825947826999
93 270 0.24207421976232923
93 273 0.5118804661099384
93 276 -0.18328591967907468
93 278 -1.1234840464969729
93 281 0.4228691509587053
93 248 1.359809931828512
93 251 0.5080072987851295
94 95 0.38569806858203576
94 183 -0.12256878172101643
94 186 1.485630262586209
94 189 -0.153441787124767
94 192 0.6262826314732045
94 195 -0.5684185566812493
94 198 0.029329020936437876
94 201 0.6303341708642274
94 204 1.3555115375776847
94 206 1.7483681328865919
94 209 1.0788001194148904
94 176 -0.1310077393267038
94 179 0.5214712750823568
95 96 -0.269504917067827
95 219 -0.6399433904679559
95 222 -1.321440939522151
95 225 -1.5795435192206548
95 228 0.12113912344174069
95 231 -0.4667046396467687
95 234 0.2114981169317862
95 237 0.7637823151173969
95 240 -0.36627877562105177
95 242 -0.9014341043427938
95 245 0.7807843040767366
95 212 0.2782470568054597
95 215 -0.007556246345605313
96 255 -0.8607853480541252
96 258 1.4397727358970336
96 261 -0.17695406252364526
96 264 -1.3047262848054042
96 267 -0.16125280665375444
96 270 -1.9006711986618934
96 273 0.5912748133780392
96 276 -0.269949367372054
96 278 -1.4031470951716205
96 281 -1.1990879368838971
96 248 -0.5702273692031604
96 251 -1.0360416819211518
97 98 -0.5074169061815169
97 100 -0.9337216793913293
97 183 1.4005812939700055
97 186 1.2378826688075568
97 189 2.2516872690559184
97 192 1.0305320398245883
97 195 0.3709659175419942
97 198 -0.054282444466101296
97 165 0.4337183650605935
97 168 -0.38799064328299826
97 170 0.19230063639960387
97 173 -0.26653128987599606
97 176 0.6613686667237286
97 179 -0.5499804455224365
98 99 1.4761495767313721
98 101 0.6017496402579523
98 219 -0.25861274176943244
98 222 0.9628388933229909
98 225 -1.0273598046336996
98 228 0.2349109954152543
98 231 -1.2120344857879808
98 234 -1.1528115607844462
98 201 -1.0942242591497853
98 204 -0.4927437034798998
98 206 0.058953825667764054
98 209 0.7901933411603246
98 212 -0.8195958108629763
98 215 -0.17269531962824294
99 102 0.9896585266148664
99 255 -1.1562469792808117
99 258 0.3335598153162705
99 261 0.12732046203940145
99 264 -1.5112236302751358
99 267 0.65348962935591
99 270 -1.105016098287174
99 237 0.24257822419146222
99 240 0.37283670604802205
99 242 1.73953265308775
99 245 -0.2649282168009239
99 248 -1.0841977831439165
99 251 1.2055262328391882
100 101 -0.2254010267001591
100 183 -0.12462663550548117
100 186 0.9468169573248182
100 189 -0.9692807868764859
100 192 -0.4684467895964384
100 195 0.15672385220722765
100 198 1.7168458788302845
100 165 0.6795768796313949
100 168 -0.021651405949423504
100 170 -0.02995963931359134
100 173 -0.7850923206678976
100 176 0.7685049179175039
100 179 1.4029815089723816
101 102 1.9585032753688305
101 219 -1.0391343756570715
101 222 -2.111713816538906
101 225 0.14577637495645512
101 228 -0.20829867551501102
101 231 0.40355270294009915
101 234 -0.6668160016191221
101 201 0.14019209491201762
101 204 0.6283782771190642
101 206 0.26066724227185745
101 209 -0.6863177901279877
101 212 -2.976476613019377
101 215 0.7185896167116207
102 255 -0.606676250433095
102 258 1.1425117763439008
102 261 0.8815856330599916
102 264 0.7692463923289061
102 267 0.07699640617111966
102 270 -1.8405885056571558
102 237 0.6888705359728167
102 240 1.4527188939614684
102 242 -0.47156251785024267
102 245 -0.12909506548411953
102 248 -0.845648320043898
102 251 -1.043908898821032
103 104 -0.06692488105814325
103 106 -0.422129858089508
103 183 0.6778410448668841
103 186 -0.5025708717771353
103 189 -1.1782240751160071
103 192 1.1577895247982197
103 195 1.2017345920283768
103 198 0.4180176097248735
103 165 -0.3259984806685858
103 168 0.8995686079877929
103 171 1.2462091412256495
103 174 -1.2727505437729956
103 177 -0.19577963186951589
103 180 -0.2730725802818025
104 105 -0.7104967636648897
104 107 -0.48108393088893536
104 219 0.015243689847243648
104 222 -0.578137118178886
104 225 1.7360229426005742
104 228 -0.2603644102453136
104 231 -0.5910358523784346
104 234 -0.7399097767650656
104 201 0.34597439368558663
104 204 1.1127604103892017
104 207 -0.41140015099366417
104 210 -0.4359624416575149
104 213 -1.1101842609090573
104 216 0.08910664390896436
105 108 -0.6816202207137038
105 255 -0.9147520700063966
105 258 1.7550692557073326
105 261 0.5699695670466034
105 264 -1.027386999701812
105 267 0.9600762177962289
105 270 -0.32610845392805876
105 237 -0.6311743986248618
105 240 0.1871510174434063
105 243 0.8008366133384582
105 246 -0.7577234809027747
105 249 -0.017978666569965232
105 252 -0.6632031223706356
106 107 -2.1439410279240416
106 183 -0.15940935455829985
106 186 0.22637393898456806
106 189 -0.15531879974234628
106 192 0.10171993424836658
106 195 0.6196666175789097
106 198 0.05803321644864929
106 165 0.6252395803657548
106 168 -0.6889117111292773
106 171 -0.8238982437603566
106 174 0.7765470088531479
106 177 0.09859415184366474
106 180 0.43745077754696476
107 108 1.28715853784489
107 219 0.3283666228355274
107 222 -0.10031280862903152
107 225 -0.4946368401148088
107 228 0.2550129754533407
107 231 0.2049537817682465
107 234 -0.5890449340360525
107 201 -0.2936582244833364
107 204 -2.859542152788006
107 207 0.6660412582528447
107 210 -1.3574942751221974
107 213 -1.3304326017469268
107 216 0.09246407056906718
108 255 -1.5391567625749838
108 258 -0.9908599203503518
108 261 2.114836041306387
108 264 0.9512560588035726
108 267 -0.2603721556539265
108 270 0.6626269981978519
108 237 -0.647910561479077
108 240 -0.9809527138428513
108 243 1.6950005837155913
108 246 0.3524182888688363
108 249 -1.5138273556715258
108 252 1.567741712773998
109 110 1.4690494314884326
109 112 0.09476190905515681
109 183 -0.6862133837341778
109 186 0.34868806825509724
109 153 -0.1784486086269914
109 156 -0.359929219499854
109 159 0.2198989988693185
109 162 -0.6038963818329592
109 165 0.05104830776242514
109 168 -1.8951331937262206
109 171 0.42702773385019743
109 174 -1.3902380133184742
109 177 0.05774282393921537
109 180 0.9762303068832707
110 111 1.7436574985946913
110 113 -1.0554283650732852
110 219 1.2854113832073242
110 222 0.15842397915897646
110 189 -0.10283537282817462
110 192 2.092699487347196
110 195 -1.670286909170148
110 198 1.5765164584989313
110 201 1.5207600137666633
110 204 -0.36132035693872544
110 207 -0.44377637920829865
110 210 -0.05599807147457199
110 213 -0.8858955020904226
110 216 0.4199059711644864
111 114 -1.3495227016418279
111 255 -0.5747038643452232
111 258 -0.2476488499441953
111 225 -0.5193082535769159
111 228 0.5090720767498482
111 231 -1.6520134269725408
111 234 0.2816150522910969
111 237 -0.09010266111046476
111 240 -0.38179150765306175
111 243 1.0093129713886335
111 246 0.8012525126297524
111 249 0.25958740459268936
111 252 -0.3525888074727821
112 113 0.5195002662029481
112 183 -0.5390945974763872
112 186 0.22132667401879458
112 153 -0.9466920542585039
112 156 -0.3319704461594033
112 159 0.6666133504471672
112 162 0.13782910089894107
112 165 1.7628473221217686
112 168 -0.4833340090461152
112 171 -1.3623198012212507
112 174 0.7907831741297343
112 177 -1.2835007074618536
112 180 0.27434319418516123
113 114 -0.1817574003015173
113 219 -0.5853091956477419
113 222 -1.0168309185699762
113 189 -0.5051088670691535
113 192 -0.04022702826459734
113 195 0.6634520349800338
113 198 -1.6912410035728467
113 201 -1.2544354206111552
113 204 0.3967161534717145
113 207 0.12336350280343075
113 210 0.35649488235095617
113 213 1.0975939081090436
113 216 -0.5089154897653452
114 255 0.7002369892737227
114 258 -1.4701909229511014
114 225 0.5616880081409408
114 228 0.011023664647666789
114 231 2.349411777705346
114 234 2.352938700843345
114 237 -0.8463183494162566
114 240 0.27820349069866723
114 243 0.21999559241950928
114 246 3.164579397511364
114 249 -0.48491961586636234
114 252 -0.4782146240659721
115 116 2.041217845188955
115 118 0.24963719492169756
115 183 0.4530394675188109
115 186 -0.4370055984034634
115 153 -2.7067267169665388
115 156 -1.19500747821441
115 171 -1.15827299621335
115 174 1.4872476229051843
115 177 1.0751244338279213
115 180 0.1638394333972129
116 117 0.293330351716739
116 119 0.4489313112588762
116 219 0.3038445678501365
116 222 0.4807360451467062
116 189 1.0764042121596178
116 192 -0.6323512432484618
116 207 0.938749815923524
116 210 0.8837714442352463
116 213 -0.051962708285052804
116 216 0.17249844395987077
117 120 0.8237423448240387
117 255 1.5437909644077557
117 258 0.36907298916064757
117 225 -0.9659826195333313
117 228 -1.0444753827240707
117 243 0.11111205750656733
117 246 0.1731149553904351
117 249 -0.9336526099036638
117 252 0.4081290690416165
118 119 1.124376498432756
118 183 -0.556120634000537
118 186 -1.0864306209754797
118 153 0.017561724295035035
118 156 -1.1289004531664413
118 171 -1.1958188107880339
118 174 -1.8965801360651386
118 177 0.427030659505408
118 180 0.7699494440677178
119 120 0.12267878316137192
119 219 1.2768978089252303
119 222 0.7286691188085006
119 189 1.3011937024824616
119 192 -0.16575679201348606
119 207 -0.9552164212652752
119 210 0.2542901517900928
119 213 -0.507054250419203
119 216 -0.19107391864348855
120 255 0.8761102935134828
120 258 0.4425446777052822
120 225 -0.25453475633686484
120 228 0.8395185342866767
120 243 0.932252273081048
120 246 0.40129673373332914
120 249 -0.5807835178607362
120 252 1.1988783984333586
121 122 -0.4741272906439092
121 124 0.1698119961087202
121 183 0.255539841808348
121 186 0.7886178569756659
121 189 0.5963208962128278
121 192 -0.1934485172909865
121 207 0.1044424770460874
121 210 -0.04786138384755183
121 177 -0.4193745396062268
121 180 1.1149085737404323
122 123 0.0894972104814746
122 125 0.5098989838548388
122 219 -1.5845250526599648
122 222 0.3834606882007947
122 225 1.0729469375206049
122 228 -0.9076515320246719
122 243 0.878569479305264
122 246 -1.3038026871809913
122 213 -0.8582012268668311
122 216 -0.6271493666507306
123 126 -0.06015432496375957
123 255 0.13084486841910872
123 258 0.3036547750536479
123 261 -1.2991560140414937
123 264 -1.8733115180928086
123 279 0.23206300216721729
123 282 -0.2955224364140477
123 249 -0.101148626053646
123 252 -1.4238021916011459
124 125 0.5611627688979033
124 183 -1.8646623207773376
124 186 0.3997116399581365
124 189 -0.4763085933869253
124 192 0.5496249526889088
124 207 -0.1079738541438266
124 210 -1.2693080672844506
124 177 1.5293802404356807
124 180 0.2719242479205037
125 126 1.2082838171151666
125 219 -0.6540731035671344
125 222 0.9342964124774487
125 225 0.0762509180635591
125 228 0.31099210066724753
125 243 0.5360123984545062
125 246 0.23050778208914383
125 213 -0.2970943302302637
125 216 0.6674461627285664
126 255 0.4054265436121545
126 258 -0.47588082472288384
126 261 0.4788099685487969
126 264 1.9888383469063524
126 279 0.39042024641284473
126 282 -0.5721405076568377
126 249 1.442255112422516
126 252 0.5426134437688859
127 128 -1.4331107411836186
127 130 -0.36823342678988513
127 207 0.9340732184933318
127 210 -1.637997183968862
127 177 0.09907692663862026
127 180 -0.22701082628944483
128 129 1.6345847241453058
128 131 -0.5345678724764709
128 243 0.3869613077999316
128 246 1.7496296138989709
128 213 1.1565976332700008
128 216 -1.4315584701701916
129 132 -0.2000383626111585
129 279 -0.2160096380301586
129 282 -0.017800774227659622
129 249 0.3127372330561967
129 252 -0.7826334881377702
130 131 -2.039332983353066
130 207 0.08181678829389477
130 210 -1.02362588406605
130 177 0.44879185394641685
130 180 0.3020112250230105
131 132 -0.5111207945742584
131 243 -0.2131504727357317
131 246 -1.010758307052789
131 213 1.2527615117562312
131 216 -1.7985317300637103
132 279 -0.7741275438146691
132 282 -0.19682850880582337
132 249 -1.2477600986645871
132 252 0.25927935982085776
133 134 -0.4278598660975621
133 136 1.329342070530204
133 171 -0.82802582660737
133 174 -1.327554775751809
133 177 0.11202307144219749
133 180 0.39983113914226703
134 135 -2.4905289773509964
134 137 -0.5920608571712568
134 207 -1.9581544426600592
134 210 -0.23589279682517936
134 213 -1.0531419508365092
134 216 1.1558488607780673
135 138 -1.4226666845494236
135 243 0.3735146112752676
135 246 -0.04210770975806837
135 249 -0.17671391849783682
135 252 -0.8385136408937564
136 137 0.898444162577532
136 171 1.5244033392540908
136 174 -0.64007593928949
136 177 0.2378824947930136
136 180 0.696504823719911
137 138 -0.504834868659325
137 207 0.6848004296579651
137 210 -0.4135118059571712
137 213 1.8856699682714722
137 216 -0.5748552898092347
138 243 -0.11677909060273677
138 246 -1.4473041138547273
138 249 -0.285910133154518
138 252 0.5827661848416679
139 140 0.040147245191341704
139 142 0.6479324652904204
140 141 -0.5460552754338454
140 143 0.3393771393532323
141 144 -0.7142665308310224
142 143 -0.306713861114896
143 144 1.0620877176097747
145 146 -1.1337130193640046
145 148 -0.283714442719379
146 147 2.0553969976561346
146 149 -0.761680232460237
147 150 -0.1392933151124312
148 149 -0.4677595024027072
149 150 0.1377526949176374
151 152 -0.3732789703296697
151 154 -0.9978187354336392
152 153 1.28877503796347
152 155 0.43180229818826704
153 156 0.6688413849062281
154 155 0.7913439479871417
155 156 1.077882564638874
157 158 -0.5518688412340328
157 160 -1.1281927487313463
158 159 0.17880363699159998
158 161 -0.279653397817448
159 162 -0.15975122981899123
160 161 -0.28712299726207985
161 162 -0.16730828309871115
163 164 -0.09970716568132602
163 166 1.0783931237311735
164 165 -0.06814541779060236
164 167 0.48918235107857416
165 168 -0.6647174220702767
166 167 0.30780035269352535
167 168 0.1468791212543707
169 170 -0.15323856856642573
169 172 0.1810371227452408
170 171 -0.9765680167443325
170 173 0.34761973720226624
171 174 0.9073191806168903
172 173 0.5126015352809009
173 174 0.9274674971020377
175 176 0.02853217394687477
175 178 -0.09307048555114174
176 177 1.947149731855177
176 179 -1.1132351326277965
177 180 -0.7979697921098509
178 179 -0.038223895644651576
179 180 1.4762099700006235
181 182 -0.7921312894070899
181 184 -1.1806441922594024
182 183 -0.6196858269499832
182 185 -0.06383227390540501
183 186 -0.49691349350955866
184 185 -0.8891725743209304
185 186 0.870726585904649
187 188 0.10753779052350433
187 190 1.8445512369890336
188 189 0.684893005776237
188 191 0.04888120370904112
189 192 0.7285033600425511
190 191 1.869446351124803
191 192 -1.8466917822390532
193 194 -0.1000426792612218
193 196 -2.154382632865291
194 195 -1.0889760277805953
194 197 -0.7369998281445121
195 198 -0.042721162437676555
196 197 -0.8283666657066091
197 198 0.5283010971235741
199 200 -0.11059454438868742
199 202 0.28919876988897636
200 201 -1.3910820808549096
200 203 0.580552869754578
201 204 0.0811614942298154
202 203 0.9918689861260102
203 204 0.5040217831206129
205 206 -2.004794982866624
205 208 0.5227909784545366
206 207 -1.3995665414280343
206 209 0.21629954475310367
207 210 0.6594728702253174
208 209 -0.5827132415992606
209 210 -0.19292909266080924
211 212 -0.09773127144383362
211 214 1.338660018934324
212 213 0.36990754950701227
212 215 -1.427969932265085
213 216 -0.4870973853074798
214 215 0.4758335734211895
215 216 -1.6398437370364012
217 218 -1.026072121035331
217 220 1.3966613450706753
218 219 0.6432210164931809
218 221 0.7791974931647915
219 222 -0.7536565098703829
220 221 -0.5894647031330664
221 222 -2.8169056011345606
223 224 0.3602580116198275
223 226 1.1246594628727538
224 225 -0.5402147355404281
224 227 0.49532816425897835
225 228 -0.10166787139502174
226 227 -1.086872774355829
227 228 -1.2297246352408548
229 230 0.2708691213495579
229 232 0.11433727518139382
230 231 0.20842975043393847
230 233 -0.2896161965073088
231 234 1.112176042931985
232 233 1.0450181012111694
233 234 0.16942275157859568
235 236 1.1173702614960141
235 238 1.524300414679965
236 237 -1.902308096054309
236 239 1.2515401404159776
237 240 -1.583673307530037
238 239 0.6635354867333043
239 240 -0.5239973382353007
241 242 0.3486792506056306
241 244 -0.3787613541470271
242 243 -0.5736210778339911
242 245 -1.8086470899128455
243 246 1.376511261918116
244 245 -0.021286428579494206
245 246 -0.11445366256044374
247 248 2.6590417951979615
247 250 -0.6184976697258499
248 249 0.9297926165809852
248 251 -0.24852348048446474
249 252 1.1366340200111469
250 251 -1.101687506461804
251 252 0.9858455088054418
253 254 -0.1646077788668184
253 256 -0.3568080691400643
254 255 -0.12342781304210851
254 257 -1.0561789725524793
255 258 -1.8807080142027572
256 257 -0.6632674408646388
257 258 1.643062766879147
259 260 0.15907066352696833
259 262 1.264514257380457
260 261 -0.8454272767948542
260 263 -0.8397018363350035
261 264 0.26446071734015425
262 263 -0.5944953042839802
263 264 -1.0619898396429448
265 266 0.6767897493349109
265 268 0.18653228585492915
266 267 0.8046205952687921
266 269 0.7992544593458001
267 270 0.19738087507145555
268 269 -1.6018211488917704
269 270 -1.4795424381724773
271 272 -0.8868299625707708
271 274 0.19772525345011618
272 273 -0.39986931758614
272 275 -0.22500483803818241
273 276 -0.20025128548782686
274 275 0.2696972054509883
275 276 -0.647923031440443
277 278 -0.14728810733363143
277 280 -0.4098933334819565
278 279 0.8445455265177093
278 281 -1.0911093087746362
279 282 0.34798171126400734
280 281 1.4975808402032458
281 282 -0.44750081224296956
283 284 -0.934774355719592
283 286 0.2506580978799698
284 285 1.15659297122029
284 287 0.07203658510635894
285 288 0.6162437234778156
286 287 0.11711285810743534
287 288 0.41708077577850095
