# 
1 1 -0.75802662418672
2 2 -0.7095367531939274
3 3 2.095759143416507
4 4 -0.21329997360733052
5 5 -2.1461390779417777
6 6 -0.11678442345421869
7 7 1.7331338937892449
8 8 -0.16793549999106214
9 9 -0.8341697936903368
10 10 0.45620939046757547
11 11 -1.0846647487599452
12 12 -0.22793207908589466
13 13 -0.03514490077334097
14 14 1.1555413899303617
15 15 -0.6762073648808783
16 16 0.05764519136293081
17 17 -0.41185993732055565
18 18 1.1508806514979593
19 19 -0.2687532503588557
20 20 -0.8020539394275071
21 21 1.45975208384066
22 22 0.820357423611349
23 23 -0.642118051280251
24 24 0.5921496683342916
25 25 0.5725720883056415
26 26 0.5991787913675456
27 27 -0.25629708205854485
28 28 0.8080215789334129
29 29 3.5396741502018028
30 30 -0.3670325510010148
31 31 0.6232430120202797
32 32 0.23733592607036394
33 33 0.2999219858185872
34 34 -0.4219029526094703
35 35 -0.9624717111934329
36 36 1.6681173626433983
37 37 0.3958325731092223
38 38 -0.007896908619923227
39 39 -2.841449494020328
40 40 0.6135199413106163
41 41 -1.830848088205861
42 42 -0.42177119013475745
43 43 -0.9500400440700099
44 44 0.12119630690951698
45 45 -1.751412442004129
46 46 0.17340290049055315
47 47 -0.38065649798110673
48 48 0.5443919077056174
49 49 1.5849786108643762
50 50 -0.001528779832402852
51 51 1.689552412421275
52 52 0.26062661578469704
53 53 0.3992546666407805
54 54 1.6928487044793807
55 55 -1.5776115880273345
56 56 -0.9780024082028663
57 57 0.9143415405914027
58 58 -0.07021719470606543
59 59 0.11043505069104839
60 60 -1.6437101985819373
61 61 0.07147466935758087
62 62 -1.0928821224626117
63 63 -0.7546620593243154
64 64 -1.6506463128898337
65 65 0.4124566457804797
66 66 0.25757916128245845
67 67 -1.1335625635072781
68 68 0.2223187874273418
69 69 -0.7838113246360675
70 70 -0.49497617409585964
71 71 -2.469206355871456
72 72 -0.8410305449100302
73 73 -0.9472008827356956
74 74 2.3175551187140013
75 75 -0.46399708206457263
76 76 -0.8399184835793698
77 77 -0.6855050362437936
78 78 -1.0769184355632218
79 79 -0.2509053860246382
80 80 -1.223548322326981
81 81 1.362264315306277
82 82 0.5458159820895865
83 83 -0.5743235228217096
84 84 0.28453684947076746
85 85 -1.6160188938992872
86 86 0.0518640946249225
87 87 0.011089895838443487
88 88 0.34240945554340163
89 89 -1.8942564927837513
90 90 -2.0572704086418554
91 91 -0.3648000613229117
92 92 -0.20494245624288315
93 93 0.85913095221207
94 94 1.085693887392583
95 95 3.030862665973866
96 96 0.00801518638544704
97 97 1.12453795901549
98 98 -0.5919258699920956
99 99 -0.16510331814107498
100 100 -1.0741919837307146
101 101 -0.3194985578232683
102 102 1.0328479617367612
103 103 0.550575247700945
104 104 0.7892645142456434
105 105 0.3167328255699262
106 106 0.31372474713517245
107 107 0.2650487358111154
108 108 -0.017583106800822854
109 109 1.514792406456359
110 110 0.6932369590761367
111 111 -0.7540753215852546
112 112 0.24458904538175028
113 113 -0.14616234388552723
114 114 -0.2989671077146161
115 115 1.2211149483301313
116 116 0.18017897225991483
117 117 0.7105902896706233
118 118 -1.207070014657909
119 119 1.2987889591027213
120 120 -0.5348558355108469
121 121 1.4774247598235657
122 122 -2.124422135071633
123 123 -1.4273245197880982
124 124 -0.08203672065403074
125 125 -0.14096202123416274
126 126 -0.8342502908311826
127 127 2.5119100565871375
128 128 0.901976676646826
129 129 -1.4131855009162064
130 130 1.7105002187759224
131 131 -0.35158984104708174
132 132 0.17563123317556306
133 133 0.6041148343621849
134 134 0.8358865386100388
135 135 0.8350869560051735
136 136 0.9303823550591622
137 137 0.5171910753789924
138 138 0.310582188776994
139 139 1.9675389096468074
140 140 -0.03695621998404429
141 141 0.5255964365850351
142 142 -1.1463589605524693
143 143 -1.501938987342509
144 144 0.6604427411591092
145 145 0.09681170927298283
146 146 1.7692258378650636
147 147 -1.4205394178250568
148 148 -0.6675068434701555
149 149 0.1907539957794838
150 150 -1.5302608112085172
151 151 1.312970682671202
152 152 -0.7905995236059147
153 153 0.7525418859482347
154 154 -0.7348041921879767
155 155 0.8344220843490243
156 156 0.7992057109533243
157 157 -0.10299583248058478
158 158 0.3069788036388668
159 159 -0.23814286377896451
160 160 -0.27696018366320335
161 161 0.029243310341033835
162 162 -0.03150525646188318
163 163 -0.7760071138024145
164 164 -0.4036244728420791
165 165 0.7239487846458494
166 166 0.04538098056086437
167 167 1.356049266674597
168 168 -1.1821294814089263
169 169 0.030242886880913977
170 170 -0.6730541351271888
171 171 0.026366265963492102
172 172 -0.44373818350934946
173 173 -0.6936739904347183
174 174 -1.2026979676043141
175 175 -0.27447729128473214
176 176 -1.8755597161833573
177 177 0.8774988436026845
178 178 -2.0486702990841605
179 179 -0.4981253003308467
180 180 0.24742611108691975
181 181 -0.6530569421042974
182 182 1.1825533079875343
183 183 -0.5488246372546705
184 184 -1.3802839000549367
185 185 -0.707300234022552
186 186 -0.23701859244694146
187 187 0.49558895808221914
188 188 -0.7956315157015911
189 189 -0.7302277714786108
190 190 0.018180904090079424
191 191 1.1429042057855952
192 192 -0.12502826443288265
193 193 0.5261518876729109
194 194 0.0633075627642209
195 195 -0.6368578616399649
196 196 2.1132966747690323
197 197 -0.6694351246940722
198 198 0.29982199720332664
199 199 -0.6741658646951412
200 200 -0.03594700636614104
201 201 1.0200960264816312
202 202 -0.4227632955615786
203 203 -0.9076020262920398
204 204 1.5327051826663909
205 205 1.9496801232420087
206 206 0.5429069426853876
207 207 -0.4819595934907081
208 208 1.4538750423885118
209 209 0.527257781468783
210 210 -1.3934990667451974
211 211 1.9969727205947168
212 212 -0.5200678757768505
213 213 0.01503691210006654
214 214 0.05428833644063636
215 215 -0.7393756107396913
216 216 -0.40093088577886393
217 217 1.3499885776746743
218 218 2.4775186187113807
219 219 1.0699154944243594
220 220 -1.0795897705594888
221 221 0.2861433547745034
222 222 0.1634333432489183
223 223 3.031950848121649
224 224 -0.9848703358456503
225 225 -0.35868927104715986
226 226 1.881119859473024
227 227 -2.126471783141613
228 228 1.6344014135608589
229 229 -0.18493632492958603
230 230 1.2219239772942396
231 231 0.9652225856312467
232 232 0.785197548960013
233 233 0.2367306186226263
234 234 -0.7106667565647335
235 235 1.0226354998874252
236 236 0.10999333429269316
237 237 0.3085376224454627
238 238 -0.7448289152490287
239 239 0.6395324457725287
240 240 -0.530369201335097
241 241 -0.2610666779885175
242 242 1.54621498449088
243 243 -0.7915178947963337
244 244 -1.600760503508397
245 245 0.6200147831963475
246 246 0.40540625279659676
247 247 -1.1091079839757267
248 248 1.335777568414578
249 249 1.6193633980116098
250 250 -2.353950866537748
251 251 -0.34475548433734143
252 252 -1.188458402069147
253 253 1.5959189581174076
254 254 0.8645507826297105
255 255 -0.023126046945244845
256 256 1.4460855051469352
257 257 0.5272607147404157
258 258 -0.07813098468317412
259 259 -0.7270218156661554
260 260 -1.4268201262357623
261 261 -1.131655049849923
262 262 0.04486501361381764
263 263 1.9637108703849673
264 264 1.012774377787385
265 265 -1.0512104346072295
266 266 -0.726579061598953
267 267 -1.4788762901491108
268 268 -0.36405842842540137
269 269 -1.2935390424468536
270 270 -1.3356657799694602
271 271 -1.1261548631746943
272 272 -1.4809006617146356
273 273 1.7109038862205597
274 274 -0.27010461357880844
275 275 0.75942183041226
276 276 -0.852916577690242
277 277 1.3381005943041753
278 278 -0.8829421971937161
279 279 1.468823713343503
280 280 1.6879502542043316
281 281 0.3680514002151439
282 282 0.4176367052149506
283 283 -0.8730267983713631
284 284 -1.0949953567729622
285 285 2.8764081236961823
286 286 1.289283197722278
287 287 -1.0529407328690543
288 288 0.4986116234184445
1 2 -1.1679090575105253
1 4 0.10869389459082156
2 3 -0.5339199694646091
2 5 1.1074488596703986
3 6 -0.38098097792798835
4 5 -0.5943409814730399
5 6 1.8875903743628082
7 8 -0.5376520505580046
7 10 0.6437741812764536
7 157 0.010963962451571024
7 160 1.8058220997036563
7 163 0.4413279681380693
7 166 -0.08042597852098796
8 9 -1.3654960764832056
8 11 -1.0842998721751975
8 193 1.4701199196518702
8 196 0.19982372881954416
8 199 -0.02004679112125097
8 202 -0.4030670197264689
9 12 1.2290554573505086
9 229 0.9655019932925504
9 232 1.8281895342566292
9 235 0.45088659937874725
9 238 -0.7561320855496177
10 11 -0.652548294011865
10 157 1.3036552852470145
10 160 -0.5354301496924545
10 163 0.5222813274497148
10 166 0.7055019509300365
11 12 -0.8761134883258026
11 193 -0.26126406408531766
11 196 0.9010978948578486
11 199 -0.08292004611114222
11 202 -0.19828194576529307
12 229 0.982708250141027
12 232 -0.8165470962376881
12 235 -2.1656323737863397
12 238 -1.2534176487886972
13 14 -0.7747927043981746
13 16 -0.8213604539876983
13 193 0.6444521361288854
13 196 0.32421007313545736
13 199 0.15848105499150064
13 202 -0.5990546734861968
14 15 2.054115328349476
14 17 -0.8660233194064413
14 229 0.3127172649973631
14 232 0.5522387922441732
14 235 1.233026225297427
14 238 0.4891395096970475
15 18 0.24866104905547526
15 265 0.7438813668749112
15 268 1.713218271836105
15 271 1.6842547001385055
15 274 1.0350403078531232
16 17 0.8974262322483074
16 193 -0.2964286032794717
16 196 0.1666584634667632
16 199 -0.07965575104550832
16 202 0.6591163893080895
17 18 -1.0504440582836796
17 229 -0.11269124248079358
17 232 1.1702351792705825
17 235 -0.28868824943735255
17 238 0.16516725435603224
18 265 -0.7773034008003749
18 268 -0.5328337988929371
18 271 0.004101771706397952
18 274 -0.2898811395452007
19 20 -0.7529142859200724
19 22 0.18661078395047448
19 181 -0.051769357807369076
19 184 -0.9444047736048696
19 187 -2.050731207962725
19 190 0.33446581550256355
19 193 0.3951910122821143
19 196 1.7885879619785137
19 199 1.6309433585704765
19 202 -0.7727374056315564
20 21 -0.7468252509515318
20 23 1.2978522041776683
20 217 -1.3280158734311278
20 220 -0.2943159584013556
20 223 -0.1972802837235244
20 226 0.424017901872631
20 229 -0.2065018370675769
20 232 0.5457985846318683
20 235 -0.4291510301209639
20 238 -0.12916301271596647
21 24 1.831644660954555
21 253 0.95014225934728
21 256 -1.5065017293688623
21 259 -1.4488684582205011
21 262 0.34908884122162576
21 265 -0.342723841228955
21 268 0.4124831350458149
21 271 0.4935159420235094
21 274 -1.5156893178586166
22 23 -1.5493713263617703
22 181 -0.020832101464207973
22 184 0.054917239593016934
22 187 -0.8538865691099901
22 190 0.9237277508778646
22 193 1.2207600473208566
22 196 -1.5017435242652073
22 199 0.28040259411979845
22 202 1.6956389676802308
23 24 -0.8412271770757984
23 217 -1.0303208734998013
23 220 -1.2444674803083309
23 223 -0.02033572794645085
23 226 -0.3782222249956678
23 229 -1.5056961376825375
23 232 -0.1924120783882108
23 235 -0.5931993254331416
23 238 0.3717583478746348
24 253 -1.135104061692888
24 256 0.5878056393385693
24 259 3.061075630401019
24 262 -0.7967491944229406
24 265 0.4207230864241191
24 268 -0.08708326564985336
24 271 -2.250564142047888
24 274 -1.0635292800330143
25 26 -0.6553465791413516
25 28 -1.1746677557932745
25 181 -0.7633129859882014
25 184 1.602025887604696
25 187 0.44476223817496063
25 190 0.6422370319607039
25 193 0.9258981133916512
25 196 -0.3797507295333546
25 163 0.8822512239114849
25 166 -1.9021022999616342
26 27 -2.3973130289049247
26 29 -0.17101799249830718
26 217 0.3439865784066144
26 220 0.4933711972549445
26 223 0.07332891004312862
26 226 -0.4299044001374694
26 229 -1.7570516492137944
26 232 0.3847272851545265
26 199 -0.8058600296449948
26 202 0.16199936287741035
27 30 1.6870085888733166
27 253 -0.5935943382432566
27 256 0.8052205810339933
27 259 0.6979895450757274
27 262 -1.194363547806988
27 265 1.1335000555406884
27 268 0.9779502340855732
27 235 2.0207887370399824
27 238 1.8259190027065562
28 29 -1.0609575303692143
28 181 -0.1444995857848002
28 184 -0.7801688520004076
28 187 -0.9950235737203703
28 190 0.17829841502435828
28 193 -0.3460178449016706
28 196 -0.423717618724175
28 163 -0.9111300263676422
28 166 0.7298801133577901
29 30 -0.3860771955526494
29 217 1.6725757738087208
29 220 -1.132706497311915
29 223 0.8470255417433157
29 226 -1.073046833449714
29 229 0.03472296440165885
29 232 0.9452110500934704
29 199 1.5835147982090219
29 202 0.2952057904171406
30 253 -1.0753775478981498
30 256 0.4389370004872171
30 259 -1.817618902326409
30 262 -1.026908350711544
30 265 -1.8921269255099076
30 268 -0.5157898806872551
30 235 -0.8617226184939796
30 238 -0.8766335494368515
31 32 1.1329704091597368
31 34 1.1740943024641401
31 181 1.0419800455780788
31 184 -1.357466658625883
31 187 0.7154392101710688
31 190 -0.22177714998071055
31 193 -0.930263848259816
31 196 0.18512699059482865
31 163 0.03264899606171281
31 166 -1.902848612897319
31 169 0.3076454749581755
31 172 -1.4590476886898918
31 175 -1.8158386514701839
31 178 0.11800305550139358
32 33 0.9216570657402822
32 35 0.8040557094237488
32 217 1.132514011074412
32 220 1.8491177300381423
32 223 -1.6351524937358877
32 226 1.931762035391289
32 229 0.8971281105819913
32 232 -0.031817999850193075
32 199 0.48475831743126263
32 202 -0.42711193459597113
32 205 -0.3751724725623757
32 208 0.33883592185847927
32 211 -0.16748979926436086
32 214 1.3213284508909617
33 36 -1.0000841841034314
33 253 -0.7290593362575672
33 256 0.9702629712448755
33 259 0.0811143003355852
33 262 -1.6458938052661276
33 265 -1.2117338778720124
33 268 -0.16576561573561024
33 235 0.9178671384045335
33 238 -0.9937638897128701
33 241 2.564230132744254
33 244 -0.7715377040418192
33 247 -0.08289046763984176
33 250 -1.1697735245940915
34 35 0.8936445327337952
34 181 0.8533118600553263
34 184 0.9942087074073318
34 187 0.22529446092524366
34 190 1.1791699434674845
34 193 -0.7473924527403227
34 196 -0.7375071335603359
34 163 -1.9916242891886147
34 166 0.32496190721814455
34 169 0.5084007563910633
34 172 -0.4662447043398681
34 175 1.6314522573167085
34 178 -0.04619797469885126
35 36 0.6516993803646753
35 217 -0.3672285168046763
35 220 -1.0793987021407379
35 223 -0.0929480882527179
35 226 0.4370399307362394
35 229 -0.20366418279479634
35 232 2.5755091158868955
35 199 -1.1052499444849673
35 202 -0.9366571474087141
35 205 2.006338218067278
35 208 -0.5515420420582299
35 211 0.3222165847277948
35 214 0.3058193119696748
36 253 -0.3500976762200591
36 256 0.7304466026178116
36 259 1.0415878302499897
36 262 -0.47766570817240245
36 265 0.8499948401138009
36 268 0.7499036279355417
36 235 0.09932814857532792
36 238 1.8443248590963959
36 241 0.311156307998846
36 244 -0.17745120124628078
36 247 -0.5175588575827358
36 250 1.257448797060133
37 38 1.0384739589560577
37 40 -0.014578570297266735
37 181 1.3612449344743158
37 184 -1.1227223974702019
37 151 0.16545544110458696
37 154 -0.023478617313542737
37 157 0.6233943097568595
37 160 -1.696981725252603
37 163 -0.4445711507629393
37 166 -0.14946941066688374
37 169 -1.1475048217905948
37 172 -0.2681057688062564
37 175 0.3206479960378726
37 178 -0.6443299329280984
38 39 1.9820791654965062
38 41 -1.054870118777598
38 217 -0.7760484252763182
38 220 -1.8374473100810182
38 187 0.5417089116963626
38 190 1.0840514101832792
38 193 0.4232792711903973
38 196 -0.7431365598312603
38 199 0.9899566034539499
38 202 -0.9417244847552746
38 205 1.425611060373382
38 208 2.2778753751535055
38 211 -0.08563036180226456
38 214 -1.2829448429672041
39 42 0.21827139514759358
39 253 -1.6112783621479194
39 256 -1.0026503186482498
39 223 -0.0372994095232574
39 226 -0.46295667616861197
39 229 0.3718072398058862
39 232 -1.0155332122810077
39 235 -1.4027010581912
39 238 -0.09793785747886757
39 241 -1.2406478431485277
39 244 0.11421076186303393
39 247 0.7881987921116226
39 250 -0.4018388381887866
40 41 1.1188151870443035
40 181 0.6048938376976303
40 184 0.7424539930164055
40 151 1.0420897552505362
40 154 0.2331999064401824
40 157 0.7954602874317396
40 160 -0.07628955158984362
40 163 0.3038270357944047
40 166 -0.014267995070894247
40 169 0.12358173170634999
40 172 0.6846103837995526
40 175 -1.4996929168318156
40 178 2.0630116947203527
41 42 0.2770686556804896
41 217 -0.7119851855885168
41 220 -1.287720094293951
41 187 1.691587029673524
41 190 -0.7452514072059679
41 193 0.10355230934055673
41 196 -0.4507086185623713
41 199 -0.46926362853111286
41 202 0.34485239154861413
41 205 1.9631349202957968
41 208 0.5453777656095401
41 211 0.12564156477115812
41 214 0.6295544511402985
42 253 -0.2714621188144142
42 256 0.3522824266585484
42 223 -1.1441621132587512
42 226 0.054502264067128
42 229 -0.31337140433263705
42 232 0.7762954029031361
42 235 0.12334016140510293
42 238 1.7626825669560802
42 241 -1.699292176154828
42 244 0.33648387654716766
42 247 -0.31940269369391905
42 250 -0.6537420172870622
43 44 -0.44854132733844715
43 46 -0.5152908865453911
43 181 1.3619273769661127
43 184 0.7077758473654726
43 151 -0.07155692070449166
43 154 -0.08396919878218269
43 158 0.1822806311566803
43 161 -0.785171152881478
43 164 0.6667518572562617
43 167 -0.14141392087715043
43 169 -0.6381643052458229
43 172 0.0336592828510556
43 175 -0.2945435309708416
43 178 -1.0321707966332014
44 45 -0.8093250831040634
44 47 -0.5092293752771515
44 217 1.3713336618882346
44 220 0.34735609543926205
44 187 -0.3983437515153602
44 190 0.8338266468404317
44 194 0.2374553538041936
44 197 1.4912922088975835
44 200 -0.17291497632063965
44 203 2.119100577940367
44 205 -0.6462395433162229
44 208 0.6729221363723797
44 211 -0.9243997603632074
44 214 -0.459774568123979
45 48 0.5869382552823916
45 253 0.03586655944724422
45 256 1.4488343494776663
45 223 -1.2176667175306732
45 226 -1.3651478426054335
45 230 0.25620997903616505
45 233 0.1822540093786273
45 236 -0.4829367794551485
45 239 -0.08183226040156534
45 241 0.5811725561840982
45 244 0.647288124430501
45 247 1.553971211755455
45 250 0.8873896362188785
46 47 0.6260631425337728
46 181 0.41117173058017575
46 184 0.2722974522500941
46 151 -0.8590300427005955
46 154 0.5774429581111399
46 158 -0.8547793027763536
46 161 -0.4889613633140822
46 164 0.0011025255441832727
46 167 -1.400935078152801
46 169 2.846559074097566
46 172 0.9895751081879454
46 175 0.80625648768096
46 178 -0.6038185640238456
47 48 -0.6987365654492275
47 217 1.0622367534025015
47 220 0.5161459950077347
47 187 1.093287796732443
47 190 0.5014928178965037
47 194 -0.41519550005867695
47 197 -0.8884575788230972
47 200 -0.967476263384418
47 203 2.3679235574690867
47 205 1.1092329455131995
47 208 -0.13399932076600277
47 211 0.3912120097316979
47 214 0.5761913072728412
48 253 -0.22583195053229624
48 256 -0.33030544466022627
48 223 2.4243358558511887
48 226 1.1736284097143015
48 230 -0.40441861041919935
48 233 0.6808696688630617
48 236 0.4395021610716084
48 239 0.8696388400290422
48 241 -1.150717207318248
48 244 -0.6783159745302498
48 247 0.26563754582161136
48 250 -1.2406551813936504
49 50 0.8035033810466331
49 52 0.9785268173836185
49 181 -1.2114353369180402
49 184 -1.6159904497374102
49 187 0.7588403107276003
49 190 0.21017580366806957
49 194 -0.738464576937318
49 197 -0.6102699246732587
49 200 -0.7665010308563339
49 203 -1.0228581648916497
49 205 -0.2162234495006145
49 208 -0.09791145619385853
49 175 0.1952010432858586
49 178 1.0711034223496585
50 51 -1.331109707725231
50 53 -0.035737409867369264
50 217 -0.3597274147208375
50 220 0.8344173547473359
50 223 0.8630725210946756
50 226 1.8177225878308438
50 230 1.8918309714665078
50 233 0.1806911378561233
50 236 0.3847558578916293
50 239 -0.7655159579149241
50 241 -1.6212655729263887
50 244 0.043525396426982124
50 211 0.36701838708782775
50 214 0.8856195880166848
51 54 -0.0018165178102966051
51 253 1.4955882467991957
51 256 -1.275480716167207
51 259 0.44929407672653227
51 262 -1.3955768954905636
51 266 0.23227911651199534
51 269 0.4839136055369519
51 272 0.5450008336250124
51 275 1.3394051715388087
51 277 0.9037463724229483
51 280 -0.7016428881337119
51 247 -1.9456811077029497
51 250 0.7492152029246468
52 53 -0.7640485285745672
52 181 1.0290405452572626
52 184 -0.06725837439842751
52 187 0.6100055733532538
52 190 0.42223995604718845
52 194 0.9723018620755319
52 197 -0.3584259156029279
52 200 -0.7599571067077492
52 203 0.36692166536963144
52 205 0.6127444019799457
52 208 0.4035580950550868
52 175 1.3909141168449752
52 178 0.9044092943079722
53 54 -0.4996791930105951
53 217 -0.1447346788856612
53 220 -0.2102506811851176
53 223 0.6608428060925534
53 226 -1.505668303491621
53 230 0.15750138735393596
53 233 0.1961232298861363
53 236 -2.0547752147779654
53 239 1.5458223277788292
53 241 0.7610180194063758
53 244 1.0220588886419322
53 211 -1.524500225347218
53 214 -0.8386144453363925
54 253 1.8590671232042615
54 256 -1.4941567281736428
54 259 2.131591073122076
54 262 0.15068157999535264
54 266 -0.00148290953882966
54 269 -0.8044930595043018
54 272 1.4682104431482572
54 275 -0.11675314902536935
54 277 -1.1204647093893978
54 280 -1.76814154123598
54 247 -0.7346852020738808
54 250 -0.08555708477023087
55 56 -1.4288361359010258
55 58 -1.6618342366006893
55 182 -1.149314470538691
55 185 -1.7996662307132119
55 188 0.6463910088824976
55 191 -1.7386591531327236
55 194 0.6881313518700732
55 197 -0.21231016965876354
55 200 0.9040458584429345
55 203 0.6710307744363685
55 205 0.6190743811577536
55 208 -1.0154865281092018
55 175 0.12851676982403606
55 178 1.079684846664424
56 57 -2.011638272210386
56 59 0.4195216556739813
56 218 1.169584274229626
56 221 0.22500666690595716
56 224 -0.32101381999116574
56 227 -0.13770117236784638
56 230 0.3806114487734959
56 233 0.3373129400013868
56 236 -1.2099702064740865
56 239 -0.2526744092471017
56 241 0.0641679357023721
56 244 0.32996023853420375
56 211 0.574676445066885
56 214 0.38352380698747474
57 60 1.755227521387992
57 254 -0.6031536238605487
57 257 0.07697035240905013
57 260 -2.451421174438495
57 263 -0.93029418864837
57 266 1.931289964057436
57 269 -0.8123566144433002
57 272 1.9940781471130027
57 275 1.1408777662335732
57 277 -0.23273667867349004
57 280 -2.410411285957435
57 247 -0.6832287777841101
57 250 2.249236690350382
58 59 -0.5852264661615475
58 182 -0.2323950989003798
58 185 -0.1401868824787403
58 188 0.4692320952199541
58 191 -0.15770942484798597
58 194 -0.5875318439776412
58 197 -0.9292570667723606
58 200 0.7379276689849412
58 203 -0.02413922467728874
58 205 -0.005610324569301555
58 208 -1.2191421654971473
58 175 -0.8495215190184598
58 178 0.886262414749847
59 60 0.18945509667098975
59 218 1.1313057069042536
59 221 -2.344649661962505
59 224 0.5653142439806739
59 227 0.4761100874826244
59 230 -0.9215121967653311
59 233 -0.503645759955864
59 236 0.35713213222204004
59 239 0.4294246733456063
59 241 -0.7780400769984311
59 244 0.24472219598528694
59 211 0.33906090973822445
59 214 -1.6144270274939159
60 254 0.7986825144426146
60 257 1.688142476278512
60 260 -0.3141715962835927
60 263 0.9195319193586314
60 266 -0.01972005562345425
60 269 -0.24916578487672267
60 272 -1.3441819221703455
60 275 0.1448835280369923
60 277 -0.11603742008405342
60 280 -0.281737744621674
60 247 -1.0686871316569744
60 250 1.7912183534952912
61 62 -0.8506720570901481
61 64 0.4226622088909263
61 182 1.073686758639089
61 185 -0.8666428228340455
61 188 0.63944344960501
61 191 -0.7558875920685691
61 194 1.1953736079110366
61 197 1.734219395551331
61 164 -0.9684272033178841
61 167 -0.5209747181712535
61 169 -0.4749677383598866
61 172 -0.05368242486273416
61 175 -0.6930913205279833
61 178 0.07765321526429293
62 63 0.9555335826685546
62 65 1.5424784450952884
62 218 -0.4449938383191438
62 221 -1.161409670879056
62 224 0.4266777599767677
62 227 0.08191045409539263
62 230 0.8887240326607362
62 233 -1.7027741906989793
62 200 -0.03119865312498406
62 203 0.5708633298509826
62 205 0.16175820418285916
62 208 -0.3274892899486716
62 211 0.24046603981367992
62 214 0.9181506356213405
63 66 0.9590375357523497
63 254 -0.05408698670738442
63 257 -1.1656643443618497
63 260 -0.7444416748795674
63 263 1.8283439117909799
63 266 -0.8983720087971259
63 269 -1.5646640971030408
63 236 -0.9675697187826247
63 239 -1.030532414376071
63 241 -0.6966165142035473
63 244 0.3859835044227156
63 247 -1.0115188035165696
63 250 0.11137311839341295
64 65 -0.1526777720576783
64 182 0.746198662892084
64 185 0.44050252340665463
64 188 -0.8890711582645004
64 191 0.1155162816891028
64 194 0.7891920396593453
64 197 0.1669271759697695
64 164 0.4362138458908551
64 167 0.8994705991718536
64 169 2.166499546735543
64 172 0.7848578897865371
64 175 0.8952744883779332
64 178 -0.7953920605811334
65 66 0.8384132837856954
65 218 -0.22261144991054274
65 221 -1.1243338307015907
65 224 -0.34459913147339666
65 227 -0.5913238733170196
65 230 1.1091854723026375
65 233 -0.18700378940606172
65 200 -0.6262155618534543
65 203 0.3432590062701758
65 205 -0.40020735026787674
65 208 -0.5402529540741154
65 211 -0.34944708280915093
65 214 0.8505737340492223
66 254 1.70919472790527
66 257 0.40616919005682106
66 260 -0.27616074917530564
66 263 -1.4461241130631173
66 266 1.0870215860385577
66 269 -0.22607764552858883
66 236 -0.23048800601705755
66 239 0.2924560407463241
66 241 -0.8115181812820029
66 244 0.5562126118524986
66 247 -0.15135072990513995
66 250 0.4006210123289819
67 68 0.42076703192862325
67 70 -1.7459187242452072
67 182 -0.24241379578133831
67 185 0.09711049982381208
67 188 -0.08734547338412695
67 191 -0.2995734013525504
67 194 -0.864762120859373
67 197 -0.7788951115978585
67 164 -0.9246094897774734
67 167 -1.0580368103927742
67 170 0.0646159258396456
67 173 2.8726735042288376
67 176 -1.532733754714679
67 179 -0.07042763976087157
68 69 -0.46846709406635517
68 71 1.5746604120273788
68 218 -0.32549209338554547
68 221 -0.3182794782601652
68 224 -0.10209154382622658
68 227 0.8541849021517505
68 230 0.6050598273024036
68 233 0.9852171144030479
68 200 -1.3420684393721174
68 203 -0.832739972073931
68 206 2.7246749454340113
68 209 0.4953906486355332
68 212 0.45211120916723607
68 215 0.031049434208803798
69 72 0.9044816648732585
69 254 -0.4335026209438307
69 257 -1.4498787246114926
69 260 -2.063084931087568
69 263 1.036906209318693
69 266 -0.22990422732354246
69 269 -0.37362124077644926
69 236 0.8274987442546302
69 239 0.6534739193765379
69 242 0.5277393074714194
69 245 -0.7080557016330812
69 248 0.2755222898058042
69 251 -1.8476102602382725
70 71 -0.5669794922498433
70 182 -1.193774314594468
70 185 1.5787187821973931
70 188 0.9463949029607488
70 191 -0.2677642073464986
70 194 -0.06048381613174076
70 197 1.431071216675169
70 164 -1.8155379004192758
70 167 0.39479423978658695
70 170 -0.3879727051977104
70 173 0.10342270649020345
70 176 1.9319754716611786
70 179 0.0592981402924875
71 72 -0.7061427137231165
71 218 -0.6484689794667401
71 221 -1.2116057118647707
71 224 1.348855340972799
71 227 -0.5999043304333218
71 230 -1.196147838045203
71 233 0.08993987811103449
71 200 0.00358043875550287
71 203 0.1423989699949513
71 206 -1.3223314777528454
71 209 0.4610312013184674
71 212 -0.36429297751021733
71 215 -2.2244398657277684
72 254 -0.4687203638480021
72 257 -1.1591611912795925
72 260 2.4028026298336944
72 263 -0.09937604036381131
72 266 -0.9353307019873749
72 269 0.1569529608714386
72 236 -0.09379552579830192
72 239 1.0602381459535926
72 242 -0.7796480509420558
72 245 -0.6154080773483599
72 248 -0.07112588797596701
72 251 0.8586484782909745
73 74 0.4778287084834292
73 76 -1.0524411356440035
73 182 0.8488077109245856
73 185 -0.398993687800351
73 152 1.4387426670119732
73 155 1.1747055259159347
73 158 1.4789838000491276
73 161 0.26880761147738674
73 164 1.015151529928681
73 167 0.9181442801191672
73 170 0.1594787212790467
73 173 -0.33722970811460706
73 176 1.0201046345001772
73 179 0.4187830816482204
74 75 -0.7047489701118262
74 77 0.5644469077737966
74 218 -0.606275596261253
74 221 0.9364777936610228
74 188 0.15884092843343703
74 191 -1.066244607956197
74 194 0.5683877491417639
74 197 -2.1779255600157597
74 200 0.6473082130368757
74 203 -0.7061552205384226
74 206 1.183028946101014
74 209 -0.262115886449729
74 212 -0.4382671408304501
74 215 0.08701936197373625
75 78 1.8000062775309933
75 254 0.4802350183658611
75 257 -0.28259867913229414
75 224 1.3302501441432804
75 227 -0.6646554253436642
75 230 1.4365911107396383
75 233 -1.8493169887520693
75 236 -0.9856471801536251
75 239 -0.6457475519194421
75 242 -0.25918079549187645
75 245 -0.9432990996576733
75 248 1.0925901164157803
75 251 0.4563272086732496
76 77 0.354560849127743
76 182 0.48763824182503385
76 185 -0.4430818790865088
76 152 0.4428844152598378
76 155 -0.35631421006636
76 158 -0.6396334961182066
76 161 0.4498419935280059
76 164 0.10688296469972973
76 167 -0.12559616332771675
76 170 -0.37936108189570744
76 173 -0.9272996456666892
76 176 0.9609854483149233
76 179 -0.875936612451324
77 78 0.16816994072215002
77 218 0.8522100656968788
77 221 -0.46957456427491023
77 188 1.6361104656583803
77 191 1.9691872265812986
77 194 0.21616423434393245
77 197 -0.6959449840387344
77 200 0.4599075554214583
77 203 -0.9668431081984953
77 206 0.4743110511287346
77 209 -0.015240430016306693
77 212 -0.6698683618691516
77 215 -0.6430024684328969
78 254 0.20188974260514103
78 257 0.5368999598966173
78 224 1.2138339060195489
78 227 -0.9806184730677353
78 230 -0.7461073880877396
78 233 0.7224682395670503
78 236 0.3717920153205091
78 239 0.3898882713599385
78 242 -0.3770799050967784
78 245 0.41222716559858374
78 248 0.1962047563625989
78 251 -0.7411538920736072
79 80 -0.6189482065376054
79 82 -1.1150772354737648
79 182 0.5160885033135241
79 185 -0.5252606613964346
79 152 1.0374799807051869
79 155 0.6566722250144734
79 159 1.4702938928903164
79 162 0.07102146263468487
79 165 0.7051536588045715
79 168 -1.5497112380937508
79 170 -0.5341321489704499
79 173 0.8935157293654635
79 176 0.7499452167958406
79 179 1.3287342452897644
80 81 0.6769069961638816
80 83 0.7497063607252602
80 218 1.7535911341292585
80 221 -0.05022408353850846
80 188 -0.20492470699428816
80 191 0.6502699948298188
80 195 -1.1827823224269882
80 198 -0.8892576262483114
80 201 1.2028244729464916
80 204 -1.5712755844519755
80 206 -2.354725255215329
80 209 1.631493371744471
80 212 0.4195699891224926
80 215 -0.9298364331748883
81 84 -1.4905543535121752
81 254 -0.7610988738948609
81 257 0.7637864095092101
81 224 0.12276164308834712
81 227 2.1840532461955977
81 231 0.20947475406989632
81 234 -0.4486603302362904
81 237 0.36144096908834467
81 240 -0.5959828897630494
81 242 0.29994209866882066
81 245 -0.24691625969539505
81 248 -0.23504170545285036
81 251 0.8345429486868225
82 83 0.3173955270071432
82 182 -1.202574970820557
82 185 1.4790412219559004
82 152 -1.0436794246891437
82 155 -0.014621243555910634
82 159 0.567709145467711
82 162 -0.39526455347462847
82 165 -0.13298399954630322
82 168 0.9435501575498082
82 170 0.2783379193360771
82 173 -0.6427710029348659
82 176 -0.27812749966743416
82 179 -0.06814466662494686
83 84 0.32588437880292287
83 218 0.8535439108588295
83 221 -0.34352619045562305
83 188 -2.599631028732222
83 191 0.19816303573891467
83 195 -2.192679864500136
83 198 0.05894877055931867
83 201 0.4658705598371145
83 204 0.3809741785742683
83 206 -0.7296460578780619
83 209 1.4765783646326227
83 212 0.0738904917028461
83 215 0.31938742961252636
84 254 0.6412073553109194
84 257 -0.11772420592836462
84 224 -0.8366157558921861
84 227 0.0478821197802135
84 231 2.4581017509076784
84 234 1.2557334232009987
84 237 0.7808423393063044
84 240 0.5377674837780712
84 242 1.1442437335814926
84 245 1.6238054957748438
84 248 1.080381675374084
84 251 -0.6052299959748768
85 86 -1.4688736787599166
85 88 -1.4143277446482234
85 182 0.4145993263180308
85 185 0.7339635708061769
85 188 -0.6327812109144941
85 191 0.9119666794753132
85 195 -1.6675810906762303
85 198 -1.311391400616189
85 201 1.7838620402043792
85 204 -1.481426616336899
85 206 0.6106926817824783
85 209 0.3055726348309676
85 176 0.5232511772364947
85 179 1.0406927532251606
86 87 0.03616477413483553
86 89 0.13194807647687273
86 218 0.33385482552772605
86 221 0.7314693258173138
86 224 -0.5733703017859655
86 227 -1.4658097587036591
86 231 -2.1026175798234825
86 234 -1.0496406422201172
86 237 0.48235192467045945
86 240 -0.48431067380904297
86 242 -0.5361735002902052
86 245 -1.4093164719710471
86 212 -0.5011060385584688
86 215 0.06869735754620133
87 90 0.3394765751136596
87 254 0.8180125866986532
87 257 -0.37618154089100714
87 260 -0.30059244805820096
87 263 2.2821034140192356
87 267 -1.3364213443147557
87 270 -0.7658290836853214
87 273 0.31391158599961555
87 276 0.582945480697897
87 278 0.1331784156640169
87 281 -0.5085934905806007
87 248 -0.4912798239300964
87 251 0.9843523898986319
88 89 -0.667062522484228
88 182 0.2619939877156123
88 185 -2.2803707445908254
88 188 1.3339811247421762
88 191 0.4478373230895503
88 195 0.37452763993896704
88 198 -0.4871417110727999
88 201 0.266362060757564
88 204 1.3365027339242141
88 206 -0.04873378581473096
88 209 -0.3405189295918255
88 176 -2.1201209541752832
88 179 -0.18530033681954244
89 90 0.5742972202417237
89 218 1.137468082115801
89 221 1.5300623576134575
89 224 -1.0002988789822034
89 227 -1.3087769887406808
89 231 -0.10924412526453674
89 234 -0.1009379620555415
89 237 -1.7270026578683917
89 240 1.386970827724545
89 242 0.36272886760561485
89 245 -0.645487022537238
89 212 0.783758366337264
89 215 0.18786626868672174
90 254 0.594609268064903
90 257 0.6596992238135642
90 260 0.22632673814332932
90 263 -1.5071086908622904
90 267 -1.2969822921859218
90 270 -0.8591393250840872
90 273 -0.053939878010871564
90 276 -1.985979235776981
90 278 0.7040130502418479
90 281 -1.1526426325210022
90 248 0.6862590893274252
90 251 -0.7726590050493909
91 92 1.5518511901929954
91 94 -0.11573954966139255
91 183 -1.5834931180955019
91 186 0.4023912050068259
91 189 1.4943823336539506
91 192 0.528917288538806
91 195 -0.7781278036527216
91 198 -0.27840946123135224
91 201 0.2166150709031939
91 204 0.8868557287104354
91 206 0.24215482538487001
91 209 -0.34163963817921367
91 176 0.6756577572475556
91 179 -0.06345632681819777
92 93 -0.8899618379747134
92 95 0.7943291110309586
92 219 0.04838674360148317
92 222 -0.6034229959125855
92 225 0.5777059987590477
92 228 -0.3033771633090032
92 231 1.1295572693256608
92 234 -0.9283210636820732
92 237 -0.5379116651090522
92 240 -1.3630610450218366
92 242 -1.4573200654649814
92 245 -1.5102209895159877
92 212 -1.1143679473004153
92 215 -0.7138050114033305
93 96 -0.40126159457535665
93 255 0.4600648909460626
93 258 1.914650449382744
93 261 -1.163054978421492
93 264 -0.3132446170476645
93 267 -0.2917849298219707
93 270 0.3695416776844175
93 273 -0.7445463485168907
93 276 0.0007603537363946117
93 278 0.9038078275103728
93 281 -0.6841294970353576
93 248 0.26037099630512456
93 251 0.24213863724633278
94 95 0.8025627701417628
94 183 1.7463479628006908
94 186 -0.9041855607061583
94 189 -0.9231078333161288
94 192 -0.31916462507575954
94 195 0.6877953499964534
94 198 2.0740855094151547
94 201 -0.12434068995026515
94 204 1.3458058435930302
94 206 -1.2669143072301705
94 209 -0.47945780789093106
94 176 -1.7589426669451578
94 179 -0.6208807519555299
95 96 2.1168497194800877
95 219 0.2265675080416477
95 222 1.272228644833048
95 225 0.8843954919559118
95 228 -1.6567895323554016
95 231 1.035097038046664
95 234 1.2184547142218798
95 237 -0.10369041765094175
95 240 -1.456917410221737
95 242 -0.3497478187097791
95 245 -0.26940583219863956
95 212 0.29724167625989867
95 215 -0.09169076985715716
96 255 -0.2660562212821089
96 258 0.22941727490952124
96 261 1.3125192154762297
96 264 -1.5048035521756922
96 267 0.5410081633238013
96 270 0.2469254049853019
96 273 -1.0846705444686415
96 276 0.6593889906248552
96 278 1.04133859212878
96 281 -0.727984476320003
96 248 0.4507929476482099
96 251 2.112128608833041
97 98 -0.5589694182512729
97 100 1.9047436615819964
97 183 0.6148984733096869
97 186 2.0739285021281098
97 189 1.9262927722463454
97 192 -1.1088372454787518
97 195 -0.5187154518434605
97 198 -0.6524501185313507
97 165 1.6018638503431697
97 168 0.7546075995058479
97 170 -0.47612199778478376
97 173 -0.6719722864818819
97 176 -0.516846827908233
97 179 1.2354948933760745
98 99 -1.0604585744057315
98 101 -0.5758735110975218
98 219 0.4417025383547824
98 222 0.24090115389131878
98 225 -0.9622938720787245
98 228 -0.5394612391914468
98 231 -0.5384040677635473
98 234 -0.8449724640045383
98 201 0.884189960018359
98 204 0.6946004713439405
98 206 0.5102483674969693
98 209 1.0347853363986812
98 212 0.060659525163380794
98 215 0.607710438101126
99 102 -0.1668839457225604
99 255 -1.13127625358725
99 258 0.6408954690670676
99 261 0.2079411025913454
99 264 -1.6579840923198337
99 267 -0.7170023286768751
99 270 -1.070490256129098
99 237 0.7610311206254938
99 240 0.5654221771826156
99 242 0.3854309864953809
99 245 0.3585406616367789
99 248 -2.223479887095076
99 251 -1.923095761031376
100 101 -1.4582949327763368
100 183 -0.8577028110271002
100 186 0.6477772796206106
100 189 -0.78305780182277
100 192 0.499351785089193
100 195 0.11433308982636514
100 198 -0.21612599967888757
100 165 -0.16049362354267083
100 168 -1.0278926876962962
100 170 -0.06497277730600196
100 173 -0.10541247182454362
100 176 -0.2677099691954494
100 179 0.5167341620158634
101 102 0.7923872720200459
101 219 -0.8639257303559368
101 222 -0.5321036396718106
101 225 0.7814900834214806
101 228 -0.5684414116799436
101 231 -0.3488587252307169
101 234 1.3225019340550512
101 201 0.75611649635161
101 204 -0.6068142054381467
101 206 0.6672189917319941
101 209 2.2465410830934
101 212 2.071442616748707
101 215 -1.6754198763193477
102 255 0.6477094684184255
102 258 2.258086069775993
102 261 0.4484291941216398
102 264 0.24211015377287073
102 267 -0.65629865311117
102 270 0.32456062882429426
102 237 0.26115952128431524
102 240 -0.27443603397132477
102 242 -0.176205086898902
102 245 -0.5943469663123484
102 248 -0.12468477897223894
102 251 0.3569234482021387
103 104 -0.3162585086531543
103 106 -0.5166907310155316
103 183 0.9509424293133929
103 186 -0.7075857454543868
103 189 -0.750788566335875
103 192 -0.21963023267081505
103 195 0.28878587233926073
103 198 0.7402175788955939
103 165 0.6344169222116172
103 168 -0.3534880270813705
103 171 -0.023066046340656985
103 174 -1.550290070152312
103 177 -1.6652946359054606
103 180 0.44392878757161947
104 105 -1.8144593089536585
104 107 -0.38913940612898024
104 219 -1.0892757188054658
104 222 0.877011491056883
104 225 -0.05453531918805688
104 228 -0.36543104047206665
104 231 -1.6169964965307675
104 234 -0.9720150815293525
104 201 -0.05949112885749557
104 204 -0.6545489187700194
104 207 0.8450558385059601
104 210 -2.855111701612133
104 213 0.21601522469117562
104 216 -0.6265564236580111
105 108 0.9519652142609357
105 255 1.0575935648437933
105 258 0.8089030560565645
105 261 0.12966024837703138
105 264 -0.4463963590509586
105 267 -0.5317176116633778
105 270 -0.8966546324189869
105 237 0.8909435571436998
105 240 0.3937019649032283
105 243 1.7247994417841424
105 246 -1.3585886484195937
105 249 -2.5649419119407835
105 252 -0.609846049581273
106 107 0.827761061514519
106 183 -1.0017866324911444
106 186 -0.6193848150511092
106 189 0.04729358075319805
106 192 -2.0218827299591973
106 195 0.12765368276417702
106 198 0.9652874025240452
106 165 -1.8831144646511502
106 168 1.87239086203321
106 171 -0.42711237300715293
106 174 2.6621781857408497
106 177 1.022718162248483
106 180 -1.2480456009270424
107 108 -2.6720975331100143
107 219 0.7065191635691769
107 222 -0.21022658949616244
107 225 0.21220982650200282
107 228 1.0273331752842856
107 231 -0.4604341742250375
107 234 -0.5663464698454184
107 201 1.0265528446059071
107 204 0.7016435074739769
107 207 -0.6886284117585799
107 210 0.16482877947226537
107 213 0.022765337688007047
107 216 -0.6300778578455671
108 255 -0.07537851396727525
108 258 -0.016397522964745607
108 261 -0.2164621029086214
108 264 -0.3630115863707104
108 267 -0.2065694711021494
108 270 0.1907953526179774
108 237 0.17381828648905306
108 240 -0.053274020309582455
108 243 0.46634708305811545
108 246 -0.19539597288966937
108 249 0.22806192730887706
108 252 0.7944639430529786
109 110 -0.1888372758515977
109 112 1.1562463923504862
109 183 -0.14397407271999954
109 186 -0.46154668403182514
109 153 -0.47469300488701066
109 156 1.7604155491948865
109 159 0.45760379430845477
109 162 -0.5082626854817323
109 165 -0.6213723165543643
109 168 1.1587579765362095
109 171 -0.07713474744533165
109 174 -0.44471253756431633
109 177 0.8220823582660741
109 180 0.3512121144429916
110 111 0.993197631268871
110 113 0.13135489631270403
110 219 -0.21977027781719263
110 222 1.3205731042821853
110 189 -0.1240657028228208
110 192 1.1072812495807842
110 195 1.3349990453495433
110 198 0.15389298151301484
110 201 -0.8752171498266433
110 204 -1.4645515882613729
110 207 0.04160826981229468
110 210 -0.45286090363384734
110 213 -1.0086661186224688
110 216 -0.9003929768603074
111 114 -0.03626736926878449
111 255 0.5807859404495782
111 258 -0.08790340057448133
111 225 0.423648182655429
111 228 -1.710829512783875
111 231 -0.614871853590695
111 234 0.5083926662312513
111 237 -0.14231807669513885
111 240 -2.26483234045168
111 243 1.4743112425292797
111 246 0.43696057584152836
111 249 -0.3722092789451958
111 252 -0.3927482514187159
112 113 0.34304959966309456
112 183 0.10480331375003979
112 186 2.538891621332134
112 153 1.3353232850933623
112 156 -0.4582253177698279
112 159 -0.11903998596863738
112 162 -0.8730039993137826
112 165 -1.0437503335965732
112 168 0.9641622512371968
112 171 -0.6116172838492197
112 174 0.43718902298393736
112 177 -0.5287242200482446
112 180 -0.6969071142758189
113 114 0.2733915466516396
113 219 -0.5094123679591432
113 222 -0.04741151157662714
113 189 0.9538718741814106
113 192 0.6728200441155447
113 195 -1.3192360538670262
113 198 0.3673250166827553
113 201 1.668653441890436
113 204 0.9099287741931433
113 207 -2.3856132730385142
113 210 -0.9688489230191414
113 213 0.11592743983626556
113 216 -1.2682462284995342
114 255 1.1547699891868746
114 258 -1.5434640424453883
114 225 0.31884508943447154
114 228 -1.5666579172955917
114 231 -0.31727408663957274
114 234 -1.9256228774346429
114 237 -0.4798368277506652
114 240 -1.5604282984771458
114 243 1.1769060645836775
114 246 0.5163097112076991
114 249 -2.7925532864554112
114 252 -0.18566460561897732
115 116 0.4650134032101418
115 118 -0.992532861862848
115 183 -0.15837179468288384
115 186 0.29366303868267835
115 153 0.5755861034661328
115 156 1.0744444161349027
115 171 -0.30640202223793017
115 174 -1.8921685448553747
115 177 0.4914534546795424
115 180 1.249409215506429
116 117 0.9323081774012655
116 119 0.4443417060862093
116 219 0.7124045850199949
116 222 0.135860687941494
116 189 0.4211653964400244
116 192 0.370535198838336
116 207 0.9423874462685413
116 210 0.17438583384031148
116 213 -2.1247753810149788
116 216 -0.6296571715102691
117 120 0.9566797931810238
117 255 -3.0149535314405718
117 258 -0.8675888009712895
117 225 0.6929994528677813
117 228 -0.9461031048797054
117 243 1.1413614108304904
117 246 -0.030379114751473188
117 249 -0.7011892311548165
117 252 0.49786142980579096
118 119 -0.46170263434008707
118 183 0.5723094375619645
118 186 0.09980726810338807
118 153 1.4133894500969704
118 156 1.6026942477853963
118 171 -0.12981119289458157
118 174 -1.329039780039015
118 177 0.011212808953144127
118 180 1.1136817789260613
119 120 -0.5607804272477251
119 219 -0.17811127196396953
119 222 -0.12580891231190738
119 189 0.48940064489029883
119 192 0.697448731251952
119 207 0.14377876798786934
119 210 2.7214077996261983
119 213 -2.3784990304697993
119 216 -0.9661300083350731
120 255 0.8508515677589892
120 258 1.5898850808544567
120 225 0.8724755177561403
120 228 1.047935682468299
120 243 0.318114224257138
120 246 1.6989859347692735
120 249 0.9283673268250706
120 252 0.9936238764953728
121 122 -1.251414100067888
121 124 1.1350206507023093
121 183 -0.16279064559857584
121 186 -1.0874223560301897
121 189 -0.9249149680240653
121 192 -0.9903734361419958
121 207 0.49807007201863135
121 210 0.5732475842099696
121 177 -2.3880446989765853
121 180 -1.296412789003306
122 123 -0.6970923805229997
122 125 1.1219910434158809
122 219 -1.5615035510194923
122 222 -0.5441683452483268
122 225 1.2537106556351953
122 228 -0.9180473913730084
122 243 -0.351620250127399
122 246 1.0496689183134196
122 213 0.16478290664367373
122 216 -0.039830096140762584
123 126 0.269820866023642
123 255 -0.40835961449416064
123 258 -0.20242859170862743
123 261 1.3666847309781434
123 264 0.17419395853325467
123 279 0.6540138921045039
123 282 0.1426340049274509
123 249 -1.5728135544817996
123 252 -0.29649570010675774
124 125 0.7588287375807434
124 183 -1.6099028193389178
124 186 -0.4862599957316176
124 189 0.028234181224133122
124 192 0.1913737879567799
124 207 0.8746905099784097
124 210 -1.8238167087307193
124 177 0.01794647974510122
124 180 -1.5996318990947171
125 126 -0.6578720921996388
125 219 -1.0901829215075773
125 222 0.8381415261312745
125 225 1.2362303878853154
125 228 -0.7455782220177821
125 243 -1.2090361827461733
125 246 -0.5371730939428284
125 213 -0.43730944705915303
125 216 0.4573512300088331
126 255 0.08516098139933635
126 258 -0.32511020933863816
126 261 -0.03771095670972566
126 264 1.2004832090536046
126 279 0.05335159949284463
126 282 1.7931695804658405
126 249 2.5955185574743576
126 252 -0.6913679898478885
127 128 -1.5304141012651418
127 130 0.6648400362337317
127 207 -0.5703720825791637
127 210 -0.1346598537610919
127 177 -0.6104951864728426
127 180 -1.1332257056070332
128 129 -0.18114626039275084
128 131 -0.5192862671071311
128 243 0.4239197845249963
128 246 0.7376557154544638
128 213 0.2483394393620699
128 216 0.3957339437270708
129 132 0.29157665192703675
129 279 -0.4192036441905589
129 282 -0.2892698120689844
129 249 0.5004167152350598
129 252 -1.2671041882742293
130 131 1.2717156325422019
130 207 0.32830045794706836
130 210 -0.901556448778565
130 177 1.783403969676033
130 180 1.5999660762908334
131 132 0.41716475280213833
131 243 0.3196408652880786
131 246 0.585268222799763
131 213 0.21139922834993038
131 216 0.8758117336598366
132 279 1.057929707471444
132 282 -2.1091236231027155
132 249 0.2018978211057376
132 252 1.753804856700949
133 134 0.5082218818065686
133 136 0.18748698476775794
133 171 -0.548872149947242
133 174 1.1852985178932915
133 177 0.0433554918419915
133 180 1.3642420388475538
134 135 1.5988904407877413
134 137 0.2193863899854205
134 207 -0.7319206017226306
134 210 0.15558182594487693
134 213 0.987765023951946
134 216 0.7856289099611578
135 138 -0.4602994931717036
135 243 1.8962744835001943
135 246 1.0597139110515887
135 249 0.640785104374375
135 252 0.11439043049286275
136 137 -0.5011008428222752
136 171 -1.502328306352402
136 174 -0.44858448066811407
136 177 1.7415446365883356
136 180 -1.6701468099423833
137 138 -0.5741985259390441
137 207 0.22166186280097258
137 210 -0.9870972190168482
137 213 0.7823707228040838
137 216 -1.5993637855328697
138 243 -1.7638471736730892
138 246 0.05323585355368167
138 249 -1.9542527662195655
138 252 0.14211643606349073
139 140 1.3758289675800337
139 142 -1.345454359252757
140 141 0.9829913865960935
140 143 0.34727583487102837
141 144 -3.205646316804935
142 143 -0.29065594895692265
143 144 0.9811406286732617
145 146 0.5602105235372811
145 148 -1.165352694458932
146 147 -0.29784302454714945
146 149 -1.066332736982647
147 150 2.335856206132812
148 149 1.619926394603683
149 150 -0.32128762143255585
151 152 1.487676906661888
151 154 -0.49688596950262365
152 153 -0.0846852359156335
152 155 -0.9975365266643481
153 156 1.1036100161923768
154 155 -1.0701373821094657
155 156 -2.30221363325349
157 158 -0.6415335774453823
157 160 -0.5156370995449954
158 159 0.17038356184991768
158 161 2.489108261844743
159 162 -0.5631528149542357
160 161 0.8640626158439727
161 162 -0.12271511400373061
163 164 0.9851654863285609
163 166 -1.9720813682774108
164 165 0.8071331704484375
164 167 0.2435135217976928
165 168 -1.508795256735028
166 167 -0.1367017041392494
167 168 1.1998492075565503
169 170 -0.5465899785091095
169 172 0.0566790002533219
170 171 -1.3771048845272218
170 173 -0.44623083674834
171 174 -1.2401311460995468
172 173 -2.7051718970335976
173 174 0.9828056614797547
175 176 -0.4558793330167621
175 178 -1.605200312825037
176 177 0.5388864703933319
176 179 -2.5103292317788815
177 180 -0.3342724518124462
178 179 -0.061984932474351453
179 180 -0.20889605746664822
181 182 -1.09789666719882
181 184 1.7373285359863868
182 183 -0.013017530203976087
182 185 1.407426102215544
183 186 -1.0609586676694711
184 185 0.20698333538073005
185 186 -0.573383838433663
187 188 -0.5594206307018463
187 190 0.7861075249446479
188 189 -1.4321020735708345
188 191 1.5175330913915688
189 192 -1.2107476678188371
190 191 1.2623346377236873
191 192 -0.608619601868365
193 194 -2.0588722256389826
193 196 0.10386283079001661
194 195 -0.6825780383645523
194 197 -0.32665052185336824
195 198 -0.7666827174084291
196 197 0.46766798084737304
197 198 -1.9066532741613622
199 200 2.0141249975839433
199 202 -0.8620355481406041
200 201 0.8292312858684799
200 203 0.17389767229201678
201 204 1.299087509584804
202 203 0.9420633684983144
203 204 1.3246062054021122
205 206 1.5880536658946096
205 208 0.6510189072831769
206 207 -1.1027396320015388
206 209 1.0588806037295262
207 210 -0.08246164134495443
208 209 0.32362641722536123
209 210 -2.6946562834014474
211 212 0.662771598019911
211 214 0.478537577823235
212 213 0.5237699145375713
212 215 -0.2038703348284459
213 216 0.842079489049029
214 215 0.25783984503790697
215 216 -0.878209908682502
217 218 0.6859452952751252
217 220 -1.092848884666292
218 219 -0.6841717766820798
218 221 0.7960874555539865
219 222 0.2220444360962051
220 221 -0.47141631357422864
221 222 -0.9487325784650135
223 224 1.8504150925115819
223 226 -1.0076745567410017
224 225 -0.5620980452580192
224 227 -0.6845125384261997
225 228 0.5387094057156308
226 227 -0.3226207004249117
227 228 0.9573281860676558
229 230 0.9978403592023337
229 232 -0.18885005944809713
230 231 2.200300427597827
230 233 -1.7021004916992353
231 234 0.1880348436237782
232 233 -0.5050402518634209
233 234 -1.15267395821741
235 236 -0.858658167225251
235 238 0.04551378727845963
236 237 1.7467622864434031
236 239 -1.1297791011576777
237 240 -1.4435012947505432
238 239 -0.6234760217102023
239 240 0.2805487270411011
241 242 1.824603747598217
241 244 0.022939100750032547
242 243 -0.3350736604338057
242 245 2.2162133755368707
243 246 0.3054893175161901
244 245 1.0707808734989233
245 246 -0.08705572919109593
247 248 -0.08963718939717585
247 250 0.1578801589032749
248 249 -3.1100458636627972
248 251 0.15908962577634134
249 252 -0.11021613503268368
250 251 -0.24133461545928916
251 252 0.10447091541585253
253 254 -0.16441567670752197
253 256 -0.7481267939016535
254 255 -0.4981905208392976
254 257 -0.8664800540697664
255 258 0.6721564495955441
256 257 1.1206305270591843
257 258 0.395498058386414
259 260 -0.9983726670391452
259 262 -1.3411713635423284
260 261 1.0115417361115742
260 263 0.7139443980666641
261 264 -0.45508328909950285
262 263 0.9130294125537042
263 264 0.08408998110952412
265 266 0.835548827152735
265 268 -0.10971299705237353
266 267 -0.6984079164082334
266 269 -0.08408148701963246
267 270 1.4495078618472363
268 269 -1.341414325222378
269 270 1.1434648783231214
271 272 1.0911994849263404
271 274 -2.196188631878816
272 273 -1.5577634680086305
272 275 -0.8274801671808526
273 276 -0.7478083945580087
274 275 0.42113302859222257
275 276 -0.4117085850488243
277 278 -0.9268643681224582
277 280 -0.5470720804762266
278 279 1.6270571160613703
278 281 -0.07260770659607124
279 282 1.0311290640635824
280 281 -0.35752035213823186
281 282 0.7626256643661787
283 284 1.0725021751478647
283 286 2.3454551997443076
284 285 0.9699579848897152
284 287 1.1351543970378688
285 288 1.571924191536816
286 287 -0.5553859804258552
287 288 -0.8192865134135808
