# 
1 1 -0.6380411180837359
2 2 0.565680201241957
3 3 0.11081046373155135
4 4 -0.3660815016285287
5 5 0.47152949731224714
6 6 0.6814667190094975
7 7 0.3636667615766514
8 8 0.7021884422186638
9 9 0.0701171278128093
10 10 1.5589994142445822
11 11 -0.04734076868950722
12 12 -1.1399613130324127
13 13 -0.4829978036763098
14 14 0.36070249367674684
15 15 1.5623667584475103
16 16 1.4482183111168367
17 17 0.9699401995090574
18 18 -1.4652049067436084
19 19 -0.9645596921859398
20 20 -0.3077936687403871
21 21 0.14758853387311682
22 22 -0.45025386706858944
23 23 2.7932921973824434
24 24 1.4988509833959545
25 25 -0.609667606264862
26 26 0.19141388513085536
27 27 0.2881205502107764
28 28 1.3884385326617643
29 29 1.0909202944020613
30 30 0.7527892080533958
31 31 -1.257468210333063
32 32 -0.09131541014686319
33 33 0.06620675710938849
34 34 -0.4334590780949487
35 35 -2.2399148001232163
36 36 1.0929373148312558
37 37 -0.7933698199908259
38 38 -0.4494700627355893
39 39 2.413108871584332
40 40 -0.6959824990155205
41 41 0.8566632329180323
42 42 -1.6390395970200229
43 43 0.7825465308186311
44 44 1.628956649195043
45 45 0.98457328794545
46 46 1.1244678448701035
47 47 -2.4658574326068337
48 48 -1.0738083899835096
49 49 0.14227699631857874
50 50 -1.4985946310549991
51 51 1.033335048767098
52 52 -1.8662315963300695
53 53 -0.9309362159775655
54 54 1.6251549931496956
55 55 -0.4144354387521668
56 56 -1.0234307055891623
57 57 -0.35484445501425216
58 58 -1.427386287585513
59 59 0.21913720914932328
60 60 -0.9474086901403144
61 61 0.5350874593729282
62 62 -1.0262695586680597
63 63 -0.4627507898176599
64 64 -1.6042866557956776
65 65 0.25203878234577753
66 66 0.8796392302361451
67 67 1.149518438183238
68 68 0.16609085450145525
69 69 0.30813429334027087
70 70 0.1344457924929572
71 71 0.057911192397691456
72 72 -1.8225320465661998
73 73 0.33750774077313456
74 74 0.8568411317185093
75 75 -1.062520529200072
76 76 0.12498712877311566
77 77 -1.840382321965082
78 78 -0.12969467559790823
79 79 -0.4013445518234406
80 80 0.10837111364593272
81 81 0.863283796427945
82 82 0.5075253560171864
83 83 -0.4371711546300713
84 84 -0.06843604334435803
85 85 1.0196765517379887
86 86 -0.7470750534454973
87 87 0.7206908729643254
88 88 0.07722977173499437
89 89 0.43333821288496005
90 90 1.5481920981924955
91 91 1.0745226352429826
92 92 -0.933714411600085
93 93 0.07562668809114138
94 94 -1.7772690566753364
95 95 -0.9133267574773055
96 96 1.5424159545842178
97 97 -0.008318231686020371
98 98 -0.0046285119039850536
99 99 -0.7174888954851849
100 100 -0.511734665515122
101 101 1.0981195196162947
102 102 -1.946191150735336
103 103 0.55124247192055
104 104 -0.7072307794927537
105 105 -0.711914127412038
106 106 0.21243913149555102
107 107 -0.8274396294867408
108 108 -1.077132525564763
109 109 0.23087731898056693
110 110 1.133869669513004
111 111 -0.2851959171306723
112 112 0.4497052761647144
113 113 0.34815976117437925
114 114 -0.22700691723766442
115 115 0.9768283669378167
116 116 -0.666135283963467
117 117 -0.06226796183973994
118 118 1.3165136024402695
119 119 -0.0018438263861818955
120 120 -0.4691238860052585
121 121 -0.08194584916884623
122 122 -2.170486502497156
123 123 -0.907442627274203
124 124 0.2600480490437565
125 125 -0.7769092042499313
126 126 0.0020546135158286817
127 127 -1.1425463282866475
128 128 0.1663019150391589
129 129 -1.2454295564510347
130 130 -0.03126945181145299
131 131 -0.5514927167399779
132 132 0.0815657647700577
133 133 0.8148138349942395
134 134 0.8678607916383578
135 135 2.5995281095270744
136 136 0.6116230432475699
137 137 0.09838160247412371
138 138 0.8864212928663167
139 139 -0.26051147513575745
140 140 -0.8052369057234912
141 141 -0.45361171765415526
142 142 -0.820853520010189
143 143 -0.8766535508503878
144 144 0.03663420135643682
145 145 0.9718264700525497
146 146 0.1464590909664672
147 147 0.7122831129226677
148 148 -1.5928444300010682
149 149 0.3248665192663011
150 150 -1.553106593651433
151 151 0.6208682599777194
152 152 1.3938112725580893
153 153 -0.12093772569634713
154 154 0.45537298315126185
155 155 2.0703650868137835
156 156 0.5897787401106812
157 157 1.1184951359651714
158 158 -2.111904679462912
159 159 1.6206738595125605
160 160 0.6529989834066933
161 161 -0.2553708173142773
162 162 0.01048810464789128
163 163 0.39302799193528265
164 164 -1.291051550751924
165 165 -0.8626338719486238
166 166 -1.413052780183877
167 167 -1.529391615961107
168 168 -0.18273796561441807
169 169 -0.3843919050874037
170 170 0.9838164708043765
171 171 -0.005924820646693816
172 172 0.6541737434794871
173 173 0.28402306819431866
174 174 -0.4720037693048296
175 175 1.452542226792342
176 176 -0.2496266731795974
177 177 0.5857524355127282
178 178 -0.046597636425581526
179 179 -0.47209787897612865
180 180 0.4605340025407556
181 181 -0.8031842912905359
182 182 -0.9054351812040542
183 183 0.7922825374749402
184 184 1.1362535329812582
185 185 0.1797170379047557
186 186 0.6336695165976407
187 187 -0.48160056692280395
188 188 -1.718768349482654
189 189 -0.873781918925296
190 190 0.37805024224100375
191 191 -1.045203420221053
192 192 0.20419684615219014
193 193 -0.9984079071518722
194 194 -0.24363749270989563
195 195 0.8211244914273541
196 196 -1.623458081641589
197 197 -0.5102872590233273
198 198 0.6375319765813284
199 199 -0.16997244734564504
200 200 0.8345154580664162
201 201 0.22116027946865985
202 202 -0.5959233995298933
203 203 -0.05924242009804182
204 204 -0.021855016515395793
205 205 -0.26669770846723556
206 206 0.1670639649164368
207 207 -0.14329905592141465
208 208 1.436911865811198
209 209 -1.044914256894444
210 210 -1.5138670505598908
211 211 0.8346425605295605
212 212 -2.8478896995609397
213 213 0.9316648244669794
214 214 -1.2198378271915993
215 215 1.6250507221340702
216 216 -0.505686633265892
217 217 0.2207517305520537
218 218 -0.4939627614237414
219 219 1.160772989364827
220 220 -0.2671209392777836
221 221 1.4297868360736299
222 222 0.3254857009931056
223 223 -0.14720246587997726
224 224 -2.5550583608899813
225 225 -0.3100338321747348
226 226 2.021726575630809
227 227 -0.3827079659278246
228 228 -1.1296500652556671
229 229 1.7315032931550336
230 230 -0.20324825832416163
231 231 -1.1043187372664207
232 232 -0.663347518922996
233 233 -0.059393008497408126
234 234 -0.21656160349826736
235 235 -0.6151572274285916
236 236 1.0707612926328811
237 237 -0.22395028777724932
238 238 -0.6604330287394874
239 239 -1.860340904944722
240 240 -0.21834433125363834
241 241 -0.9497907662267945
242 242 1.2462559572926022
243 243 -1.0683346014924973
244 244 0.16205266281480893
245 245 0.7297380145159057
246 246 -0.429175536928574
247 247 -1.5276403856582188
248 248 0.4197290517999799
249 249 -1.443949824031953
250 250 0.9678327008348085
251 251 0.8906255020801347
252 252 0.33965874525910106
253 253 1.236341222906763
254 254 -1.4011078108456159
255 255 0.16242395027222056
256 256 0.8087016310131104
257 257 0.38767884120877844
258 258 0.6235151736340768
259 259 2.0794868278592658
260 260 -1.1495202276348082
261 261 0.19027007100982216
262 262 1.7205488642209543
263 263 1.0660266249140384
264 264 -0.7390227568409202
265 265 -0.3934091311660517
266 266 1.5168073021955422
267 267 -0.20517650456048359
268 268 0.48419716575495386
269 269 -1.089453646107944
270 270 0.442165159503489
271 271 0.07401206775345444
272 272 2.064094413392844
273 273 0.4698479125797757
274 274 1.0195722972205725
275 275 0.17375977648244775
276 276 1.6442828065425663
277 277 -1.4080809854677803
278 278 1.4877787319636293
279 279 2.60334048041517
280 280 -0.0769959576956741
281 281 0.4438095199279155
282 282 -0.6557974349976976
283 283 1.1090865829167298
284 284 -2.100370774962199
285 285 -0.9089498471912651
286 286 0.8835160457605965
287 287 0.13404031779848957
288 288 -0.1869400968260058
1 2 -0.08717915739086181
1 4 -2.372424535940437
2 3 0.48015692238982066
2 5 0.5580621386876422
3 6 0.14234761459564493
4 5 0.3298206296684317
5 6 0.9102506155643435
7 8 0.5121748126106934
7 10 1.4135880873584068
7 157 0.6434820085179286
7 160 1.0420778933737311
7 163 1.1643516069876243
7 166 -1.1180914441399539
8 9 0.5081413886017989
8 11 -0.6841774341106465
8 193 -0.9292471329785058
8 196 -2.4790113215197525
8 199 0.2747245796135309
8 202 -1.406122938155794
9 12 -1.5156793564587732
9 229 -0.36535165486628823
9 232 -0.4046652641020812
9 235 -1.093119429134518
9 238 0.3251065913502679
10 11 0.5433124505811179
10 157 -0.891953493914553
10 160 0.6410391941894887
10 163 0.33771159021098
10 166 -1.2309967925064793
11 12 -0.384754213626401
11 193 -0.4339976601666585
11 196 -0.3062100121891422
11 199 0.37627780458022037
11 202 0.5672866131845123
12 229 0.15647434614532163
12 232 1.0792276262022455
12 235 1.0225991264036516
12 238 -0.24914044670927207
13 14 -0.041733891813084366
13 16 -1.9445047245458085
13 193 1.2068364046557583
13 196 0.8670666037586017
13 199 0.35595368274799427
13 202 -0.3168377918945114
14 15 0.2710415422458189
14 17 0.7463139267716192
14 229 0.8697193656624583
14 232 -0.09906001353280632
14 235 1.5248368419212144
14 238 -0.5944734004603095
15 18 0.46884332840127246
15 265 -0.8064025963019783
15 268 0.3299660911472489
15 271 0.5672568672503396
15 274 0.6915105312665772
16 17 0.4684519526758255
16 193 0.8516442807807187
16 196 -1.5177630681641614
16 199 -1.0665114139097023
16 202 -1.0913576355826453
17 18 -0.3155302658163876
17 229 -0.0068056059017009484
17 232 -0.5262534201990122
17 235 0.35600597490833613
17 238 -0.6657441765942291
18 265 0.09947304788969744
18 268 -0.8214532969184891
18 271 -0.17384999551716498
18 274 0.15388437746858868
19 20 0.05525458026166339
19 22 0.471077838795353
19 181 -0.9876884173111707
19 184 -2.0055044786015928
19 187 0.3996194611736511
19 190 -0.4179570652739967
19 193 1.7004798998150539
19 196 -0.10401629415248753
19 199 0.3254355180612375
19 202 -0.30528015959926375
20 21 -0.5940213330952043
20 23 -0.20362273311094506
20 217 -1.5587625514101022
20 220 -0.13800027353573346
20 223 -0.5235567443825535
20 226 0.23553455551191976
20 229 0.9679720100402365
20 232 0.7024430129072095
20 235 0.30101293785942884
20 238 0.07621396181086512
21 24 -0.43069211515757894
21 253 -0.5137615831400626
21 256 0.14657490408681806
21 259 0.19209951914495935
21 262 -0.17870388579744545
21 265 0.22647078328367143
21 268 -0.5824645012049561
21 271 -0.5441523504978024
21 274 -0.34548444702207637
22 23 -0.3637419649702704
22 181 -0.6687140467146557
22 184 0.04660620285920131
22 187 0.6517018954899542
22 190 0.5096555386091818
22 193 -1.7839881998889422
22 196 0.5033638987340274
22 199 0.39094216427934503
22 202 0.2549373072424241
23 24 1.9385130320883048
23 217 -0.13160196648876285
23 220 -1.948416003381177
23 223 0.06479634618296672
23 226 1.172306560659514
23 229 0.13594331150088926
23 232 -0.19442093075926803
23 235 -0.7878648949866395
23 238 -0.15833223556776568
24 253 -0.3100870455144162
24 256 0.20414634388867658
24 259 -0.08301707282799083
24 262 0.7063493119599352
24 265 0.7544497975688303
24 268 -0.3979605991905509
24 271 1.3054679529907038
24 274 1.0588486064511893
25 26 0.1396246028351775
25 28 1.5978225477487298
25 181 0.5940461495363786
25 184 0.22403918597117134
25 187 -0.8441656985446021
25 190 -0.7386828468190266
25 193 0.37254485325524334
25 196 -0.2117688392225778
25 163 0.8926424460087403
25 166 -0.4214570838002766
26 27 0.35555045524056395
26 29 -0.005611672128027505
26 217 -0.4804096185655849
26 220 0.45495946363860923
26 223 0.688261769922593
26 226 -0.3193297032110115
26 229 0.47382888458856
26 232 -0.6723406461328315
26 199 -0.230615548808157
26 202 0.7054457405584911
27 30 -0.3661543400652648
27 253 -1.5042943401694269
27 256 1.717809352858664
27 259 -2.686182038942975
27 262 -0.649453466983192
27 265 0.9027386202982778
27 268 0.6437295784426456
27 235 -0.9030232423212812
27 238 1.8688666823701978
28 29 -0.7634595685121661
28 181 1.3508264184155878
28 184 0.25354316421918816
28 187 0.8548656698125442
28 190 0.47369257182909486
28 193 4.018824578251857
28 196 -0.4726865778909084
28 163 -0.9225463080072233
28 166 1.4281192677642898
29 30 2.9796714452867112
29 217 -0.12582648128589133
29 220 -0.4625702601519924
29 223 0.42366927347980154
29 226 -0.37343319773288863
29 229 1.9599523268369747
29 232 -0.43374499690199203
29 199 -0.6481833985668167
29 202 -2.261305696116805
30 253 -0.6326442740506887
30 256 -1.6649173927025605
30 259 0.6115925688866333
30 262 -0.23208181354840962
30 265 -1.6100755920490555
30 268 0.38910968263754886
30 235 1.260907118615528
30 238 -0.752056422912908
31 32 1.315593855448435
31 34 -1.0925460788657932
31 181 -0.311707439794969
31 184 0.15925858184431965
31 187 -0.33365412992105487
31 190 -0.761814612418622
31 193 -1.400084764144044
31 196 -1.8012131913808884
31 163 0.12602740171718313
31 166 1.4419770753044954
31 169 0.10857565255401926
31 172 -0.0029376976888499684
31 175 -0.35540899220327193
31 178 -1.0687324979893786
32 33 0.5871794450566817
32 35 0.4016186794940152
32 217 0.887760547987333
32 220 -1.8916980339015976
32 223 1.791696396208622
32 226 0.6426378357259098
32 229 1.4375253250088114
32 232 -0.8221409806651647
32 199 2.148719452328055
32 202 -0.7276464256585518
32 205 0.8082550027871137
32 208 0.4857418227072499
32 211 -0.29201549969941615
32 214 0.36137319536500934
33 36 1.2396955679866082
33 253 -0.13388504802415171
33 256 0.6928321300992919
33 259 -1.6599116323068208
33 262 0.23103659594185136
33 265 1.7777175648999977
33 268 -1.2934582745596575
33 235 -0.9113033094317599
33 238 -0.15392496304253298
33 241 -0.6211255829373233
33 244 -1.006524433348588
33 247 1.146400868768742
33 250 -1.15125669616535
34 35 -0.06059045176479211
34 181 -1.435254697726199
34 184 0.35416576832485347
34 187 1.393133455117736
34 190 0.6677576655769188
34 193 1.3610545373439393
34 196 0.09955975522951566
34 163 -0.49359785567189346
34 166 0.05097984622354898
34 169 -0.201282006818552
34 172 -1.5108924967326722
34 175 -0.6674989921584418
34 178 -0.20898764603990475
35 36 0.7261626807083674
35 217 0.17035469709601997
35 220 0.5689054220766661
35 223 -1.0610620701465696
35 226 -1.5866951736121222
35 229 1.052824814713186
35 232 -1.3718330865082777
35 199 -0.7492122454025619
35 202 2.48214876173717
35 205 -0.6391358123332684
35 208 -0.5296416697243437
35 211 -0.8175072904008859
35 214 -1.4384134972855727
36 253 -2.668653156633662
36 256 -0.8074890202707018
36 259 0.37430704113422086
36 262 -0.6819220240989364
36 265 0.33618860512543713
36 268 0.4185211201441283
36 235 -0.7972090053320599
36 238 -0.523227613701254
36 241 -1.221058804765797
36 244 -0.3588892104579251
36 247 -0.6036007706151654
36 250 -0.18913445047930774
37 38 -0.1870428017674038
37 40 -0.7101940425113218
37 181 0.2581751669071523
37 184 1.1482922824010648
37 151 -0.813962819561378
37 154 -1.8658554305500163
37 157 0.47168250822220525
37 160 0.46290413051339835
37 163 -0.47272619619246226
37 166 0.6056604798751104
37 169 1.1933306579720664
37 172 -1.199061214946459
37 175 -0.8161126538957535
37 178 0.7716489696187098
38 39 -0.4324655159865436
38 41 -0.8677565324978168
38 217 -1.4144797764399246
38 220 0.5195609194837596
38 187 1.1175142977626948
38 190 -0.9649159006683513
38 193 0.12850859629391903
38 196 -1.4098816752429735
38 199 0.8472547526698916
38 202 1.3431910369077642
38 205 0.9196351525499576
38 208 -0.5858107054688075
38 211 0.6188222598507849
38 214 -0.5095659046911653
39 42 0.15944814384382588
39 253 -0.288631044561118
39 256 -0.8106056752580916
39 223 -0.934911847810966
39 226 0.7040078683170519
39 229 0.06499753349805924
39 232 0.11042833566388803
39 235 0.41440386621666747
39 238 1.4681659820501665
39 241 0.4254066854379663
39 244 -0.12578437682207952
39 247 -0.4595083846263186
39 250 0.050210805335090564
40 41 -1.2616672447034942
40 181 -0.012604519280260167
40 184 -0.3824781135071765
40 151 2.085581595349015
40 154 -1.3431099696191724
40 157 -0.8253596317940354
40 160 -1.0047476269165667
40 163 1.0680522849673315
40 166 1.423016675859346
40 169 0.5318853869060316
40 172 -0.968186875586998
40 175 1.2860142032409798
40 178 0.1974034082405362
41 42 -0.670917279551322
41 217 -0.38669659897167397
41 220 0.0007561613041210486
41 187 -0.2775688082114291
41 190 -1.0320154150917102
41 193 0.7794755929435769
41 196 0.45736579909128783
41 199 0.6975481208722184
41 202 -0.8413120777468664
41 205 -0.14677151073958214
41 208 -1.1327139610301051
41 211 -0.2079241003052654
41 214 1.0063448566046573
42 253 -2.0081483244055134
42 256 0.37387075490310057
42 223 1.9594051122052438
42 226 1.3700791292733836
42 229 -0.7216285082194239
42 232 0.868646887559857
42 235 0.902313776649451
42 238 0.15280490272908373
42 241 0.20392317358848097
42 244 2.4094786873299996
42 247 -0.19109421927340708
42 250 -0.03658717028768565
43 44 0.43308312513631325
43 46 -1.151038485035971
43 181 1.0290439346197482
43 184 1.5277136112275578
43 151 0.8666799157129695
43 154 -0.2985528504150209
43 158 -0.7367926492265896
43 161 1.3256570344753962
43 164 -0.43911293660032336
43 167 3.2827087170526625
43 169 -1.775660834315838
43 172 0.7105588230297049
43 175 1.0040369616734628
43 178 2.0348179412618963
44 45 -0.9061776321574279
44 47 0.6856348637218388
44 217 1.2205655260456194
44 220 1.3816724287441249
44 187 1.1613689004178989
44 190 1.022611932141146
44 194 -0.9158319445800918
44 197 0.8149932715424755
44 200 -1.0611181999319996
44 203 -0.12220775044543968
44 205 0.392458451585855
44 208 -1.0248990530039508
44 211 -0.754861559833333
44 214 -0.3938592176484746
45 48 0.46401413329534313
45 253 0.5249176336619489
45 256 -0.2769654110352458
45 223 0.7204336554762534
45 226 0.6930201204964203
45 230 0.19030374769224592
45 233 -0.07016811887071651
45 236 0.5989112347327925
45 239 -1.0755418912775276
45 241 0.34084846934938434
45 244 0.6016668009687959
45 247 0.10734091469349237
45 250 -0.5406647428480993
46 47 -0.9138329820451219
46 181 -0.0793349062264557
46 184 0.6877965340218892
46 151 0.010534122695557535
46 154 -1.2623853273438088
46 158 -0.5028191384021329
46 161 -0.16286280120088167
46 164 -1.0064845667644096
46 167 -0.44225182083226894
46 169 0.03805033173998779
46 172 -0.6171466416222292
46 175 0.6467757168577594
46 178 -0.5774658922749311
47 48 -1.0041040829526524
47 217 -0.4012125966816496
47 220 -1.2355203535409909
47 187 0.9082441579672123
47 190 -0.4190248805541715
47 194 -1.3774005201535482
47 197 -1.4314979940708081
47 200 0.1157225137760344
47 203 0.05337157048778444
47 205 -0.4851687762280203
47 208 1.5345865173565174
47 211 0.7580725085364701
47 214 1.0297835096442192
48 253 1.3083480256312687
48 256 0.44834793860258576
48 223 0.2795226961341607
48 226 -1.3944100677042865
48 230 0.2547765714559085
48 233 -0.22898252401737493
48 236 1.0991438509116587
48 239 -0.06495575992974913
48 241 -0.6472416635663458
48 244 -1.1599774963265193
48 247 -0.014842900837996428
48 250 0.8883295575207021
49 50 -0.3347081466679605
49 52 0.6613290881054461
49 181 1.5184531406554314
49 184 0.005275276657695515
49 187 -0.33187075959598
49 190 -0.08692192371274116
49 194 0.17814839998687332
49 197 -2.4984472706839753
49 200 1.2871913234769325
49 203 2.785481188065853
49 205 -0.8071942895130534
49 208 -1.1235264032333476
49 175 1.2690871312893606
49 178 -1.1340414214395318
50 51 0.6395994080000873
50 53 -0.30596919062328876
50 217 0.14323447112265075
50 220 0.9575338154723221
50 223 0.49857006777599283
50 226 -0.0015778316587530352
50 230 -0.06591294856425937
50 233 0.9051616840979511
50 236 -1.3448757411994525
50 239 1.2524105608585205
50 241 0.5390235830070281
50 244 -0.7701532065923385
50 211 -1.817820403371839
50 214 -0.7816924165391398
51 54 -1.7181813196911984
51 253 0.07179948672044344
51 256 -0.42911294960628543
51 259 0.2871699946940528
51 262 -0.5942349458922459
51 266 0.6999101425208032
51 269 -1.283509394376821
51 272 -0.708166528046141
51 275 0.14674480915498703
51 277 0.7463593733571182
51 280 -1.7867407365787884
51 247 -0.39159796258159274
51 250 -0.04370380223287185
52 53 0.5180228649126372
52 181 -0.08921365705513418
52 184 0.43237051619737554
52 187 -0.09472211356276167
52 190 1.597062324467517
52 194 -0.4283299365053919
52 197 -0.5215692361312885
52 200 0.8451949413296015
52 203 -0.41455221385110447
52 205 0.8717595970561416
52 208 -0.8734955049429423
52 175 -0.6854119542994883
52 178 0.9653607790241945
53 54 -0.004665642958863253
53 217 -0.7196181501162193
53 220 -1.304927793443916
53 223 0.2937770277480159
53 226 -0.4021077541765609
53 230 1.1742123654540957
53 233 -0.05743255310801626
53 236 0.7491789851027989
53 239 1.3499710950242982
53 241 0.04111658181794271
53 244 -0.6240585298058519
53 211 0.05720746752735393
53 214 -0.39632843125559625
54 253 0.5484108914365916
54 256 -0.694917963712997
54 259 1.2799397966056756
54 262 -0.3184973379367191
54 266 -0.5399535116179232
54 269 0.6041102247050529
54 272 1.5339069254757562
54 275 0.3533477181846932
54 277 1.0199500722418688
54 280 0.29141351890720585
54 247 -0.28703414136411176
54 250 0.34237817746284854
55 56 -0.09802401409562397
55 58 -0.7023635842336038
55 182 1.0616874162757353
55 185 0.29477627751543634
55 188 1.5523292031482436
55 191 -0.6377020480697422
55 194 0.8586777365123331
55 197 -0.964040317074703
55 200 -0.8863612841135678
55 203 -0.11638443714303211
55 205 0.04867000981736595
55 208 -0.3279425755761824
55 175 0.5054158439805395
55 178 1.190121686326085
56 57 0.8479513958253153
56 59 -0.9996649484478174
56 218 0.7303719461479012
56 221 -1.2223476326046994
56 224 0.4694688101943724
56 227 -0.03898188572221342
56 230 -0.01338728165853384
56 233 -0.9626981136327851
56 236 0.9755038222528054
56 239 0.12587086519099527
56 241 -0.21899799291508346
56 244 -1.046551272703767
56 211 -1.1496716601360473
56 214 0.3708964651599295
57 60 0.23948941122104184
57 254 0.030872240550052762
57 257 -0.17290599143206067
57 260 -1.0344099159042748
57 263 0.3081038989372051
57 266 -0.7409048088476112
57 269 0.032742295882156484
57 272 -1.9852525569178854
57 275 0.6943435948446111
57 277 -0.1265591049963688
57 280 -0.3192098677606331
57 247 0.8799293822432721
57 250 1.5065518862291
58 59 0.22644642776349758
58 182 0.18130238686823774
58 185 0.4197573505608138
58 188 0.3579391315588566
58 191 -1.2489704589173087
58 194 -0.5137515426284209
58 197 0.01411641219465917
58 200 -0.6902626135229494
58 203 -2.1127641724997264
58 205 0.0029920681219788533
58 208 -1.8778930175281991
58 175 -0.2772632997995954
58 178 1.5586906025725387
59 60 -0.26817966671576193
59 218 1.3599690793593944
59 221 -1.151454689799554
59 224 0.9356386217734125
59 227 0.6436174626523361
59 230 -0.24239672245731847
59 233 0.5043011113053076
59 236 0.5457611875259759
59 239 0.351059099038597
59 241 0.7344901126342372
59 244 -1.3846851521689134
59 211 2.1533429413891194
59 214 -0.194527255579513
60 254 0.9443842020706379
60 257 1.1961404311241184
60 260 -0.16801400589550758
60 263 0.3086335085467333
60 266 0.8235971966046697
60 269 2.229960908046586
60 272 -0.7873481817977754
60 275 -0.59574781251185
60 277 0.5303102712183839
60 280 1.3614712502092743
60 247 0.07171294559980153
60 250 1.2211414521458388
61 62 0.47961189186095654
61 64 -1.0265030338962062
61 182 1.4666676413237905
61 185 0.9403517442070671
61 188 0.7978368832699011
61 191 0.48388825114591255
61 194 1.0065606280358714
61 197 0.886323607107503
61 164 -1.6727596148229418
61 167 -0.25899474735475353
61 169 0.854508878525988
61 172 0.5287200038982824
61 175 0.3694084392593156
61 178 0.7926068486208616
62 63 0.27417144710640995
62 65 -0.08303047329443956
62 218 1.0496256544960645
62 221 -1.0635683106045055
62 224 -0.6944258846779466
62 227 -1.0688255740182069
62 230 0.45174918942589826
62 233 0.4601608952052765
62 200 0.9815544953647796
62 203 0.26124714034951546
62 205 -1.495519709289988
62 208 0.513922728996524
62 211 0.1842530520920844
62 214 -0.1220098007770888
63 66 1.3743537809716115
63 254 0.7267050499045034
63 257 0.11064036333651225
63 260 -1.5756455171989592
63 263 0.024346130767836604
63 266 0.2689591481237103
63 269 -0.9201938690659087
63 236 -0.8001258319256606
63 239 1.035850267250328
63 241 1.6451701661820854
63 244 -0.5052043865530322
63 247 -0.0245528117376173
63 250 0.05431125178932719
64 65 0.159847094440946
64 182 1.7070607550490289
64 185 -0.08747451705673329
64 188 0.32721181577569525
64 191 0.6944416445228612
64 194 -0.1086208667913815
64 197 0.41850659152916764
64 164 -0.7415635138832476
64 167 1.664983415732811
64 169 -0.6280293978114988
64 172 -0.22458713847869896
64 175 -1.3673291822468265
64 178 -0.5560290543223368
65 66 0.23231608379883345
65 218 -1.6657108421189804
65 221 -1.2289523329899923
65 224 0.7991626715855422
65 227 0.3294830941988302
65 230 0.9712328797860106
65 233 0.23605711081362737
65 200 -2.060429507155402
65 203 0.5574859464038529
65 205 -0.869535117919831
65 208 0.5984037673511438
65 211 -1.0285530410412398
65 214 1.333961106572353
66 254 0.3767338776906628
66 257 0.20640129303137691
66 260 -1.8842281302209303
66 263 -0.4145999690083535
66 266 0.1590248573309602
66 269 1.2238281245262166
66 236 1.3335954996261605
66 239 -2.220534197814151
66 241 0.7525304501925388
66 244 0.6182289224588995
66 247 1.4703926958477178
66 250 0.4632127294813503
67 68 -0.9415084438828754
67 70 1.2588400841173195
67 182 -1.376914330948643
67 185 1.2764003179889924
67 188 1.8381023148430813
67 191 0.2380154358188591
67 194 -0.0834388470530721
67 197 0.9747861820028875
67 164 -0.9836659918857751
67 167 -0.12985015072379047
67 170 -0.5007662776183324
67 173 0.20635801697449382
67 176 -0.6317498321573654
67 179 0.28867629005317635
68 69 -1.934350255164747
68 71 -0.5309806982739863
68 218 -0.5747616304732226
68 221 -0.8780588571804671
68 224 -0.6409038074772617
68 227 1.3239986335435867
68 230 0.31983493818303615
68 233 -0.08421173763159562
68 200 -1.360000169761244
68 203 0.9539586016007541
68 206 -0.1187667653818373
68 209 0.15336543782973458
68 212 0.9247618865493029
68 215 1.344462698638357
69 72 -1.2194690761064606
69 254 0.07966094916525053
69 257 0.45651084354063004
69 260 0.4888771213448137
69 263 -0.8514514148685475
69 266 0.5521390501921786
69 269 0.2674466257575437
69 236 0.7348543705242061
69 239 0.01111579284537582
69 242 2.157168524788642
69 245 0.3005881886285718
69 248 0.05596242085256668
69 251 0.21096729606949902
70 71 0.395048780326733
70 182 0.2603031730214365
70 185 -0.5885145563695413
70 188 -0.2133850295489641
70 191 0.9785183117739752
70 194 -1.2983180222201232
70 197 1.437572871398521
70 164 -0.1470151166198554
70 167 -1.2770607427508551
70 170 1.2534527791118442
70 173 0.5367389850378131
70 176 0.1450810759417299
70 179 -0.02761219105835204
71 72 0.44630282859635584
71 218 0.4345921962782016
71 221 0.22147191522145102
71 224 -0.3675434012726278
71 227 -1.8507731831819743
71 230 2.178702493258259
71 233 -1.4635318872830612
71 200 -0.10202655590467034
71 203 -0.40668737836946
71 206 0.3403422618374365
71 209 0.4983876455152809
71 212 1.4040085476790156
71 215 -1.59248688750713
72 254 -0.10661290131385101
72 257 0.13476496725510745
72 260 0.016630713162544806
72 263 1.316070383904607
72 266 -0.14997807095180615
72 269 -1.4183536123241305
72 236 1.7980920836403922
72 239 -1.1757997122838328
72 242 0.24781592807563388
72 245 0.6779257248518115
72 248 1.432458008416052
72 251 -0.010560948970299206
73 74 -0.40437835957425283
73 76 -0.9100680388269159
73 182 -0.14125384135614574
73 185 0.9553829080937536
73 152 -0.4831585087279061
73 155 -0.48753925136079423
73 158 -0.1717755580879399
73 161 -1.2091928757623178
73 164 -1.6259855502843759
73 167 -0.6620373368631965
73 170 1.2400784457685097
73 173 -0.6516349725196401
73 176 1.9848465337244217
73 179 -0.7240917397344117
74 75 0.052770663287497264
74 77 -0.5922316495785802
74 218 -1.5414921032279119
74 221 -2.4329316590933887
74 188 0.3084397161233214
74 191 -0.11852342066563977
74 194 -0.1981271049186852
74 197 2.0747335386489247
74 200 1.3654241307361004
74 203 0.1296933102700022
74 206 0.3571447158842692
74 209 -0.7673763964930654
74 212 -0.9965932552852305
74 215 1.6147097581820204
75 78 -0.08621351668897854
75 254 1.0598955468664202
75 257 1.2661588070046392
75 224 -0.10552476129933593
75 227 1.1672673283753112
75 230 0.7348062364377043
75 233 1.117044326694334
75 236 0.2426437849402246
75 239 0.6482396396932063
75 242 -0.5520960190858589
75 245 -0.35599639328499577
75 248 0.24547380136566208
75 251 -0.34072303469169185
76 77 -0.6339274461924773
76 182 -0.6256077489030084
76 185 0.7853578908168273
76 152 -0.07370476726395307
76 155 -1.7082299767162727
76 158 0.5326978956123843
76 161 0.12455777281205112
76 164 -0.42737960002405767
76 167 0.6431749295250534
76 170 0.05881232278595746
76 173 0.882536730205905
76 176 1.6508902002435315
76 179 0.9826690520431978
77 78 0.23453119527060484
77 218 -0.3861085780793203
77 221 -0.1485381386316276
77 188 -0.8228536817727011
77 191 -0.7914346330133258
77 194 -0.5854674421966141
77 197 -1.179162313303452
77 200 0.0730195815665045
77 203 -0.8571827695223179
77 206 0.2583811037047252
77 209 0.17241798974662442
77 212 -0.18378048115193396
77 215 -0.5134480077908434
78 254 0.7636753427313799
78 257 0.1636858102400886
78 224 2.115915619834447
78 227 0.6143250111116187
78 230 -0.6857481411855055
78 233 -0.5336942074098179
78 236 0.527460700724485
78 239 0.4243613580749507
78 242 1.6075652413864365
78 245 -1.124156753901338
78 248 0.20314452903701388
78 251 -1.2273231204950412
79 80 0.8525121985836992
79 82 0.7804088642974258
79 182 -0.7938494155257156
79 185 0.5175207251358579
79 152 0.3348859020359962
79 155 -1.0920477060871243
79 159 -1.0979916333490096
79 162 -0.26618772641709076
79 165 0.9173536846207203
79 168 -0.4695570253914005
79 170 0.7534665495148212
79 173 1.9437210456304215
79 176 2.021316938825539
79 179 -1.9142447966028624
80 81 -1.2716591308418563
80 83 -0.006966226314592692
80 218 0.21937943565641124
80 221 -1.882474532174547
80 188 0.8415746966552717
80 191 -1.196825844691104
80 195 -0.6398923896478345
80 198 -1.5552999678000667
80 201 0.7270338267246954
80 204 1.270925653362831
80 206 -1.8846867876981792
80 209 -0.3414650583622277
80 212 -0.18474510579162146
80 215 -0.5214370144400855
81 84 -0.5741686719125918
81 254 -1.4043418091037287
81 257 1.1067347294605476
81 224 -0.5997731867845989
81 227 0.32310059013368514
81 231 0.7676871622092577
81 234 0.14745356336511298
81 237 0.04892518898671838
81 240 0.02484313456053462
81 242 -0.23770454343577138
81 245 -0.06078035731875935
81 248 -0.4451160892787662
81 251 -1.4085116360144692
82 83 -2.0398715541208476
82 182 1.0543062384156845
82 185 -0.43817855937382183
82 152 -0.5567024112561634
82 155 0.7198053493445125
82 159 1.2360328806319445
82 162 -0.21399455796235545
82 165 -0.5494457728440963
82 168 -2.467730533127112
82 170 -0.18556204745406912
82 173 0.7886269101959358
82 176 -1.6170224410332272
82 179 -1.3518945808747866
83 84 -0.8069890111201651
83 218 -2.1306851940342684
83 221 1.9247123818369793
83 188 -0.6982415066730727
83 191 -1.3096812880766404
83 195 -0.9129843287456414
83 198 -0.28096278477555686
83 201 -0.23709847599761705
83 204 -0.6673028188519471
83 206 -0.1898645901718371
83 209 0.3232267705567452
83 212 1.5075132232304673
83 215 -0.7541600129071848
84 254 0.18152674948318606
84 257 1.2748375342545368
84 224 0.0871391748423066
84 227 -0.8862509343454311
84 231 -0.9383663781421224
84 234 -0.4200544499507348
84 237 0.9166796715143427
84 240 -0.13145946870733305
84 242 0.18991626798927963
84 245 -1.0048449172880096
84 248 0.037174025398159644
84 251 1.4902588330982678
85 86 -1.5456171463582178
85 88 -1.723289838293328
85 182 -1.0522845865542176
85 185 -2.215044590990651
85 188 -0.44722803363726144
85 191 -1.1714518878586324
85 195 -0.005839728539425277
85 198 -0.45793665812720075
85 201 1.212840722054114
85 204 0.2955123560464075
85 206 -1.5249806421574894
85 209 -0.5983089843132938
85 176 -3.405205989159897
85 179 0.9515019532198115
86 87 -1.7015158272698543
86 89 0.23942720432638467
86 218 1.2788177078408067
86 221 -1.1568274375910435
86 224 -0.29118403441961066
86 227 0.01605949157134091
86 231 0.836895265743195
86 234 1.3180406254872072
86 237 -1.2625319300881948
86 240 1.3081668959129515
86 242 0.7716482424884015
86 245 -1.5622300536087614
86 212 0.18415576916288934
86 215 0.029848806412824423
87 90 0.38993306811313216
87 254 -0.22010705059165214
87 257 -0.9310172663566086
87 260 -0.9959708123407316
87 263 -0.03864953291805653
87 267 -1.5258198242079495
87 270 -1.5951884231620763
87 273 0.6714188705264384
87 276 -0.11211790896033905
87 278 1.484017761303968
87 281 0.4961588988382517
87 248 0.23359191097123946
87 251 -1.4686683799841267
88 89 -2.408439917459874
88 182 0.1259628500053234
88 185 -0.6057046854808803
88 188 -0.0479205840054367
88 191 -0.018363695026941008
88 195 0.6187863949613898
88 198 1.0888284730580593
88 201 -0.5362524940162429
88 204 0.12006920494940829
88 206 -0.3764491085035502
88 209 -0.6918342316077262
88 176 -1.74359812498499
88 179 1.4186000743061828
89 90 0.3845766194219488
89 218 0.11122661864311556
89 221 -1.466251450204517
89 224 0.6428508428382674
89 227 -0.21991224146241345
89 231 0.5236593745213547
89 234 0.6917914091021311
89 237 -0.1464441243050999
89 240 0.15709537530980372
89 242 1.2994913542884046
89 245 -0.9452688067208975
89 212 2.57710203336895
89 215 -2.1831728429627733
90 254 2.5325463876836163
90 257 0.6515337507570726
90 260 -0.40857002995944275
90 263 -0.25317173509463514
90 267 0.3257936335878149
90 270 2.0129971827763433
90 273 0.8315981018177001
90 276 1.667242547200907
90 278 0.1617282459791021
90 281 -1.3827997309989124
90 248 0.05636126646431603
90 251 0.3335534414106663
91 92 0.30581779337438586
91 94 -0.08619576503768633
91 183 -0.5644638105491526
91 186 1.9234223085353075
91 189 1.1379006972713672
91 192 0.12129637128378784
91 195 0.9405988553211019
91 198 -0.032782225531741135
91 201 0.2269040537708048
91 204 -1.9289858131129478
91 206 -0.4489379779417725
91 209 1.0731505152968035
91 176 -1.3641564685151624
91 179 0.6387460143854907
92 93 -0.3732465186950499
92 95 -0.5547795693150188
92 219 1.6099719765461233
92 222 -0.11428630699699516
92 225 0.18245535151727738
92 228 0.10298490353974345
92 231 1.2464701456715068
92 234 -0.8100811716156183
92 237 -0.7415630474253111
92 240 1.3024972033734643
92 242 -0.11789171987303167
92 245 0.07403706185472814
92 212 1.0290758297071383
92 215 0.5975833916535858
93 96 -0.9982201757331225
93 255 0.977618081991799
93 258 0.47888201180225426
93 261 -0.037350653752799244
93 264 1.0609890752785427
93 267 -0.7036355122790445
93 270 0.7837339725541911
93 273 1.8032788053871938
93 276 1.0734104693324278
93 278 -0.9118081999919297
93 281 0.8795633800858582
93 248 0.458065202795268
93 251 1.536384833096418
94 95 -1.0471279900542934
94 183 0.019861615241074403
94 186 -0.7191681668969311
94 189 0.8644322938217689
94 192 0.29317986732587553
94 195 -0.5412619634242631
94 198 -0.8609326634294556
94 201 -1.0219467660655195
94 204 0.7080453049940306
94 206 0.5386772511338623
94 209 0.03051757991740322
94 176 -0.5162323816069609
94 179 -0.6676992138382889
95 96 0.4143749859785686
95 219 -0.33133787050833535
95 222 -0.8780048536065586
95 225 -0.8525900885643739
95 228 -0.9986348842642467
95 231 1.4259354455031321
95 234 0.36714469845649267
95 237 -1.5496913965611192
95 240 0.3104236720001359
95 242 -2.8542841436783317
95 245 -0.12900208408297748
95 212 -0.7580278797944854
95 215 0.8044487219809837
96 255 0.4388282567791304
96 258 -1.8341419329006494
96 261 -0.4189983018082293
96 264 0.2530218514119991
96 267 0.2074497172648996
96 270 0.6841705764243612
96 273 2.503904843961859
96 276 -0.7651591081993421
96 278 -0.4638917598108901
96 281 -0.040067363498687954
96 248 -0.32297789595659443
96 251 1.1128123501996234
97 98 -1.1437953315145073
97 100 0.5281004200833549
97 183 -0.466075175648626
97 186 -1.4713524636370785
97 189 -0.4327999804069905
97 192 0.4628773344752861
97 195 0.19800785104235247
97 198 2.419582105031448
97 165 -0.31866260589963086
97 168 0.14368203447476174
97 170 -3.5002209215125597
97 173 0.19923276210557975
97 176 -0.044853779195778654
97 179 -0.9072781992204445
98 99 2.150171620578371
98 101 -2.813608873106726
98 219 1.824595830998199
98 222 0.4226618714555351
98 225 0.3176220706287214
98 228 -1.2385587913332603
98 231 -0.16627203289095457
98 234 -0.06158496856126373
98 201 0.17172478325359422
98 204 -0.35944558754303874
98 206 1.5979885714363515
98 209 1.3175306847939752
98 212 -0.6025947366542678
98 215 -0.70121436511882
99 102 -1.758516081800259
99 255 -1.4548048327884886
99 258 0.324339157400123
99 261 -1.0313117210144982
99 264 -0.5446435473830957
99 267 -0.9425160817879776
99 270 -1.7567749020623071
99 237 1.3300475170735504
99 240 1.3309853416812594
99 242 1.5337846289399875
99 245 0.9370477599349383
99 248 0.8741475693439327
99 251 -0.1831932828812724
100 101 -1.7725254091260383
100 183 1.255943741161868
100 186 0.7538374477223485
100 189 -1.118921623653918
100 192 -2.359774244264825
100 195 -0.5746606255197411
100 198 0.6072887421102301
100 165 -0.5980400402410796
100 168 -0.21837161312168066
100 170 -2.4831994957543886
100 173 -0.30559468191121164
100 176 -0.7790495383101129
100 179 1.432443806581737
101 102 1.0754299687536288
101 219 -0.8522911907590064
101 222 -0.013042574505498531
101 225 0.11066334166035671
101 228 0.1781565316747233
101 231 -0.590714635293822
101 234 -0.0071692970611244205
101 201 0.6156218395132403
101 204 1.094098838499004
101 206 1.3200549559603707
101 209 1.4369848357187802
101 212 0.21363319611565268
101 215 -0.13120082116751206
102 255 0.5049806855044197
102 258 1.4907573892489396
102 261 0.23758202988938348
102 264 -0.7523425780034527
102 267 -0.7351082562200159
102 270 -0.6483206847857937
102 237 1.6919754750867255
102 240 -0.030969174440273747
102 242 -1.5775978682366498
102 245 0.26884355676160776
102 248 -1.7799005354151056
102 251 -1.917082683011759
103 104 0.27182337162353587
103 106 0.6279670342543616
103 183 0.7975943109657725
103 186 -1.2878086988368893
103 189 -0.6992126224662909
103 192 0.9698476913018833
103 195 -0.4428349422678244
103 198 -1.009126249615843
103 165 -0.4283460366241984
103 168 -1.2153796162107946
103 171 -0.21504193738787292
103 174 -0.22926320884118875
103 177 -0.38760840516472944
103 180 1.3802581786774903
104 105 0.8712367319544753
104 107 1.383102615998991
104 219 0.3434306814080572
104 222 0.40865094833184357
104 225 -1.779647050537163
104 228 1.7985946036171423
104 231 0.5168609081561215
104 234 0.04911103292717667
104 201 -0.619208795603331
104 204 0.25793886146082673
104 207 -0.6978639076411448
104 210 -0.3091790530157483
104 213 1.9388373208102936
104 216 1.3018923838561838
105 108 0.03754293580291334
105 255 -0.06632029326478657
105 258 -0.6538607512448411
105 261 -1.2476235308817902
105 264 0.3333876203992
105 267 2.3127430644241347
105 270 -0.3847322497642436
105 237 -0.766626532235028
105 240 -0.043773671912649206
105 243 -0.8682229696330965
105 246 -0.05604660820763031
105 249 0.7339308479889176
105 252 -0.060564468248019504
106 107 -0.04804903148061143
106 183 -0.7480032273937519
106 186 -1.3167360751349755
106 189 -2.520225400775941
106 192 -1.3565782612690405
106 195 -0.9203599671459335
106 198 0.7942861498192851
106 165 0.42735771330965694
106 168 -0.3231959211311949
106 171 -0.9677257905130615
106 174 -0.9500684815139538
106 177 -0.8120036913859912
106 180 -1.283933844911043
107 108 0.6989557813163568
107 219 0.4354365107162756
107 222 -1.3718554407142372
107 225 0.6801529239357111
107 228 0.018456150062176765
107 231 0.09532006980884661
107 234 -0.899885269048955
107 201 -0.4710088791212584
107 204 0.29504920311807536
107 207 2.1128358889022105
107 210 -0.3849941341289814
107 213 -0.6281878210602797
107 216 0.9994484528098951
108 255 1.2758769970984014
108 258 -0.15698455391390034
108 261 -0.6303872185611851
108 264 -1.5690724665221722
108 267 -0.4176675750922289
108 270 0.39648495846028337
108 237 -1.1164872382796107
108 240 -0.8527358434413082
108 243 1.2448493822825042
108 246 -1.5552334977646316
108 249 -0.5505630027112735
108 252 0.5223692434793957
109 110 -0.41642360355412583
109 112 0.5883475273115829
109 183 -0.9222776140960786
109 186 0.06384356548779745
109 153 -1.792857806896034
109 156 -0.05529426288514469
109 159 1.7032533499340627
109 162 0.1668592807069154
109 165 -2.448268964124385
109 168 -0.43176515135209986
109 171 -0.1506957637740229
109 174 0.5811728774567088
109 177 0.3044837508613888
109 180 0.8649338688471628
110 111 0.5501629996020689
110 113 -0.1652188909581753
110 219 1.2842775120680698
110 222 -0.0351449960416308
110 189 -1.4074005080746461
110 192 0.645237820252389
110 195 1.8679297556342203
110 198 -0.3775361015667267
110 201 0.04492842717756224
110 204 0.1304676802832426
110 207 0.487511834850223
110 210 0.664576249008696
110 213 0.1617259950399012
110 216 -1.070193631853767
111 114 -0.7380199765484404
111 255 -1.35872606546581
111 258 0.673840236152314
111 225 0.4280463096741229
111 228 -0.12357546488449099
111 231 0.9717772466464115
111 234 2.086540418131618
111 237 -1.1627674380537847
111 240 -2.4535691721510453
111 243 0.7470757609622495
111 246 -1.30455810015515
111 249 -1.7469208171329789
111 252 -1.6376672366345453
112 113 -1.0842850919496039
112 183 -0.9564485760419968
112 186 -0.034711316889467436
112 153 0.10299034363893021
112 156 0.599388656153281
112 159 -0.7109357413153186
112 162 0.34022556476905275
112 165 -0.8917280721836951
112 168 1.7001372319458348
112 171 -0.23690300691342997
112 174 -0.0350215649864008
112 177 -0.6632611965314186
112 180 -0.4792850479417598
113 114 -0.16530855330603506
113 219 1.2213465659970275
113 222 -0.2634317154802992
113 189 -0.7571138710214065
113 192 -0.8355574348661369
113 195 0.2624917097644421
113 198 1.111251392946355
113 201 2.4486630991368963
113 204 0.9192399110256894
113 207 -1.015740510535515
113 210 -0.86622969352077
113 213 1.2013798900356194
113 216 -0.15009392770974744
114 255 0.173977894716646
114 258 -0.9451578953710642
114 225 1.272690977709307
114 228 0.093802946742696
114 231 -0.3639735815925593
114 234 -1.497794285125826
114 237 -0.41521957792041475
114 240 -0.05537302395848265
114 243 0.29760129003909813
114 246 -1.0194088292648462
114 249 0.7872738048933795
114 252 0.23083221849328053
115 116 -0.6730095439193468
115 118 0.2657182044781317
115 183 -0.19876699881908722
115 186 -0.5014188034754553
115 153 -1.8521283781236333
115 156 -1.0206104453644367
115 171 1.3490834181969833
115 174 0.9360137088102493
115 177 -0.04905239846531951
115 180 2.138472240616465
116 117 -0.337591754467587
116 119 -1.0153898550310478
116 219 0.8696789046408225
116 222 0.0932618721915141
116 189 2.2717300960601565
116 192 -0.3054324044164846
116 207 0.2885122283695703
116 210 1.9534080660889495
116 213 -0.1270685345640949
116 216 -0.5119351216853382
117 120 1.2517728573452747
117 255 -0.050974162024660236
117 258 -0.4495667128800288
117 225 0.6092540415511538
117 228 -0.2953729340736273
117 243 -1.066914862982475
117 246 0.6867534642221919
117 249 1.6004952345764096
117 252 -0.512318388712707
118 119 -1.4814929529193857
118 183 -1.103379431075502
118 186 1.5825109336712244
118 153 -0.21069911988313256
118 156 -1.4893044531802782
118 171 -0.9429513826152063
118 174 2.167376543449592
118 177 1.572385293550778
118 180 0.01705127291315485
119 120 -0.7939628812269298
119 219 -0.41671331092171154
119 222 -0.826353443760317
119 189 0.3093167969542904
119 192 -0.8386591321787236
119 207 0.007485486537496794
119 210 -0.8374609856934313
119 213 -0.1940549322776924
119 216 -0.5803995577547151
120 255 -1.4462153104216924
120 258 0.2437150331846588
120 225 -1.2589272079363145
120 228 0.4958630619347707
120 243 1.0415937815929281
120 246 0.18810986556850204
120 249 0.8229363237897275
120 252 1.7807629062765422
121 122 0.5908829210463136
121 124 0.33646269919009103
121 183 -0.4839690622669646
121 186 -0.08498241273882157
121 189 -1.0997634843225812
121 192 0.6977374428896317
121 207 -0.2198646071721887
121 210 -0.24306487201988364
121 177 1.223564622301352
121 180 0.6634576103847212
122 123 -1.0564827402038652
122 125 -0.8277057803705459
122 219 -0.2502939017642935
122 222 1.2839022103446323
122 225 -1.0608297780602636
122 228 0.9527515076534406
122 243 -0.5931143179903235
122 246 -0.5510314465165917
122 213 0.14357586872290243
122 216 -1.4856646391505146
123 126 -1.8543967794050409
123 255 0.5004414547495926
123 258 1.0775385044851702
123 261 -0.04861694922450249
123 264 -0.6441997796541084
123 279 0.0021041089579543295
123 282 1.4155610274770765
123 249 -0.8431340760018989
123 252 0.27256577020931233
124 125 -0.49504495980835245
124 183 -0.45840511986753396
124 186 0.19331442571125165
124 189 0.08154731865827126
124 192 0.3615504276763194
124 207 -0.47226563414420647
124 210 -1.6139764753885413
124 177 -0.07075142233432527
124 180 -0.6183231359045375
125 126 0.7906040863514554
125 219 1.2951689745301591
125 222 1.264444653799838
125 225 0.737051316814156
125 228 0.9740175336404968
125 243 1.4549935231957944
125 246 0.48785622730841277
125 213 -0.9611439949620814
125 216 -0.9908192956091613
126 255 -1.218886968985115
126 258 0.38905624882135753
126 261 -0.6048966211053562
126 264 -1.30461710952082
126 279 0.9446773809753939
126 282 1.6021101665641964
126 249 0.5964186094774596
126 252 -0.4832891812120627
127 128 -0.7243512649839476
127 130 1.4910041379340022
127 207 1.174838042860085
127 210 -1.4603251980198975
127 177 -1.0522245469097116
127 180 -0.0028185509670288077
128 129 -0.17350273146799533
128 131 0.9546490901119021
128 243 -1.2559256496628628
128 246 -0.0617380318212852
128 213 0.4251837505884337
128 216 -0.20556989794743372
129 132 0.9747861714041858
129 279 -0.6519205204888238
129 282 -0.5778643592256026
129 249 0.10786407663770119
129 252 -1.9336272377509343
130 131 -1.2499671252064417
130 207 0.6619603332438434
130 210 0.9860903915564979
130 177 1.4699761749066178
130 180 0.7919500248187133
131 132 1.1269683165825062
131 243 1.0713556610006112
131 246 0.30401941045072883
131 213 0.031170705627348114
131 216 0.3577532793891045
132 279 0.07084879840383375
132 282 -2.032578014094263
132 249 -2.041659029989819
132 252 1.351470055381771
133 134 -0.32109385539412894
133 136 2.377291681406999
133 171 1.9742764524780665
133 174 -1.305303404357143
133 177 0.37793006945601265
133 180 -0.05305152676858223
134 135 -0.9939678278743366
134 137 1.4638339631958577
134 207 -1.4849413590273381
134 210 -0.04567794004110199
134 213 -0.4342527300420339
134 216 1.9052644893915651
135 138 0.4679770616644136
135 243 1.2749400622884968
135 246 -0.5324488029576845
135 249 0.8290110604135634
135 252 -0.24062146372539614
136 137 -0.7313431960347835
136 171 0.3359532174623649
136 174 -0.5693494832280409
136 177 -0.4772748019614111
136 180 0.5608345947796256
137 138 -0.3879382507239121
137 207 1.43753755005611
137 210 -0.42666712510622967
137 213 -0.18266249769939405
137 216 -0.8940697597753493
138 243 1.9025742898386409
138 246 -1.207519749551163
138 249 0.8814683938331891
138 252 -0.8987592744417252
139 140 2.2667574177029715
139 142 1.4729572122118062
140 141 -0.7379349371331831
140 143 0.4250455231031305
141 144 2.3264424873328116
142 143 1.6262508529616275
143 144 0.5535453688136174
145 146 1.299203034474649
145 148 -0.7190156205509413
146 147 0.27480989918090487
146 149 -0.0984813530321926
147 150 -0.9494266567540073
148 149 0.46461590112076767
149 150 0.7458433593338071
151 152 -0.05775318706907549
151 154 -2.640447675276295
152 153 -0.009424384022466606
152 155 -1.294356289611828
153 156 0.32876505174902915
154 155 -0.48693556717731795
155 156 -0.05041933681622968
157 158 -1.6975493191920514
157 160 0.39132746649541045
158 159 0.8715004526813135
158 161 -2.2154146582503644
159 162 -0.021143704642898293
160 161 1.084490872727894
161 162 0.04851681239430717
163 164 0.6709817408100915
163 166 -2.1414289725217373
164 165 0.7918942162010505
164 167 -2.093147350713955
165 168 0.4917948235099357
166 167 1.3583149764814715
167 168 -0.020010399528673676
169 170 1.4708158634452067
169 172 -0.6456949453552899
170 171 0.5734166512010045
170 173 -0.2748210002959211
171 174 -1.325508534052721
172 173 -0.49210878011094733
173 174 -0.431364556984612
175 176 1.5049643523245073
175 178 -0.8454406465800517
176 177 -0.24844174201794073
176 179 -1.3708418714426247
177 180 -0.769714546670864
178 179 -0.07576724531931846
179 180 -0.16817281157707745
181 182 0.2401218858161856
181 184 0.3492787522697711
182 183 0.07381463923644783
182 185 -1.1459922054834077
183 186 0.6748208698043862
184 185 0.8635708056674044
185 186 -0.5897546208168534
187 188 1.5912790696624637
187 190 -0.6988533943522671
188 189 1.9647631567366541
188 191 0.3104039843496098
189 192 1.2278080166109921
190 191 0.2326598778176936
191 192 0.2319113798916371
193 194 -0.2542081300303287
193 196 0.5686306777274478
194 195 2.270523936839033
194 197 -1.0036527089828615
195 198 0.15831135251710624
196 197 -1.2922324652894197
197 198 0.7499478632262856
199 200 -0.6941236999865579
199 202 0.5768495134063335
200 201 1.2932348213070062
200 203 -0.292609708001154
201 204 0.6058449296480432
202 203 -0.39316963108964836
203 204 -2.026236567893675
205 206 0.2597712459294245
205 208 -0.5007419848369198
206 207 -1.1545667621345186
206 209 1.2607507858110172
207 210 0.6545540237975437
208 209 1.0502101780001398
209 210 -1.8235064778445456
211 212 0.3483541292189346
211 214 1.4793303901988153
212 213 1.4086657894996701
212 215 -2.0515506644985853
213 216 -0.7096709569321513
214 215 0.2851868644570906
215 216 0.19303838150147248
217 218 -0.9651567974869726
217 220 0.45030830261803956
218 219 0.752961984560595
218 221 -0.4075607411911211
219 222 0.8027477214648873
220 221 -1.9474276590967268
221 222 -0.9416181319578957
223 224 0.5062623632349605
223 226 -0.5080737525330428
224 225 0.22423232802159476
224 227 -0.15769142219444857
225 228 0.2305498118763472
226 227 0.8111251073949028
227 228 1.6223255804163466
229 230 0.07021723711589271
229 232 -0.24771335958854776
230 231 -2.3570079314641905
230 233 -1.0454693526187573
231 234 -1.3935295965914183
232 233 -0.12512934034422182
233 234 -0.36969133351372174
235 236 -1.0030914617221525
235 238 -0.23003759631917362
236 237 -1.366656392168774
236 239 -0.7323358352757239
237 240 0.02848598358347594
238 239 -0.3397620184000746
239 240 1.4232339864510335
241 242 0.09390800436646837
241 244 -0.23996932607978677
242 243 -1.212292649653639
242 245 -0.5527115836817084
243 246 -0.3728735358531219
244 245 -0.8249952778592203
245 246 1.9963384766788503
247 248 -0.1130298237738303
247 250 0.5622186931891072
248 249 1.4724392350186348
248 251 -0.8133121021539832
249 252 -0.917174435860069
250 251 -0.38346194684167695
251 252 -0.14844953207843772
253 254 0.27737567479318914
253 256 0.8055544743282952
254 255 -0.9996951393737485
254 257 -0.39800711159021857
255 258 0.41723304100894976
256 257 0.6149384328715835
257 258 -1.421849314134202
259 260 0.3363308268893648
259 262 -0.5253663727928021
260 261 0.6985683882831778
260 263 0.23574684441739724
261 264 1.5746863285149086
262 263 -0.9047439320576832
263 264 -0.8248376605663448
265 266 0.6520613392511294
265 268 0.8570670597289959
266 267 0.36907719395820593
266 269 -0.19053777051145088
267 270 -1.0614108476424862
268 269 1.3383053050129479
269 270 0.9437073930898736
271 272 0.07315657103509944
271 274 1.1067213953766257
272 273 0.41104165541703175
272 275 0.7419894804990919
273 276 0.42976010645704005
274 275 -0.30267250993954226
275 276 0.850823436690305
277 278 1.0992929777778757
277 280 0.04585661328100763
278 279 0.5355237982683215
278 281 -1.3829447882944752
279 282 0.7294659401915048
280 281 -0.37970776653137506
281 282 -0.9040335998904628
283 284 0.04948265747124709
283 286 -1.9141867755660493
284 285 -1.754940035173348
284 287 1.130753163644783
285 288 -0.22363261551734961
286 287 0.4273392634612984
287 288 -1.4918779767111792
