# 
7 7 -1.4183513156212744
8 8 3.1559300783178204
9 9 1.6569448832907572
10 10 -0.18646919752437974
11 11 3.6609590797889577
12 12 -1.6227386700502109
13 13 -3.531775537530592
14 14 -2.7777514112052524
15 15 3.973776730387508
16 16 -1.1340625525193673
17 17 3.1152436559350605
18 18 0.9000521556694263
19 19 -1.5077337941325801
20 20 -1.6610765091615658
21 21 -0.855228764013436
22 22 2.0272472292133363
23 23 3.4763343511202294
24 24 -2.9873221350734456
25 25 1.9351801436351286
26 26 0.47437397005108206
27 27 -1.5766391337066787
28 28 2.2327155341522094
29 29 -2.6508456177571267
30 30 -2.4202585080587253
31 31 2.3244399483714258
32 32 1.6405880886409587
33 33 -0.5070816227583137
34 34 -3.2468994908642523
35 35 2.292695828228294
36 36 -2.392452343580893
37 37 -3.15654868934433
38 38 -3.8132622974445374
39 39 -3.186523847116513
40 40 1.7322126340387403
41 41 3.3588946469406302
42 42 1.752210762970095
43 43 -1.628783352620009
44 44 -2.050141710688166
45 45 -3.5800929557522183
46 46 -3.4819005253014437
47 47 2.0867288489261853
48 48 0.48151025120903235
49 49 -2.556624204996206
50 50 3.7347311761204045
51 51 -0.06879271041940882
52 52 3.6750406497882553
53 53 -3.732287855541359
54 54 -1.3338846308430083
55 55 -0.903278556925029
56 56 -0.8460793418068366
57 57 0.47148859753170225
58 58 2.4347776572878725
59 59 -0.36099548371046275
60 60 -0.49957506384546413
61 61 -0.46788394660903077
62 62 2.490388281476487
63 63 -0.11588771628976158
64 64 1.2989926965109566
65 65 -3.892705767820715
66 66 -0.9389109011980956
67 67 -0.666792074679802
68 68 -3.438944619319831
69 69 -1.5926491324894867
70 70 -0.9584242860252266
71 71 1.165590783541739
72 72 -0.8926982335566862
73 73 -2.3339603736355103
74 74 0.11296720803376825
75 75 3.1865748915585836
76 76 -0.03552073476408868
77 77 -2.5536882542816945
78 78 -0.6911914316396555
79 79 1.4407099367486644
80 80 2.0033532241468803
81 81 -0.7671811328591112
82 82 2.6769751786449927
83 83 -3.1970013842447313
84 84 0.6478436779523387
85 85 -0.03611274293716171
86 86 1.254199736081361
87 87 -1.9858897598203553
88 88 3.6687167257676307
89 89 1.8171275188379292
90 90 -0.26357393572937315
91 91 -2.9350407739068913
92 92 -1.7275462560765806
93 93 -3.425637907094721
94 94 1.555414925575958
95 95 0.8085079732475355
96 96 3.8066060387697576
97 97 3.9293381068693334
98 98 2.668946570759391
99 99 -2.3008948029079805
100 100 -0.9024419058821769
101 101 -2.920800036088089
102 102 0.6036955244315028
103 103 -1.7898588685095485
104 104 2.5275920165329913
105 105 -2.2856002347166173
106 106 0.1267865371725021
107 107 -0.705962033664119
108 108 0.056994785994676
109 109 -3.4680552194988152
110 110 -3.9840499502302738
111 111 0.9801693420780211
112 112 -0.2741561712941394
113 113 -2.463726830619194
114 114 3.6623525925230505
115 115 3.011255103602508
116 116 1.2731414597944681
117 117 -0.2801815292609007
118 118 -0.9642007232116292
119 119 -3.0377292243912297
120 120 -1.0431798730907875
121 121 0.461361213126132
122 122 3.6923633778197855
123 123 -1.4532597062075316
124 124 0.014425949168642482
125 125 -1.2966042687589363
126 126 -1.2784858578171008
127 127 -0.8837748797762162
128 128 2.3226209483383746
129 129 -1.9652873163890767
130 130 1.8099426562951608
131 131 -2.5092886082768553
132 132 1.2872425331742736
133 133 1.3849107192259238
134 134 2.3345518493314197
135 135 1.104592828480743
136 136 -3.4906329193107792
137 137 -3.4312122202279784
138 138 2.5213259430442365
151 151 -3.286772287297019
152 152 0.6610315356091734
153 153 -2.8399944954303873
154 154 -1.5747940204851831
155 155 -1.6323118210551755
156 156 3.2375701405314725
157 157 -3.6476332787451353
158 158 -1.848159274604245
159 159 0.24275430412332089
160 160 -1.2615763680376135
161 161 3.1030466856606784
162 162 -1.2649456171903486
163 163 -0.4615264932033334
164 164 -3.020995760818993
165 165 3.8386205811496295
166 166 0.6869873881702491
167 167 1.3052810710412288
168 168 3.5258546595256064
169 169 -1.2395090235040724
170 170 -3.519625324612729
171 171 0.8646602700409867
172 172 -2.627748365330107
173 173 -3.9417360400769166
174 174 3.243138592713575
175 175 0.22772040758128487
176 176 2.787005140728567
177 177 0.456479313790207
178 178 -0.5277722258701782
179 179 -0.5093945391688122
180 180 2.169361405516976
181 181 1.7225264469685788
182 182 3.4439191727519516
183 183 2.599921893997057
184 184 -1.5647267303009
185 185 1.2592739209009425
186 186 3.02316961867076
187 187 2.639173160675017
188 188 -0.9992136784649954
189 189 -1.332608256111417
190 190 -3.3770860096074102
191 191 -1.1628266854442835
192 192 -2.884794192831338
193 193 2.877030973089445
194 194 -0.2353828073064923
195 195 3.3551731066996675
196 196 0.5626251536335696
197 197 1.0571136131075125
198 198 -0.10216090581945636
199 199 3.9226643634788267
200 200 -0.9333706332508775
201 201 -0.8653930700487926
202 202 -0.1088405864257096
203 203 1.9592816370895934
204 204 -1.0190029217357877
205 205 3.2945045084921976
206 206 2.9784291220210797
207 207 0.7141541740743156
208 208 1.6738599684028674
209 209 -0.8561575077429993
210 210 1.0751683797576108
211 211 0.9918656072973038
212 212 3.615204262791365
213 213 -3.561778909488961
214 214 -1.4117379375552144
215 215 -3.2498847976297087
216 216 -3.5705692610193003
217 217 2.1212286601190424
218 218 -1.845956875980991
219 219 -0.33219652813651734
220 220 -1.2302938678297695
221 221 1.5263801696599355
222 222 -1.3172596908952494
223 223 -1.7934674493055667
224 224 1.664160872767968
225 225 -3.536938726451366
226 226 -3.8431436295760273
227 227 -1.7995319719134963
228 228 0.4169068661130382
229 229 2.0099217483832055
230 230 0.9599396031143641
231 231 -2.53379380817435
232 232 -3.1926427180446364
233 233 -3.5206919240765986
234 234 -1.7393649292493913
235 235 -1.9201927865681823
236 236 -0.9607667917801939
237 237 0.41282808559220285
238 238 -1.1993935957384583
239 239 1.3080937306079585
240 240 3.2540978594765146
241 241 -2.0446051365244164
242 242 1.8425841217344994
243 243 -2.5648096418907222
244 244 -3.0643515212378905
245 245 -1.0623570261919069
246 246 -1.3044382698628256
247 247 2.886830023665099
248 248 3.9635512863341997
249 249 -3.1417270069844205
250 250 3.558356016751425
251 251 -0.6678837496821872
252 252 0.82425412090062
253 253 -1.706384439303033
254 254 -3.9497055869574282
255 255 2.4440108317565663
256 256 -2.973928107432135
257 257 3.2162201596900317
258 258 1.3151053567415687
259 259 3.1817520773212014
260 260 -3.6780548972610516
261 261 1.56004437191282
262 262 -0.19450748609939783
263 263 0.15922670333615496
264 264 0.663777014313137
265 265 -0.014125645501177786
266 266 -3.306413334593331
267 267 -2.5020761183499616
268 268 3.26286560057365
269 269 0.21209845729149457
270 270 -3.428864875152809
271 271 -1.5460818473715614
272 272 -3.884970984035192
273 273 -3.777085685987541
274 274 -0.4412580564128348
275 275 0.3060431570350497
276 276 2.879323002016373
277 277 1.0423135876000593
278 278 -2.5997909234289036
279 279 -2.7188220214614622
280 280 -2.7291458651987996
281 281 3.482330228835165
282 282 2.9886419336907766
7 8 0.7816680782175709
7 10 -0.5002728523174416
7 157 0.38385574708504455
7 160 -0.9435492492079214
7 163 0.0585135991958583
7 166 0.6708140045601714
8 9 -0.5613415693832975
8 11 -0.4956048966822175
8 193 0.8036881967658689
8 196 -0.4342676514405446
8 199 -0.9733440970797056
8 202 0.6481392493314238
9 12 -0.16942364446528346
9 229 0.482595539287743
9 232 0.5254744458765528
9 235 -0.3011364648183519
9 238 0.2065688117560951
10 11 0.6567767962611515
10 157 0.4209510665956444
10 160 0.11052496462781214
10 163 -0.5098736915343183
10 166 0.33142445532179976
11 12 -0.13225132557128716
11 193 0.21947843531983535
11 196 0.6740664228564348
11 199 0.8291271336117927
11 202 -0.6816565237864181
12 229 0.05659213535745211
12 232 -0.049413916441291006
12 235 0.49910502967077774
12 238 0.5679807925742704
13 14 -0.9146307282150745
13 16 0.7663896852441521
13 193 -0.11217119377554341
13 196 0.6316394721444034
13 199 0.633511345818462
13 202 -0.9294136553775703
14 15 -0.7100299512441366
14 17 -0.5473614449254258
14 229 0.5731624920610199
14 232 -0.3284017240490864
14 235 0.11658905515852691
14 238 0.7598035486515449
15 18 0.3728629765238085
15 265 -0.3387253108465722
15 268 -0.28659224694700014
15 271 0.9138087533419714
15 274 -0.984067052161816
16 17 0.4046236290819343
16 193 0.8002640618727486
16 196 0.21299236425761237
16 199 -0.5171704305887761
16 202 -0.4909102685143498
17 18 -0.37787784120943124
17 229 -0.28673509906896677
17 232 -0.8777520825683454
17 235 -0.058283123367497636
17 238 0.5229973951648581
18 265 -0.5182444544489768
18 268 -0.7280684541411999
18 271 -0.23654619449466874
18 274 0.2775274443900151
19 20 0.6679380107396546
19 22 -0.3430012511349858
19 181 0.400018243002785
19 184 -0.7221574012569993
19 187 -0.9442017735682777
19 190 0.31177867120643055
19 193 0.09998197925439567
19 196 -0.37098028161725516
19 199 -0.47112945270158146
19 202 -0.5972761415687471
20 21 -0.34552838209535386
20 23 -0.8121325399029102
20 217 -0.014725879583344925
20 220 -0.7074317539175528
20 223 -0.7155669401626961
20 226 0.6723892240219869
20 229 -0.5660617293145782
20 232 0.5098127922368569
20 235 0.11487515797141801
20 238 0.20485307404661546
21 24 0.06326101504334036
21 253 0.6540058389409205
21 256 -0.9357092319075859
21 259 0.15317934241621445
21 262 0.7233128428792428
21 265 -0.23105156026569507
21 268 -0.8774185431643386
21 271 0.1518054222316969
21 274 -0.027908678916083396
22 23 -0.7432139580349997
22 181 -0.552756372074249
22 184 -0.9054027662133151
22 187 0.20332628546458587
22 190 -0.2422654453967914
22 193 0.8150925257244968
22 196 0.5439544516827328
22 199 -0.6053825107402075
22 202 -0.8731356928274772
23 24 -0.7225034546178526
23 217 -0.28737374049982223
23 220 -0.6578081888604299
23 223 0.8198554913439524
23 226 -0.034870354155273287
23 229 0.09100453389376217
23 232 0.7555554393391133
23 235 0.8016725996908118
23 238 -0.6907228249453252
24 253 0.04673116278705014
24 256 0.9135387260969126
24 259 0.40497967270207513
24 262 0.39521916410094904
24 265 -0.7821050588966896
24 268 -0.4609024879595012
24 271 0.7448428941400311
24 274 -0.3116166583533124
25 26 -0.1835298831540273
25 28 0.525833426099733
25 181 -0.861326232434702
25 184 -0.05373087858593739
25 187 -0.7158081813776243
25 190 0.17532085128813035
25 193 0.7300404657092445
25 196 0.9935655145739062
25 163 0.18944623665444404
25 166 -0.18935221903865473
26 27 -0.6043172709927505
26 29 -0.42134695770964403
26 217 -0.9977091767482344
26 220 0.4841491427669451
26 223 0.25533445357293694
26 226 0.7337301524896003
26 229 -0.27081741956718663
26 232 0.673236388735561
26 199 0.7140516305292568
26 202 -0.552572317863756
27 30 0.2714615529262354
27 253 0.3436648716455437
27 256 0.9011840420053125
27 259 0.19446993568713178
27 262 0.28873208970625774
27 265 0.37038224338455605
27 268 0.9349146327637905
27 235 0.9450747965713755
27 238 -0.6103593554784346
28 29 0.7718335678254742
28 181 0.7955645539924148
28 184 0.08249384599362863
28 187 0.8407215190572161
28 190 0.9723542156275748
28 193 0.25307204787065674
28 196 -0.3671932743224102
28 163 -0.9223582076295147
28 166 -0.7113400188461882
29 30 0.6337282529303978
29 217 0.8602689223281312
29 220 0.278594172499542
29 223 -0.7223615849601228
29 226 -0.204349722275311
29 229 0.8178513184782987
29 232 -0.17815410530256415
29 199 -0.7305183820994163
29 202 0.21515751970081065
30 253 0.8654019438883742
30 256 -0.10434903103407667
30 259 -0.28007881705448767
30 262 -0.9052916001509816
30 265 0.16698607313681868
30 268 0.7714821742811377
30 235 0.44734065731138384
30 238 0.8861084077284882
31 32 0.21972285237184064
31 34 -0.8265874203492127
31 181 -0.8917407982651617
31 184 0.8177176787908529
31 187 -0.21661046133014583
31 190 -0.8700350525583074
31 193 -0.8874021723770538
31 196 0.40169438243435907
31 163 -0.20195522980179992
31 166 0.401590249535533
31 169 0.7430906767392464
31 172 -0.786877600252629
31 175 0.04572048961918207
31 178 0.1872983048712511
32 33 -0.5044634708296176
32 35 -0.5659841375249965
32 217 -0.8688576832736428
32 220 0.6479685653543703
32 223 0.4263393301371825
32 226 -0.4412917445177471
32 229 -0.28158744650003165
32 232 0.7894883696223587
32 199 -0.32177753235554896
32 202 0.9469030230151438
32 205 -0.7148121641781149
32 208 -0.42461453524796955
32 211 -0.7161815463060819
32 214 0.6176589345819239
33 36 0.7726186457806721
33 253 0.04475229530589431
33 256 0.10663265731314198
33 259 -0.3169173426791987
33 262 -0.8222291376686515
33 265 0.06821609208877111
33 268 0.42041203200105937
33 235 0.45894449961639094
33 238 0.2407187183646915
33 241 -0.8593498584237504
33 244 0.6109611550755847
33 247 0.7926141473016086
33 250 0.5633833337415826
34 35 -0.010619238461854863
34 181 0.7823727200494366
34 184 0.11181281214849115
34 187 0.5481234448589694
34 190 -0.16874063287274033
34 193 -0.2619970719899316
34 196 -0.5955024095435677
34 163 -0.08057778272229976
34 166 0.004948569750412357
34 169 -0.6598513863341713
34 172 0.7576434778043166
34 175 -0.950103314725099
34 178 -0.4467694993799265
35 36 0.9228712441739748
35 217 -0.7784215073299234
35 220 0.1697422621334832
35 223 0.4999810284105197
35 226 -0.24110015347915215
35 229 0.7897700909205405
35 232 -0.18599682796589145
35 199 0.690038898649572
35 202 0.7742854116768998
35 205 0.5196825917812977
35 208 -0.41904333007706396
35 211 0.5056262593485039
35 214 -0.0874738839006759
36 253 0.10691313426002647
36 256 0.5718478647722323
36 259 0.11155892041361848
36 262 -0.12320495512505869
36 265 -0.5175769335472094
36 268 -0.6114667173492057
36 235 -0.5291890788757521
36 238 -0.6311613717234357
36 241 -0.37189279636089023
36 244 -0.49984655788485854
36 247 -0.2135405199816267
36 250 0.8881034894769293
37 38 0.33894157962505256
37 40 0.7327490521659556
37 181 0.5401070829332297
37 184 -0.0446776050529476
37 151 0.18360060072813233
37 154 0.04438577662277576
37 157 -0.5421431433282908
37 160 0.8186246750758859
37 163 -0.8756851699417647
37 166 -0.01506578098956557
37 169 0.2088418366460032
37 172 0.6766173792040111
37 175 0.49865165418113144
37 178 -0.11457440428761356
38 39 0.5283853130729999
38 41 -0.7857852274479207
38 217 -0.2082070950804531
38 220 0.34674485786304077
38 187 -0.07974487487967985
38 190 0.8203185692084474
38 193 0.9290378557576988
38 196 0.46408717335623195
38 199 -0.7936606547890588
38 202 -0.8452947694309509
38 205 -0.6971745988324016
38 208 -0.608789457119377
38 211 -0.8722129172303721
38 214 0.944449109832382
39 42 0.08143809863441831
39 253 -0.6600506758035389
39 256 0.2414505364427193
39 223 -0.19111833511771792
39 226 0.28773999501702807
39 229 0.08674290595919998
39 232 -0.6331518911300638
39 235 -0.764232595540832
39 238 0.5777076930492142
39 241 0.5736318552488842
39 244 -0.8364830188194812
39 247 0.09817842219199524
39 250 0.09437263906608995
40 41 -0.30053223306740984
40 181 -0.5505518690625084
40 184 -0.4293788513542174
40 151 -0.18579359544368468
40 154 -0.20261356174940448
40 157 -0.22406562859141488
40 160 0.6686947997766581
40 163 -0.5841309090486733
40 166 -0.9352821158493079
40 169 0.5929884365084137
40 172 -0.10015963693336682
40 175 0.9845587633215809
40 178 -0.9747460026773682
41 42 0.5435226317421304
41 217 0.1476698834950061
41 220 0.6687719170732997
41 187 0.11909831467415977
41 190 0.7742807955492581
41 193 -0.678375253358765
41 196 0.5501295445004413
41 199 0.32868066376764227
41 202 0.8480850772567405
41 205 0.8361917726410506
41 208 0.5556474409944494
41 211 -0.6963225419432788
41 214 -0.917065436999517
42 253 0.5381155303935263
42 256 -0.7251897702338548
42 223 0.4439189337141687
42 226 -0.1063428719673929
42 229 -0.5248770743638116
42 232 -0.3953260745886005
42 235 0.8005039609688425
42 238 -0.8453561621146264
42 241 -0.8326125843546996
42 244 -0.9303705308887218
42 247 -0.2401347327987402
42 250 0.5786842787894733
43 44 0.819585397897751
43 46 0.9597458074547998
43 181 -0.617872184700605
43 184 -0.5081821858365738
43 151 0.9698244310382527
43 154 0.6969451940610139
43 158 0.31822383819044653
43 161 -0.4425560448500012
43 164 0.5902876432874069
43 167 -0.3956548187020976
43 169 -0.6830252169875062
43 172 -0.9428637718874309
43 175 -0.3587053791032737
43 178 -0.07530529540992248
44 45 0.8954461658196726
44 47 -0.8266756304193679
44 217 -0.6154313249315406
44 220 -0.8348361786698617
44 187 0.4307113766054891
44 190 -0.9981888914713264
44 194 0.15290522243444382
44 197 -0.8013330776615906
44 200 -0.7711955636037386
44 203 0.17945291379514727
44 205 0.9621516698038868
44 208 0.3370068583404404
44 211 0.3021434083659178
44 214 -0.5026554177391351
45 48 0.842081508008621
45 253 0.4432789156685879
45 256 -0.8975317853975517
45 223 0.7900730997951919
45 226 0.30876796419384944
45 230 0.897349967179901
45 233 -0.9510933336261911
45 236 -0.4942605506844555
45 239 -0.024924692466298026
45 241 -0.555837653050818
45 244 -0.19029594312092324
45 247 0.5587833702619491
45 250 0.30686174999491134
46 47 0.45038346584921785
46 181 0.15255273800310487
46 184 0.8139205982338202
46 151 -0.3214705124426087
46 154 -0.7637254133915583
46 158 -0.2577308478417224
46 161 0.2685271454176019
46 164 -0.6725194845469364
46 167 0.3181178550734982
46 169 0.7722878755557343
46 172 0.8089887759271701
46 175 -0.2081111619109517
46 178 0.2368363778875242
47 48 0.5105377304685721
47 217 -0.11806232913328918
47 220 0.5148933970265608
47 187 -0.36895416516539803
47 190 0.2338431480837917
47 194 -0.7063489021362066
47 197 0.9122873793499089
47 200 0.6772714211553099
47 203 0.9254799348553733
47 205 0.6588019350386118
47 208 -0.6591506316162912
47 211 0.6260172602904905
47 214 0.6972439921057754
48 253 0.802801624204512
48 256 -0.7235060792175236
48 223 -0.8336862410713908
48 226 0.10184190371865309
48 230 -0.3945691923031487
48 233 -0.37028469510253115
48 236 -0.9317856263542641
48 239 0.7998231381405603
48 241 0.859758708144509
48 244 0.5154427301509519
48 247 -0.5743162061208666
48 250 -0.5829570826926669
49 50 -0.5712222975845598
49 52 0.448801941768991
49 181 -0.7220574243441074
49 184 -0.8558601855576313
49 187 0.8233324959954462
49 190 -0.8048309400641007
49 194 0.33854533364403827
49 197 -0.5830981922676497
49 200 0.07512661653425123
49 203 0.6743232231709089
49 205 0.66181267410878
49 208 -0.883221092037372
49 175 -0.3974418574854126
49 178 -0.5459142800354644
50 51 -0.6687171697712222
50 53 0.9873116856044155
50 217 0.6104273538300482
50 220 -0.4065448281298587
50 223 0.208511302415068
50 226 0.04596663891058839
50 230 -0.1892607251189513
50 233 0.4406210298617148
50 236 0.523516698023712
50 239 0.7710222666374167
50 241 0.22088292890581163
50 244 0.9749123755312759
50 211 -0.20778075236280258
50 214 -0.275398320891056
51 54 0.7742913529332838
51 253 -0.03855633079633303
51 256 0.5106813031361179
51 259 0.4823890059099123
51 262 -0.7679793023266415
51 266 0.4341015692119694
51 269 -0.17791214092669017
51 272 0.40656628689815455
51 275 -0.6587729462245695
51 277 0.7747189746815295
51 280 0.9260263423854258
51 247 -0.8392886209547135
51 250 0.28981718780778043
52 53 0.4003210022522681
52 181 -0.29446980706977555
52 184 0.8930202542186632
52 187 0.7877852747245682
52 190 -0.7574258426656864
52 194 -0.895094179073223
52 197 -0.18725779884446458
52 200 -0.7535070559944201
52 203 -0.9430076546679502
52 205 0.27013497397789954
52 208 0.4932091322703607
52 175 0.3634035711835142
52 178 -0.3416528363746347
53 54 -0.34091571533623655
53 217 0.9006470973367369
53 220 0.2028074759017202
53 223 0.39591491684689184
53 226 0.08339063898113563
53 230 -0.6967212340073698
53 233 -0.6469383382547929
53 236 0.37276302327575483
53 239 -0.9170821068699659
53 241 0.8245465179404619
53 244 0.8222805267596012
53 211 -0.7184315580895935
53 214 -0.8826456102524107
54 253 -0.9232876029514179
54 256 0.15327449128424764
54 259 0.8373093525620046
54 262 -0.37219672869259934
54 266 -0.39332710244080604
54 269 0.4922230809726815
54 272 -0.7663273428878075
54 275 0.01128875239390248
54 277 0.6865695446857771
54 280 0.3530781167517578
54 247 0.2536185957485748
54 250 -0.6090086425742189
55 56 0.925990025016753
55 58 -0.01483760591133132
55 182 -0.5555750262840382
55 185 -0.8386670934784017
55 188 -0.8708057538909204
55 191 0.9320911769776563
55 194 -0.6245461311679843
55 197 -0.23598520202193396
55 200 -0.9551281634980451
55 203 0.12888594465260872
55 205 -0.11422011702648738
55 208 0.277043144856737
55 175 -0.28633157013876587
55 178 -0.7034351081360382
56 57 0.7625637136170909
56 59 -0.3263189598271836
56 218 0.6540697342217707
56 221 -0.5675199262613051
56 224 0.9917147614507136
56 227 -0.11427954925427786
56 230 -0.38672916931378487
56 233 0.709236388391087
56 236 0.3055689099229748
56 239 -0.23762896193205973
56 241 0.18410236398088653
56 244 0.7357799261888593
56 211 -0.8474923709110871
56 214 -0.953923974875525
57 60 0.830195108285039
57 254 0.9735444095737171
57 257 0.0952219237306613
57 260 0.3063655681625954
57 263 -0.08400147711855976
57 266 0.6263796114016327
57 269 0.4757521653536383
57 272 -0.20291184246723915
57 275 0.698439082554152
57 277 0.4907680275080206
57 280 0.8982330317384404
57 247 0.7634762957152572
57 250 -0.3386548888326857
58 59 -0.03490185996215289
58 182 0.669007914242308
58 185 0.5142913432723966
58 188 -0.7506418457775963
58 191 0.9631205951143731
58 194 0.4404176744577657
58 197 -0.5196837110979433
58 200 0.39208538711595753
58 203 -0.2744975867523698
58 205 -0.8586988086475038
58 208 0.3783933817951397
58 175 0.11397756957920846
58 178 -0.6329513397968913
59 60 0.8161502486346548
59 218 -0.9099022867625122
59 221 -0.593241791952168
59 224 0.8277989256842928
59 227 -0.3369057161718112
59 230 -0.2586105795241973
59 233 0.40636984279457833
59 236 -0.4166670747363881
59 239 -0.08820433105550252
59 241 -0.47713851427154697
59 244 0.11403008181944596
59 211 -0.3515078051562526
59 214 -0.3117998751976325
60 254 0.5688947681450827
60 257 0.9713654918488417
60 260 0.6291481393622813
60 263 -0.699025643284374
60 266 -0.38975764786328826
60 269 -0.4943950502677874
60 272 -0.4468804687825674
60 275 -0.6043793202149068
60 277 0.7988323210918646
60 280 0.37943578464658745
60 247 0.24098978288235773
60 250 0.15516598054030362
61 62 0.7384913046118915
61 64 0.9998490747242306
61 182 0.10715637081676932
61 185 -0.3956765261046955
61 188 -0.5268808919455437
61 191 -0.5496839654797561
61 194 0.2348093029212448
61 197 0.6261051222586085
61 164 0.2822007521074261
61 167 -0.3656604497717213
61 169 -0.1963289815299989
61 172 -0.6019085102195101
61 175 -0.9351395892792316
61 178 0.518916205449268
62 63 -0.16077477585331024
62 65 -0.9739564787923438
62 218 0.13375058844510712
62 221 -0.6639167250696878
62 224 -0.39814935191318424
62 227 0.454624901225116
62 230 0.6855706549656944
62 233 -0.6310832924407652
62 200 -0.2766175477998405
62 203 -0.2564930879163918
62 205 0.1640445421730008
62 208 0.6692617692721339
62 211 -0.10979864649344351
62 214 0.6652669949480812
63 66 -0.4329465499504941
63 254 -0.053924857366468126
63 257 0.9778508036552394
63 260 0.4064531090911423
63 263 -0.8426810460215024
63 266 0.0724310714420402
63 269 -0.7076987966299102
63 236 0.5164602809932415
63 239 -0.35184298018442717
63 241 -0.9635307865542866
63 244 0.06627183515036594
63 247 -0.241601584613363
63 250 -0.46295373588166333
64 65 -0.9686225385261757
64 182 -0.5140841103884333
64 185 -0.007120410149445089
64 188 -0.1604528632147042
64 191 0.12855986217955895
64 194 0.41279913015427416
64 197 -0.3150853418967854
64 164 -0.8857551673396762
64 167 -0.0980856801440666
64 169 -0.6251956849104947
64 172 0.0663459927673653
64 175 -0.8089840614912109
64 178 -0.36519463129136076
65 66 0.0001323944656077547
65 218 0.31059746698794144
65 221 -0.5075730713706577
65 224 0.3553517504149166
65 227 0.1297494742428571
65 230 -0.882478155688784
65 233 0.8452882652999958
65 200 0.282218547276998
65 203 -0.8432098052563568
65 205 -0.11659095774861927
65 208 -0.9983059666426621
65 211 -0.5031459187321494
65 214 0.27929087502477445
66 254 -0.36371889678871416
66 257 0.3920226316901918
66 260 -0.795053136444386
66 263 0.9944263775123541
66 266 -0.5146508689234075
66 269 0.9497423919053856
66 236 -0.46787737231441495
66 239 0.9702027639375101
66 241 -0.03303079140927334
66 244 -0.29314735876767206
66 247 0.7368249538158336
66 250 0.925696879087321
67 68 -0.10066806285496788
67 70 0.22700089502081733
67 182 0.23205998375289472
67 185 0.7128200356644165
67 188 0.5457965286220334
67 191 -0.06892499066699465
67 194 0.7756426500132327
67 197 0.3900488905930388
67 164 -0.6047214808037373
67 167 -0.5996633267141582
67 170 0.11326676854148587
67 173 0.9027128230870847
67 176 0.7258609711554882
67 179 0.5715384078735022
68 69 0.6973783124716755
68 71 -0.38479414568642767
68 218 0.5114595222979716
68 221 0.13022035439603452
68 224 0.6810347060611626
68 227 0.280431520467908
68 230 0.2727478954858509
68 233 0.7143721484927383
68 200 -0.3794781361866859
68 203 -0.6177382315967468
68 206 -0.9724972991792304
68 209 -0.49748080055750776
68 212 -0.1168188405284245
68 215 0.10687419459713188
69 72 -0.39553593668274956
69 254 0.49520343724500515
69 257 0.4143375338626327
69 260 0.6990750675364255
69 263 0.727810126321282
69 266 0.27643328101977227
69 269 0.42864311558696566
69 236 0.1888209660798148
69 239 -0.953792819603023
69 242 -0.9028375498772585
69 245 -0.2213890972471384
69 248 -0.910680607147297
69 251 -0.6110968225896647
70 71 0.8355737108460768
70 182 0.5290369014318905
70 185 0.5010551778229573
70 188 -0.9709134549885756
70 191 -0.9160957218145436
70 194 -0.579674175982301
70 197 -0.04437577956326888
70 164 -0.5107991133367511
70 167 -0.6336866537820289
70 170 -0.5003489234367693
70 173 -0.20745147501685635
70 176 0.624898403014456
70 179 0.6988398266672631
71 72 -0.008628622282120135
71 218 -0.8028954986087784
71 221 0.8179525488401069
71 224 -0.015755347006423337
71 227 -0.9375101600763482
71 230 0.8991174923742968
71 233 0.7568625760757737
71 200 0.9106618086573537
71 203 0.35210693112694114
71 206 -0.3875084382567724
71 209 -0.12587084299272577
71 212 0.7178604004218805
71 215 0.734528436502863
72 254 -0.6715473339714544
72 257 0.7256339619181373
72 260 0.16220891778717839
72 263 0.8740503922449296
72 266 -0.32816280421681565
72 269 0.6239243216499615
72 236 -0.23310644003702308
72 239 -0.5149125246361301
72 242 -0.54903838175776
72 245 0.7593317328698097
72 248 -0.6257904977508748
72 251 -0.5556758860631585
73 74 -0.24753492274454536
73 76 0.4790817607463487
73 182 0.49762977799044394
73 185 0.44230185724498505
73 152 0.7502774655357669
73 155 -0.7428455084766437
73 158 0.49906522295229494
73 161 0.5956833582524064
73 164 0.16976122644372826
73 167 0.9411652476521268
73 170 0.5069245424274893
73 173 0.08962029722764253
73 176 -0.7835489551671866
73 179 -0.3762338450166871
74 75 -0.5943671234316463
74 77 -0.7533901825906428
74 218 0.6441379249242838
74 221 0.5471240929712486
74 188 0.139680983142493
74 191 0.9871033149774604
74 194 0.958622650586487
74 197 0.12052446773856818
74 200 -0.33182607060990255
74 203 0.36006886425451423
74 206 -0.4059863309185454
74 209 -0.38161302158840327
74 212 0.31100152097751566
74 215 0.5426293293791047
75 78 -0.9950276324624656
75 254 0.8067130151204103
75 257 -0.09025937034239795
75 224 -0.2953220259183753
75 227 0.7488164343525741
75 230 0.26215037912182204
75 233 0.9122001166299589
75 236 0.03558214670126314
75 239 0.7350391407703498
75 242 0.33756911496491737
75 245 -0.8094577551928424
75 248 -0.43586936395509635
75 251 0.18773155271730957
76 77 0.9786234929237523
76 182 -0.7197416147632363
76 185 0.7187570573874673
76 152 -0.6215369697953008
76 155 -0.16412361791276564
76 158 0.46578196202160105
76 161 -0.4233308041204842
76 164 0.5444280118148608
76 167 -0.9358195226455392
76 170 -0.6396151905011989
76 173 -0.807108454304089
76 176 0.7590522992288271
76 179 -0.8875595576121376
77 78 -0.008311844479230945
77 218 -0.3771989547811232
77 221 0.5278586563070073
77 188 -0.06544291069230623
77 191 -0.9788276911237543
77 194 0.6286680204737531
77 197 0.09696856749628213
77 200 -0.2524383113558242
77 203 -0.4723110101072425
77 206 0.4341376305480429
77 209 -0.2882690233847345
77 212 0.4636853290461105
77 215 -0.7109139462034411
78 254 -0.20567319136971007
78 257 0.8858681809210289
78 224 -0.9693454616216248
78 227 -0.74313255817432
78 230 -0.9390048426057913
78 233 0.9188262733345196
78 236 -0.5386595111872023
78 239 -0.6034994042935262
78 242 0.5614812040811941
78 245 0.044482821938506056
78 248 -0.9692639814829986
78 251 0.26574205196172884
79 80 -0.46003906101679615
79 82 -0.18661920072620686
79 182 0.5226372057163888
79 185 -0.001226331456396057
79 152 -0.8376861403476905
79 155 -0.39798427921625956
79 159 0.8922380479600975
79 162 -0.5324626902253835
79 165 0.6063475098843205
79 168 -0.04269118030004204
79 170 -0.034660488780064114
79 173 0.5249429220383885
79 176 -0.3310152494850218
79 179 -0.9355236185803955
80 81 0.057141747996376946
80 83 -0.4952966389303426
80 218 -0.7312493136274834
80 221 0.8657642401354804
80 188 0.9963574343599306
80 191 0.36027696332770875
80 195 -0.8001185041758208
80 198 0.30667851719033035
80 201 -0.9435141697909957
80 204 0.6332924870384398
80 206 -0.44586160163965927
80 209 0.42875290546560363
80 212 -0.2964386748130483
80 215 -0.6847804234317634
81 84 -0.5927334044343189
81 254 0.7814123946805798
81 257 0.32792600823445284
81 224 -0.5061485416672495
81 227 0.26905771893902886
81 231 0.7540506122660708
81 234 -0.7530513468959856
81 237 0.6039834871032166
81 240 0.6182792018029473
81 242 0.8747224703004775
81 245 0.7359192621627453
81 248 -0.7959392501644575
81 251 0.15571305197916296
82 83 -0.35928915882673507
82 182 0.8260220243378782
82 185 0.7610512427590788
82 152 0.25955574792755987
82 155 0.8302733586837523
82 159 0.21973753530905915
82 162 -0.12956922931258252
82 165 0.8877567044127475
82 168 -0.039975954425081284
82 170 0.6062316196868383
82 173 0.5564917452453033
82 176 0.3213521097681957
82 179 -0.8040443002866624
83 84 -0.5755709788353396
83 218 -0.9949115672221012
83 221 -0.3087368143859075
83 188 -0.6251984435251341
83 191 -0.9841388627711407
83 195 0.046865528753083696
83 198 -0.8344416870339528
83 201 0.04693762263400347
83 204 -0.8103429427628659
83 206 0.43821717301021135
83 209 0.40934551946378184
83 212 0.38519772861338075
83 215 -0.6321812645462901
84 254 -0.39981679295030315
84 257 -0.41628576898552394
84 224 0.3845380102080045
84 227 -0.5893471009680773
84 231 -0.9336182381680529
84 234 -0.829253149260653
84 237 -0.32218873225447053
84 240 -0.021160830183583057
84 242 -0.031037645958755578
84 245 -0.2774422438922408
84 248 0.19827633997244787
84 251 -0.913266585866499
85 86 0.6367118282096458
85 88 0.11640531313175617
85 182 0.3119276669030766
85 185 0.8146640622662151
85 188 -0.5352408710583012
85 191 -0.7209315958687765
85 195 -0.16628510685528664
85 198 0.8551919013377187
85 201 -0.34433716551893334
85 204 0.802926981344672
85 206 0.7394994625283675
85 209 -0.27954463707405774
85 176 -0.30000127408961985
85 179 0.5726593333279506
86 87 0.3256213321382011
86 89 0.8521078154795783
86 218 -0.5288078275331676
86 221 -0.23087957887444466
86 224 -0.4524002371333331
86 227 0.18904032574595298
86 231 0.4024336522035592
86 234 -0.14949752573670905
86 237 0.3802649396524529
86 240 -0.3741065205269789
86 242 0.8169989837952034
86 245 0.10305898208920827
86 212 0.7437737274255307
86 215 -0.7772710886622751
87 90 0.8297486718683489
87 254 0.3249431628263273
87 257 -0.16487847865555838
87 260 0.7725596200115514
87 263 -0.5491141644957886
87 267 -0.6195467654214264
87 270 0.44035686192362267
87 273 -0.4122705687679107
87 276 0.854209929672392
87 278 -0.07679705168564133
87 281 -0.5103477017955735
87 248 0.3392539863622741
87 251 0.19936001539453252
88 89 -0.40233126609556624
88 182 0.42030440740102115
88 185 0.4194980422365968
88 188 0.28643255501701614
88 191 0.47659189759938236
88 195 0.4434942815185525
88 198 0.23513712892399585
88 201 -0.287077881870768
88 204 -0.5569563485151827
88 206 0.6073784682186556
88 209 0.9654253583577119
88 176 0.5419872015494176
88 179 -0.06573117426927788
89 90 0.5040803653618207
89 218 -0.9589195500457002
89 221 0.4408580376245621
89 224 -0.01183173705083429
89 227 -0.753168307677756
89 231 0.6500728944622014
89 234 -0.6880473784337058
89 237 -0.5292381872452956
89 240 -0.42482940385320744
89 242 0.03926356746506432
89 245 -0.1014792438610479
89 212 -0.45001279666514815
89 215 0.22112538042136354
90 254 0.2953036412208294
90 257 -0.9002222421547179
90 260 -0.9582434608364887
90 263 -0.2758774033570286
90 267 -0.40166642635096506
90 270 0.7979707480309486
90 273 0.8540323179364617
90 276 -0.9218089839274617
90 278 0.6153076451444479
90 281 -0.5287431678439007
90 248 0.07887683964014647
90 251 -0.6849034067907365
91 92 -0.6861462713920299
91 94 -0.2747021214190726
91 183 0.7876999639474793
91 186 0.4739302834195567
91 189 0.6624828335992503
91 192 -0.9266779933091214
91 195 0.2079056350354478
91 198 -0.40111882569047475
91 201 -0.6808960989424055
91 204 -0.8547822203228506
91 206 -0.24798482138780376
91 209 -0.9732434613160776
91 176 0.5395147295810978
91 179 0.663456917220798
92 93 0.4890299299298384
92 95 0.4753207128030923
92 219 -0.6600834907251645
92 222 0.859067476979066
92 225 0.12477916540213263
92 228 0.7430531169444232
92 231 0.7552735345560433
92 234 0.5511236138720614
92 237 0.07785559566164468
92 240 0.7995280015694224
92 242 -0.4611153264250796
92 245 -0.9598954555409873
92 212 -0.19055474239211923
92 215 -0.9405920215222108
93 96 -0.5254407878381517
93 255 -0.4295407251657746
93 258 -0.6037831859227585
93 261 0.767727695392153
93 264 -0.3264141390807209
93 267 0.04495595879018999
93 270 -0.4739810743853976
93 273 0.2646583898257495
93 276 -0.45442119807255943
93 278 -0.6073277615356523
93 281 -0.35134900719754647
93 248 -0.2988256320621654
93 251 0.6943986155644988
94 95 -0.3584107233011664
94 183 -0.718546727156836
94 186 -0.30235283762034193
94 189 0.8873366485711631
94 192 -0.4512802051783471
94 195 -0.81820603943377
94 198 0.5860640449436456
94 201 0.1502387605915374
94 204 -0.12482536591592996
94 206 0.07812904101673923
94 209 -0.9547029941612208
94 176 -0.6437625639405478
94 179 -0.42095698133011505
95 96 0.5755224969094337
95 219 -0.39386544173608784
95 222 0.7330134311039644
95 225 0.9882695928478129
95 228 -0.581329907189996
95 231 0.9284869020932962
95 234 0.7577687330427789
95 237 -0.6434178775002375
95 240 0.5789176208370383
95 242 -0.4175970431938294
95 245 -0.9523399504104153
95 212 0.7118015719712596
95 215 -0.9992438566945165
96 255 -0.6770427764896154
96 258 -0.6405779191132943
96 261 0.268606282132952
96 264 -0.017496745601710106
96 267 -0.7246455784678631
96 270 0.7709039764765617
96 273 -0.9210520555546302
96 276 0.36443103478084593
96 278 -0.9195571795750201
96 281 0.4471245726416113
96 248 0.5906085179084557
96 251 -0.5815502973551152
97 98 0.24983409163556347
97 100 -0.5620007273334828
97 183 -0.9856453435267865
97 186 0.312199032718973
97 189 -0.9559959687393291
97 192 0.3639919012133186
97 195 0.5163532270958675
97 198 0.35149287602591794
97 165 -0.6623611058412662
97 168 0.9658195769971301
97 170 -0.6044465545407143
97 173 -0.46394275620867353
97 176 0.9038217706228411
97 179 0.22376474200569763
98 99 0.9800346766712889
98 101 -0.9782641944676893
98 219 -0.427291201252908
98 222 -0.8137760890721812
98 225 -0.9679471213103059
98 228 0.7235526115161528
98 231 -0.957372017068594
98 234 0.6291080007449343
98 201 -0.29012376880994295
98 204 0.4082845984411718
98 206 0.006415151925803109
98 209 -0.6303513173856781
98 212 0.5573960267591189
98 215 -0.05453171769734433
99 102 -0.08309998136522578
99 255 -0.6665958034028527
99 258 -0.3966150216539448
99 261 0.24170118965364717
99 264 0.9524630458514183
99 267 -0.5669194867990042
99 270 0.48834475044542547
99 237 0.9768752771745333
99 240 0.7055742702586196
99 242 -0.09503082763658832
99 245 0.4191424472820675
99 248 0.23237577313497404
99 251 0.0990441505368449
100 101 0.37366695526779425
100 183 -0.6858093275771062
100 186 0.2308257519722703
100 189 0.3765659467665343
100 192 -0.6363301467316296
100 195 -0.7013669557923139
100 198 -0.886907793648799
100 165 -0.4634087210284765
100 168 -0.8691088053817175
100 170 -0.40356294145835014
100 173 0.269434746954639
100 176 0.39936698220767863
100 179 -0.1875435889263941
101 102 0.9687237654535223
101 219 -0.5842846183940338
101 222 -0.8152257238765892
101 225 -0.7776790458734304
101 228 -0.19089722092800954
101 231 -0.22989957205156686
101 234 -0.8158040910984528
101 201 0.6084931083114233
101 204 0.1505266696644767
101 206 0.7985492920366597
101 209 0.9431476350335328
101 212 -0.7905435756483252
101 215 0.448377198140282
102 255 0.8564312435781396
102 258 -0.15312098036636557
102 261 -0.7150613052195143
102 264 0.3705570008140151
102 267 -0.005428313563722309
102 270 0.09686958204150442
102 237 0.45547422350958766
102 240 -0.022347613705904434
102 242 0.13238030571697856
102 245 -0.36405744958172015
102 248 0.7108885763120496
102 251 -0.9445951177459808
103 104 0.7704401699352241
103 106 -0.10588787486425333
103 183 -0.8950178474309345
103 186 -0.8095892116538772
103 189 -0.42910291493235975
103 192 0.033281209057814065
103 195 -0.1212608457269746
103 198 -0.22863460004539027
103 165 -0.3160443787484155
103 168 -0.13468660898307716
103 171 -0.7788655933289392
103 174 0.8133454181516728
103 177 0.13587322040098604
103 180 0.31185747724148216
104 105 0.6935345513078557
104 107 -0.3071249930893172
104 219 -0.6937797068237603
104 222 0.8733064637355417
104 225 -0.5741916390452424
104 228 0.6368231947224432
104 231 -0.28568030873477923
104 234 -0.30031040002354725
104 201 0.14428748188614238
104 204 -0.407079982822107
104 207 0.4403964352114129
104 210 0.09935007344828639
104 213 -0.5490229878792261
104 216 0.8406968096937453
105 108 -0.9979261876500845
105 255 -0.2513983030103464
105 258 0.327433272736533
105 261 -0.2501545326776642
105 264 0.6299176789607945
105 267 0.6140789503506374
105 270 -0.4989510715304264
105 237 -0.9401824520523063
105 240 -0.5088901172858207
105 243 -0.7954707390302416
105 246 0.6767272810872351
105 249 0.7305267571102882
105 252 -0.8593506849714891
106 107 -0.04357757987030708
106 183 0.2194475993310223
106 186 -0.4132759939219057
106 189 -0.7083359549190829
106 192 -0.9799829205824664
106 195 -0.7120510716039639
106 198 0.24723932117244773
106 165 0.2967945212548231
106 168 -0.3600428457200875
106 171 0.7817351360371212
106 174 -0.019297153798740974
106 177 0.6049719272972729
106 180 -0.8371848119546288
107 108 0.8439953398263951
107 219 -0.9002798186416725
107 222 0.8429004853955142
107 225 -0.6340545615554654
107 228 0.6210739973030082
107 231 -0.31562746643993345
107 234 0.6627459160729057
107 201 -0.8746811786953339
107 204 0.6569301220352304
107 207 -0.9984029705280681
107 210 -0.37320230382483044
107 213 -0.37872860082262827
107 216 -0.6798853371451268
108 255 -0.029769852226015914
108 258 -0.2252887647636208
108 261 -0.7533513488718233
108 264 0.28814370552179747
108 267 -0.30684505796935113
108 270 0.05232482206840294
108 237 -0.2845899617067664
108 240 0.5500661583295514
108 243 -0.695009288290402
108 246 0.8520635855387211
108 249 0.10159511851667546
108 252 0.7121765691323001
109 110 0.2841032472389251
109 112 -0.11087909514856831
109 183 -0.47172389652848157
109 186 -0.9354569799427392
109 153 0.7549756503591496
109 156 0.3179804516693654
109 159 0.22566347924479246
109 162 0.3020043999725861
109 165 -0.41295966833300257
109 168 0.5003990609671729
109 171 0.06756866574710263
109 174 -0.38747279278027347
109 177 0.8699489035376513
109 180 -0.2900579059092725
110 111 0.8999419171891168
110 113 0.22858978343340453
110 219 0.537032409976852
110 222 0.3859440389143176
110 189 0.8386797561439898
110 192 -0.12729163830693913
110 195 0.8036716393037822
110 198 0.2639405792814993
110 201 -0.08123714552301475
110 204 -0.1780704309454122
110 207 0.290878693423265
110 210 -0.5264865974258273
110 213 -0.08679644051368207
110 216 -0.583736947804423
111 114 -0.646075306000589
111 255 -0.6112655378893768
111 258 0.318623260319739
111 225 -0.5308153796975201
111 228 -0.624052380406172
111 231 0.24549971698250594
111 234 -0.8380105560235109
111 237 0.9338936380509655
111 240 0.6053115542455076
111 243 -0.6126916219686593
111 246 -0.6822732897607986
111 249 -0.8887187121530211
111 252 0.8005637726380399
112 113 -0.2675505901423103
112 183 -0.8433469101795654
112 186 0.04681400146938208
112 153 0.8616349200689559
112 156 0.6947165493782601
112 159 -0.5676469921720046
112 162 -0.8192676676637651
112 165 0.35754392131235146
112 168 0.8645724710288527
112 171 0.48273628800202606
112 174 0.5300714277398044
112 177 0.5895928356245965
112 180 -0.32002019697503337
113 114 -0.6984508610402218
113 219 0.740760626798963
113 222 -0.5183143415201619
113 189 0.15803533414915183
113 192 -0.8306885315898582
113 195 -0.9719937416186013
113 198 -0.9297255272072009
113 201 0.7992897496343767
113 204 -0.22436455372257247
113 207 -0.9836918578074227
113 210 -0.7892977233256626
113 213 0.15182738229632609
113 216 -0.9721879460453189
114 255 0.16858157423690545
114 258 -0.39505050261756813
114 225 0.9576432649224047
114 228 0.050101312141431764
114 231 0.050513145774742085
114 234 0.6216195871849748
114 237 -0.2674869862186706
114 240 -0.49772081648729594
114 243 -0.9538936975691703
114 246 -0.343512446936759
114 249 -0.10263417248828755
114 252 -0.4080114498300522
115 116 0.1564772338397984
115 118 0.8974585695706336
115 183 -0.4922845061252987
115 186 0.7979630386938217
115 153 -0.8404184643654882
115 156 -0.574062522411408
115 171 0.5041873538087136
115 174 0.5049146932420856
115 177 0.18795182158913537
115 180 -0.5081816464817281
116 117 -0.3081475358413148
116 119 0.004158856677461298
116 219 0.43360401559690254
116 222 0.6764479459641117
116 189 -0.6169411304096784
116 192 0.33558622567238894
116 207 -0.2660522797355016
116 210 0.05668166600598945
116 213 0.7456612456262119
116 216 -0.8062266797963835
117 120 -0.5958771760992687
117 255 -0.8331675804172443
117 258 -0.5606528938072315
117 225 -0.4573833335748181
117 228 0.9428405084270388
117 243 0.08705367065381608
117 246 -0.9953637616514579
117 249 0.21666617672404587
117 252 0.6730440325314275
118 119 0.9084759886549036
118 183 0.9584080191738862
118 186 -0.38535946655881026
118 153 0.9662193296119985
118 156 -0.8260766915926485
118 171 0.29263922932672326
118 174 -0.31809162646916844
118 177 -0.512664257048306
118 180 -0.035484176963291425
119 120 -0.34665609752658866
119 219 -0.0701654160731211
119 222 -0.04994011907303175
119 189 -0.7618258233049098
119 192 -0.12109257305594179
119 207 -0.9134000446574464
119 210 0.43699856973607454
119 213 0.06066173248589757
119 216 -0.6590610257500731
120 255 -0.31893932968672134
120 258 -0.3712837207177171
120 225 0.48565576285716094
120 228 -0.3300002060192744
120 243 -0.6789811957842244
120 246 0.9611177061731071
120 249 0.28400343080221635
120 252 0.689421904453974
121 122 0.7586909181398789
121 124 -0.22639187185666976
121 183 -0.6806936136790531
121 186 0.9911830077717656
121 189 -0.3847083373099365
121 192 -0.9705067269194354
121 207 0.10582338378536393
121 210 -0.20536508296554312
121 177 -0.9362826052351549
121 180 0.21039912430058094
122 123 -0.30894517695088486
122 125 -0.5861243311472495
122 219 0.3844968440987264
122 222 -0.1988674101572998
122 225 -0.3190319038987892
122 228 -0.31369834295565124
122 243 0.6009526311102948
122 246 -0.217529992866623
122 213 -0.2743730464199341
122 216 0.9165823562864464
123 126 -0.16304693411884763
123 255 -0.32239990993128487
123 258 0.7989825258604126
123 261 0.7844483842323826
123 264 0.9086392030240322
123 279 0.6919436608520522
123 282 0.2725247855049808
123 249 0.22015329990634291
123 252 0.19682566823716363
124 125 -0.5747884644608621
124 183 0.7346692915938642
124 186 -0.7545053645489193
124 189 -0.22640100547310027
124 192 -0.26718881359160984
124 207 -0.6136008594506113
124 210 0.8490590829773352
124 177 0.41090726459010285
124 180 -0.9652426510890555
125 126 -0.16674024822836908
125 219 0.5446354676103888
125 222 -0.9016625500886406
125 225 0.17770569118340207
125 228 -0.039081280270236274
125 243 0.23239828885751512
125 246 -0.9778912917008904
125 213 0.9796214059483623
125 216 0.7463905370787938
126 255 0.9468861318740855
126 258 -0.9568953138964897
126 261 -0.5931026649243809
126 264 -0.597351059702099
126 279 -0.7142037310579952
126 282 0.17801920596444076
126 249 -0.7321672947478606
126 252 -0.8561850755965768
127 128 0.8786938839667715
127 130 -0.3179054100037466
127 207 -0.4437212902934209
127 210 -0.3415546701871295
127 177 0.19730351963418036
127 180 -0.8949477294254737
128 129 0.21142192002528737
128 131 0.9917543958047121
128 243 -0.8383291656191638
128 246 0.5687515242875474
128 213 0.044628394287301365
128 216 -0.3584740864045828
129 132 0.9072891695199687
129 279 -0.1461587829768518
129 282 -0.47732625557449104
129 249 -0.175087425489876
129 252 0.5467395041486813
130 131 -0.09179294548821293
130 207 -0.832401381597871
130 210 0.44146828503487456
130 177 0.7428483761854581
130 180 -0.06120639925276472
131 132 -0.6531771490909968
131 243 -0.5002956790152644
131 246 0.05902212221184766
131 213 0.23233293725143067
131 216 -0.7826608230240251
132 279 -0.581397861967631
132 282 0.6221909533818542
132 249 0.5693873470985877
132 252 0.7609172202267
133 134 -0.12417157842346738
133 136 0.9993404135438892
133 171 -0.4075650717408552
133 174 -0.5239584407658362
133 177 -0.6493065116301369
133 180 0.47048591776567794
134 135 -0.6825238041962829
134 137 -0.7827116434765529
134 207 0.5971482527556391
134 210 -0.5754829503303422
134 213 0.22558392547066664
134 216 0.2594059685295065
135 138 -0.10524309562213352
135 243 0.1277410993278032
135 246 0.5314838109199269
135 249 -0.9135055184862533
135 252 0.368639404340537
136 137 0.5869299248148743
136 171 -0.6453907598133914
136 174 0.30109512239205793
136 177 0.5793288811820139
136 180 -0.5244647621628313
137 138 0.8445383109086841
137 207 -0.6439818635617838
137 210 -0.6066775867821848
137 213 0.5210171720028354
137 216 0.3382609768814002
138 243 0.6668593314957367
138 246 -0.4148432690113033
138 249 0.27264022300550916
138 252 -0.9955286116719901
151 152 0.3073198083418227
151 154 0.8549581213838606
152 153 0.15339070335358485
152 155 -0.9845373895026219
153 156 -0.045118986329990785
154 155 0.5625313926155115
155 156 -0.6649624842451323
157 158 -0.633872936399966
157 160 -0.5042950162511162
158 159 0.7236750919213009
158 161 0.9560457145520023
159 162 0.17717286833200974
160 161 0.17915816672010565
161 162 -0.27984232434019396
163 164 -0.2521977224288372
163 166 -0.6528926364844465
164 165 0.62847963101333
164 167 0.46110775952407845
165 168 -0.43023716843870186
166 167 0.1369842586204877
167 168 -0.09053845159607254
169 170 -0.4609120527412436
169 172 0.06520844265170789
170 171 -0.9696024468296491
170 173 0.33637268933510667
171 174 0.345611257044943
172 173 0.7461812472173823
173 174 0.3763677163978041
175 176 0.046219739977494845
175 178 -0.6144765120060702
176 177 -0.026669818921465804
176 179 -0.6500512595161576
177 180 -0.2057074697210337
178 179 0.06710712106991656
179 180 0.9486616004101094
181 182 -0.37446864188530227
181 184 -0.41085162812391474
182 183 -0.005716599549130397
182 185 0.8479724099788415
183 186 -0.31659455907912837
184 185 -0.2037159118660632
185 186 0.2452097890530176
187 188 -0.45317559094127824
187 190 0.4186703197656547
188 189 -0.8198125200964876
188 191 -0.1678014768526923
189 192 0.5234035485203368
190 191 0.8917610194176893
191 192 0.20890214544189822
193 194 -0.3526944861573431
193 196 -0.3379507951675187
194 195 -0.7434417551527317
194 197 -0.9992494790478186
195 198 -0.837532171438621
196 197 0.448341497386491
197 198 0.12793834195194798
199 200 0.3477519119357675
199 202 0.3765393827869683
200 201 0.01974513315328097
200 203 -0.616721676132671
201 204 0.5940920540984234
202 203 0.9206016702409985
203 204 0.8164228432790603
205 206 -0.6379682349339755
205 208 -0.8141397078771127
206 207 -0.6779620231197938
206 209 0.892177318258704
207 210 0.18163081874361175
208 209 -0.9732981231925457
209 210 -0.46812638647403304
211 212 0.21798353717546592
211 214 0.37092810008670174
212 213 0.6497359114570429
212 215 0.9162478166454624
213 216 0.678355381639866
214 215 -0.7354990546838089
215 216 0.211205776743163
217 218 -0.7399022706808078
217 220 -0.5991638506745707
218 219 -0.3878592094896791
218 221 -0.022974111559632693
219 222 0.5922297479487717
220 221 0.29043597838486135
221 222 -0.949424761292293
223 224 0.625583401324689
223 226 -0.03288875185376616
224 225 -0.6714563242769862
224 227 -0.05404930682878861
225 228 0.8976665610220151
226 227 0.18370226287456992
227 228 0.9952968628351262
229 230 -0.31354236348994036
229 232 -0.6029578770176036
230 231 -0.06822125098261056
230 233 0.03215170038390025
231 234 -0.4947683807425758
232 233 0.14474977201894812
233 234 -0.758946610417746
235 236 0.737948109736142
235 238 -0.7426198808008391
236 237 0.6477921330472141
236 239 -0.6856769627858559
237 240 0.1773921063219963
238 239 -0.8096419623116149
239 240 0.2310904041576043
241 242 -0.25638377003915025
241 244 0.10390374058845997
242 243 0.8926707460876517
242 245 -0.20081868190029772
243 246 -0.5331625733858096
244 245 0.25949148435271474
245 246 0.27576030664120954
247 248 0.8293834388035788
247 250 0.8839136359860642
248 249 0.2353565276270264
248 251 0.4350885170493952
249 252 0.21524183940765895
250 251 0.42782224165413174
251 252 -0.2456905204852038
253 254 0.10917496353009137
253 256 -0.6835420760109692
254 255 -0.6039800601906613
254 257 0.24243761158379318
255 258 0.4619628834756919
256 257 -0.671017427143098
257 258 0.9469988951421802
259 260 0.11520596798354976
259 262 0.9098288360376603
260 261 -0.8272927803178267
260 263 0.07002511722607418
261 264 -0.5370626111681889
262 263 0.4351762555671497
263 264 0.7976353100214464
265 266 -0.3056489804542395
265 268 0.828379878905704
266 267 -0.16614308499197428
266 269 0.5323513645644082
267 270 -0.8872177817131921
268 269 0.6549985699150278
269 270 0.7854335588443999
271 272 -0.13060346580076732
271 274 0.29424099920573465
272 273 -0.26918427891174024
272 275 0.1731547199647494
273 276 -0.1730251109518699
274 275 0.7946749503445691
275 276 0.9295191966248357
277 278 0.16726879817855456
277 280 -0.37184080608763503
278 279 -0.9819954287979924
278 281 -0.9756729563343145
279 282 0.27302576424024205
280 281 -0.7986365693919009
281 282 -0.6615846293138972
