# 
7 7 -1.990831924231113
8 8 -3.0662607734332807
9 9 1.7044172659777201
10 10 0.1379560047115822
11 11 -1.205713816336237
12 12 -2.491549408560944
13 13 -1.7541965921929767
14 14 -1.0972423872540489
15 15 -1.103859481427894
16 16 -1.3229481751368848
17 17 -2.5877520735268584
18 18 2.8048810217827667
19 19 -1.3075696916932147
20 20 2.269950629227295
21 21 1.7261029669941443
22 22 1.2164830425279591
23 23 -2.2060787071730834
24 24 3.0211031033688727
25 25 -2.9534857587337813
26 26 3.140170117299851
27 27 3.949848322209262
28 28 -0.16799960562317384
29 29 -1.6866284330534702
30 30 3.6898275715116133
31 31 1.7738699702410106
32 32 -2.6786250614024114
33 33 0.33347574301426697
34 34 -3.101949933612814
35 35 -0.43245107649834313
36 36 0.8191012217851661
37 37 2.9794446026409105
38 38 -3.1085547511411713
39 39 -3.639620952014929
40 40 3.850193832840051
41 41 2.333707781043553
42 42 3.8837947117031106
43 43 3.0489521895641776
44 44 3.7891097866006413
45 45 3.102163268259849
46 46 -3.0975009199561905
47 47 -0.7161153395077493
48 48 3.7296407657216317
49 49 3.6016640546523986
50 50 1.6650368195008385
51 51 -0.414068932281479
52 52 3.067837142441304
53 53 2.9040436753241785
54 54 -3.653068030212225
55 55 -1.291541203498979
56 56 -0.7733914394222738
57 57 -1.3180730710478965
58 58 1.0683422343121158
59 59 -1.213679467360631
60 60 -3.7514004727829073
61 61 0.15968412938449816
62 62 1.2212014110352136
63 63 -1.7613931509801803
64 64 1.1823724573146217
65 65 -0.5254931798114928
66 66 -2.2144251870755944
67 67 -1.8484406091964383
68 68 1.1309046301997805
69 69 -1.705906196321255
70 70 -1.689304658120144
71 71 -1.50907631949583
72 72 -3.10407036231621
73 73 1.4248438868616242
74 74 2.0379926574820315
75 75 3.1890870822009143
76 76 -0.5302583624090316
77 77 -3.7223586146643974
78 78 -3.407349014589119
79 79 -3.510717762651476
80 80 -1.31694494989617
81 81 -2.6786394962359745
82 82 0.7784985794470201
83 83 2.7484440299100292
84 84 -1.484172507117731
85 85 -2.3642706347401026
86 86 0.9954642947220185
87 87 -0.6998769746649067
88 88 -2.8250045815677307
89 89 -1.488811260439709
90 90 -0.09196903014687052
91 91 -1.995494175349119
92 92 -3.214054056356588
93 93 -2.946643052598028
94 94 0.4691808737039409
95 95 -2.4706091726624804
96 96 0.9560898514167677
97 97 1.878786955544653
98 98 3.9354647979866577
99 99 2.1555267868671404
100 100 0.05321981971723755
101 101 0.4426873558000972
102 102 -1.7383606174020816
103 103 1.8967186672615481
104 104 -2.472935617745386
105 105 3.9479818315411643
106 106 3.857792832800647
107 107 2.174097463006534
108 108 -3.0987775439294394
109 109 3.4381654259311683
110 110 3.735088135311347
111 111 3.0278889485006903
112 112 -1.4067507941983042
113 113 1.957006575321195
114 114 -3.527449036208708
115 115 1.9201297818624745
116 116 -2.1587415526027645
117 117 0.5152005693205588
118 118 -2.591153795273317
119 119 -2.971237520760339
120 120 0.26174599001253185
121 121 3.3940596617673915
122 122 -3.3720369145327123
123 123 -3.076575673119242
124 124 -1.4320114757279114
125 125 0.5999759906526734
126 126 3.9283823754824256
127 127 -1.2333499144568698
128 128 1.9665023944555404
129 129 1.026832708032484
130 130 1.888245242734424
131 131 -2.462717674691686
132 132 -3.629618758700211
133 133 0.26022248879720156
134 134 3.7980060174092944
135 135 1.8295120361664239
136 136 1.793117517378537
137 137 -2.0680125464033647
138 138 -2.4387029829105655
151 151 3.849061271471766
152 152 3.2806837518340455
153 153 0.08091265457406926
154 154 3.999876100408583
155 155 -3.3825747441926124
156 156 -3.9095221104144864
157 157 2.5213203987869663
158 158 0.4088996719800937
159 159 -1.6950494271229308
160 160 -1.605262623135296
161 161 -2.5395589509188587
162 162 2.903492045652434
163 163 2.309833978456167
164 164 1.9725298024858917
165 165 0.6999039581720305
166 166 2.334110863635102
167 167 -0.15188853501728783
168 168 -2.6565666088212945
169 169 -0.36731245248823097
170 170 -1.5468197710535607
171 171 -0.6033124160615158
172 172 0.8772172405978633
173 173 -2.5536219115828906
174 174 -2.6418741530056646
175 175 -3.8296188169701066
176 176 0.08949717892081654
177 177 -3.3852063057945463
178 178 -1.7720962773299922
179 179 -0.580101327562426
180 180 -0.21134333216457346
181 181 2.279477688518827
182 182 -3.031024014784828
183 183 2.224884114168404
184 184 -1.0470175654797185
185 185 1.334753306439521
186 186 1.7438460317385784
187 187 0.6490725809604827
188 188 2.606295948173794
189 189 2.845543482112877
190 190 -3.8261860195704323
191 191 2.7372758929053163
192 192 3.118229503361216
193 193 3.3497535421991165
194 194 -3.4441806498295566
195 195 2.424911289286756
196 196 1.3309234448479739
197 197 -2.0204537633946407
198 198 2.2854837650793653
199 199 -2.3883813549884723
200 200 -0.881596374366282
201 201 -1.035609571169931
202 202 -3.2289311783261923
203 203 -3.303294799709067
204 204 -1.4255680426596609
205 205 -1.2323696851109416
206 206 -1.4122365665845882
207 207 -2.8755477849034285
208 208 3.5159540275734056
209 209 -3.3527369826122007
210 210 0.9275606105227592
211 211 -1.1912893449380348
212 212 -2.749030547679747
213 213 0.8078111660261555
214 214 3.545382645786775
215 215 -0.1798751023851084
216 216 -1.98421897632897
217 217 3.730458168301343
218 218 -2.4633314459846334
219 219 -3.0891860009563397
220 220 1.2530415301011084
221 221 0.8723866919641567
222 222 3.940838371302303
223 223 2.0880256196083193
224 224 2.310293167933379
225 225 -2.59963949688239
226 226 0.38002770180234435
227 227 -0.2990773962632094
228 228 1.0926574448680082
229 229 -2.1396200540187165
230 230 3.726875516616424
231 231 -3.3967285230766215
232 232 1.3697639285627536
233 233 2.61903796700389
234 234 -1.7901710718159043
235 235 3.0535274126831062
236 236 -2.8906828226721792
237 237 1.3381151226387535
238 238 -2.7608526206783512
239 239 3.8399835730839778
240 240 -0.3733085956759101
241 241 -1.259409050618526
242 242 0.30033669919808936
243 243 0.6963449230995469
244 244 2.045836720555215
245 245 0.8195088478185601
246 246 -0.8964034124235267
247 247 3.581493976680238
248 248 -3.099511968579354
249 249 -2.4109509151805453
250 250 2.4304008043994214
251 251 1.4171117915301998
252 252 1.3358603604283212
253 253 -3.5645884994949455
254 254 -0.0028725106207190265
255 255 -3.9139369309908734
256 256 -2.202489446077119
257 257 0.48826505373145324
258 258 3.330967432997282
259 259 -1.2367380296806312
260 260 2.964876440530305
261 261 -1.2204789237879732
262 262 0.8775882950340259
263 263 -3.1943857599213015
264 264 0.6514466299815798
265 265 -3.5274907824100223
266 266 2.519246402158858
267 267 0.7172161778111317
268 268 0.09576554882575117
269 269 0.390525994102461
270 270 -0.5289567317865753
271 271 0.3390640042379234
272 272 0.013891442096130469
273 273 -1.1864397983907562
274 274 1.7025365742424752
275 275 -0.8504766842034996
276 276 -3.559363504988661
277 277 1.673851990733299
278 278 3.5175256786978375
279 279 0.08616886104381738
280 280 -3.5153153788449503
281 281 1.2667742759578582
282 282 2.0872779298884057
7 8 -0.19869374449364052
7 10 -0.380480450208057
7 157 0.2505356885892833
7 160 -0.9519508435963655
7 163 -0.6120207731555913
7 166 0.18447155658182246
8 9 0.6857110641152422
8 11 0.43445879552097555
8 193 -0.0615845141454574
8 196 0.9012082252310569
8 199 0.28561101277816325
8 202 -0.28685599321068533
9 12 -0.4403001292193398
9 229 0.8483241874314134
9 232 -0.299618343776892
9 235 -0.1910888059931688
9 238 0.516029124293828
10 11 0.3505748891229452
10 157 0.12758443612048231
10 160 0.7099934446303255
10 163 0.7469070996329856
10 166 -0.32376330920546015
11 12 0.9579232930170007
11 193 -0.19761061241430555
11 196 0.010611819830211644
11 199 0.02698776153107385
11 202 -0.6889902570542192
12 229 0.48558736094213373
12 232 -0.97686021357881
12 235 -0.09279243682178362
12 238 0.966094325840644
13 14 0.1659504834315335
13 16 -0.4088971810600428
13 193 0.03240428946882301
13 196 -0.7732505591376451
13 199 0.2957170639260649
13 202 0.7589156078087615
14 15 -0.2636361796557536
14 17 0.7982105114066826
14 229 0.3726019016879851
14 232 0.2373022679032193
14 235 0.7935808155205095
14 238 0.22038927600834501
15 18 0.9025469170670521
15 265 0.7189005783701017
15 268 0.3438085212497015
15 271 0.5964896597881808
15 274 0.5026422088067566
16 17 0.44055587571829125
16 193 -0.12266537135338651
16 196 0.4020702528705713
16 199 -0.21993944939806465
16 202 -0.9942982671956768
17 18 -0.9878209118110102
17 229 -0.5697336515683027
17 232 -0.5534813883547618
17 235 -0.0030229863651209943
17 238 -0.9569840480043643
18 265 -0.9813348411049565
18 268 -0.3419911424266191
18 271 0.5358850311507768
18 274 0.9276797197821476
19 20 0.9662800159543843
19 22 0.20037536202783746
19 181 0.633125753406812
19 184 0.6614625279593389
19 187 0.7851285135139061
19 190 0.5091075720366176
19 193 -0.8824943968459087
19 196 0.39447015827210485
19 199 -0.8080109227217305
19 202 0.7415409406876559
20 21 0.933480866953043
20 23 0.4888959609792336
20 217 0.4973500124410095
20 220 0.002626316763909786
20 223 -0.8445307023950641
20 226 0.13434633037652421
20 229 0.5340181793160423
20 232 -0.9415533787761827
20 235 -0.7605193909808907
20 238 -0.10686799483078868
21 24 0.40199269159756823
21 253 0.148866615601438
21 256 -0.4952010520244161
21 259 -0.11873280724880941
21 262 -0.2753323778822656
21 265 0.6388808104229975
21 268 0.1127449800913427
21 271 -0.9723440330529916
21 274 -0.23095568068339856
22 23 -0.6258699520505253
22 181 -0.603088776698945
22 184 0.3688117910616513
22 187 0.9688427641625172
22 190 0.9704809384184796
22 193 -0.9273212428289639
22 196 0.36838058018718556
22 199 -0.583715889749532
22 202 -0.19504283391294996
23 24 0.5473971643456879
23 217 -0.7729853559138293
23 220 0.34859402447275234
23 223 -0.9978884288577099
23 226 0.3835230231102824
23 229 -0.08872399247241702
23 232 -0.6237661447441838
23 235 -0.9416098040138059
23 238 -0.8272573631386031
24 253 -0.2177390196582243
24 256 0.6735293768246364
24 259 -0.2659380883056852
24 262 -0.8352730822306755
24 265 0.43215807290920916
24 268 0.4271403933310294
24 271 0.04679905027801623
24 274 -0.778540599377624
25 26 -0.05876848411858049
25 28 -0.1378308656537237
25 181 0.8410014311267349
25 184 -0.08524262614453382
25 187 0.7446087282263014
25 190 0.26304008029514603
25 193 0.5742289471793098
25 196 -0.9826061756889874
25 163 -0.5122074768064604
25 166 0.40190613773674744
26 27 0.2992309624920795
26 29 0.3711127389797111
26 217 -0.3431300744143684
26 220 -0.8840619170329282
26 223 -0.6570307055656193
26 226 0.47952539111568293
26 229 -0.7446675470404185
26 232 -0.06875970574831913
26 199 -0.8384265568570182
26 202 -0.23761416396946422
27 30 0.08275860499635024
27 253 0.3722586826207075
27 256 -0.16668414810527588
27 259 0.3311181280908757
27 262 0.6482298905981179
27 265 0.9555234801872268
27 268 0.3366631194194907
27 235 -0.49609950685119264
27 238 0.23629155072057517
28 29 0.09209586420920979
28 181 0.14782905360004017
28 184 0.9254267201995334
28 187 0.4556839952578198
28 190 -0.2898619987088167
28 193 -0.34326032863629585
28 196 0.6223110334002186
28 163 -0.945956369338389
28 166 -0.7953539231581508
29 30 0.161044698967574
29 217 -0.079029312617658
29 220 0.5250699082704424
29 223 -0.5306947115047733
29 226 0.5246290411752199
29 229 -0.468544161360382
29 232 -0.24055831417404128
29 199 0.7050772045910154
29 202 -0.5571882056139399
30 253 -0.046758910863060166
30 256 -0.3029229371379545
30 259 0.6429337375826603
30 262 -0.5661462750227266
30 265 0.5616100268231032
30 268 0.07873727280135911
30 235 -0.22290506215356176
30 238 0.43358642136118664
31 32 0.7406794741587264
31 34 -0.7990592509124042
31 181 0.7623125570936493
31 184 -0.7947000091809184
31 187 -0.5618510590057306
31 190 -0.38718565020236073
31 193 -0.9179501468278712
31 196 0.5609874001297708
31 163 0.2385031755400897
31 166 0.9492696793979167
31 169 -0.4784974901558505
31 172 -0.9390248962414742
31 175 0.28284216588191313
31 178 0.988655511186461
32 33 0.3486687398656936
32 35 0.8811365222589038
32 217 -0.41458283250142225
32 220 0.17165777770917034
32 223 0.5456338190000614
32 226 -0.6985850769073889
32 229 -0.8678520464526169
32 232 -0.2544373010474228
32 199 -0.09960896218798787
32 202 0.1827632201458269
32 205 0.7560357950284335
32 208 0.2029150812294953
32 211 0.7549725350638603
32 214 -0.6201094295025784
33 36 -0.7762474841342277
33 253 0.15970526258284434
33 256 0.36178734918440103
33 259 -0.7988712225428924
33 262 -0.13583306138098328
33 265 -0.08899303904068412
33 268 0.9070182921384027
33 235 -0.6265883533582097
33 238 -0.5668622996052366
33 241 -0.6528378261648347
33 244 0.6336328853204678
33 247 0.16506298273901532
33 250 -0.4915854577768288
34 35 -0.6426292795002579
34 181 -0.5543857112560375
34 184 0.8343648315899341
34 187 -0.040742920798233495
34 190 0.6125501311203243
34 193 -0.20247547209431693
34 196 0.7651878253537465
34 163 0.7916806156429372
34 166 -0.5569100816899328
34 169 -0.4179930177752169
34 172 0.015487463633913068
34 175 0.77578882754724
34 178 0.2513423790557652
35 36 0.2803868291919285
35 217 -0.6640588409468646
35 220 -0.016783457387407497
35 223 -0.8250993278360133
35 226 -0.9158096864418124
35 229 -0.3425353929568713
35 232 0.9077375246816992
35 199 -0.8252331109654434
35 202 -0.4960063873714531
35 205 -0.9599887768284814
35 208 -0.9850295472090205
35 211 -0.2712767278103332
35 214 0.016133871791967236
36 253 0.9409079948966279
36 256 0.23624774765406498
36 259 0.4601805704529094
36 262 -0.0347387110814803
36 265 0.5265204676836484
36 268 0.9433686311802929
36 235 -0.45455312493207445
36 238 0.8028738574005396
36 241 0.2039682837376955
36 244 -0.31583695061285333
36 247 0.4598560663529143
36 250 0.6084122512470829
37 38 -0.5398835613826045
37 40 0.7082620628332765
37 181 0.18624280906495505
37 184 -0.37142514802208115
37 151 0.6540205891399764
37 154 -0.610485508615981
37 157 -0.49382914074449613
37 160 0.7297181368095789
37 163 0.34266658954452556
37 166 0.2264769353161833
37 169 0.9241562095761979
37 172 0.08375279796776369
37 175 -0.626674121870155
37 178 0.4619108443995059
38 39 -0.5067669420349437
38 41 -0.3245640266459322
38 217 -0.29615370408679254
38 220 -0.8191115091178136
38 187 -0.26591185096109426
38 190 0.19991778652339565
38 193 0.855485293865005
38 196 -0.3760710359194088
38 199 -0.9959428499664804
38 202 -0.24483617467227603
38 205 0.40343002323199384
38 208 -0.36095773817459187
38 211 0.06610211899447349
38 214 -0.0768933088294117
39 42 -0.396430336048353
39 253 -0.19430784062880235
39 256 -0.8050478447915417
39 223 0.47868508580964875
39 226 0.767619318566938
39 229 -0.7876929599874982
39 232 0.9096934154622311
39 235 0.4300071357305353
39 238 -0.8862342528353297
39 241 0.9037615322355095
39 244 0.43003479253525323
39 247 0.12112763136084537
39 250 -0.10565800550588178
40 41 -0.0020978758083847193
40 181 -0.483727658835585
40 184 -0.9554358405969026
40 151 0.08131609388756345
40 154 -0.8646046480099603
40 157 -0.2636481707367089
40 160 -0.8437383402212539
40 163 0.5667062752489511
40 166 0.5436551612193994
40 169 -0.48711762427652294
40 172 -0.04562873041182103
40 175 0.1817471365200165
40 178 -0.9598084203724044
41 42 0.4941247294220561
41 217 -0.7774817967871275
41 220 0.5426955652900285
41 187 0.6810360059584526
41 190 0.8660979425360289
41 193 0.6700777080468301
41 196 0.7732157163076687
41 199 0.9171165355824487
41 202 0.8871719543895376
41 205 -0.9669174892365411
41 208 0.03208122491685672
41 211 0.7509917916182749
41 214 -0.042574586258260494
42 253 0.07971770187732696
42 256 0.29966569752247496
42 223 -0.7207929841429472
42 226 -0.03568052945439115
42 229 0.30142750553420705
42 232 0.16588672331689658
42 235 0.7533828550156123
42 238 -0.3486575964537526
42 241 0.9630733606965618
42 244 -0.4835771299126763
42 247 0.6625321702297833
42 250 -0.05860945332613343
43 44 -0.4010749768669206
43 46 -0.75093419894119
43 181 -0.10911284157131607
43 184 -0.5791761796648689
43 151 0.5638589800360756
43 154 -0.5770987319982694
43 158 0.8127410072262022
43 161 -0.1398107800719055
43 164 0.2712886018380267
43 167 0.5131884435937288
43 169 -0.7460959303075125
43 172 0.26046336052054864
43 175 -0.6425670251459279
43 178 -0.875415941959639
44 45 0.7894983017935246
44 47 0.9256066646202932
44 217 0.9324662236052532
44 220 0.1513028485661414
44 187 0.509449074565381
44 190 -0.26137504136647194
44 194 0.2643035512228491
44 197 -0.9425671628487426
44 200 -0.5953651447681336
44 203 0.681971600215465
44 205 -0.8728245231091643
44 208 -0.9079989027945667
44 211 -0.8700785970840579
44 214 -0.4250803234994982
45 48 0.5591549831168103
45 253 -0.5710329978136399
45 256 -0.4880975030894512
45 223 -0.4720932284556232
45 226 0.4279863110937252
45 230 -0.34444483104832657
45 233 0.9009890179911355
45 236 -0.06757554387734666
45 239 0.5011213644936183
45 241 0.3344559925381556
45 244 0.46949577800247977
45 247 0.7628073311268002
45 250 -0.6337564051960571
46 47 -0.8505415659312441
46 181 0.9700722172043543
46 184 0.9401780491481226
46 151 0.9575226318338619
46 154 -0.9685492509745921
46 158 0.8929603993413753
46 161 -0.5493566973343456
46 164 -0.5974560548612224
46 167 0.24996480298033807
46 169 -0.15358825325841474
46 172 0.4922198020744586
46 175 -0.8295586339728047
46 178 0.7783000251535197
47 48 0.1611721782074369
47 217 -0.3981994489619898
47 220 0.34702080112015876
47 187 -0.3287353831915871
47 190 0.03135128633143336
47 194 0.043725970504375544
47 197 0.9142628311117096
47 200 -0.13912619402192017
47 203 0.7738222429254396
47 205 0.5501470791419618
47 208 -0.018948036525284095
47 211 0.00557230706291989
47 214 -0.5149900960751681
48 253 -0.6249723219551462
48 256 -0.31243144489189434
48 223 -0.5281222170165132
48 226 0.3606714583075319
48 230 0.6421697300204998
48 233 -0.43960261452847726
48 236 -0.6093685968869034
48 239 0.9323370011599774
48 241 -0.7738327700979521
48 244 -0.7760186449841937
48 247 0.004729132797670399
48 250 -0.4745043111250462
49 50 0.21626940426594055
49 52 0.9015785003693364
49 181 -0.5770692433462772
49 184 0.19564970013438643
49 187 -0.3637377105541306
49 190 -0.8160729358484373
49 194 -0.6852357951196655
49 197 -0.4081165749884128
49 200 -0.38190619755430344
49 203 -0.3310424614406928
49 205 0.5204129248721936
49 208 0.4887849492608425
49 175 -0.2594489910424136
49 178 0.9949491581350995
50 51 0.5079138568774164
50 53 -0.6661985472006682
50 217 -0.04896402659652188
50 220 -0.05646279250392405
50 223 -0.9496073709600394
50 226 0.7338371036026574
50 230 0.38415428447823086
50 233 -0.13963395100778753
50 236 -0.1047176616914065
50 239 0.6886031071784398
50 241 0.023443038867509758
50 244 -0.5091743965029696
50 211 0.018956272043461952
50 214 -0.4138081951091179
51 54 -0.04229854596491456
51 253 -0.3975702201319875
51 256 0.822317744930317
51 259 -0.7516448491165704
51 262 0.2873912710965101
51 266 -0.31348048083577806
51 269 -0.03368846142868054
51 272 0.05795327531576944
51 275 -0.6731950787414334
51 277 0.9482588926608435
51 280 -0.3354811219624443
51 247 0.7062774108182928
51 250 0.909769766993423
52 53 0.2773091021880809
52 181 -0.22357316300864527
52 184 -0.9731068760897761
52 187 -0.90028357898684
52 190 -0.8227286807446335
52 194 -0.9268146714815595
52 197 0.546165761302829
52 200 -0.4123471291790035
52 203 -0.5067120785846524
52 205 0.28906211588364195
52 208 0.7596609683804871
52 175 -0.2110553977554368
52 178 -0.4418030446025687
53 54 0.13943662297538273
53 217 0.3464661203760073
53 220 0.3100066548734721
53 223 0.2815325401619375
53 226 -0.06590867797742672
53 230 0.7635760261518869
53 233 -0.946174846340615
53 236 -0.8143818861771643
53 239 -0.8536387131580818
53 241 0.45893344605724673
53 244 0.11710777298124064
53 211 0.7612376755967409
53 214 0.35399406362592445
54 253 -0.3391062547148642
54 256 -0.9357932175262893
54 259 0.8873111836446859
54 262 -0.3470884273145909
54 266 0.8916562924185474
54 269 -0.09694593035244581
54 272 -0.7379503025290497
54 275 0.06763928992499202
54 277 0.5734973238320851
54 280 -0.561127236002481
54 247 0.9218929003920915
54 250 -0.3165383943235818
55 56 0.8928756403088431
55 58 0.9180840568276336
55 182 -0.17742434544200303
55 185 0.8493487288021042
55 188 0.024763000698255766
55 191 -0.8703946573421364
55 194 0.5859024114935907
55 197 -0.3602086610546871
55 200 -0.37988264566536145
55 203 -0.06001494447003819
55 205 -0.18278864280623308
55 208 -0.5229605283959304
55 175 0.9144705129122934
55 178 0.37154727303531576
56 57 -0.38652470256877325
56 59 -0.6486254088867467
56 218 -0.5540592696526361
56 221 0.742885690735138
56 224 0.809067448561694
56 227 0.2967325793131208
56 230 0.49721705877772027
56 233 -0.04476834613038094
56 236 0.4166056323719516
56 239 0.9634940478198246
56 241 0.7394614346862685
56 244 -0.6125366713628886
56 211 0.3472986389024486
56 214 0.8834621113226016
57 60 -0.4025872334074998
57 254 -0.4614032072599603
57 257 0.3086712896700954
57 260 0.21769417169351013
57 263 -0.303229519798655
57 266 0.35181477000791817
57 269 0.7200620620110496
57 272 0.0894929018768591
57 275 -0.1682954474160172
57 277 0.7179426141936429
57 280 0.8358381493266007
57 247 0.8397127658361774
57 250 0.9434848946267087
58 59 0.9748314737046362
58 182 -0.11577224610344383
58 185 0.1391354162922438
58 188 0.393891678134749
58 191 -0.43615710906804606
58 194 -0.7729431995572447
58 197 0.05165027066044536
58 200 0.4335614903162226
58 203 -0.922564421195947
58 205 0.9458642113314644
58 208 -0.5973550470418278
58 175 -0.4322472092469887
58 178 -0.37652123343344823
59 60 -0.2409077973590854
59 218 -0.1693192541460602
59 221 -0.7464994226838562
59 224 -0.790966108344533
59 227 -0.5342298487478876
59 230 -0.03479352361257204
59 233 -0.2180592709791911
59 236 0.07795751311440968
59 239 -0.8314773922349961
59 241 0.16749920652751582
59 244 -0.04989371482822991
59 211 0.35529145789755856
59 214 0.8051679142725834
60 254 -0.8721752773951419
60 257 0.1059576071315278
60 260 0.9501340862228866
60 263 0.7275293761699806
60 266 -0.11859186591465032
60 269 0.8796773322141516
60 272 0.8922481515077385
60 275 -0.9409755159385054
60 277 -0.47823549940526333
60 280 0.5745028838035615
60 247 0.8291704018406232
60 250 0.5415183591795649
61 62 -0.6683683156543083
61 64 0.5785409775483947
61 182 0.14978465985523126
61 185 -0.9744331653431884
61 188 -0.2576109715775132
61 191 -0.360950758281515
61 194 -0.8212753788069398
61 197 -0.7715575114760362
61 164 -0.5506154173347884
61 167 0.29315867859402744
61 169 -0.5120799517079568
61 172 0.3419805340548405
61 175 -0.36473918972356634
61 178 -0.9637571366852236
62 63 -0.608240735772934
62 65 -0.8743320210646055
62 218 -0.6179476043943348
62 221 0.3841894872735514
62 224 0.9113191454951963
62 227 -0.884013252422003
62 230 -0.9439298490281365
62 233 0.7187633413888026
62 200 -0.053000801227488514
62 203 0.08028179501670651
62 205 -0.004799201532753372
62 208 0.11567729976416685
62 211 0.6108014595259059
62 214 -0.8859163918684696
63 66 -0.870169829397434
63 254 -0.5599999829944315
63 257 0.9072782910071968
63 260 -0.011833643727892307
63 263 -0.9848840425349363
63 266 -0.4079150889135228
63 269 -0.8098267102408183
63 236 0.5084431321012324
63 239 -0.20850589789120977
63 241 0.08333009982528505
63 244 -0.9095167249936233
63 247 -0.2310166311288897
63 250 0.22348622077731295
64 65 -0.1574219289942531
64 182 -0.9398935316282906
64 185 0.40157003855102524
64 188 0.021662243715542484
64 191 0.4263315060971071
64 194 -0.9239244885748468
64 197 0.6843796141975043
64 164 -0.7178395941925657
64 167 0.7734864632936733
64 169 0.9089730051984948
64 172 0.9849393030709193
64 175 -0.3579513993511667
64 178 0.12019517518716194
65 66 -0.5741728329655
65 218 0.5262769547247064
65 221 0.3116643054602122
65 224 -0.40970234823092944
65 227 0.8913239115527016
65 230 0.4539650954402801
65 233 -0.8049084379201918
65 200 0.26993560303498687
65 203 0.9861257582116778
65 205 -0.2955539086151251
65 208 -0.19190608019310407
65 211 0.7650961754651764
65 214 0.07418640486242678
66 254 -0.5705170095454843
66 257 0.1368045850074857
66 260 -0.7063188817681496
66 263 -0.9069371857259994
66 266 0.6112703156488772
66 269 -0.7201949495215696
66 236 -0.31406327643533594
66 239 0.39101055380272665
66 241 0.19291628606838107
66 244 0.6718616889142977
66 247 0.01634291455642667
66 250 0.4433008833300518
67 68 0.5282051028694352
67 70 -0.18682698097778716
67 182 0.21522436837301506
67 185 -0.13409540437839396
67 188 0.8125126942183356
67 191 -0.13104390787403775
67 194 0.49585510026181034
67 197 0.16803623202041806
67 164 -0.0033252209581648984
67 167 -0.19755631455144496
67 170 -0.9810619898532973
67 173 0.17505230490426738
67 176 -0.9110227049990482
67 179 -0.02322836751799695
68 69 0.7001016000372697
68 71 0.012859758066443128
68 218 0.5005002354586383
68 221 -0.13037284858562015
68 224 0.20935017630059027
68 227 -0.29973652169097886
68 230 -0.7704891208217977
68 233 -0.015458374595343827
68 200 -0.9002370806405868
68 203 0.8606690937381098
68 206 0.177587792622111
68 209 0.11495863484552338
68 212 0.45395477921236593
68 215 -0.189140722997428
69 72 -0.5764397743451242
69 254 -0.3982735699934459
69 257 0.4006707729501917
69 260 -0.08779013812771153
69 263 0.7853444641317686
69 266 -0.6832800863762916
69 269 0.4431036960658572
69 236 0.618624742517959
69 239 -0.6214195931508952
69 242 0.21374039698740077
69 245 -0.5627178261979979
69 248 0.4308387914161014
69 251 0.6130570249385412
70 71 -0.4309618027234745
70 182 -0.12960921321804486
70 185 -0.7644795388546581
70 188 -0.49497711369576947
70 191 0.7764925533385889
70 194 0.31969013868435736
70 197 0.644403307012251
70 164 -0.32714440438360626
70 167 0.7208527764775106
70 170 0.6104526465492586
70 173 -0.7472949209799831
70 176 -0.9108572220505744
70 179 -0.13039178370743865
71 72 0.8222010221754195
71 218 0.23931703495809353
71 221 0.18381970682860227
71 224 0.09470494232274396
71 227 0.384947243200519
71 230 -0.5823778443542966
71 233 0.902549902738307
71 200 0.6666960737793002
71 203 -0.9461880970591048
71 206 -0.4774287796341057
71 209 0.24534056320242326
71 212 0.9824417807357739
71 215 0.32634635521290956
72 254 0.7826986969622798
72 257 -0.6456841811286445
72 260 0.35605218854879817
72 263 0.2942154469652696
72 266 -0.9677262854889592
72 269 -0.6030562560882617
72 236 0.7072015548060453
72 239 0.8616259840442833
72 242 -0.30366279991629286
72 245 -0.07484082388424418
72 248 0.6497591441076918
72 251 -0.6405463728399912
73 74 0.444372036111341
73 76 -0.1327477581795926
73 182 -0.37567729842456155
73 185 0.9513990517104336
73 152 0.15006096472030062
73 155 0.7347324774914668
73 158 0.29354344878559924
73 161 0.5129099806545725
73 164 -0.3839304598235773
73 167 -0.591337624431767
73 170 0.8890376517254819
73 173 0.5915408310912886
73 176 -0.2981186165521632
73 179 -0.1961726695011301
74 75 0.34401703319566845
74 77 -0.19163448676588724
74 218 0.6737637954066007
74 221 -0.41144293121452313
74 188 -0.5760852103976704
74 191 0.6437908432167456
74 194 0.85894090705276
74 197 0.8174233666315571
74 200 -0.35750222116413455
74 203 0.3745449967434087
74 206 0.6541017808866774
74 209 -0.2417515529416876
74 212 -0.8610328602192951
74 215 -0.9250508453739086
75 78 0.8885003150599557
75 254 -0.4928625286679156
75 257 -0.8630051857067078
75 224 -0.8557273327536581
75 227 -0.4625555974808979
75 230 -0.13377123292594728
75 233 -0.922643611338523
75 236 0.11314218334868031
75 239 -0.3164742875751281
75 242 -0.6918468618317506
75 245 -0.5181440378151849
75 248 0.37022849418011305
75 251 -0.6872889786571539
76 77 0.22350663108799274
76 182 0.9242216944665052
76 185 -0.9974105898044332
76 152 -0.87641960763073
76 155 0.3378499359513272
76 158 -0.850226472470057
76 161 -0.4708951873146774
76 164 -0.5308893467691214
76 167 -0.9044289911196526
76 170 0.6594665399065875
76 173 -0.4086573083102587
76 176 0.24647911627761854
76 179 -0.9122427030343214
77 78 0.7180452971526856
77 218 0.9386492065807772
77 221 0.5527978370368982
77 188 -0.929638275824958
77 191 -0.30626405050096905
77 194 0.6212682212366618
77 197 -0.5943935531530036
77 200 -0.8295054319568533
77 203 0.05014654684457165
77 206 0.38711779946102975
77 209 0.8730633296258905
77 212 0.5307098927782501
77 215 0.612322125148576
78 254 0.07767843631899485
78 257 0.06877530307948088
78 224 -0.7017331733344792
78 227 -0.802601594545338
78 230 -0.2014162219277955
78 233 -0.5869111140943417
78 236 0.5747981110187461
78 239 -0.8784705905221442
78 242 -0.8389792635883051
78 245 -0.07654977193669854
78 248 0.2957477543779319
78 251 -0.11985164624000366
79 80 0.0816736976952428
79 82 0.3505892905015666
79 182 0.04636059001029835
79 185 -0.5518848151305225
79 152 0.20734891048342408
79 155 -0.10429955693591442
79 159 -0.547886836728932
79 162 0.9931517905640896
79 165 -0.1867868050732855
79 168 -0.16137243683240854
79 170 0.21296958571789992
79 173 -0.7407791332628348
79 176 -0.7726607274975978
79 179 0.8016314718130373
80 81 0.2574881378684233
80 83 -0.7135514458044756
80 218 -0.49038983798108293
80 221 0.24022734637738608
80 188 0.2278120616581769
80 191 -0.4644571849082191
80 195 0.8091268867779557
80 198 0.7957115023104133
80 201 -0.8020182035412242
80 204 0.7667757829089554
80 206 -0.47039779891207956
80 209 -0.3670549777324399
80 212 -0.4984256701684162
80 215 -0.3165949123910754
81 84 -0.7466444239880252
81 254 -0.03295269237590004
81 257 0.5542272885243482
81 224 -0.398216014778763
81 227 -0.9291734125865541
81 231 0.9760608246278843
81 234 0.12009772155902176
81 237 -0.07838635327616639
81 240 -0.248128265869217
81 242 0.8903929428344548
81 245 0.42886332101806257
81 248 -0.3003301203333648
81 251 0.16860408109019787
82 83 0.03987356618404081
82 182 0.6475797159812795
82 185 0.4584520439186912
82 152 0.5438496352222086
82 155 0.7176576381456974
82 159 -0.764448045132252
82 162 -0.983681192358195
82 165 0.0318687862194893
82 168 -0.25368295889473735
82 170 0.7888134091268384
82 173 -0.7872071547294763
82 176 -0.8413831554785616
82 179 -0.09197305765294361
83 84 -0.4924314676152479
83 218 -0.46396511076168045
83 221 -0.23434954534583996
83 188 -0.24228579730925714
83 191 0.39531783356371597
83 195 0.14005518405102846
83 198 0.7720693955674931
83 201 -0.05243158713798124
83 204 0.6997346123173129
83 206 -0.7462567240507734
83 209 0.5002896928308351
83 212 -0.1731248833741703
83 215 -0.6577687241082018
84 254 0.9800170149189433
84 257 0.7369796074091148
84 224 0.6206916445866169
84 227 -0.4385041159388843
84 231 -0.5258425610987758
84 234 -0.9588771461250558
84 237 0.9046958223165342
84 240 -0.36049640902013924
84 242 -0.8393286635835988
84 245 -0.1541741385880997
84 248 0.1586979460190805
84 251 0.09583595992243787
85 86 0.5953982188420595
85 88 -0.2250107321472865
85 182 -0.4267596473121804
85 185 -0.8784573133767468
85 188 0.8509526509455314
85 191 0.34384774231125714
85 195 -0.08343938531709805
85 198 0.9667829546039153
85 201 0.7385783269450714
85 204 0.03670178645593736
85 206 0.40049622516378847
85 209 0.574384923975795
85 176 -0.49962139457975074
85 179 -0.5739661083139198
86 87 0.6584713496431511
86 89 -0.9426991104423625
86 218 -0.8739823441177756
86 221 0.7751567288516028
86 224 0.9197321609232834
86 227 -0.9840045616498274
86 231 -0.2942620735358965
86 234 -0.9090474234584189
86 237 -0.9257936582704138
86 240 -0.635941827567817
86 242 0.6634037026597248
86 245 -0.17180187741838493
86 212 -0.9330802178976969
86 215 -0.8253602344435409
87 90 -0.27079762938804564
87 254 0.3055884387806016
87 257 -0.9509162772722917
87 260 0.8069393949995782
87 263 -0.4212351297289356
87 267 0.5735642445687845
87 270 -0.46986026003579684
87 273 0.05431844783412609
87 276 0.9709737875020321
87 278 -0.2496370017143683
87 281 0.5702528572172896
87 248 -0.6947372724188525
87 251 0.13817987709646062
88 89 -0.8244496884024608
88 182 -0.18524914821897753
88 185 0.44952513404970174
88 188 0.5997494946202184
88 191 0.39317818429508744
88 195 0.8325045265049245
88 198 -0.04203266389871918
88 201 0.09264926718778699
88 204 -0.2584232341611672
88 206 0.6575575548461892
88 209 0.987322094486264
88 176 -0.018113085499045445
88 179 -0.3011549922337806
89 90 0.12579730093999864
89 218 0.5833382931538549
89 221 0.013836126780999658
89 224 0.25967434088612684
89 227 0.07738969461283962
89 231 0.18277610013288137
89 234 0.6629640589471968
89 237 0.8082039340814322
89 240 0.782965373193802
89 242 0.2511213511371284
89 245 -0.762531125235204
89 212 -0.2009184980518941
89 215 0.2482267120760524
90 254 0.6562653333151505
90 257 -0.7052557438960405
90 260 0.40201786276306417
90 263 -0.12316818327312662
90 267 0.7633949365032477
90 270 -0.12005370438403395
90 273 0.9540953925003013
90 276 -0.07219848188681821
90 278 0.9599173119635676
90 281 -0.3059690603146774
90 248 0.5621195395728289
90 251 -0.03346522977252908
91 92 -0.10235620310478577
91 94 -0.8601956896066447
91 183 -0.42903992376983324
91 186 0.9776024255911302
91 189 -0.2743972286702123
91 192 -0.9698769526649793
91 195 0.6877987333185385
91 198 0.6354342866197118
91 201 0.50531173867399
91 204 -0.5500661247214693
91 206 0.45623078750812307
91 209 -0.0453999668341758
91 176 0.7765636733129937
91 179 0.6463022292590395
92 93 -0.21892482408107483
92 95 -0.08597475979102476
92 219 -0.23131183077886264
92 222 -0.9464005440398802
92 225 0.9861852031480405
92 228 0.11863657987738208
92 231 0.2866738716320141
92 234 -0.2740796249678772
92 237 0.577408132019618
92 240 -0.6271309852466262
92 242 0.8096918992853108
92 245 -0.9119374888601084
92 212 0.08769734407202878
92 215 -0.8362551756118166
93 96 0.06071549317284397
93 255 0.05669428598379245
93 258 -0.9367585585799034
93 261 -0.4402606696166764
93 264 0.48423268494925664
93 267 -0.26456966793526204
93 270 -0.7287085905543851
93 273 0.6901349487923845
93 276 0.12671691099642568
93 278 0.8696283181062103
93 281 0.6113507815806654
93 248 -0.1676309010430388
93 251 0.4667385005290732
94 95 0.9815994367887073
94 183 -0.28207173668785557
94 186 0.9903373061401812
94 189 0.24827536342928958
94 192 0.3056915430484002
94 195 0.07152372198491741
94 198 -0.19990975835287683
94 201 -0.5512795737266056
94 204 -0.32894831186003026
94 206 0.9641933857648615
94 209 0.9115960351134598
94 176 -0.7137803695981972
94 179 0.7159068343750898
95 96 0.24411068483282006
95 219 0.30252964706869845
95 222 -0.6975302737174762
95 225 0.06159432586854385
95 228 0.7847870614365964
95 231 0.2387698890252552
95 234 -0.042241835007091666
95 237 -0.4329995510813762
95 240 0.12564033216664083
95 242 -0.9912308317213863
95 245 -0.335534849884374
95 212 0.20564103304635384
95 215 0.41021411805158636
96 255 -0.9889328775231883
96 258 0.07176682865977568
96 261 0.12085918576856747
96 264 0.15045593232255472
96 267 0.31711461502171656
96 270 -0.1935504607705425
96 273 -0.15368774100196791
96 276 -0.33702712520706024
96 278 -0.5636096861162925
96 281 0.6422776043843514
96 248 0.852187905608156
96 251 -0.8672814315818789
97 98 -0.14810467918305448
97 100 0.07710421078052065
97 183 0.179672522522478
97 186 0.4853003235578186
97 189 -0.9538902416578015
97 192 0.6233733728684938
97 195 -0.08513227050565364
97 198 0.07978346865832786
97 165 -0.9588433327956472
97 168 -0.36174925529073754
97 170 0.8760825655662687
97 173 -0.3803061883808503
97 176 -0.8362872916583619
97 179 -0.06862586666965931
98 99 -0.27064858967526684
98 101 0.06669579066991194
98 219 -0.5313779569523001
98 222 -0.6254409846614288
98 225 -0.06124523677877125
98 228 -0.8299490833391965
98 231 0.40929373172741257
98 234 -0.591446656371035
98 201 -0.6030678200762305
98 204 -0.9873391781849683
98 206 0.6381494172568511
98 209 0.22501582946426568
98 212 0.4160072413077165
98 215 -0.42159262953585674
99 102 -0.9759007778545139
99 255 -0.7931367074026654
99 258 0.8950582918013033
99 261 -0.5763192025481094
99 264 0.6203542236627069
99 267 -0.506949534999368
99 270 0.17675318976273524
99 237 -0.7308750675253521
99 240 0.9657520608869263
99 242 -0.07985893610518535
99 245 -0.21265973341627942
99 248 0.24436110447314263
99 251 -0.37610091924452616
100 101 0.916867531422364
100 183 0.5087667828395082
100 186 0.10085097431800238
100 189 -0.1251293462214249
100 192 -0.8766379331210932
100 195 0.49402155705312367
100 198 0.3353020490116625
100 165 0.15041894727498373
100 168 -0.05939464656700655
100 170 -0.34197812078528655
100 173 -0.2463743903537483
100 176 0.12830420205478044
100 179 0.0073196899438841
101 102 -0.13635653519701818
101 219 0.9884557188789618
101 222 0.20933772633931036
101 225 -0.7235592514806564
101 228 0.42029166723591316
101 231 -0.6397391613012318
101 234 -0.30157758679045
101 201 0.792774522398332
101 204 -0.8320999394318145
101 206 -0.8830379005474347
101 209 -0.6883877685800457
101 212 0.5248904271521952
101 215 -0.6890006032049998
102 255 -0.1307222373356578
102 258 0.9747523822382118
102 261 -0.43468182561546054
102 264 0.8978992155339365
102 267 0.04829165810866276
102 270 -0.8965392603619726
102 237 -0.3011434486997153
102 240 0.37033306074440486
102 242 -0.8085908573150551
102 245 -0.216280356252897
102 248 0.0707843163129076
102 251 0.08822550136030749
103 104 -0.2460922614945631
103 106 -0.4199441424774768
103 183 -0.7741974159471121
103 186 -0.7518178793100272
103 189 -0.6683169513727729
103 192 0.058890646877842956
103 195 0.479753010683581
103 198 0.7252586657178928
103 165 -0.20298627449934115
103 168 0.1088754260644691
103 171 0.20741592656143282
103 174 -0.8782657644006551
103 177 0.43230432808699426
103 180 0.7123623183552694
104 105 0.5526201924578653
104 107 -0.21076198602253582
104 219 0.7212609644083459
104 222 -0.9629411776249299
104 225 0.44884874224856763
104 228 -0.09209073455113503
104 231 0.732758655412975
104 234 0.5056679208828352
104 201 0.5018746410443335
104 204 -0.040719184812800346
104 207 -0.6242295060465144
104 210 -0.4541521900413561
104 213 0.6677696952890366
104 216 0.8837740124898366
105 108 -0.5866361042589439
105 255 0.9966856508756206
105 258 0.34204940841144227
105 261 0.6609675232541097
105 264 -0.6737892856284855
105 267 0.7637159914192861
105 270 -0.25111580492165686
105 237 -0.9962971497046174
105 240 -0.013304568236320646
105 243 0.6336323951223661
105 246 0.7578621868009172
105 249 0.9212537681143615
105 252 0.32274634080414666
106 107 0.09014894230403026
106 183 0.9360056872519222
106 186 -0.45289823281326247
106 189 0.9882309870456589
106 192 0.6732411165015117
106 195 -0.7431176762118159
106 198 -0.10664438176193425
106 165 0.9193899178432041
106 168 0.7364958017055288
106 171 0.6332690404713301
106 174 0.6144110820454003
106 177 -0.37335910299595176
106 180 0.508095299877602
107 108 0.8834636029312635
107 219 -0.44151429436164324
107 222 -0.33032897555864915
107 225 0.8260637516045028
107 228 -0.11200805387532475
107 231 -0.9476562537743694
107 234 -0.9739480064608266
107 201 0.5893977410507878
107 204 -0.5143490922973297
107 207 -0.5215289837694645
107 210 -0.8256063216553402
107 213 -0.50546566266232
107 216 0.20968769394293174
108 255 0.1404067652944565
108 258 0.019462562144858753
108 261 -0.7946738961322262
108 264 -0.7630015954042677
108 267 0.6011688131054129
108 270 -0.45424060553293466
108 237 0.6490086437552436
108 240 -0.5954407445206797
108 243 -0.9907182764488256
108 246 0.9870011185845338
108 249 0.0753105601091486
108 252 -0.10281598398815217
109 110 0.04494392814004966
109 112 0.47598645461526323
109 183 -0.10498046012353712
109 186 0.18118795155208156
109 153 0.16403583333306804
109 156 0.5521152712651258
109 159 -0.04064200629277526
109 162 -0.01827521635964824
109 165 0.2704430333612504
109 168 -0.6899726577685557
109 171 0.6965549795277393
109 174 -0.39331429725191147
109 177 -0.6756907826185621
109 180 0.9452994560180166
110 111 -0.9961833316464588
110 113 -0.21795890086254532
110 219 -0.6875309950172952
110 222 -0.7769689196289917
110 189 0.5747912627196856
110 192 0.8073228797198968
110 195 -0.7242930390517253
110 198 -0.602927868373796
110 201 -0.2633378590755948
110 204 0.6488525746146756
110 207 0.40092744912973477
110 210 0.7339409865386648
110 213 -0.12427371119823416
110 216 -0.6228185242081359
111 114 0.08196120923431915
111 255 0.1965363103761577
111 258 0.1648789891736866
111 225 0.9071367926475364
111 228 0.016664087180505494
111 231 -0.8665149971837462
111 234 -0.6506880132023165
111 237 -0.09438427757275125
111 240 -0.8051673770881056
111 243 -0.11853484447577745
111 246 -0.6921251344035078
111 249 -0.22418636318515062
111 252 -0.7786874516252447
112 113 -0.35705626891051967
112 183 0.3327449751090621
112 186 -0.9419143316966525
112 153 0.6071790501452023
112 156 -0.29091672228599763
112 159 -0.3244530691192764
112 162 -0.7053983643788924
112 165 0.6438040211091216
112 168 -0.8765021380551321
112 171 -0.4156139221022648
112 174 -0.7211405302723788
112 177 -0.4800782217906645
112 180 -0.04938032366629552
113 114 -0.8850244619856802
113 219 -0.36820051607210247
113 222 0.6149110553112651
113 189 0.08922092872905552
113 192 0.3022805902297172
113 195 0.6998213303744558
113 198 -0.9297180908319851
113 201 0.4174001763296482
113 204 0.3982962619332491
113 207 -0.6431120148935756
113 210 0.6252622460593789
113 213 0.7848308877642296
113 216 -0.9969662940690047
114 255 -0.8405240808902581
114 258 0.07403698479221221
114 225 0.3930560823589817
114 228 -0.9531991611822308
114 231 -0.7932211626260985
114 234 0.3390579025104379
114 237 0.6472442757187986
114 240 0.0008253025457740648
114 243 -0.8022182212189282
114 246 0.1393917095205912
114 249 -0.1844224908200469
114 252 -0.2977554282568635
115 116 0.420414340110284
115 118 0.8330584571314046
115 183 0.8191177354117751
115 186 0.8034643369343264
115 153 -0.607632193036941
115 156 -0.5054882811988779
115 171 -0.7717047807170649
115 174 -0.29487927990913665
115 177 0.921365640630647
115 180 -0.09299121423621859
116 117 -0.513715305936534
116 119 -0.5580150811208575
116 219 0.7457285123876929
116 222 0.9806237845527541
116 189 -0.8227547764058836
116 192 0.502528287713371
116 207 0.5872258634522236
116 210 -0.19427874353590768
116 213 -0.30716749420041367
116 216 0.8107037029624264
117 120 -0.9278646645318556
117 255 0.23286888579213616
117 258 0.33136319091096866
117 225 0.026987137835829067
117 228 -0.05830826284826429
117 243 -0.8975686591146361
117 246 0.8363834677640296
117 249 0.4293521727204457
117 252 -0.8808655932231853
118 119 0.14217149575685473
118 183 -0.6176111235927266
118 186 -0.8035275968649738
118 153 0.5365292480907762
118 156 0.7802039111864865
118 171 0.0013821278756613875
118 174 -0.478493636630702
118 177 0.47583872701210983
118 180 0.13217971839475595
119 120 0.26007749610065845
119 219 0.949503132889916
119 222 0.41606723489138875
119 189 0.022384727254253667
119 192 0.14785156901222685
119 207 0.3816555825830241
119 210 -0.6790538145902685
119 213 0.7714773911039239
119 216 0.9562153368591486
120 255 0.34548499026743995
120 258 -0.674093593604111
120 225 0.8627829026790954
120 228 0.4346940772480816
120 243 -0.8130900087025468
120 246 0.7517933987191645
120 249 -0.019031993477790055
120 252 -0.49407556442658196
121 122 0.5691569703503976
121 124 -0.8974931373431894
121 183 -0.8599771643724416
121 186 -0.4115645372532024
121 189 -0.006364256631382403
121 192 0.744680700585094
121 207 -0.47230121261895874
121 210 -0.7202238521370417
121 177 0.1549689846516764
121 180 0.2529813201406572
122 123 -0.5231822702702305
122 125 -0.5828171819501156
122 219 -0.3006633197735835
122 222 -0.30343210992626446
122 225 -0.25344004258479
122 228 -0.1484055730814562
122 243 -0.2115538664898282
122 246 0.1374578867483831
122 213 -0.821146711356129
122 216 -0.6207867338120692
123 126 0.39261375629239237
123 255 -0.891496002079377
123 258 0.9732163245256835
123 261 0.6155500747685789
123 264 -0.7490011658586839
123 279 -0.10616230605816979
123 282 -0.4886012168509255
123 249 -0.5811267535419846
123 252 0.517981875174659
124 125 0.6917992181726369
124 183 0.15330450465535672
124 186 0.23508206812064159
124 189 0.647071623343646
124 192 0.677008419329181
124 207 0.6529528179932036
124 210 -0.7923640362385869
124 177 -0.2237211679774489
124 180 0.9713458664275685
125 126 0.5046904561940468
125 219 -0.248617485828454
125 222 0.9144298528577337
125 225 -0.012705367205436913
125 228 0.759384414827968
125 243 -0.9101645871390511
125 246 0.261508698748937
125 213 0.1527219986050452
125 216 -0.2055824402197779
126 255 -0.8862472286881562
126 258 0.5548425453637085
126 261 0.10900536023804319
126 264 -0.9955390215316915
126 279 0.23748556153128275
126 282 0.1598807845161514
126 249 -0.5519216099832376
126 252 0.16156496937946696
127 128 -0.7396450439690996
127 130 -0.9491258758517318
127 207 0.6922948010503525
127 210 0.3798360295641692
127 177 -0.628917782692574
127 180 -0.6141792536929336
128 129 0.40143114715456574
128 131 0.5666112977897648
128 243 -0.05060455145394749
128 246 -0.47248253157665876
128 213 -0.2271695536919629
128 216 0.03607521268998681
129 132 -0.6794624483745535
129 279 -0.6311959463073613
129 282 -0.44855570738063477
129 249 0.7085613538473732
129 252 -0.9622820878805753
130 131 -0.9714658094035162
130 207 0.06185749679285846
130 210 -0.3508061668100728
130 177 0.8476698452026104
130 180 0.6787734868058504
131 132 -0.7809260711826773
131 243 -0.9743973644257087
131 246 0.4124425641269942
131 213 0.7841502173533685
131 216 -0.4103998160213098
132 279 -0.6106710993440769
132 282 0.47692207726138935
132 249 0.8493705281469988
132 252 0.29056087652695295
133 134 -0.5600846779020712
133 136 0.8640819414563237
133 171 -0.3049288274750843
133 174 0.15791368345079682
133 177 -0.3087804362496511
133 180 0.5642260529071776
134 135 0.9328863921223718
134 137 -0.19332287846553387
134 207 -0.7759071328003877
134 210 0.5077514071249274
134 213 -0.5577038009570832
134 216 -0.7892277654874236
135 138 -0.7536574182622338
135 243 0.7475799809444179
135 246 0.015045476993973406
135 249 0.358079558119315
135 252 0.044035896207101244
136 137 0.8713554700230708
136 171 0.8832767419036598
136 174 0.5064907199966613
136 177 0.08165556176908151
136 180 -0.6097284274145314
137 138 0.044205823796945376
137 207 -0.8150061856350501
137 210 0.005233383757414778
137 213 -0.5035520136381935
137 216 0.4437711236753983
138 243 0.27175535974561815
138 246 0.15721537725773538
138 249 -0.21578201493483906
138 252 -0.724881920715055
151 152 -0.7978485492190335
151 154 -0.42521864682662325
152 153 0.937068025874819
152 155 -0.8501132069672823
153 156 -0.46416249271166654
154 155 0.8200280372636883
155 156 -0.49431841262709075
157 158 -0.7055442100358185
157 160 -0.058647635975633605
158 159 -0.2667924025004158
158 161 -0.33200239612410076
159 162 -0.11571048589468713
160 161 0.2747970681719136
161 162 0.28505707317452855
163 164 -0.29710595785931826
163 166 0.7970426843322025
164 165 0.3731336114961017
164 167 0.4048836528918225
165 168 -0.46845257686737174
166 167 0.13809934215869069
167 168 -0.9539515286330573
169 170 -0.7247123554332917
169 172 0.5420859313068376
170 171 -0.5604137827513456
170 173 -0.9385303875320266
171 174 -0.05496872776907202
172 173 -0.4099181011862574
173 174 0.7569611415090094
175 176 0.3800733313526481
175 178 0.4561973014881273
176 177 0.5740213829244751
176 179 0.6127772739415511
177 180 0.6014622828084677
178 179 -0.21205331141213257
179 180 -0.1121524823552793
181 182 0.9232994138983674
181 184 -0.9514595790144715
182 183 0.4314902849416786
182 185 0.21712870782079174
183 186 -0.9927597692736152
184 185 -0.11524530009153233
185 186 -0.9304613850521268
187 188 -0.8309094456326003
187 190 0.8144482134618718
188 189 -0.20607596460516553
188 191 0.7506204535794536
189 192 0.8429636111116046
190 191 0.6739077507399576
191 192 0.5505261394769005
193 194 0.8145272168958935
193 196 0.8960726986764955
194 195 -0.07444451217551595
194 197 -0.7991281702248805
195 198 0.4008537114522095
196 197 -0.13085759378129258
197 198 0.5503409060749374
199 200 0.15656341266198193
199 202 0.16190043983621205
200 201 0.7471633631673704
200 203 0.11600981604830829
201 204 -0.2241757670889506
202 203 0.9640542166035191
203 204 -0.08253196239784066
205 206 0.793941333983561
205 208 -0.9445244768020886
206 207 0.8345174580936912
206 209 -0.6552136119054379
207 210 -0.7855535058187377
208 209 -0.14711920152404034
209 210 0.7660839707855858
211 212 0.2863091575813468
211 214 0.10793575492925078
212 213 -0.3187224250745624
212 215 0.4133650154164783
213 216 0.07094058422959182
214 215 -0.1467836544026102
215 216 -0.25785180272439057
217 218 0.13879664162441552
217 220 -0.690269148182107
218 219 0.16536690530735454
218 221 0.898382545468924
219 222 -0.9409418950609583
220 221 0.08441280525110395
221 222 0.2899677644779708
223 224 -0.6382841609382888
223 226 -0.39097214914236833
224 225 0.48150211234573526
224 227 0.8379476489818443
225 228 -0.9440381903226673
226 227 -0.791346210731469
227 228 0.882667728502621
229 230 0.8567873549922125
229 232 0.1200852411974147
230 231 0.2574906459734947
230 233 -0.21891876165237356
231 234 0.8812220660196175
232 233 0.3850962624316079
233 234 -0.38063503559117073
235 236 -0.3916207534423335
235 238 -0.46740229538994016
236 237 0.6772164109429786
236 239 0.498742088397941
237 240 -0.6566523942894005
238 239 -0.1395310793787865
239 240 -0.4465740062002561
241 242 -0.40517719607268
241 244 0.7332666660519895
242 243 -0.5535512065635813
242 245 0.6410485141650062
243 246 0.24759100049051885
244 245 0.9808204104130023
245 246 -0.45447298505821987
247 248 -0.834738692154964
247 250 -0.6163970428803061
248 249 -0.026744472641192507
248 251 0.40250126238752304
249 252 -0.6867787217202237
250 251 0.4818645395811454
251 252 0.3661780804948138
253 254 -0.5802037858171056
253 256 0.5053020877738696
254 255 -0.29410734273619243
254 257 -0.21075403030499462
255 258 0.15811183499521353
256 257 -0.37639277565698537
257 258 0.5475606854269299
259 260 -0.24096884571355726
259 262 -0.6960231722227157
260 261 0.05573028885833575
260 263 -0.0930597364014718
261 264 -0.10849825359738974
262 263 0.5522452568239407
263 264 -0.32668528474904757
265 266 0.17725546322411057
265 268 -0.5698130058671458
266 267 -0.7076606936512708
266 269 -0.6836468631915802
267 270 -0.07889887494880288
268 269 0.37818807464067694
269 270 -0.7383480070957065
271 272 0.93350750474981
271 274 -0.26092259334062007
272 273 -0.7535651993717285
272 275 -0.13533419095258625
273 276 0.9913523586101249
274 275 0.6267955445287436
275 276 -0.8412987454632181
277 278 -0.376449100102928
277 280 -0.27827985244954134
278 279 -0.5270863984345007
278 281 -0.968489711777273
279 282 0.5817676400943859
280 281 -0.3090509203251992
281 282 -0.027678324513951358
