# 
7 7 2.8087635489714016
8 8 -1.0385875515352554
9 9 1.4167013528683707
10 10 0.4561501618563506
11 11 2.3531278103827367
12 12 -1.6143034513289276
13 13 3.5359356203644516
14 14 -1.2973932151176495
15 15 2.503827538758647
16 16 -3.4843724791163657
17 17 2.8136315149484963
18 18 -2.025493659534656
19 19 2.0751514934503588
20 20 2.229719909511658
21 21 -0.49722774261974223
22 22 -1.0319808831827064
23 23 -3.098271540849483
24 24 -3.6549179129529064
25 25 -3.3668784076069134
26 26 -0.7440281234243331
27 27 -3.0523614765253893
28 28 -0.7675807421785157
29 29 3.1066222369966576
30 30 -2.6279599633212136
31 31 -0.38575249869400885
32 32 -0.5422106498617492
33 33 -1.6632914545275055
34 34 3.3562339332418887
35 35 -0.4997691244629925
36 36 -3.373511503346391
37 37 3.400188459696583
38 38 2.553107259972003
39 39 0.6258479893018425
40 40 2.2208809022271234
41 41 -1.9324836973234047
42 42 2.7301943715819412
43 43 -0.6106610646707846
44 44 2.8290763412022013
45 45 -0.7974772264122683
46 46 3.500987799720435
47 47 -0.7322666755124398
48 48 -0.4980989292322171
49 49 2.005422474955476
50 50 -1.1221609656203118
51 51 1.0366599126581324
52 52 -3.786060614975881
53 53 2.8101576849279795
54 54 -2.5831928026245716
55 55 1.3125393633834772
56 56 -3.949724945762239
57 57 -1.6071841530125743
58 58 -2.659128494760492
59 59 2.1032979188526353
60 60 2.498662845054043
61 61 0.6716260650890966
62 62 2.1371597820810173
63 63 -0.7049889334092239
64 64 -3.6353344658915514
65 65 0.17983021974788915
66 66 2.0666054333448507
67 67 3.3996832642335617
68 68 -2.6051797098012344
69 69 -1.2461208271531685
70 70 -0.23084404423030414
71 71 -0.7183102375210213
72 72 -3.2063200177620574
73 73 0.2370642979106803
74 74 -1.5767542359860895
75 75 3.371722761274449
76 76 0.645087616580839
77 77 2.887981125138987
78 78 0.372682687909867
79 79 2.549216826884124
80 80 0.9467926833251337
81 81 0.4270342922421877
82 82 2.6253854395789187
83 83 -1.2320123279629858
84 84 1.3121295458276157
85 85 -2.4618615604761205
86 86 3.631980899762473
87 87 1.1366064747139495
88 88 -0.3025815497566322
89 89 1.1495783385782312
90 90 3.7581828801067747
91 91 -0.17148881415846073
92 92 1.491562294131346
93 93 2.9435700792130373
94 94 -2.1700076323836806
95 95 3.263702088291379
96 96 3.4016941750944163
97 97 -1.5152256032421656
98 98 -0.9622725205715303
99 99 2.8359237133037967
100 100 1.69090706947636
101 101 0.7934001740132315
102 102 -1.1899813143672082
103 103 -1.2714106880196958
104 104 -1.4554096375303969
105 105 3.843494939095125
106 106 -2.312724987623758
107 107 -2.1487403902809383
108 108 2.463445268856648
109 109 3.1009835919458295
110 110 3.398564425796221
111 111 -1.542402970890656
112 112 -0.41627832137932774
113 113 -3.6977498163058824
114 114 0.564875715048105
115 115 -1.191093493398184
116 116 -1.6299026213729837
117 117 -3.5565445392155812
118 118 2.5039075946816283
119 119 3.267367278558387
120 120 0.4288326890629319
121 121 2.1744365756252337
122 122 -3.1988820107016096
123 123 1.2799378408354656
124 124 1.785901060162586
125 125 0.8462414342853819
126 126 0.8345639886349039
127 127 2.839488251789305
128 128 0.5606406951208065
129 129 -0.16606727506396446
130 130 3.948514191253408
131 131 -0.4413972596036029
132 132 -1.619397880883664
133 133 1.0301525092917316
134 134 2.3644912174592188
135 135 0.0034830749914540604
136 136 -2.6114195398966418
137 137 -0.2827210260666284
138 138 0.6310687247257087
151 151 -3.926736522654246
152 152 2.5942722846194783
153 153 3.472488077207035
154 154 -0.6292127647405312
155 155 2.8119064752775627
156 156 -1.00514001714025
157 157 -3.161366533545265
158 158 -2.588029036775274
159 159 -0.37094003442512946
160 160 3.0209591262768205
161 161 2.185273766668689
162 162 3.193940063801416
163 163 -3.93642617552267
164 164 1.6139899597787908
165 165 2.455325936929728
166 166 -1.4287784000014971
167 167 3.9853059460035105
168 168 -3.381733494234398
169 169 2.0762132720798947
170 170 -0.09708027351600368
171 171 -1.6697779544125515
172 172 2.3159288471157797
173 173 -2.4720621423357763
174 174 0.11790941142790867
175 175 0.9920818746966926
176 176 -3.1065682322657207
177 177 -1.3080865797835477
178 178 -3.797417821384318
179 179 0.6513340303856561
180 180 -2.8644612317524834
181 181 -3.8345082580381336
182 182 1.8820046201278542
183 183 3.541814713014264
184 184 -3.0857956987239215
185 185 1.9025198428134047
186 186 -0.09325644313677817
187 187 3.6544013930644077
188 188 3.1037035186344717
189 189 -2.4523127037278156
190 190 3.234166294338551
191 191 -3.439030623524146
192 192 -1.7647209965525823
193 193 -2.204208369846225
194 194 -2.430009790395232
195 195 -3.8854721295718084
196 196 -2.8462927916409964
197 197 1.4827913451834815
198 198 -1.1562840962274397
199 199 3.90777529163618
200 200 -3.7580106420525565
201 201 1.2350951802519088
202 202 1.7242842962758793
203 203 -1.894344018152145
204 204 2.885685906084613
205 205 -0.40794859949090245
206 206 2.2128683755071004
207 207 1.5085702042594846
208 208 -1.855055789782842
209 209 1.3875856410372007
210 210 1.8233440134043173
211 211 3.184208308606838
212 212 3.2966303278272875
213 213 -0.5637923929781374
214 214 -2.249549077725076
215 215 -3.4066383563894007
216 216 1.2492754064045357
217 217 2.910478425976912
218 218 -3.5391585555270577
219 219 -0.23046654351164086
220 220 -1.3135585382470287
221 221 2.807085346532565
222 222 2.3480251045780127
223 223 2.212754855022605
224 224 0.9951598430664541
225 225 3.2388906070395196
226 226 -3.6914687946566778
227 227 3.527277494276068
228 228 1.2913966228884313
229 229 -2.227938719917079
230 230 -2.024502176712992
231 231 -2.919349609113617
232 232 -2.9674579570039583
233 233 1.8049296420344945
234 234 -3.097167487220358
235 235 -2.5152688226313504
236 236 0.430289027700014
237 237 -0.7203663197040635
238 238 -1.9539927570011137
239 239 -1.985209030307212
240 240 -1.0462448919122709
241 241 3.676223925382498
242 242 1.7693903102011053
243 243 -3.746551469257011
244 244 2.9351118005035275
245 245 -0.11890452180081823
246 246 -1.5110489722393003
247 247 -3.6379564853242874
248 248 -3.2677352289411825
249 249 -2.2100800935543052
250 250 3.069193473773657
251 251 1.4326645142586925
252 252 -2.205309061509709
253 253 -0.3130484467761887
254 254 -2.7014564424149983
255 255 2.0573718402336905
256 256 -0.9717981909346092
257 257 2.5284580989152508
258 258 1.733173629484921
259 259 3.281712309221133
260 260 -3.648939862066288
261 261 0.45086997698779996
262 262 2.4574684863421075
263 263 3.5302046354490653
264 264 -2.9194028163362766
265 265 -1.6491321506794296
266 266 -1.47569476194219
267 267 -3.5453069213101207
268 268 -3.2837903593814968
269 269 2.4224763555118107
270 270 -0.9609115870510214
271 271 -1.1243974186241203
272 272 0.22365673472747805
273 273 0.5989151292450421
274 274 -0.14149856785583026
275 275 -3.215513696949894
276 276 -0.6403562058470067
277 277 -2.953290628279154
278 278 0.02993984009537609
279 279 0.8191821059430531
280 280 -2.915217031421121
281 281 -1.2760135914563984
282 282 -2.9383806664302243
7 8 0.6922737802710568
7 10 0.5466852519962089
7 157 -0.7391979417111179
7 160 0.6512910881721781
7 163 -0.5586611972210038
7 166 0.030975521732085953
8 9 0.4230255494354571
8 11 0.10204898488627756
8 193 0.738876809397327
8 196 -0.3946980249535217
8 199 -0.6944478723230467
8 202 -0.2669768722325243
9 12 0.011693978153747508
9 229 -0.14144250878168307
9 232 -0.7446540313711572
9 235 -0.9597853915712744
9 238 0.2550333221480805
10 11 -0.9126219759110916
10 157 0.9854524086323584
10 160 -0.3878101325926089
10 163 0.949692985749738
10 166 -0.6830768111745089
11 12 0.5562020678695674
11 193 -0.1834733344933155
11 196 0.9891697354934805
11 199 -0.1079444384963919
11 202 0.8137164580086136
12 229 -0.9162143422547941
12 232 0.993370089978894
12 235 -0.9684622999998271
12 238 -0.23249999933848065
13 14 0.06368427960461243
13 16 -0.3791173154592715
13 193 0.8753910946578232
13 196 0.5426589186260709
13 199 0.7165586998591058
13 202 0.10029979178701631
14 15 0.8761214042483205
14 17 0.06742135910927094
14 229 0.2812358635069243
14 232 0.8603333328573539
14 235 0.41902733270974846
14 238 -0.2748954549305349
15 18 -0.14367488732915645
15 265 0.14090877829317816
15 268 0.5506519520812225
15 271 -0.9531380678516614
15 274 0.013440226816804568
16 17 -0.6334868354780347
16 193 -0.711109939815475
16 196 0.045546468968241216
16 199 0.4362707726631174
16 202 -0.8563845911520331
17 18 -0.6550373641668494
17 229 0.18837655033445366
17 232 0.7148191482214659
17 235 -0.80082020880389
17 238 -0.34659535389384644
18 265 -0.5315292527912296
18 268 0.935927413941527
18 271 -0.0239978739203619
18 274 -0.18473825266956556
19 20 -0.8786374756949602
19 22 0.7811635449671364
19 181 -0.827963250037977
19 184 -0.5575632555371999
19 187 -0.9632428349428337
19 190 -0.8837752906247811
19 193 0.5915011772078134
19 196 0.5092814526020613
19 199 -0.3782061674804611
19 202 0.2887080661471648
20 21 -0.7491611299315297
20 23 -0.07629914599461607
20 217 -0.02032022807649314
20 220 -0.2387688921733786
20 223 -0.4922976703623083
20 226 0.7137282365286151
20 229 -0.26694260696058447
20 232 -0.003960582170897453
20 235 -0.6753269314709232
20 238 -0.5023219802314203
21 24 0.2016344762194604
21 253 -0.7006959286318044
21 256 -0.5957605460670039
21 259 -0.6678534134995375
21 262 0.600075885989598
21 265 -0.5704073309424087
21 268 -0.18533463284714236
21 271 0.5340624252518062
21 274 -0.37705631660195293
22 23 -0.3012553646345746
22 181 0.7573912604052324
22 184 0.24634682472006442
22 187 -0.28940868194364655
22 190 0.34989009277714733
22 193 0.8806742639056262
22 196 -0.5987226614472552
22 199 -0.5520053615398726
22 202 0.40497433447030695
23 24 0.27626621300801024
23 217 0.6412996806707276
23 220 -0.7810589624860593
23 223 0.09390900358199494
23 226 -0.3336529066560816
23 229 0.3638502978427196
23 232 0.06116499808509945
23 235 0.49663064350748387
23 238 -0.3924237038980447
24 253 0.4347522399492516
24 256 -0.49484214349378464
24 259 -0.5051354769996588
24 262 -0.5551565123582236
24 265 0.2498280320938191
24 268 -0.27510462776198863
24 271 0.6791851280514574
24 274 -0.10735125871157347
25 26 0.33532180030266967
25 28 0.8573566851458474
25 181 0.22549265362998305
25 184 -0.9933695930936548
25 187 0.09284033713860573
25 190 -0.7912589298772794
25 193 0.3415603298592669
25 196 0.8506859184134443
25 163 -0.6245562526263753
25 166 -0.8958210976498544
26 27 -0.9173909398191777
26 29 -0.5829252089982124
26 217 0.5830862487010802
26 220 -0.2344307197186053
26 223 -0.2971075558398666
26 226 0.13230197622394968
26 229 -0.8099202571677786
26 232 0.32585705735411064
26 199 0.6365045943210272
26 202 0.8507823300657511
27 30 0.6457042784854092
27 253 -0.717086255312132
27 256 -0.24741422060880236
27 259 -0.32125890175167426
27 262 -0.7059448636115886
27 265 0.006695653285971437
27 268 0.9321810466412546
27 235 0.1864665170881714
27 238 0.7514053491820818
28 29 0.02647905584531074
28 181 0.29871744016058344
28 184 0.3491324729918013
28 187 -0.773536891945332
28 190 -0.9443351665687665
28 193 -0.3620999170862016
28 196 0.1847068307602
28 163 -0.9391688366846418
28 166 0.16926104198428882
29 30 0.5262355952686641
29 217 -0.2535062668213659
29 220 -0.48226615812538687
29 223 -0.14917988710758112
29 226 -0.8660240609778804
29 229 0.04929120879781279
29 232 0.023237656076601
29 199 0.7082161964497209
29 202 0.38166240861664646
30 253 -0.9319451415087099
30 256 -0.5764086618759472
30 259 -0.7666586263855275
30 262 -0.8324561738819727
30 265 0.973270375407228
30 268 0.03625576951953158
30 235 -0.5278287504690315
30 238 0.6430886707792864
31 32 0.957102544377942
31 34 -0.9397098953162379
31 181 -0.9738974691647304
31 184 -0.7650428963531806
31 187 -0.6025376442728667
31 190 -0.7832728724937712
31 193 -0.5622921541429513
31 196 -0.2716533940986958
31 163 -0.9982108932321867
31 166 0.16363805850728896
31 169 0.5391108827528273
31 172 -0.6477545391612625
31 175 -0.4013843900120819
31 178 -0.16288609982897295
32 33 0.5640189133857518
32 35 0.15866054352404801
32 217 0.732831551122056
32 220 0.11485081210044101
32 223 0.15898320241843922
32 226 -0.49270131979894227
32 229 -0.8587658752484264
32 232 0.4740561335297888
32 199 0.21200177099540096
32 202 -0.7510406231497999
32 205 -0.26314425518039575
32 208 0.06248756749281448
32 211 0.04945184856472418
32 214 -0.8457479661252592
33 36 0.8959771735825983
33 253 -0.05479027640751921
33 256 -0.2992663286967243
33 259 -0.8636493420952047
33 262 0.13054212006240085
33 265 0.7515377192291617
33 268 0.7806596218550161
33 235 0.058982099705392255
33 238 -0.7468781800968078
33 241 -0.6086204120666743
33 244 -0.1301770652376173
33 247 -0.5414221479286507
33 250 -0.32243291072433244
34 35 -0.0558070451893633
34 181 0.645853643765057
34 184 -0.5189686963416626
34 187 -0.7047453996488968
34 190 -0.8951687748782917
34 193 0.4889975006308904
34 196 0.8693485872186171
34 163 -0.9670396543653266
34 166 0.03557764016638587
34 169 0.7286744775316047
34 172 0.7492837453849202
34 175 -0.4899408104864571
34 178 -0.8496500014955903
35 36 0.9601182991881596
35 217 0.7102222224955843
35 220 -0.48226345491603473
35 223 -0.8820350056455224
35 226 0.2273109509052651
35 229 0.5847747566997217
35 232 -0.04348338812802477
35 199 0.6274775470841705
35 202 -0.5850684151352739
35 205 0.9369010472291528
35 208 -0.043640946483308074
35 211 -0.5213204107013198
35 214 0.7019852216604456
36 253 -0.009723907087678896
36 256 -0.45090826368129777
36 259 -0.28505696688443805
36 262 -0.2618311579698922
36 265 -0.47307147977534014
36 268 -0.8423356502201782
36 235 0.3977609619633673
36 238 0.3659621899817669
36 241 -0.42417657892737193
36 244 -0.7065505031684631
36 247 -0.8115193541870656
36 250 -0.16013519462600612
37 38 -0.7030142992675761
37 40 0.7923361481237834
37 181 -0.27316885341896957
37 184 0.16759254087300346
37 151 0.19545828462506076
37 154 -0.4372037879008135
37 157 -0.6195211457977765
37 160 0.26385242525788977
37 163 0.6503072394965304
37 166 0.9288362532992909
37 169 0.7728085934082514
37 172 -0.1154880121065216
37 175 0.9186797020597612
37 178 0.5139720094908027
38 39 -0.22972939684806182
38 41 -0.6678710715129059
38 217 0.004328344140235085
38 220 0.07738669849694002
38 187 -0.5347474988813494
38 190 0.6300604836269146
38 193 0.9267217868557533
38 196 -0.6249051913347525
38 199 0.6061947699396588
38 202 0.7441692748784023
38 205 0.1951020470179814
38 208 -0.34746890589371127
38 211 -0.2937005444176424
38 214 0.8978777534196456
39 42 0.8216150536158044
39 253 0.683348739842466
39 256 0.8747183862223968
39 223 0.8258144579797058
39 226 0.2792759312451325
39 229 -0.06885055973047405
39 232 0.4327428876173962
39 235 -0.02468840098925651
39 238 -0.46472670792214266
39 241 0.9581318042932017
39 244 -0.7166587682981818
39 247 0.8947265883585327
39 250 -0.3729757682613357
40 41 0.04473386924237932
40 181 0.9044186342142049
40 184 0.9675804031663802
40 151 -0.2489113838350998
40 154 -0.30720634925299484
40 157 0.19180111261921673
40 160 -0.4918026001567939
40 163 0.2724738581160415
40 166 -0.11410826743199665
40 169 0.5515498776629546
40 172 -0.18377389432230373
40 175 0.8767529017691487
40 178 0.1198549674731455
41 42 -0.9418427578356237
41 217 -0.8835484210352746
41 220 0.3026461561655087
41 187 -0.16296421449764842
41 190 -0.9926685547303722
41 193 -0.011083629205305146
41 196 -0.7167379497242055
41 199 0.419638731662763
41 202 -0.06894945056855195
41 205 -0.5320926240199351
41 208 -0.18568685386642447
41 211 -0.20597745896448094
41 214 -0.8901482772845015
42 253 0.8076314701720047
42 256 -0.9046624331088511
42 223 -0.1429931942723517
42 226 -0.46540656626898325
42 229 -0.0877891313359691
42 232 -0.23427369271596077
42 235 0.24029631490092762
42 238 0.8063780436198769
42 241 0.929903092726108
42 244 0.760309465917596
42 247 -0.09849496642887257
42 250 -0.3638802738969815
43 44 0.31775475360975114
43 46 0.5921338720013869
43 181 -0.8395467320654955
43 184 0.21882129216390567
43 151 0.621066055836526
43 154 0.2986293629645822
43 158 -0.9573266877196107
43 161 -0.13090354574977558
43 164 -0.5134435173778442
43 167 0.4117376551747707
43 169 0.8640163131309619
43 172 -0.16729483675167778
43 175 0.7261164247950718
43 178 0.8645719776433296
44 45 -0.5453492590906237
44 47 -0.5461416605768876
44 217 -0.6516092520840577
44 220 -0.4813126474406597
44 187 0.026086751017031284
44 190 -0.2476699546042347
44 194 -0.8997259003737215
44 197 0.5108890455140793
44 200 -0.44700414389650933
44 203 -0.20754142832808253
44 205 -0.5329050401421493
44 208 -0.6817500311979998
44 211 -0.4769515148653014
44 214 -0.6458428053467768
45 48 0.181913161301424
45 253 -0.7873399072169858
45 256 -0.8619145996432105
45 223 -0.2940234778497648
45 226 -0.878478815976907
45 230 0.614514886259667
45 233 -0.9081514234169819
45 236 -0.1033598762692407
45 239 0.9700462982365865
45 241 -0.801229185261187
45 244 0.3034349680259687
45 247 0.102701448269654
45 250 0.6499573534421581
46 47 -0.7578583074888607
46 181 -0.5240214654271318
46 184 0.8484643581126476
46 151 0.15780461704586757
46 154 -0.2772098959228906
46 158 -0.8872858398700778
46 161 0.874948791354673
46 164 0.5201784533029608
46 167 0.8258350784344843
46 169 -0.490013188850994
46 172 -0.015324341466973479
46 175 0.15807906666684568
46 178 -0.2936664306353167
47 48 -0.19522817302024342
47 217 -0.6955140595814155
47 220 0.07178147547225477
47 187 0.4881663193352419
47 190 0.3947780798709166
47 194 -0.2785828032393658
47 197 -0.8980287458588274
47 200 -0.32329928582430356
47 203 0.9183324169548386
47 205 -0.8696434368446353
47 208 -0.6135043231631176
47 211 -0.03452763762348332
47 214 0.5654718077070071
48 253 0.051210104692209324
48 256 -0.9527584063334857
48 223 0.640849040633124
48 226 0.009760145089070749
48 230 0.18621056035880867
48 233 -0.8489731746023894
48 236 -0.47550234054438123
48 239 0.12411851848079092
48 241 0.4593594109903216
48 244 0.16612910524598457
48 247 0.5206706203196021
48 250 -0.11830933505481878
49 50 -0.2210170660666766
49 52 -0.7188561200355958
49 181 0.03854797262539322
49 184 0.837390612970121
49 187 -0.770659607361283
49 190 0.014238228232754668
49 194 0.04019732313750013
49 197 -0.8185842994531543
49 200 -0.7231839690844941
49 203 0.21805999008625965
49 205 0.5342993064008525
49 208 -0.10788387142587297
49 175 0.28450059676700334
49 178 0.8399552601775846
50 51 0.8676805802933618
50 53 -0.6519099100878811
50 217 -0.5594734921948752
50 220 0.35588852669793036
50 223 -0.8582197855873228
50 226 0.3550172799253215
50 230 0.3082940950733277
50 233 0.442055468971144
50 236 0.8883492525785848
50 239 0.2963329021996748
50 241 0.33056387446669744
50 244 -0.4150056687349919
50 211 0.2241726132673969
50 214 0.3285430173895374
51 54 0.8573053292757278
51 253 -0.862021474643494
51 256 -0.005914892844881781
51 259 0.8951282636913238
51 262 0.4868483993163921
51 266 -0.9743466586878844
51 269 0.23799211589596792
51 272 -0.24648489895896142
51 275 -0.9695391830587787
51 277 0.041462672395423894
51 280 -0.11274979702567722
51 247 0.7467349758462092
51 250 0.7841884316027379
52 53 -0.9561881006145188
52 181 0.4611438531119654
52 184 -0.6280148221949271
52 187 -0.8478941781680331
52 190 0.8552526406173575
52 194 0.4513374868347506
52 197 -0.06285112804137172
52 200 0.5068002233674418
52 203 0.08520169873464112
52 205 0.07599073501234965
52 208 -0.6531080935253732
52 175 -0.21457330079535053
52 178 -0.5935261160463714
53 54 -0.6047407738939323
53 217 0.11483281437656578
53 220 0.9532466042574947
53 223 -0.1032262010698266
53 226 -0.7131866501887909
53 230 -0.7718806096898301
53 233 -0.04136574605694121
53 236 0.7984517609044854
53 239 -0.47746288423282834
53 241 0.3799792405152318
53 244 0.6721335780810074
53 211 -0.20177379632245485
53 214 0.010011193002116725
54 253 -0.1436120358735533
54 256 0.0226788426174247
54 259 0.2950863148575962
54 262 0.6463166887992
54 266 -0.9010935946142642
54 269 0.33412159120155493
54 272 -0.2549021146634183
54 275 -0.5117009838901772
54 277 0.07854690230205708
54 280 0.8154677771519221
54 247 -0.09392124392270396
54 250 0.41456404134811486
55 56 -0.7949471978511455
55 58 -0.5116405049051851
55 182 -0.32978299820523604
55 185 -0.036849622300337614
55 188 -0.9663426166504061
55 191 -0.6826877037850134
55 194 -0.9919123264666172
55 197 0.9018233081778326
55 200 0.03356326064376347
55 203 -0.4490123682914027
55 205 -0.08647848215798071
55 208 -0.15345851431021318
55 175 -0.33565988270991043
55 178 0.9676555014429766
56 57 -0.3372230135342975
56 59 -0.9105398972110721
56 218 -0.6158962911881356
56 221 -0.15866275881507996
56 224 -0.521708708330437
56 227 0.40151904621853207
56 230 0.8968003176294006
56 233 -0.061744475977755675
56 236 0.712333009570254
56 239 -0.10341959714496474
56 241 0.7208491753148338
56 244 0.9754002309699512
56 211 0.8633929201962895
56 214 -0.5232909381491959
57 60 -0.4790925475344241
57 254 0.18764716020852834
57 257 0.143526913980496
57 260 0.6154867871918244
57 263 0.5285346646131202
57 266 0.33670011315180526
57 269 0.611210931480467
57 272 0.4104361470794493
57 275 -0.0003083958887342142
57 277 -0.5742872767635259
57 280 -0.18320401052865942
57 247 0.3372829537140547
57 250 0.05785324920369295
58 59 -0.5000463514683364
58 182 0.6807205534375882
58 185 0.5306886578259236
58 188 -0.223423719257146
58 191 0.10639639223022357
58 194 -0.5991647757948009
58 197 -0.7602780512450771
58 200 0.7404735274806937
58 203 -0.7944716300531203
58 205 0.1525824625648855
58 208 -0.8430101481539478
58 175 -0.1346955738753437
58 178 -0.4965743357747001
59 60 -0.12500681868021424
59 218 0.841912524426927
59 221 -0.6872318837005842
59 224 -0.8320359454105262
59 227 -0.8187921602535624
59 230 0.35584000507584945
59 233 -0.9424036154440829
59 236 -0.38144205498245287
59 239 -0.2966779757893936
59 241 0.25320300690841924
59 244 0.5307030895021332
59 211 0.41913183917826924
59 214 0.7458034157920552
60 254 0.5214378216525988
60 257 -0.7786019737448693
60 260 0.9423342838266509
60 263 -0.16973211637303076
60 266 -0.30953560997113727
60 269 0.02622853497688382
60 272 -0.6220750094773919
60 275 -0.417954013062372
60 277 0.7355303583522639
60 280 -0.09968841699393205
60 247 -0.5050662010934344
60 250 0.309642320758855
61 62 -0.947545764561583
61 64 -0.5775182595025454
61 182 -0.2972779683336779
61 185 0.2600118509087983
61 188 0.8596283932244861
61 191 -0.22648858525307736
61 194 -0.3948917466819444
61 197 0.09545428133337985
61 164 -0.4303776467546625
61 167 0.7210920390461997
61 169 0.2628655595095779
61 172 0.12609274050414898
61 175 -0.7910223968253256
61 178 -0.64959833573124
62 63 0.00010626345648367952
62 65 -0.6777666685961208
62 218 -0.9494131451239178
62 221 -0.8953903812118462
62 224 -0.28426355500402134
62 227 -0.7777299342883275
62 230 0.47273862103220443
62 233 0.6656272604783202
62 200 0.5352503591431879
62 203 -0.6694628557685578
62 205 0.31848444609033466
62 208 0.363464881083269
62 211 0.30429044481735
62 214 -0.9542313969017886
63 66 -0.7842499862182857
63 254 0.1621063782409764
63 257 0.893874584040127
63 260 0.5582532817680506
63 263 0.6707166064344618
63 266 0.3475352473372244
63 269 0.013675354375902282
63 236 -0.3067910962788609
63 239 0.03023914621174284
63 241 -0.6682178650724868
63 244 -0.18834358388091776
63 247 -0.05881784259519285
63 250 0.600681946757851
64 65 0.6496731714153849
64 182 0.7880605245306087
64 185 0.14313856580360595
64 188 -0.7449138858880067
64 191 -0.8004953535234598
64 194 0.23017443959859762
64 197 0.7959420390076051
64 164 0.6998088804015339
64 167 -0.9007045173709465
64 169 0.28317979675722316
64 172 -0.9470323540085193
64 175 0.360984910313634
64 178 0.909169589127427
65 66 0.567728423902703
65 218 -0.5215851173800437
65 221 -0.9385388855897592
65 224 0.3277524039731634
65 227 0.8734505262084229
65 230 -0.48863675084801095
65 233 -0.44751935700849566
65 200 -0.38458022846654427
65 203 -0.0037378653500603765
65 205 0.47234739047742136
65 208 -0.6349616119524508
65 211 -0.7769403984309742
65 214 -0.8407515574830366
66 254 -0.7357132969710585
66 257 -0.023522804993343804
66 260 0.6795673332744658
66 263 0.15461307499475785
66 266 -0.3828330595921976
66 269 -0.9226204375680811
66 236 0.46607965693978737
66 239 -0.3427695298855671
66 241 -0.25639481816009835
66 244 0.8366513253527774
66 247 0.8886171071068261
66 250 -0.9959711641768281
67 68 -0.29827374546603
67 70 0.9733009247283766
67 182 0.5328121669124846
67 185 0.5654656479293461
67 188 0.011943822370339863
67 191 -0.8246987233357688
67 194 -0.009761304157325235
67 197 -0.5159713811319024
67 164 0.33466207012503935
67 167 0.3587856284627655
67 170 -0.5020137475444097
67 173 0.3571798342641619
67 176 -0.18452561584079796
67 179 0.15717089646802318
68 69 0.6026926648589639
68 71 0.6639552787336842
68 218 -0.8798441160102031
68 221 -0.7369244227258198
68 224 0.06522876367861308
68 227 -0.31129914575183437
68 230 -0.8955555627920682
68 233 -0.5455830919600559
68 200 -0.14900843469082758
68 203 0.9206938937402025
68 206 -0.5378802345052334
68 209 -0.3427183563146916
68 212 0.18134938582789606
68 215 0.11362099613951826
69 72 0.23959797322809395
69 254 0.596409711059527
69 257 -0.31877540132617455
69 260 -0.1252711678200571
69 263 0.8079328476647305
69 266 0.11157008890977949
69 269 0.7030172329942181
69 236 0.24732117200589254
69 239 0.8824469023180626
69 242 -0.320036469265478
69 245 0.6692282051449525
69 248 0.8440557192584086
69 251 -0.3275151308859485
70 71 0.8554387022848737
70 182 -0.18180926976605583
70 185 -0.8423429177778643
70 188 -0.7328476086198878
70 191 -0.9045243712231406
70 194 0.36180370692018826
70 197 0.5129056078514453
70 164 -0.19816872528217888
70 167 0.9620363443880886
70 170 0.6634616563032072
70 173 -0.871336032612867
70 176 0.4042067478340772
70 179 -0.8364570654793846
71 72 -0.5793981620177135
71 218 0.40765548675394125
71 221 -0.3961678907479813
71 224 0.17226023802539214
71 227 -0.3262365857461649
71 230 0.4336237231045883
71 233 -0.783333047081457
71 200 -0.41262294668145905
71 203 -0.39092011111254155
71 206 -0.030928528300703473
71 209 -0.6293843486969106
71 212 -0.927628147623379
71 215 -0.23135781738700456
72 254 0.3576530865582286
72 257 -0.7354352429092073
72 260 -0.9719734088384588
72 263 0.44257126235078603
72 266 0.7903077709001682
72 269 -0.9411424034789666
72 236 0.20710230782400285
72 239 0.008587812788907856
72 242 0.9396617324903032
72 245 0.21582020660171275
72 248 0.3039840704945487
72 251 0.34855511559896146
73 74 -0.013859416670289892
73 76 -0.3013297345464283
73 182 0.7208732863838083
73 185 -0.30662804354298423
73 152 0.07277131640767442
73 155 -0.016884493871182737
73 158 0.4311023785964201
73 161 0.7163117139781001
73 164 0.5293555068511837
73 167 -0.991750315982799
73 170 -0.12063069909542556
73 173 0.8558142740374275
73 176 0.2798488486228581
73 179 0.28788181259631873
74 75 0.7249703192351153
74 77 0.2676269848736774
74 218 0.6904845010369509
74 221 0.40055636702900066
74 188 -0.4444686202338366
74 191 -0.9456220956685168
74 194 0.28197033818789063
74 197 -0.23805205157503018
74 200 -0.6622771655644561
74 203 0.8444470769943573
74 206 0.2134256889541808
74 209 0.01106479083822931
74 212 -0.7428461013857524
74 215 -0.9396072149705084
75 78 0.2837662238140819
75 254 0.16560673998539932
75 257 0.1806203759538112
75 224 0.41311009519757036
75 227 -0.21880022511989417
75 230 -0.6689641699793676
75 233 -0.78664489434857
75 236 -0.4143273743832021
75 239 -0.6005185592997353
75 242 0.11881820164061985
75 245 -0.4308521809272252
75 248 -0.3373951411550946
75 251 -0.014729426911459065
76 77 -0.9495740251193643
76 182 -0.47861409855114356
76 185 -0.3997620013034553
76 152 -0.6070769709909809
76 155 0.9387095356810695
76 158 -0.05580058388166176
76 161 -0.5212778221318104
76 164 0.323595695206929
76 167 -0.38338344677822245
76 170 0.48986646936712264
76 173 0.014658232466188359
76 176 -0.6765550081684044
76 179 -0.6322429347225207
77 78 -0.6212146618899799
77 218 0.7080847690175274
77 221 0.33642240943210955
77 188 0.6273114439238039
77 191 -0.3715689773868902
77 194 0.6049192850036633
77 197 0.6047709674538639
77 200 0.6787476324859805
77 203 -0.287986617089494
77 206 -0.9032106434707801
77 209 0.44114552030190635
77 212 0.5314073651562432
77 215 0.69341616063385
78 254 0.5173265610104285
78 257 0.057020126386417846
78 224 -0.25447788551778694
78 227 0.6398975645219638
78 230 0.848991324657363
78 233 0.17700129606259796
78 236 0.3018237502805716
78 239 0.8193133128478145
78 242 0.02420857805720389
78 245 0.17347811861031803
78 248 -0.25389624561810353
78 251 -0.39764886593183335
79 80 0.7904320452815918
79 82 0.521570968050419
79 182 -0.6245059519001339
79 185 -0.13224335078147065
79 152 -0.8459962681371442
79 155 -0.12109502968175323
79 159 -0.7793232953194542
79 162 0.6199482048498761
79 165 -0.8462039261678727
79 168 0.5111257244525955
79 170 -0.3379294690635899
79 173 0.929829905840621
79 176 -0.645174164373604
79 179 0.7021870623411317
80 81 -0.13729934288454704
80 83 -0.6806982776103163
80 218 -0.6942268468879889
80 221 -0.8453925564078402
80 188 -0.6513536156439539
80 191 -0.7128211734503591
80 195 0.9920837786698993
80 198 0.48316267113807454
80 201 -0.5340241197634135
80 204 -0.9947346557388974
80 206 -0.6155738413173792
80 209 0.4386626188152618
80 212 0.2191737606324453
80 215 0.40063636011262416
81 84 0.8671526768005549
81 254 -0.29697812791079237
81 257 0.5314150321870106
81 224 -0.42438864546821153
81 227 -0.22821341568914288
81 231 0.2912555486500259
81 234 0.7021519205508187
81 237 0.4436896159774344
81 240 0.2909243284910079
81 242 -0.05991846855232663
81 245 -0.3732031171144994
81 248 -0.04383350951028575
81 251 -0.12775041101715368
82 83 0.770990686641525
82 182 0.16842470069558546
82 185 0.16863140831675927
82 152 -0.6972547826507915
82 155 0.25145133197409875
82 159 0.6591646310769668
82 162 -0.7134055795266152
82 165 0.1780153385770482
82 168 -0.9143779436379009
82 170 -0.39074189480506005
82 173 -0.7352766576598722
82 176 -0.6912410876263291
82 179 -0.48410809180611136
83 84 -0.5374877440787134
83 218 -0.24492786912250097
83 221 0.8435958008904554
83 188 -0.6465036478456052
83 191 -0.20981011000197003
83 195 0.267152936277703
83 198 0.9404748580949602
83 201 0.4173447838609581
83 204 -0.9592777907414449
83 206 -0.7475549827807499
83 209 -0.6434207586032392
83 212 0.2996989158141714
83 215 -0.38321721546779486
84 254 -0.4234183101419746
84 257 -0.6571335028663516
84 224 0.2839544006860204
84 227 0.48763541373051233
84 231 0.12646196590498704
84 234 -0.9900949307658042
84 237 0.025541142114576587
84 240 0.2996104823793677
84 242 0.3968166410595191
84 245 0.41929592342279
84 248 -0.20714307556667744
84 251 0.22488194737822487
85 86 -0.7187895886105786
85 88 0.5007974924435752
85 182 0.11496200217715802
85 185 0.7911583838940963
85 188 0.9321261920839956
85 191 0.8121561016278112
85 195 0.5102537271208989
85 198 -0.08022798383530416
85 201 -0.5423372003736622
85 204 0.18182649902074144
85 206 -0.1427349714075461
85 209 -0.9794372133780531
85 176 -0.33171927571283266
85 179 -0.6460225756286075
86 87 -0.20454455079910483
86 89 -0.7212619177023669
86 218 -0.16731646142012258
86 221 0.2439808244008923
86 224 -0.8546435084393829
86 227 -0.1493691512869315
86 231 0.7313908714372035
86 234 0.8262350084590258
86 237 0.3279628669700809
86 240 -0.8899193403461201
86 242 -0.5251251972413182
86 245 -0.37999057147438386
86 212 0.9811954372549572
86 215 -0.8871576895400715
87 90 -0.2957566544029262
87 254 0.8823799288959597
87 257 -0.3794421698836601
87 260 -0.6327127134379111
87 263 0.10866906478397698
87 267 -0.44020334886698675
87 270 0.23541398516892342
87 273 0.29049576865788485
87 276 -0.5362038507769558
87 278 0.6099021957792474
87 281 0.9253687999593521
87 248 0.4105736673020475
87 251 -0.5227944146256243
88 89 -0.7037991353171245
88 182 -0.48347119253509896
88 185 0.5672752598183164
88 188 0.8245484593409309
88 191 -0.5374249082580718
88 195 0.08338532622733075
88 198 0.831581530120427
88 201 -0.9231165306690807
88 204 0.6951822397498879
88 206 0.36353368364345284
88 209 0.9900675431726942
88 176 0.35418938157794244
88 179 0.9130650844895156
89 90 0.3054920872424496
89 218 -0.3746537403046035
89 221 -0.903803144657672
89 224 -0.4359356097464704
89 227 -0.9026536787274082
89 231 0.6909784458914827
89 234 0.8638070281095129
89 237 0.5859024077907742
89 240 -0.8776955937105266
89 242 0.1738419540585543
89 245 0.6237485816273798
89 212 0.08561834350297692
89 215 0.33255562538745
90 254 0.5942567465351214
90 257 -0.16724823597238014
90 260 0.40470279011202237
90 263 -0.48464473113201056
90 267 0.15138618178670082
90 270 0.5967906065902975
90 273 -0.8494040295993703
90 276 0.1379559049821122
90 278 0.37828230127167317
90 281 -0.44298796557184805
90 248 0.9495779983670309
90 251 0.19913115176758933
91 92 -0.304271172642802
91 94 0.9108646752920475
91 183 -0.6909576954758947
91 186 0.13321432216352713
91 189 -0.8569180033017236
91 192 -0.18422176025243586
91 195 -0.5811994297666647
91 198 0.1263812407604521
91 201 -0.19761268561548873
91 204 -0.8694239991702457
91 206 0.2408401659277446
91 209 0.3099833638563667
91 176 0.8736456734337692
91 179 0.8869399075039384
92 93 -0.6316108424225144
92 95 -0.7889240188092792
92 219 0.06426633726054831
92 222 -0.23339770983597163
92 225 0.6847314532579754
92 228 -0.11930984034253034
92 231 0.4658872113806969
92 234 -0.5702583001898818
92 237 -0.6014014993157819
92 240 0.7406645675500432
92 242 0.7681145557280371
92 245 -0.26319869907990157
92 212 -0.6531397998949531
92 215 -0.18422508278378813
93 96 -0.1564094950406496
93 255 0.06399574161188815
93 258 0.08547969561952828
93 261 0.6462473377402025
93 264 -0.698806950495829
93 267 -0.7034471188549869
93 270 -0.31859947126915444
93 273 -0.7536134534317795
93 276 -0.3413330552919809
93 278 -0.16350228926354138
93 281 -0.7304220027416533
93 248 -0.1858054852066402
93 251 0.24689097347690825
94 95 0.8119004741132623
94 183 -0.5511275801043445
94 186 -0.4299573807138637
94 189 0.12724133234624535
94 192 0.927776872193312
94 195 0.7046931684733264
94 198 0.023097655197184652
94 201 -0.6175155806846169
94 204 0.7816959330867745
94 206 -0.8171566293721446
94 209 -0.006785943510653869
94 176 0.6355557598791532
94 179 0.36760794217438586
95 96 -0.3554605602158889
95 219 -0.6001127584718564
95 222 -0.20061724841976392
95 225 0.07868355325612852
95 228 -0.7167609463435327
95 231 -0.319937648198805
95 234 0.2378405663305061
95 237 0.8568954166933531
95 240 -0.47227954666472916
95 242 0.14011400896029946
95 245 0.99907665891966
95 212 -0.7167075055709742
95 215 -0.34973785981617556
96 255 -0.793611955184039
96 258 0.1053518907486124
96 261 -0.592135525587068
96 264 -0.9150303264846742
96 267 -0.010972720269693204
96 270 -0.8826889655956136
96 273 -0.05275171166266235
96 276 0.10302721498001755
96 278 0.4374542043796501
96 281 -0.882817076579592
96 248 0.9226484736554437
96 251 -0.0563531458188713
97 98 0.9168756510384142
97 100 -0.6518316134607938
97 183 0.18958587683113381
97 186 -0.9577150547394571
97 189 -0.6428797297595608
97 192 0.47847535989365597
97 195 -0.0358386861853075
97 198 -0.7692476154725107
97 165 -0.6933872651465725
97 168 0.9249036698693112
97 170 -0.45726531673752646
97 173 -0.722305148624977
97 176 -0.8871946024428892
97 179 -0.8751045917262639
98 99 0.05018162706902274
98 101 0.9302372951627758
98 219 0.8097282997553321
98 222 0.16365579392894491
98 225 0.9983878252536922
98 228 0.9356465028416794
98 231 0.901554272149117
98 234 -0.15312262292450107
98 201 -0.1274360979955549
98 204 0.1790922717010106
98 206 0.5103641214168619
98 209 -0.4309013582882688
98 212 -0.6948676537003924
98 215 -0.7157670481881644
99 102 0.9116294091288777
99 255 -0.5262104068294426
99 258 -0.8488508835889435
99 261 -0.9771659740960863
99 264 -0.22222823408365588
99 267 0.9674862061595773
99 270 0.7237773433623607
99 237 0.5228807437952623
99 240 0.22915837289042984
99 242 0.6667736756686855
99 245 0.5438608106138596
99 248 -0.506978654202795
99 251 -0.511243664998893
100 101 -0.012685292149452687
100 183 0.3785903085453086
100 186 -0.49090790386318295
100 189 0.6705389911480895
100 192 0.3208120253286666
100 195 0.18476066599256002
100 198 -0.6659764944984439
100 165 -0.5293123830859487
100 168 0.6656785772057796
100 170 0.6748866189728917
100 173 -0.715821085567965
100 176 0.5602779312526571
100 179 -0.7377416593299071
101 102 0.0016827140210005087
101 219 0.11642082481732041
101 222 -0.5564332778610914
101 225 -0.8608892027379289
101 228 0.450486199451277
101 231 -0.98815052278733
101 234 0.9182673929826255
101 201 -0.19991523957424184
101 204 0.7165803790349512
101 206 0.32309293003874107
101 209 -0.5391989946075348
101 212 0.028977225096820325
101 215 0.916792822924227
102 255 0.4444127372063771
102 258 -0.5160072034056185
102 261 -0.5141829087782359
102 264 0.3032516408326511
102 267 0.4046358174612863
102 270 0.0016263109651231122
102 237 -0.08242285998275278
102 240 -0.30168539711945863
102 242 -0.5641270150115063
102 245 0.7201948284573789
102 248 0.7207353338433253
102 251 0.5970811962533249
103 104 0.6850171915255701
103 106 -0.03753478267324306
103 183 -0.5215381902407292
103 186 0.32116313627566084
103 189 0.9524415584962924
103 192 0.5956401425148614
103 195 -0.6738882215907134
103 198 -0.6735327228419112
103 165 0.662170393724749
103 168 0.12623277109815256
103 171 0.36059477040090404
103 174 0.19926773801059738
103 177 0.03658552533151993
103 180 -0.7313673698139846
104 105 -0.6604774781676008
104 107 0.6685094035341133
104 219 0.604395694831817
104 222 -0.8203261490302667
104 225 -0.5079366449770122
104 228 0.1939791500327941
104 231 0.5701852151173723
104 234 -0.9920259602885386
104 201 0.433899032988436
104 204 0.7321002654094007
104 207 -0.940390386217963
104 210 0.7964876767635443
104 213 0.12626572141768655
104 216 -0.5298546941211049
105 108 0.4625757236231456
105 255 0.9729143604865629
105 258 -0.6377897998160729
105 261 -0.6653700729621395
105 264 -0.9956641440720155
105 267 0.05676385703652431
105 270 0.05663710281681089
105 237 0.01589931360670027
105 240 -0.34358754404961345
105 243 0.32843289118079744
105 246 0.9084533440633076
105 249 -0.35174006387319845
105 252 -0.729277467382343
106 107 0.9644592272767363
106 183 -0.04797176824174598
106 186 0.18662362785333397
106 189 0.8419832799894009
106 192 0.2299264639037646
106 195 -0.22600920738022712
106 198 -0.9472417941516187
106 165 -0.9042158305247927
106 168 -0.053792409225946525
106 171 -0.34363824744234384
106 174 -0.010131266036749187
106 177 0.6173512903852763
106 180 0.6050945716429577
107 108 0.41758066775593283
107 219 -0.9138172902722488
107 222 0.5204429763444858
107 225 0.4879031455560501
107 228 0.17544065272306586
107 231 -0.9198134733919647
107 234 0.6201780405466546
107 201 -0.04920294299249761
107 204 -0.85109290859179
107 207 0.1824240369250596
107 210 0.4698068163229241
107 213 -0.7120481944987458
107 216 -0.42305889708150746
108 255 0.5021604780215077
108 258 -0.06697113150955647
108 261 0.559799545562675
108 264 0.8974233933502571
108 267 0.13931688999270686
108 270 -0.6865903830305533
108 237 0.1839075688098244
108 240 0.20615540892352247
108 243 -0.517514679536621
108 246 0.8296696608895022
108 249 0.3934958594342961
108 252 0.7888919140166997
109 110 0.033768751900217886
109 112 0.2994257336546884
109 183 -0.4176277830471664
109 186 0.03675278448943664
109 153 -0.7660310180149301
109 156 -0.7816012384176416
109 159 -0.37522035311169577
109 162 0.32676665335322896
109 165 -0.9965049817368226
109 168 0.30425359511420136
109 171 0.7419200600975469
109 174 0.11989417138771974
109 177 -0.9352860861088637
109 180 0.4111478264725663
110 111 -0.906973545493521
110 113 0.19674821290748534
110 219 0.46971993313677474
110 222 0.733809349364613
110 189 0.5086667716728019
110 192 -0.707562311763549
110 195 0.15455647388220473
110 198 -0.6527070513530389
110 201 -0.7835874698721157
110 204 0.3140986955286018
110 207 0.7172620640938387
110 210 0.2267708376703581
110 213 -0.7737428602274741
110 216 -0.5826208787514484
111 114 -0.5192692537212209
111 255 -0.9205351623862583
111 258 -0.3018959897556368
111 225 -0.7866644267608487
111 228 -0.1773545935891141
111 231 0.16627330598579015
111 234 -0.9412101402353876
111 237 0.7475585862541274
111 240 -0.3232487136932509
111 243 -0.8735160558903146
111 246 0.5514065991384045
111 249 0.286976013026627
111 252 0.9595179777329477
112 113 0.9046099812355135
112 183 -0.03611341930471057
112 186 0.5135058620471964
112 153 -0.5792264042353805
112 156 -0.596503911115468
112 159 0.12587555656292881
112 162 0.45341885736673615
112 165 0.9133684465977374
112 168 0.15350995126550138
112 171 0.9570589255459081
112 174 -0.696487590551526
112 177 0.30150497914422747
112 180 0.3577209322606896
113 114 -0.10032758306979872
113 219 -0.9334573590918958
113 222 0.14176077659857644
113 189 0.789826221208116
113 192 -0.13747553868559015
113 195 -0.9029423437226116
113 198 0.14683137510402178
113 201 -0.9337636030373249
113 204 -0.8446177833071857
113 207 -0.49083953927478086
113 210 0.055781097165378934
113 213 -0.3663116479186883
113 216 -0.9774377234744591
114 255 -0.7318179424619551
114 258 0.6991258476634155
114 225 -0.4643318431092074
114 228 -0.4782600664906007
114 231 0.6070565353512971
114 234 -0.5432541775723498
114 237 0.3334287274685175
114 240 -0.11604797385303978
114 243 0.9485133971556399
114 246 0.00703586031925596
114 249 -0.7212223457686326
114 252 0.04766080077395407
115 116 0.7094858969946043
115 118 0.8056025697422535
115 183 -0.7635643421312173
115 186 -0.19762012919117944
115 153 0.8713960798873788
115 156 -0.15069664965226526
115 171 0.5032896716196265
115 174 -0.8601228165023358
115 177 -0.8321854820583308
115 180 0.6512111416402637
116 117 0.5219762904427239
116 119 0.3833939505512245
116 219 0.5718529567516117
116 222 0.6258843165355388
116 189 -0.2845475808407245
116 192 -0.6219199382058436
116 207 -0.3001408895844164
116 210 -0.7981940245218246
116 213 0.7126967938223931
116 216 -0.7083515237266858
117 120 0.747379082106439
117 255 0.3872858125015377
117 258 0.9269469560165253
117 225 0.7077581103576716
117 228 -0.8096741627359638
117 243 -0.044419585793537664
117 246 -0.298186258819517
117 249 -0.17903333305949842
117 252 0.4890748739009716
118 119 -0.8589190786708512
118 183 0.2326105697975014
118 186 0.7339536564814637
118 153 -0.5299424697021566
118 156 -0.5232335543379478
118 171 0.2015445223680361
118 174 -0.7340292166028457
118 177 -0.2026408378980471
118 180 0.8000516204883981
119 120 0.9523091335971337
119 219 -0.9469353758654451
119 222 -0.9895869595210942
119 189 0.7229368060081165
119 192 -0.5631533002377791
119 207 0.7866249086632864
119 210 -0.8665668949284222
119 213 0.5439899655794882
119 216 -0.2040684434467479
120 255 0.6067919646803352
120 258 0.952137801146145
120 225 0.33475243132495813
120 228 -0.26285675039624645
120 243 -0.7202973126518288
120 246 -0.7494711918585069
120 249 -0.08604279154327177
120 252 0.8095113869658832
121 122 0.8827213016820226
121 124 -0.8507245458228754
121 183 -0.5735141577742353
121 186 -0.1831094450348505
121 189 -0.2554886939747685
121 192 0.10655693387495657
121 207 0.4970265490184864
121 210 -0.8824545091437943
121 177 -0.33083822082705416
121 180 0.9772273124881847
122 123 0.23932918071410625
122 125 -0.08258465946395166
122 219 -0.8969809578627601
122 222 0.6443740779008225
122 225 0.040614470618029586
122 228 -0.8033846361675017
122 243 0.29385103724287664
122 246 0.6589943471116646
122 213 0.4389127038779468
122 216 0.9440199160183931
123 126 -0.00965369820223061
123 255 -0.6487033436420033
123 258 0.7711461105331856
123 261 0.2158470575701803
123 264 -0.5615197889350221
123 279 0.5235410243778758
123 282 -0.08920453694849373
123 249 0.4570922259867136
123 252 -0.03561044917279155
124 125 0.24275594072928652
124 183 0.9809026821192914
124 186 -0.42080613715413495
124 189 0.7105772192245787
124 192 -0.8029909097121075
124 207 0.2067367355500398
124 210 0.9939653759960667
124 177 0.042026201423258414
124 180 -0.3229860873089292
125 126 -0.9963020526202762
125 219 -0.1402521397866232
125 222 -0.09195328199326358
125 225 -0.4422342228885858
125 228 -0.8502203303723435
125 243 0.42069793075460793
125 246 -0.8130845766646764
125 213 -0.9160954823581624
125 216 0.1314063140500379
126 255 -0.20441662178809628
126 258 0.6586138908171126
126 261 -0.17159841036749746
126 264 0.4640398699039421
126 279 0.8583737509507174
126 282 -0.5225979916979511
126 249 0.12424436286433527
126 252 -0.948018275752486
127 128 -0.37830643253997254
127 130 -0.12416647409560877
127 207 0.21513976760653564
127 210 0.19045422207762042
127 177 -0.919208479445188
127 180 -0.5333655377599857
128 129 0.012516111529970564
128 131 0.6415361268241713
128 243 -0.37246879105580133
128 246 0.6831167238964566
128 213 0.2040013264250986
128 216 -0.06279747653715906
129 132 -0.7421546004003714
129 279 0.7145049332758815
129 282 -0.27457993678668036
129 249 -0.5911262481068387
129 252 -0.30246086756801405
130 131 0.10407655157885731
130 207 -0.34485160010284654
130 210 -0.4575044198831537
130 177 0.7422975342562443
130 180 0.596339644613153
131 132 -0.6906351243852336
131 243 0.7607600243925399
131 246 -0.9363764743155611
131 213 -0.8419221340157355
131 216 -0.9320771778167207
132 279 0.33998593605009053
132 282 0.7757625887653654
132 249 0.13108781331514763
132 252 0.01756473054095742
133 134 0.34655490046964643
133 136 -0.020641833529398523
133 171 -0.8068376533316219
133 174 0.7089635692752587
133 177 0.5485233008484491
133 180 0.2565456455131101
134 135 0.5938577916194341
134 137 -0.8830545455315046
134 207 -0.39143575465699754
134 210 -0.02001618381448811
134 213 -0.1866205494423836
134 216 0.4664305949840095
135 138 -0.165910570134435
135 243 0.2315731252719575
135 246 0.4824245041188926
135 249 0.7799831265844321
135 252 -0.06755510494622885
136 137 0.8548779999921636
136 171 -0.8409310591168515
136 174 0.995382218530172
136 177 -0.508709555339089
136 180 0.27644581841536886
137 138 0.6292303979387681
137 207 -0.7453292534164773
137 210 0.21497655272798433
137 213 -0.7558855425358995
137 216 -0.8532907446872873
138 243 0.30592350805633384
138 246 0.331356810944033
138 249 -0.15869824433957036
138 252 -0.03654687597845241
151 152 -0.6457585136996697
151 154 -0.1581673388396554
152 153 0.8701335793303762
152 155 0.6794450627316586
153 156 -0.45465777346571046
154 155 0.5828110339011114
155 156 -0.3830411352708647
157 158 0.11090958690380326
157 160 -0.39280157599365717
158 159 0.00979506791363427
158 161 -0.4196467719457462
159 162 0.18191506935996715
160 161 -0.8358704416637899
161 162 -0.6832875336675426
163 164 0.9827265961908185
163 166 -0.36475799680027077
164 165 -0.4674912980299344
164 167 -0.21417025611689944
165 168 -0.9425714283298021
166 167 0.5394396767716094
167 168 0.41560782395234175
169 170 -0.21116735979882617
169 172 -0.19624314095203088
170 171 0.34713340761323086
170 173 -0.023948965853765714
171 174 -0.5881979124438006
172 173 0.6575611919655087
173 174 0.6620763435458528
175 176 0.20327655136888656
175 178 0.7454810969309751
176 177 0.9507616884590921
176 179 -0.13690588302985418
177 180 -0.9071378134383656
178 179 -0.2440055242262924
179 180 0.28179657282371884
181 182 -0.6275997442207111
181 184 -0.40542781280849693
182 183 0.8380421741511785
182 185 0.644939651374177
183 186 0.5347284756319572
184 185 0.6148462817324059
185 186 0.8495893058769801
187 188 0.7856534863950777
187 190 0.6522652470698198
188 189 0.5589881784081503
188 191 0.6395460281734311
189 192 -0.59473075939103
190 191 -0.5234129946912238
191 192 0.9212168534947978
193 194 -0.5003761301029241
193 196 -0.6118544104875987
194 195 0.19893864807919948
194 197 -0.1896607664819263
195 198 -0.9328503769737844
196 197 -0.11612528630725505
197 198 -0.6175669328584843
199 200 -0.7103483406211595
199 202 -0.16343758081358883
200 201 -0.4750324670332864
200 203 0.6804828413340245
201 204 0.9478166047287795
202 203 0.8011756694393386
203 204 0.7623947955304968
205 206 0.21972719769720728
205 208 0.4552731583820371
206 207 0.3806125758507404
206 209 0.617235059067512
207 210 0.7672225009248812
208 209 0.5685189296921334
209 210 -0.9666295058760488
211 212 0.4420193955999019
211 214 0.994603485732791
212 213 -0.5701367823624008
212 215 -0.5783599656747898
213 216 -0.7200726978319161
214 215 0.8894626749469503
215 216 0.03629820229624614
217 218 -0.0334998433654079
217 220 -0.6143153178706515
218 219 -0.1719651990099551
218 221 0.08330002511095991
219 222 0.8267635863707608
220 221 0.3645092469799718
221 222 -0.677601429193639
223 224 -0.2810486228049085
223 226 0.7808040119152269
224 225 -0.49663914177167756
224 227 0.14452512094370484
225 228 -0.17276945780830233
226 227 0.5007142867141297
227 228 -0.18761551534108611
229 230 0.3610500365459479
229 232 0.4395752271623543
230 231 -0.978304456879383
230 233 -0.6569733088054723
231 234 -0.503062477576929
232 233 -0.0026786644101224333
233 234 -0.5101169411914821
235 236 -0.764183291572184
235 238 0.8545445411763919
236 237 -0.744653473004917
236 239 0.9009093430613482
237 240 0.6355117455260764
238 239 0.4215142158692453
239 240 0.12127540114728674
241 242 -0.5550101988976859
241 244 0.269658121411263
242 243 -0.0876281699171515
242 245 -0.9779720083473329
243 246 0.2178184670424146
244 245 -0.8420474404486076
245 246 -0.015785415455647378
247 248 0.8276713266780762
247 250 -0.5599675441963805
248 249 0.9065212634000552
248 251 0.27113499116145356
249 252 -0.312041237005964
250 251 -0.20120518083499594
251 252 -0.20409380883431028
253 254 0.28976447614077516
253 256 -0.09426923262314535
254 255 0.918999633153889
254 257 0.7426865469428472
255 258 0.7261037447956951
256 257 -0.44339187236574507
257 258 0.7071971110624
259 260 0.9197641068592748
259 262 0.5393301466753073
260 261 0.7043931074575831
260 263 -0.835114403183121
261 264 -0.6104127984936938
262 263 0.44281450348445106
263 264 -0.4127007533633591
265 266 -0.39406942298445613
265 268 0.3328528123857757
266 267 0.5763385083182953
266 269 0.5865717984866952
267 270 -0.6351216748899138
268 269 -0.545416588108594
269 270 0.968446104125636
271 272 -0.19473679308855685
271 274 0.6562069006475857
272 273 0.7945944919790096
272 275 -0.07099439654794204
273 276 0.5630829380706721
274 275 0.27179430403515625
275 276 0.9172809630597434
277 278 -0.07859333027201454
277 280 0.9295932088542782
278 279 0.005028411872788574
278 281 0.023959223688595044
279 282 0.6347657295963036
280 281 0.9556032781288517
281 282 0.2910760892938562
