# 
7 7 -2.036211824156376
8 8 2.3474524986490346
9 9 -1.3576178540115311
10 10 1.0273111229130665
11 11 -3.145511815201167
12 12 2.4051086010002525
13 13 0.09890357012482465
14 14 -0.33670362216885596
15 15 -1.9497016590039804
16 16 3.913773378124982
17 17 1.747988553416035
18 18 -1.3273623113617674
19 19 2.791073146398123
20 20 -2.24773621009175
21 21 3.067934000322663
22 22 2.7479422042900365
23 23 -2.2819151662129533
24 24 -0.3236563941388262
25 25 2.0344866868152875
26 26 -1.6704221883446255
27 27 0.9372871174463722
28 28 0.08621258476826377
29 29 -3.5162560391994857
30 30 3.90748398917166
31 31 3.1318733116791266
32 32 1.0992396918370444
33 33 0.6036289715492771
34 34 3.8040531592958153
35 35 1.1157476847419465
36 36 2.9968491211326134
37 37 -3.732961540399229
38 38 1.9250789256545522
39 39 -2.168635527189358
40 40 -0.1436117622256381
41 41 -3.445472820247769
42 42 -0.2749440633359086
43 43 -0.21594150042309934
44 44 -1.0198795801440586
45 45 -3.867642872988168
46 46 0.9707881229006201
47 47 3.075303968523775
48 48 1.4962639547873033
49 49 2.8406468553101005
50 50 -0.19763384040578025
51 51 -0.9646101917021088
52 52 0.3823249309179282
53 53 0.5235250741625181
54 54 -2.273039715334935
55 55 0.9040108075931963
56 56 3.5219114290979263
57 57 2.339859784755838
58 58 2.8468367460622153
59 59 -2.436113255173029
60 60 -3.79591889863973
61 61 1.7875102968552525
62 62 -0.014816620724868557
63 63 0.6042732685937624
64 64 -2.007130138405227
65 65 2.6221229000983817
66 66 -2.2367625436368472
67 67 -1.941566320167742
68 68 3.239434788320813
69 69 -0.6362603456788687
70 70 2.0401604670045055
71 71 0.4183437233815779
72 72 -0.1633681104881335
73 73 -3.2885857309537183
74 74 -3.1300592830025336
75 75 -3.673582874790614
76 76 1.3549337892054494
77 77 2.673349139408397
78 78 -2.6783048288582076
79 79 -2.994204809688795
80 80 -3.5060634606782433
81 81 -2.494602560826271
82 82 -0.15613213995528596
83 83 2.582553319631562
84 84 -1.0635040684340868
85 85 2.4386675483553635
86 86 0.8440377387047651
87 87 1.5242146776391552
88 88 0.4100864019971686
89 89 -0.22734246763355692
90 90 1.5980551209743492
91 91 -3.120795541281203
92 92 3.3390777641039264
93 93 2.2451582183206185
94 94 -3.402978104104913
95 95 -0.8641669829938028
96 96 2.5953051574328665
97 97 -2.3122209669697043
98 98 3.1230686102672713
99 99 1.8548084641086549
100 100 0.605002438462872
101 101 -3.754939063059755
102 102 3.467368302610173
103 103 2.682027942135547
104 104 -2.9818068280108294
105 105 1.2735228126748366
106 106 3.655084424307291
107 107 3.47892501586822
108 108 1.9035902986313147
109 109 0.3476993922900986
110 110 0.4334096642323706
111 111 1.7754805059352838
112 112 2.8802989359611715
113 113 0.5447283447137119
114 114 0.8642272127764858
115 115 -1.566354045495845
116 116 -1.7184400663804444
117 117 2.6277973260683263
118 118 1.070111472012151
119 119 -0.1954462244293449
120 120 -3.4033084622172263
121 121 -1.6925095523487261
122 122 2.357067001962127
123 123 -2.724206526084041
124 124 -3.887563200681834
125 125 0.6136381958475923
126 126 2.3520587792340413
127 127 -2.1292384900721517
128 128 0.7182042226104253
129 129 -0.48480754772746604
130 130 -3.8718320959648267
131 131 -0.01490091684039907
132 132 -3.7748942687517326
133 133 3.592367487979553
134 134 3.593029022996822
135 135 -2.428814761811365
136 136 -0.026969275734684217
137 137 -0.5892268825642031
138 138 -3.428948543175843
151 151 -0.6159386362082433
152 152 3.9687261470821875
153 153 3.781864100058069
154 154 -2.7451771542830876
155 155 2.089021103911519
156 156 2.2595749037489625
157 157 1.272850235273964
158 158 -2.4337311889656323
159 159 -3.22274750600997
160 160 0.5919709843114891
161 161 2.1925848287592142
162 162 3.6622327281859217
163 163 -3.6508026478737925
164 164 2.892101171253155
165 165 -2.5943625823329874
166 166 -0.6226588477286761
167 167 1.179390874871996
168 168 1.9759059569744428
169 169 -2.9981723958686475
170 170 1.9431109777279287
171 171 -3.3817305678324923
172 172 0.15268029534838234
173 173 -0.9294289131746307
174 174 2.1651167434365624
175 175 0.04033219881560335
176 176 1.8879611873907525
177 177 -1.9952551609214932
178 178 -0.26027827576239737
179 179 -2.4554862641193456
180 180 -3.4557056911654795
181 181 -3.5970577199512777
182 182 -1.9975060681826218
183 183 -3.799077712222963
184 184 -1.7874657040231448
185 185 -0.14205220173634459
186 186 2.6755520889635678
187 187 2.7163030385228337
188 188 1.9318953404278751
189 189 -1.9699179267832614
190 190 -3.3121813297322005
191 191 -1.260558420539759
192 192 -2.678971565402061
193 193 2.865900573241367
194 194 -0.7866295637883907
195 195 0.4409006994300526
196 196 -0.45922741615075235
197 197 -1.8562477025410589
198 198 -3.6711982484780723
199 199 -3.3598270222078765
200 200 -2.956648674916708
201 201 1.7930166850606026
202 202 2.449667572277251
203 203 2.5303925520122075
204 204 -1.5959612160229781
205 205 2.892750810485256
206 206 -0.3375241310957451
207 207 -1.4720160371610689
208 208 3.66210041909249
209 209 2.9250232129717686
210 210 1.7867128696409829
211 211 -1.858710016725265
212 212 1.6233843098687473
213 213 -3.3528169824236542
214 214 2.6955016220561507
215 215 -2.8044891954889675
216 216 3.9856577093183683
217 217 0.741732900165335
218 218 0.059907546926286415
219 219 0.8007156210801316
220 220 -1.3986378293006192
221 221 -3.56631992278155
222 222 2.911924625615387
223 223 2.245944628417215
224 224 3.0569702526307045
225 225 -1.5276592355218757
226 226 -3.5218038512719874
227 227 -2.9716662867872863
228 228 2.5146866970769626
229 229 -3.8201060595126615
230 230 -2.9497370286769113
231 231 0.24270769572698914
232 232 -1.6472673923890646
233 233 2.250580298603765
234 234 -3.3461398068356933
235 235 -2.882225460772327
236 236 1.6621254584344287
237 237 -0.10455128473078634
238 238 0.9540208868846793
239 239 -3.133453605725924
240 240 -1.0077094122024093
241 241 1.4394995874245256
242 242 -0.07198122414675456
243 243 -2.222484158715237
244 244 3.3994735499785333
245 245 2.1052917470581134
246 246 1.278580640755882
247 247 -2.5228493554956266
248 248 0.6009536151221875
249 249 0.39642648045025375
250 250 -0.5777515049587025
251 251 2.2645808017855735
252 252 0.9987426837742497
253 253 0.2715332547646563
254 254 -3.9475865216797468
255 255 1.8459200497230857
256 256 -0.1056635264359107
257 257 -0.27753120855690483
258 258 2.020963991279234
259 259 3.58103979657034
260 260 1.439529587001787
261 261 2.667037630021321
262 262 -2.4837467310444294
263 263 2.0753759590846563
264 264 -2.649363374982599
265 265 1.7092321087278197
266 266 3.9984274820798573
267 267 -3.617366322584189
268 268 3.8742706403831377
269 269 0.8291229111125817
270 270 3.6958109652211277
271 271 -2.309303064457943
272 272 -0.7874097820402524
273 273 -1.9172314598575424
274 274 -2.4062821697740926
275 275 -1.6932745769361661
276 276 2.191222225446656
277 277 0.8475879327846219
278 278 -2.291869319401271
279 279 -1.382685917201874
280 280 -3.885493790628985
281 281 -1.7150157312217056
282 282 0.2883654871367378
7 8 -0.4663244222887688
7 10 0.736523143594457
7 157 0.33752666597931924
7 160 -0.3862055045867745
7 163 -0.26685833394286607
7 166 0.6735368948261544
8 9 -0.36478043719962194
8 11 0.6397248122571286
8 193 0.7055167731465299
8 196 0.7457498653865571
8 199 0.6927595222091305
8 202 -0.5551535017379505
9 12 0.8356227111826993
9 229 -0.14332929624660373
9 232 -0.7258141436346583
9 235 0.5603640309462772
9 238 0.360607275620338
10 11 0.27750936743803645
10 157 0.13468827246244786
10 160 0.4390937323685593
10 163 -0.10874984480866612
10 166 0.3801387721398293
11 12 -0.50580723059154
11 193 0.09665381882285295
11 196 -0.18323104470141427
11 199 0.9499686129854592
11 202 -0.3093200265879712
12 229 0.5013244521362759
12 232 -0.21560490544427013
12 235 -0.7489978288497054
12 238 0.5602388505125013
13 14 -0.15024875512017677
13 16 0.4839912811830642
13 193 0.576592108409995
13 196 0.6441128667923846
13 199 0.9429498582078621
13 202 0.5811083482959205
14 15 0.29405952696182447
14 17 -0.7438400146727642
14 229 0.017508966843059248
14 232 -0.5695758281977739
14 235 0.5759400191804791
14 238 0.8823830320311405
15 18 -0.6555292122884726
15 265 -0.6119912362055964
15 268 -0.5018726328419283
15 271 -0.45894354013229055
15 274 0.9134853177374931
16 17 0.7403046729654579
16 193 0.3724240032235029
16 196 -0.1879554524934619
16 199 -0.3675449741043897
16 202 -0.7964683729555193
17 18 -0.07907005126119082
17 229 -0.20583659561474432
17 232 -0.5152185603805695
17 235 -0.10060189908870232
17 238 0.9574770792937597
18 265 0.010457441655693511
18 268 -0.8003989087599013
18 271 -0.8061641443596548
18 274 0.762078955044762
19 20 -0.9332435278505675
19 22 -0.5192091864725596
19 181 -0.2894373023150081
19 184 0.9205012679327846
19 187 0.03332169846767363
19 190 -0.6846134058085727
19 193 -0.4062653338005624
19 196 0.010167047999425138
19 199 -0.10149487260730683
19 202 -0.0042360854933400915
20 21 0.2761892610784282
20 23 0.13741459219894692
20 217 0.962480323700349
20 220 -0.6857836089866969
20 223 0.0530336819824464
20 226 -0.30206933204690567
20 229 -0.8199128675491405
20 232 -0.03709374129574172
20 235 -0.1496450431088998
20 238 0.806918801158452
21 24 -0.7733153217652573
21 253 0.5131254830431278
21 256 0.26718372712216887
21 259 0.8929818705110433
21 262 0.07034296826852593
21 265 -0.6679035573454466
21 268 -0.5230181581831155
21 271 0.5506158252297848
21 274 -0.03412681409940177
22 23 -0.3406649423511525
22 181 -0.5804493428972117
22 184 -0.22998964109016118
22 187 0.2962763101687993
22 190 -0.0829166982060876
22 193 0.2997068352530039
22 196 -0.5657090371882085
22 199 -0.1460787579290861
22 202 0.12595148766985154
23 24 0.8527775034456264
23 217 0.17415923376068432
23 220 -0.37584367695412024
23 223 -0.7069994176519692
23 226 0.3791205318307147
23 229 -0.8048401529292573
23 232 -0.5727981409490728
23 235 0.3985072268970622
23 238 -0.19760086387076758
24 253 0.3065938852858161
24 256 -0.13729743899284386
24 259 -0.29210606160266783
24 262 -0.2927335619786495
24 265 -0.18352797626379136
24 268 -0.6626740100481332
24 271 -0.7754731781026727
24 274 -0.9063178762711284
25 26 0.12802232310653183
25 28 0.8842771730033714
25 181 -0.7492507448351462
25 184 0.07818988635783275
25 187 -0.665772325072371
25 190 -0.1688152716725131
25 193 0.4394772151078268
25 196 -0.01499538507710274
25 163 -0.38162242358714016
25 166 0.7266870948279465
26 27 -0.15829490363232557
26 29 -0.19373505970793237
26 217 0.6374523010876914
26 220 -0.3767850910858672
26 223 -0.7284884422354134
26 226 -0.018753636546495978
26 229 0.6147374068958973
26 232 0.4931061811458983
26 199 -0.2600091789715526
26 202 0.8697231026983274
27 30 0.5518870116043268
27 253 0.7672964863874994
27 256 -0.24619981363107124
27 259 0.23425254062581224
27 262 -0.06584409767029986
27 265 0.7935346080089836
27 268 -0.9797921205869269
27 235 0.2871686758862215
27 238 -0.36909259108884873
28 29 0.9723179861160063
28 181 -0.16521655421361614
28 184 -0.2898141006598891
28 187 0.7805310586897183
28 190 0.29872202428514716
28 193 -0.7549404816521172
28 196 0.6347430527750515
28 163 -0.7801299080537314
28 166 -0.8671739361374675
29 30 0.041056563759154896
29 217 0.3692622097130036
29 220 -0.848507365429573
29 223 -0.2342580336540565
29 226 0.21956474969524709
29 229 0.40651802947007054
29 232 0.9673317028389272
29 199 -0.1422150025019948
29 202 -0.43419611618718834
30 253 0.8088691614505632
30 256 -0.6083095572929589
30 259 0.8175041387316677
30 262 -0.7367231812311967
30 265 0.8598562852536289
30 268 -0.45582048321973945
30 235 -0.4023713990646558
30 238 0.7534607139247043
31 32 -0.5127553392666526
31 34 -0.2526208173560951
31 181 -0.005354435930704948
31 184 0.4976648517151592
31 187 0.5551717527004334
31 190 0.3690406983565804
31 193 -0.049685616110209496
31 196 -0.9362052902474394
31 163 -0.05951630515752471
31 166 -0.9006692952874484
31 169 0.5794644411924181
31 172 -0.41711447961454895
31 175 0.11038488568879234
31 178 -0.7076946462072995
32 33 -0.4096488570099788
32 35 0.5387789522696691
32 217 -0.22445441496936036
32 220 0.6451759839971709
32 223 0.27633886318761625
32 226 0.47508630161962984
32 229 0.8960115821652226
32 232 0.009314253269175898
32 199 0.597640989889545
32 202 0.17452870310183632
32 205 -0.9501088244890727
32 208 0.02092619666554607
32 211 0.5129814825217507
32 214 -0.39260362735692667
33 36 -0.9478328808576884
33 253 0.6376906973792693
33 256 0.6811201422402957
33 259 0.6277115387805634
33 262 -0.10353957983008755
33 265 -0.5261335340259976
33 268 0.6434556580287112
33 235 -0.5052786065187715
33 238 0.02408618356148673
33 241 -0.48248458254411
33 244 -0.33909577647743117
33 247 -0.6675736156815202
33 250 -0.9191580584526502
34 35 -0.9025822796736587
34 181 -0.225155657321642
34 184 0.7464956879659759
34 187 0.5129759675110346
34 190 -0.1539596216738066
34 193 -0.9318343215845231
34 196 0.34366142935298716
34 163 0.5880832347649783
34 166 0.4053257590398467
34 169 -0.46826379970903154
34 172 -0.26859882327387785
34 175 -0.7388388252242375
34 178 0.8379413751724853
35 36 -0.2967586624715979
35 217 -0.6885216784162131
35 220 0.5191933379250737
35 223 0.9433039431485548
35 226 0.21384578322251668
35 229 -0.6132552001920244
35 232 0.9725515583407502
35 199 -0.06968606820954149
35 202 0.9360253764399182
35 205 0.4648531460406551
35 208 -0.4131073855758647
35 211 0.5630294646546741
35 214 0.6503126540123347
36 253 -0.2780100791649456
36 256 0.06068140674016376
36 259 -0.21285358060035264
36 262 0.4797120494343856
36 265 0.041405598920255304
36 268 0.5050685587604606
36 235 -0.20113482520111492
36 238 0.7909772267179893
36 241 0.27549983418358437
36 244 -0.06490937396830576
36 247 -0.6886678713896073
36 250 0.7493805216216367
37 38 -0.18669665668891433
37 40 0.2922527881293875
37 181 -0.020979031344429577
37 184 0.18119310758828377
37 151 0.28742054043275456
37 154 0.9660526678443873
37 157 0.5746804059043185
37 160 -0.46654839483920996
37 163 0.442113338632413
37 166 0.3547848604302495
37 169 -0.8459897024760499
37 172 -0.9034890422448449
37 175 0.19760537314887405
37 178 -0.9621420544546164
38 39 -0.25757829199485105
38 41 -0.4916876693309358
38 217 0.7992468837180065
38 220 0.3554987688388549
38 187 -0.23965885459719471
38 190 -0.011596883067839014
38 193 0.36476129675519053
38 196 -0.2521893963791262
38 199 -0.28453777794623725
38 202 0.9034082017521734
38 205 0.79113401892025
38 208 0.12795912445668534
38 211 0.01689126337544722
38 214 -0.9148355282157254
39 42 0.440154043030228
39 253 0.07909940170963825
39 256 0.11641872799314767
39 223 0.34173091337484207
39 226 0.6715326940529391
39 229 0.6873935791666463
39 232 0.39557465137700043
39 235 0.4995087026509768
39 238 -0.8465248890359847
39 241 0.4263114686694782
39 244 -0.8856303153192262
39 247 -0.3760823317165922
39 250 -0.6164344876379033
40 41 -0.9349639651755597
40 181 -0.49697663948173565
40 184 -0.06036698121509598
40 151 0.8768225468229287
40 154 0.29585674253261374
40 157 -0.8106397866569812
40 160 -0.3013017363338548
40 163 -0.8050683921502648
40 166 0.3923670165369879
40 169 -0.822324114967145
40 172 -0.09887884095485266
40 175 0.4774619976452623
40 178 0.8944088358108033
41 42 -0.555614520057218
41 217 0.5583320931962403
41 220 -0.224939005536962
41 187 -0.04300656242640244
41 190 -0.62876634044161
41 193 0.05327151422463272
41 196 -0.9204806197339062
41 199 0.09728355831047919
41 202 -0.49519892501212404
41 205 0.863392256938037
41 208 -0.6362257605451376
41 211 -0.430661306648606
41 214 -0.3710836429344262
42 253 -0.40404233497895214
42 256 0.8496506027262687
42 223 -0.22543523822038902
42 226 0.9226955708391666
42 229 0.1869649466743848
42 232 -0.10840049544229258
42 235 0.18539892036959338
42 238 -0.7041218213762699
42 241 0.7422799470980177
42 244 -0.15548846302651698
42 247 0.2207099278068254
42 250 -0.22697499783519404
43 44 -0.306551706627078
43 46 -0.5916416214077234
43 181 0.3461393002133488
43 184 0.9940757200617958
43 151 -0.5734146093691121
43 154 -0.9637890215088531
43 158 -0.5209841519559342
43 161 -0.17265914749565137
43 164 0.27943129131104816
43 167 -0.6849513856232907
43 169 -0.9015326789459235
43 172 -0.2191756967452856
43 175 -0.18443924677312307
43 178 0.8704372581581692
44 45 -0.2701374779962107
44 47 -0.7866094763781841
44 217 0.2305695237667389
44 220 -0.1673058963985521
44 187 0.2167377643262962
44 190 -0.43915952355138055
44 194 0.46721742024467394
44 197 0.489523385038521
44 200 0.13255512594423546
44 203 0.6809015727025787
44 205 0.6080470031016332
44 208 0.10129315674548267
44 211 -0.6935753371768698
44 214 0.19247906392859715
45 48 -0.8473892213956127
45 253 0.43525144937190463
45 256 -0.6758189531689387
45 223 -0.2824691065757683
45 226 0.5760011602002455
45 230 -0.7886556132614506
45 233 0.2790629896786403
45 236 0.3198638784636023
45 239 0.624228933543935
45 241 0.6456380849677281
45 244 -0.9226674703353825
45 247 0.35380672299623517
45 250 -0.22298274824634157
46 47 -0.7434728017466354
46 181 -0.16975314706844702
46 184 -0.4971471175585702
46 151 0.8417395770111165
46 154 0.6551003701929516
46 158 -0.2136563493972352
46 161 0.6853081570262556
46 164 0.8564523017962329
46 167 0.9868987507328268
46 169 0.947485134270367
46 172 0.5588419018791284
46 175 0.6146740682515772
46 178 -0.026154756722941208
47 48 -0.10607043049231724
47 217 0.4007857414908702
47 220 -0.9587063180652338
47 187 0.8647424081633754
47 190 -0.4389677364059521
47 194 -0.9947865997025993
47 197 -0.9640576699489383
47 200 -0.7336060424321076
47 203 -0.49584555142271736
47 205 -0.720181611493754
47 208 0.16141393219277345
47 211 -0.10046177721655125
47 214 -0.7034558770378896
48 253 -0.13296170287601927
48 256 0.6921734968108588
48 223 0.4872113954055821
48 226 -0.27987930592464116
48 230 -0.216381994301297
48 233 -0.6501518818387086
48 236 0.5359801388459038
48 239 -0.6702486475733533
48 241 -0.9860926700956656
48 244 -0.46185739717990737
48 247 -0.2788950323196955
48 250 0.016918022703048985
49 50 -0.977437933950271
49 52 -0.360419235194682
49 181 0.370670161392215
49 184 0.5254027768077765
49 187 -0.43360449008955393
49 190 -0.23613616859638165
49 194 0.35173148999353043
49 197 0.5767269392815855
49 200 0.9561354583175043
49 203 -0.38949570940297606
49 205 0.008750648351165236
49 208 0.8628911699064552
49 175 0.5683911519389659
49 178 0.48350577080095936
50 51 0.47555237183353016
50 53 -0.6974685820611788
50 217 -0.7704352176599842
50 220 -0.049475113460566655
50 223 -0.8728581560071369
50 226 -0.7872811092243841
50 230 0.39810512425193667
50 233 0.49645419828103043
50 236 -0.2286510954415515
50 239 0.7451269140889782
50 241 0.6277434804200916
50 244 0.7969019146253542
50 211 -0.08725185073117059
50 214 -0.8436165384510146
51 54 -0.7251868493113138
51 253 -0.6831270308676265
51 256 -0.4610159993456764
51 259 -0.858006232622269
51 262 -0.07783544163874456
51 266 -0.9223721604688457
51 269 0.37860123696706194
51 272 0.6229336869656277
51 275 -0.16097695128342404
51 277 0.29275068092060375
51 280 -0.8072028146722139
51 247 0.25791858723743566
51 250 0.3633014275685744
52 53 -0.05647408387911379
52 181 0.2868752396897434
52 184 -0.9207350709780309
52 187 -0.18251120460476566
52 190 -0.534499917921831
52 194 0.22965040403802495
52 197 -0.3568590739066255
52 200 0.4740558334984484
52 203 0.9157329405179002
52 205 -0.5103687705823932
52 208 0.023147117275863938
52 175 0.342780724147695
52 178 0.3884176445732195
53 54 0.5317596116650194
53 217 0.36677189137817723
53 220 0.28826526244096984
53 223 -0.12113560995832562
53 226 0.19943810111310323
53 230 0.08825485461481608
53 233 -0.17204265280888587
53 236 0.17109511646632458
53 239 0.025524691189030335
53 241 -0.9362062724812099
53 244 0.5606284442913592
53 211 0.45218055282010683
53 214 -0.9151384460869503
54 253 -0.4365314727016194
54 256 0.5028107351611415
54 259 0.43681178805324383
54 262 -0.42273356239555326
54 266 -0.14193364116972162
54 269 -0.37249060939844947
54 272 -0.15304551979023118
54 275 -0.25207971880863145
54 277 0.04505540734623903
54 280 -0.6627154132519557
54 247 0.07269190606790299
54 250 0.9747656305291506
55 56 -0.9284251998148061
55 58 -0.5656627940470118
55 182 0.23525419954518068
55 185 0.4176784861946312
55 188 0.39448261000877993
55 191 0.8699067112015642
55 194 -0.7308837052443007
55 197 -0.03346626792733276
55 200 -0.7940714797085191
55 203 -0.05242311425480506
55 205 0.1286247021143867
55 208 0.6119470803852063
55 175 -0.8694451172282982
55 178 -0.41560701623810625
56 57 0.10235112455722062
56 59 -0.2426612062450999
56 218 -0.5000670746769271
56 221 0.30060851731233007
56 224 -0.9224843980028206
56 227 0.5865060530017074
56 230 0.8972573759275249
56 233 -0.03602879669459558
56 236 -0.05181605279451862
56 239 -0.6317591460041669
56 241 0.10250773733774499
56 244 0.35407880368082956
56 211 0.5116310493529135
56 214 -0.2993573520769359
57 60 -0.043456314131240514
57 254 -0.4607514519683096
57 257 0.3181636453148997
57 260 0.7933978009062406
57 263 0.7987736138889161
57 266 -0.9841456047208579
57 269 0.595478553220693
57 272 -0.09102083913046144
57 275 0.2933746660720309
57 277 -0.42418090533314
57 280 0.1423136886164944
57 247 -0.07390018891952543
57 250 0.4845283218256642
58 59 -0.2668307068995488
58 182 0.8889260384661766
58 185 -0.15249079113562924
58 188 -0.7027151510023233
58 191 -0.7570891621704583
58 194 -0.9710250882929863
58 197 -0.29940764756460303
58 200 0.7656996419548432
58 203 -0.6355461189868665
58 205 0.04831394643727038
58 208 0.9014588993439341
58 175 0.44337391805091353
58 178 -0.21099792208022317
59 60 -0.5987227860771023
59 218 0.07046064510346484
59 221 0.17492016178076497
59 224 0.8997678683108472
59 227 -0.6586288001335177
59 230 -0.21137727237903636
59 233 -0.7433316918122377
59 236 0.4611632199215878
59 239 0.2916995014470518
59 241 0.8753570486422932
59 244 0.971514506330921
59 211 0.5574191127605976
59 214 -0.34356225281965247
60 254 0.26351959623974763
60 257 0.8557469657076648
60 260 -0.26636834651411956
60 263 -0.5847806469027994
60 266 -0.07217228616724625
60 269 -0.37962957687950105
60 272 -0.5256279609457808
60 275 0.26524756152919426
60 277 0.6491470741717886
60 280 -0.5604870776236213
60 247 0.32528252779659517
60 250 -0.26344423686565044
61 62 -0.8883124087409158
61 64 0.4133582578554418
61 182 -0.693469700490948
61 185 0.3644706620043845
61 188 0.35790723359965404
61 191 -0.24150812211840256
61 194 -0.2600286323683918
61 197 -0.23274415689945083
61 164 -0.4959054150408442
61 167 -0.26058335918427833
61 169 -0.6435625192376695
61 172 -0.49931277513620564
61 175 0.04126021291785942
61 178 -0.9132794971830778
62 63 -0.30060981458332425
62 65 0.5346003846550282
62 218 -0.5734819200588777
62 221 -0.5076046476756582
62 224 0.09795715006929262
62 227 0.08528304501311101
62 230 -0.516682787100694
62 233 0.3713726640635977
62 200 0.1611538714726901
62 203 -0.029456505953101342
62 205 -0.3336287271843672
62 208 0.722146940846268
62 211 0.9909412173815455
62 214 -0.15382101463178977
63 66 0.9990886660386491
63 254 -0.7407952071653268
63 257 0.19109316422616018
63 260 -0.03495952163677729
63 263 0.18716793101598284
63 266 -0.9684883947111376
63 269 0.7631874926207942
63 236 -0.4303827350282925
63 239 -0.06800565601590813
63 241 0.08924976914218985
63 244 0.08006683964217576
63 247 -0.2484142044186748
63 250 0.4596953702591029
64 65 0.1362408242313613
64 182 -0.3608970589877398
64 185 -0.3316175373025223
64 188 0.13255980396513034
64 191 0.3840370369337951
64 194 0.20474526208811938
64 197 0.9904442507801932
64 164 -0.2012078844921561
64 167 -0.5621095209518507
64 169 -0.5298906265320029
64 172 -0.21412642898710188
64 175 -0.5300604663763782
64 178 0.5997584258767954
65 66 0.19773626242366027
65 218 -0.8264212682014753
65 221 -0.21756899856480705
65 224 -0.5776193312714428
65 227 0.9380384267113067
65 230 0.7187481299189771
65 233 -0.6662798428528374
65 200 -0.8585269928974275
65 203 -0.3389674428150564
65 205 -0.5383623548689447
65 208 0.5504041898825398
65 211 -0.7825763896384268
65 214 -0.42534912912069145
66 254 0.7558499987227199
66 257 -0.5904812256119232
66 260 0.5605787846663517
66 263 -0.8649552448445519
66 266 -0.9702855529190817
66 269 0.7943148573631116
66 236 0.7176100357815036
66 239 0.5948249252772766
66 241 -0.5958811275878217
66 244 -0.3375447426011151
66 247 -0.9222029983313156
66 250 0.5614847173848447
67 68 -0.4972413428166307
67 70 -0.7915131458877656
67 182 -0.6650986865228294
67 185 0.6510014994506015
67 188 -0.7610816905098816
67 191 -0.5295583057765112
67 194 -0.09893187740713705
67 197 -0.03031326004851631
67 164 0.4349975074110688
67 167 -0.942044395829126
67 170 -0.06695582159211888
67 173 -0.1916289749891742
67 176 0.9666322871881194
67 179 -0.0084523246489987
68 69 0.8467127739205638
68 71 -0.02233652233869443
68 218 -0.47801991886016126
68 221 0.6893036965447383
68 224 -0.4513216466159806
68 227 -0.19511076288636575
68 230 -0.20192958983491338
68 233 0.4455760410844447
68 200 0.6304218868580906
68 203 0.2939168327367647
68 206 -0.7632348948403773
68 209 0.46970468550764877
68 212 -0.31039083477207496
68 215 -0.1695829163056688
69 72 -0.013155980120557187
69 254 -0.8161358564240502
69 257 -0.7147204007582975
69 260 -0.036032074526735514
69 263 0.2689048909665863
69 266 -0.24081647524810657
69 269 -0.06068414563220359
69 236 -0.47489057779922184
69 239 0.45905635835394776
69 242 0.8635608492539317
69 245 0.5509368818596876
69 248 0.2801484030515067
69 251 -0.280174362624515
70 71 0.5835739711891033
70 182 0.5956866633644269
70 185 -0.9501214522511705
70 188 0.1504947860132777
70 191 -0.7034739520164826
70 194 -0.40651302745683093
70 197 -0.6702127343624751
70 164 0.9152270996243221
70 167 -0.774730323524446
70 170 0.18072806674034703
70 173 0.14558470832071313
70 176 -0.5792859931186161
70 179 0.7889488813500336
71 72 0.6308819289284611
71 218 0.090028829104557
71 221 -0.2939187938643606
71 224 -0.20705703011272036
71 227 0.6067720637068017
71 230 0.009287577570530337
71 233 -0.3080527453172288
71 200 0.26807066867706175
71 203 -0.6453590299294973
71 206 -0.45685350235409783
71 209 -0.5291420055908544
71 212 0.4952640708678928
71 215 0.2469630882118321
72 254 0.967735393397374
72 257 -0.897900442941894
72 260 -0.5683711774209266
72 263 0.01582200588490279
72 266 0.6259211072635176
72 269 -0.04198538808785468
72 236 -0.05256582785271369
72 239 0.23275001669087403
72 242 -0.14608904504147557
72 245 0.751529308622441
72 248 -0.00047725722389801994
72 251 0.9729104059603055
73 74 -0.39921610795620466
73 76 0.3506773648733068
73 182 -0.6338782292043921
73 185 0.7437792946407837
73 152 -0.10496906690542573
73 155 -0.3229425296195392
73 158 -0.1417763116957751
73 161 -0.5095512501004167
73 164 0.35262936307858816
73 167 -0.778892999065889
73 170 -0.34336444816134115
73 173 0.9490309104146111
73 176 0.16888601262357406
73 179 0.24680823925566675
74 75 -0.9978052102895705
74 77 0.6847237889138125
74 218 -0.23004427487486656
74 221 0.4951371376101297
74 188 0.2261828464237916
74 191 0.14940454719855323
74 194 0.4181007339637206
74 197 -0.7538715375459213
74 200 0.40208981009731537
74 203 -0.2472036982087984
74 206 0.9811160443999298
74 209 -0.2828345861664028
74 212 -0.5232080223202602
74 215 0.9935760350592251
75 78 0.2639861550115403
75 254 0.40319810422280455
75 257 -0.3434724561744751
75 224 0.3040231035644878
75 227 0.31679259421755224
75 230 0.7535523358642353
75 233 -0.49582534087088903
75 236 -0.9736163950429222
75 239 0.5376319485197816
75 242 -0.4616364512773825
75 245 -0.588857639125812
75 248 -0.8594642254216045
75 251 0.3693191406601426
76 77 -0.7628116095642858
76 182 0.5990310139991355
76 185 -0.40774796490263476
76 152 0.5284191122170769
76 155 0.09346509894211508
76 158 0.3974857456419214
76 161 -0.4420167058324711
76 164 0.7254539115183083
76 167 0.6464476024987613
76 170 -0.519214336505631
76 173 0.14873811247082003
76 176 -0.6196971418631314
76 179 0.4664682231851518
77 78 -0.010165808972918855
77 218 0.29979463400522666
77 221 -0.928102190897242
77 188 0.14919196219272868
77 191 -0.8593694965576926
77 194 0.9366846466734062
77 197 0.7937020597191304
77 200 0.1669772799734972
77 203 -0.9520857831799456
77 206 0.22352132746238706
77 209 0.25904275811300437
77 212 0.49932784172426414
77 215 -0.2214960440274305
78 254 -0.00919272313593189
78 257 0.5334697333436118
78 224 -0.543557628151365
78 227 0.6920363180772893
78 230 0.593777521576013
78 233 0.1330475619336957
78 236 -0.4920332561707774
78 239 -0.9344116125928985
78 242 0.46182035735739846
78 245 -0.7381485349428465
78 248 -0.7071980109889393
78 251 -0.6188774194860553
79 80 -0.8051083594775064
79 82 -0.12484521751993283
79 182 -0.5325891141141981
79 185 0.7492393206096628
79 152 -0.5930531569809059
79 155 0.8957217535045165
79 159 -0.9824046749179003
79 162 -0.45681500518401363
79 165 -0.8960290753666329
79 168 0.33491312689828256
79 170 0.4190560509777901
79 173 0.6455161376174372
79 176 0.9368273555296514
79 179 -0.6277104413589498
80 81 -0.38542247857380496
80 83 0.876978486753978
80 218 0.6515452488607425
80 221 -0.5837818518283537
80 188 0.9254713712423328
80 191 0.3677865403708831
80 195 -0.6940663396826843
80 198 -0.08372788561359457
80 201 0.030512181368062663
80 204 0.37109640296517976
80 206 -0.8612167378376718
80 209 0.6978439538689243
80 212 0.8358617945059683
80 215 0.6998090046577323
81 84 0.8663644471080714
81 254 -0.16072380503109351
81 257 0.6286344838910038
81 224 -0.4298578026771027
81 227 -0.8238239287227132
81 231 -0.7928029112596011
81 234 0.6337412573611252
81 237 -0.28827377194684156
81 240 -0.6452730235313306
81 242 0.7472539234894651
81 245 -0.8118526490523272
81 248 0.25860458463571945
81 251 0.12550990026815767
82 83 0.5391542269159719
82 182 0.5830236127666686
82 185 0.9025937616754101
82 152 0.19742252244859215
82 155 0.7910142731245884
82 159 -0.5565039411257131
82 162 -0.32871977669636165
82 165 0.12110909554046057
82 168 -0.7292785411228637
82 170 -0.05144479022326642
82 173 0.8106170806343533
82 176 0.6977974784198895
82 179 -0.6331895376168184
83 84 -0.8067052225236588
83 218 0.030954710728815504
83 221 0.5445599815069917
83 188 0.14196082559520562
83 191 0.08278231200876651
83 195 0.6345833844594113
83 198 0.44738870995533975
83 201 -0.091857366538445
83 204 -0.37027070647205185
83 206 0.857389495157709
83 209 0.6137802367855063
83 212 -0.480829552937043
83 215 -0.898464886700028
84 254 -0.7202492676668637
84 257 0.2519585020585535
84 224 -0.9695980417550116
84 227 0.8707270827336098
84 231 -0.633593375849703
84 234 -0.38350143844745754
84 237 0.38765241104219683
84 240 0.2133613899401341
84 242 -0.847517365158305
84 245 -0.7234806182690738
84 248 -0.07973784015245955
84 251 -0.004831196951195382
85 86 -0.6308587296683588
85 88 0.7978442294989267
85 182 0.9126409589976148
85 185 -0.043826498259420754
85 188 0.8953514590716238
85 191 -0.8858239995982202
85 195 -0.7582282399800451
85 198 0.32742348400828414
85 201 -0.6620984472230693
85 204 0.6830488601874707
85 206 -0.31621893152292224
85 209 0.3905652381133222
85 176 0.7891156051004931
85 179 0.20205348066330897
86 87 0.39072888493082947
86 89 -0.8817875740940513
86 218 0.38503266798427105
86 221 0.48528845588506186
86 224 -0.5787595953032385
86 227 -0.5791081323809164
86 231 -0.5124308090505962
86 234 0.2910145006611431
86 237 -0.626762323502206
86 240 -0.3694755172300501
86 242 -0.7602224320236699
86 245 -0.9420588014429123
86 212 -0.7423877604017826
86 215 0.7271728921224074
87 90 0.3968414899754753
87 254 0.14066887044954113
87 257 0.5553495526102832
87 260 0.3869901262898561
87 263 -0.9189957531150876
87 267 0.7246686732712069
87 270 -0.42685244111485643
87 273 -0.3064719709555721
87 276 -0.5736632700853577
87 278 0.8211814510753255
87 281 -0.9407301047612329
87 248 0.704349287237442
87 251 -0.4216178491206308
88 89 -0.19983626472920912
88 182 -0.4121285871667675
88 185 -0.7828436501541471
88 188 0.7039806104326023
88 191 -0.6254761085842173
88 195 -0.18122035241880718
88 198 -0.13813232926558006
88 201 -0.012904683296343089
88 204 0.6576310706150552
88 206 -0.8103999540355096
88 209 0.34230924856287603
88 176 -0.06888929907364028
88 179 -0.4394451331776137
89 90 0.9135855871688194
89 218 -0.29118392036303553
89 221 0.9745800393736213
89 224 0.9126778724822477
89 227 0.354948135735941
89 231 0.7917704212666232
89 234 -0.9541494340991361
89 237 -0.8348081101052987
89 240 -0.08382010607784984
89 242 0.07064476496364058
89 245 0.44060356671611833
89 212 0.6140227212861344
89 215 -0.0570238146357398
90 254 0.6766589463070973
90 257 -0.7478675645249657
90 260 0.5272207880883113
90 263 0.48949247188285216
90 267 -0.007273520825770374
90 270 -0.8572284390260443
90 273 -0.4443272888638994
90 276 0.33073134183705033
90 278 0.22280936615575997
90 281 0.2933254260424374
90 248 0.465153795478509
90 251 0.23144513846261594
91 92 -0.927662518834266
91 94 0.6225165688572853
91 183 -0.4540059256651596
91 186 -0.045545783498734504
91 189 0.5609172337573614
91 192 -0.8109533771283011
91 195 -0.37784781964246905
91 198 0.17091549643654336
91 201 -0.6832929656272382
91 204 -0.7441089135720369
91 206 0.2966045862329012
91 209 0.3396494519714617
91 176 -0.554018240659313
91 179 -0.9850511981714245
92 93 -0.703306668704011
92 95 -0.10305612983289247
92 219 -0.05396164027607053
92 222 -0.10784548543945838
92 225 -0.23386519107920845
92 228 0.1046688172315926
92 231 -0.3876575733347114
92 234 -0.16615899595409678
92 237 0.4640047490189283
92 240 -0.16602696227977742
92 242 0.49863338849923045
92 245 0.007408118140801223
92 212 0.11665485234620698
92 215 0.952814480507937
93 96 -0.715299573256136
93 255 0.376146925738978
93 258 -0.9465830759849554
93 261 -0.5799588381974601
93 264 -0.8377231609962619
93 267 -0.9244404030361644
93 270 0.7052360218763007
93 273 -0.8453517146369842
93 276 -0.1927946353275669
93 278 0.985069237888597
93 281 -0.3592586310420809
93 248 -0.5861577584210209
93 251 -0.0740467116295731
94 95 -0.2868707870679226
94 183 -0.9233232479292295
94 186 -0.436626855910178
94 189 0.7906973451905359
94 192 0.71748142916387
94 195 0.12264748415449
94 198 -0.1579418723089967
94 201 -0.33609853980792637
94 204 -0.8334888005004242
94 206 -0.5747558631074978
94 209 0.7586578169737084
94 176 -0.6052123733740036
94 179 -0.422686114198068
95 96 -0.49629907622332214
95 219 -0.008169958690299017
95 222 0.33185008358309487
95 225 -0.09650800138353466
95 228 -0.34355368576949985
95 231 -0.8881243280640172
95 234 -0.5056725039763679
95 237 0.43722136987687654
95 240 0.40590204911346506
95 242 0.11122993449297391
95 245 0.2673852784750921
95 212 -0.7438062472014464
95 215 0.8001908909202111
96 255 -0.06103425620402314
96 258 0.014391497064242476
96 261 0.7551886295928187
96 264 0.5503360624146836
96 267 0.6224796061114959
96 270 -0.4749351349958828
96 273 -0.8080308498608668
96 276 -0.5456621624400324
96 278 -0.376708969390922
96 281 -0.5975803794618613
96 248 -0.6411171371222468
96 251 -0.5691684708777511
97 98 0.8140439230415042
97 100 0.5986260516764699
97 183 0.1560701701457914
97 186 -0.8294075038362394
97 189 -0.0008618173401377938
97 192 -0.7969073135165838
97 195 0.22583852279819427
97 198 -0.3306881750862354
97 165 0.5057162228789474
97 168 -0.5327775519404865
97 170 -0.15195825250396333
97 173 -0.045266287427381036
97 176 0.4143022432968513
97 179 -0.8470459124372343
98 99 0.26399275740138983
98 101 -0.03514626340648341
98 219 -0.1285259455808372
98 222 -0.018339478165182665
98 225 0.7838161424519081
98 228 0.7659889690873751
98 231 0.2232501755675127
98 234 -0.5547304821769257
98 201 0.28340129389991686
98 204 -0.5357516765278951
98 206 -0.31132858941793806
98 209 0.800572052356072
98 212 -0.7735740947084451
98 215 0.4091614521456992
99 102 -0.4938238189636861
99 255 0.01495537995961227
99 258 0.13730628999107863
99 261 -0.18271026201083695
99 264 0.5476371431753393
99 267 -0.7169794035273667
99 270 -0.6372048578646099
99 237 -0.7314899972655717
99 240 0.38804040544589546
99 242 -0.5460216047371618
99 245 0.959311386272609
99 248 0.4363259363816343
99 251 0.9486003227780746
100 101 -0.10205902712560233
100 183 0.3083224298328646
100 186 0.3491124291383767
100 189 0.07601293218285066
100 192 0.3229989821022943
100 195 0.3680327022546448
100 198 0.015794728284769244
100 165 0.20558865471690613
100 168 0.7433836114223424
100 170 -0.5266015643624486
100 173 -0.3918559059971909
100 176 0.12404969468244142
100 179 0.4234519040723408
101 102 0.3820571261900876
101 219 0.281131272118361
101 222 -0.2493514744574774
101 225 0.5297214666438657
101 228 0.20127548476061463
101 231 0.9573680866740579
101 234 0.4160070055229754
101 201 0.7070911465230241
101 204 0.13716284842111914
101 206 -0.32013897669720914
101 209 0.20652539003062853
101 212 -0.8625093181667893
101 215 0.6777132111497726
102 255 -0.8258093214816762
102 258 0.6016402569329815
102 261 0.8045750075347511
102 264 -0.8498879347011372
102 267 0.17748427518744103
102 270 0.6484832545592838
102 237 0.3421675580780015
102 240 0.22857068417130666
102 242 -0.02958579754046564
102 245 0.1386913831893386
102 248 -0.9360177294891388
102 251 -0.45975179719014014
103 104 -0.06487783959476223
103 106 0.8456076475752492
103 183 0.10479606012523468
103 186 0.8192181843492796
103 189 0.49651660605426295
103 192 -0.5432351777697237
103 195 0.5855721497276278
103 198 0.10786975287076173
103 165 0.5549875369874295
103 168 -0.601265840630403
103 171 0.037292102041709185
103 174 0.3728809819213812
103 177 0.814653191814821
103 180 0.0574314039343653
104 105 0.36720163517840465
104 107 0.7305193580972245
104 219 -0.44307502188279146
104 222 -0.7276243535413851
104 225 0.35149768426221684
104 228 -0.9030914441798932
104 231 0.9152535758265561
104 234 -0.7278444891764271
104 201 -0.3757098267778183
104 204 -0.8699963182305503
104 207 0.7363284350237869
104 210 0.47758172580287495
104 213 -0.8538999016906432
104 216 -0.6110391705224267
105 108 -0.21430853957659068
105 255 -0.909471075311755
105 258 -0.8145161365330142
105 261 0.6514434772848896
105 264 -0.0360820672509794
105 267 0.18224993947803791
105 270 0.9700984656079448
105 237 0.16822462291868567
105 240 0.8614423048539561
105 243 0.7777845788422866
105 246 0.2914403668596215
105 249 -0.6578669575678024
105 252 -0.8179950470333663
106 107 0.4233835260183503
106 183 -0.29452952611386074
106 186 0.1537566028328452
106 189 -0.24972037172259176
106 192 0.7874562959748193
106 195 0.687860836967269
106 198 0.06211544118463963
106 165 -0.435682196930409
106 168 -0.6714229509146417
106 171 -0.14431773518016655
106 174 0.21859738431888998
106 177 0.6001109968444696
106 180 0.57316120252907
107 108 -0.44420538545343
107 219 -0.756296728481634
107 222 -0.12377884478622891
107 225 -0.5012688078678351
107 228 -0.9487622216330625
107 231 0.005355670869554796
107 234 0.31171265069268994
107 201 0.6601989850570402
107 204 -0.6557682008730068
107 207 0.3801289897840914
107 210 0.2271637121507435
107 213 0.3587061412217061
107 216 -0.3164713634230807
108 255 -0.938185218806737
108 258 0.9189215120160246
108 261 -0.23932124164735868
108 264 -0.9594281464489918
108 267 0.8694397617735394
108 270 -0.4548642241231373
108 237 0.7848037783157178
108 240 -0.7473105874411381
108 243 -0.4668178123006801
108 246 0.14652187791270643
108 249 -0.5399643798873424
108 252 0.6093380970199964
109 110 -0.35885959035835
109 112 -0.6683883764979166
109 183 0.14617715338360782
109 186 0.6382095985391214
109 153 -0.5752382228572561
109 156 -0.21288160030221004
109 159 0.05878954270404946
109 162 -0.5601611817801762
109 165 0.43427468457493323
109 168 0.8164329042620952
109 171 -0.9072915689949659
109 174 -0.1657070184831413
109 177 0.4707193784375161
109 180 -0.013573734659175996
110 111 0.8015876795908201
110 113 0.21967009706132723
110 219 0.935363939774517
110 222 0.36992335035872537
110 189 -0.6043212276262238
110 192 0.8836101209646874
110 195 -0.6130363711637128
110 198 0.693618268616486
110 201 0.20494033480006357
110 204 -0.024633360567557272
110 207 0.3815345673103707
110 210 0.7815150047908217
110 213 -0.6231904602100484
110 216 0.4654620033566468
111 114 -0.6258694870992219
111 255 -0.9945653504310659
111 258 -0.5845610289840699
111 225 -0.6620444205374545
111 228 -0.4259727994007345
111 231 0.34606460135019645
111 234 0.3628389230495912
111 237 0.8478593450957399
111 240 0.7577232147464847
111 243 0.015319912020035797
111 246 -0.2898424417571852
111 249 0.5233045195734873
111 252 -0.2956124608526822
112 113 -0.9948313575410623
112 183 0.8001828540211755
112 186 -0.041079295405503036
112 153 0.03990230471221379
112 156 -0.9193744592204875
112 159 -0.29960509031803406
112 162 0.21591557871600364
112 165 0.735253032363576
112 168 -0.7709755339445639
112 171 0.07144261219645665
112 174 -0.1262451093374879
112 177 0.9201749662324559
112 180 -0.5601232198525026
113 114 -0.5674638278461721
113 219 -0.8057926039597663
113 222 -0.2256971513388757
113 189 0.9235419678313468
113 192 0.49724955300288287
113 195 -0.4257488472448925
113 198 0.7004205586780363
113 201 -0.1147225176762805
113 204 0.9581445068609127
113 207 -0.6803564167607588
113 210 -0.8088575898800294
113 213 0.20083793859941257
113 216 0.7032656250424134
114 255 0.7939978893582642
114 258 -0.05346158150360503
114 225 -0.2294475693574456
114 228 0.9189008462450665
114 231 0.7486762241321492
114 234 0.13736101275935542
114 237 0.03226885873610308
114 240 -0.6066516448599046
114 243 -0.8799708043859604
114 246 -0.050505781899986335
114 249 0.1769457085853292
114 252 0.8501375574941878
115 116 -0.5439987319018225
115 118 -0.08547393073295373
115 183 0.039915110676615795
115 186 -0.3778739305520631
115 153 -0.7771708762089307
115 156 -0.9042494560938659
115 171 -0.5737951466527325
115 174 0.671720231149771
115 177 0.33167564291973206
115 180 -0.03406286756125754
116 117 -0.8014270349051327
116 119 -0.2283376075597605
116 219 0.14639196418769318
116 222 -0.162056248995615
116 189 0.9244175542221817
116 192 0.8982932381033732
116 207 0.41277471787243747
116 210 0.8971927920596963
116 213 -0.47884384155489057
116 216 -0.5267781402145368
117 120 -0.9611636084573167
117 255 0.5262783408323335
117 258 0.8953103836261851
117 225 0.33648737764791625
117 228 -0.308952644775055
117 243 0.5104754067674158
117 246 0.8551906360355221
117 249 0.49159612157519783
117 252 0.8575451210305765
118 119 0.011757403498704466
118 183 -0.6106556935951992
118 186 0.6255368058898938
118 153 -0.9743676821469966
118 156 -0.08512065650077383
118 171 -0.2211707201147568
118 174 0.5049576975500802
118 177 0.5298865273717166
118 180 0.791678677710951
119 120 -0.7526434593629248
119 219 -0.6767823450814883
119 222 -0.304362633377691
119 189 0.5939366571188378
119 192 -0.14062448660623583
119 207 -0.6630338341402846
119 210 0.8411188243320509
119 213 0.6003384637757336
119 216 0.9922001925803712
120 255 0.18996774470040934
120 258 0.4630035251877307
120 225 -0.2711439825855244
120 228 -0.3958266537452404
120 243 0.7548397914624945
120 246 0.19095418991590352
120 249 0.1177977691702694
120 252 -0.9598886439202101
121 122 -0.5988199017495406
121 124 0.9389527305694749
121 183 -0.28744995525448314
121 186 -0.4413130261989653
121 189 0.9973496198468175
121 192 0.20208315378986041
121 207 0.2638324991001024
121 210 0.46294766399240506
121 177 -0.1787263233813139
121 180 0.6282607042830037
122 123 0.6777077779253307
122 125 -0.06564205372120702
122 219 -0.9904876327214851
122 222 -0.7120715635702348
122 225 -0.42433459266149964
122 228 0.5569436597138893
122 243 0.8717476687430554
122 246 -0.12532503027006903
122 213 0.7325840356694076
122 216 0.6359727644951385
123 126 -0.209316090917816
123 255 -0.019692070231964065
123 258 0.7124172775521311
123 261 -0.7140974598650605
123 264 -0.4164646245378787
123 279 0.19451439019619676
123 282 0.6168112743867569
123 249 0.46475047916749457
123 252 0.0314430212717256
124 125 -0.26577123819341564
124 183 -0.7656921043524032
124 186 -0.035201260414934765
124 189 0.7879807428974657
124 192 0.9503222309319415
124 207 0.5512112138585752
124 210 0.806968199533497
124 177 -0.9920833238795044
124 180 0.015345168025181932
125 126 0.5491258698581145
125 219 0.7241462112607053
125 222 0.22325666908251574
125 225 -0.010753449045453722
125 228 0.23795953558732563
125 243 -0.4755853742336602
125 246 0.03173958496637308
125 213 -0.5183949739142908
125 216 0.3980349832275134
126 255 0.6504946131229536
126 258 -0.6050060228256295
126 261 0.2464378302815058
126 264 -0.17042089701668361
126 279 -0.6896593571013785
126 282 -0.9971167385977628
126 249 -0.21708287737167153
126 252 0.6585776051188104
127 128 0.9868706340362883
127 130 0.533488656325469
127 207 -0.20536683859797544
127 210 0.4407201700150276
127 177 0.9013603631920419
127 180 -0.6388191708921402
128 129 0.03652356190328754
128 131 0.4589930702110536
128 243 0.8159046179257794
128 246 0.7083914643635576
128 213 0.48681025500038344
128 216 0.8094798968271437
129 132 0.44477283672350443
129 279 0.5337192662554207
129 282 -0.8548366289838281
129 249 -0.42212920249036245
129 252 0.9206566986259257
130 131 0.3947134556747818
130 207 -0.5108177086216006
130 210 0.14073085742465907
130 177 -0.34146019743783085
130 180 -0.9914557088618114
131 132 0.505681499592785
131 243 -0.917818042131306
131 246 0.029496819959710763
131 213 -0.8647345830344335
131 216 -0.6364294995670061
132 279 0.42104485320128515
132 282 0.5665802311402872
132 249 -0.08156654753605874
132 252 0.39338635750723383
133 134 -0.4725876878137638
133 136 -0.32353566803830014
133 171 0.46863752400477665
133 174 0.5150203370000448
133 177 0.3056741091955224
133 180 0.13086441917706582
134 135 0.4861097811538697
134 137 0.8319018815038586
134 207 0.07078343866330794
134 210 -0.5292301636652037
134 213 -0.6882710248691908
134 216 0.9290584926896952
135 138 0.2969679416869173
135 243 -0.2995211086498206
135 246 0.47724440612960173
135 249 0.9608494681017572
135 252 0.21737858596466575
136 137 0.055111282629777936
136 171 -0.4051295527623282
136 174 -0.8122645093781966
136 177 0.7879541919637463
136 180 -0.06133886537354738
137 138 0.8778842046064996
137 207 -0.6004417665516111
137 210 -0.45380414746399933
137 213 0.6005888008223159
137 216 0.9964106959230239
138 243 0.1282768335054767
138 246 0.1105986903349152
138 249 0.25659244625423683
138 252 0.017333268080078623
151 152 -0.7091041137937688
151 154 -0.3696712329969609
152 153 -0.5216832326854766
152 155 0.6141778618760381
153 156 -0.8834911097826466
154 155 -0.6371402726978068
155 156 0.3067896367070515
157 158 -0.7700759624888991
157 160 0.7049726550185227
158 159 0.060865744224462004
158 161 0.8192743280996753
159 162 -0.13448505799158506
160 161 -0.9598904506153783
161 162 0.23494151442418754
163 164 0.6686267237446784
163 166 -0.47682965574005354
164 165 -0.9163352173674262
164 167 -0.897874283521618
165 168 0.24094571226872863
166 167 0.45122878655240095
167 168 -0.5514844657725113
169 170 -0.8783256057241773
169 172 0.9683877794867586
170 171 0.9322768634523351
170 173 0.24480274309011052
171 174 0.6687657550565269
172 173 0.37310583007489817
173 174 0.6935455558289891
175 176 0.6912955517000705
175 178 -0.2512632730716826
176 177 -0.8389386810558872
176 179 -0.3881453094973346
177 180 -0.2936861760083158
178 179 0.39152066662463936
179 180 0.7398834848972462
181 182 -0.8389062252956856
181 184 -0.9774940372266236
182 183 0.9784889286243634
182 185 -0.0021191269012301728
183 186 0.07114722827569486
184 185 0.02765129598269067
185 186 0.7840597739707311
187 188 0.2889593859745152
187 190 0.42440794549661165
188 189 -0.7340613403566683
188 191 0.6451255178460151
189 192 0.924016166980004
190 191 -0.2087763084195431
191 192 -0.9515287324808372
193 194 -0.8936505465676021
193 196 0.38167340124853455
194 195 -0.1873192468417344
194 197 -0.5735786552184852
195 198 0.5545275646456691
196 197 0.17486776593216913
197 198 0.023517503683300633
199 200 0.011401686893313778
199 202 -0.7921007249079408
200 201 0.5160279685297127
200 203 0.13671077707377122
201 204 -0.3391768499986123
202 203 0.39081351489698224
203 204 0.6880764276298257
205 206 0.38109506065156595
205 208 0.8550390673656465
206 207 0.3470365436815117
206 209 0.3931297822138573
207 210 0.6010895779336902
208 209 0.9184310456541367
209 210 0.5011049663806071
211 212 -0.01303615842417738
211 214 -0.5114024815403204
212 213 0.3642398120685346
212 215 -0.589070761589398
213 216 -0.1860557559206284
214 215 -0.00660832507356246
215 216 -0.031500274173951626
217 218 0.2798246017194672
217 220 -0.2548753027101962
218 219 -0.4891315464219257
218 221 -0.03343187440083217
219 222 -0.22924204713078344
220 221 -0.07652244130726382
221 222 -0.39925204500559586
223 224 -0.828783765341065
223 226 -0.2942628658649833
224 225 -0.6071234620156065
224 227 0.04703695176638334
225 228 -0.9638949341636345
226 227 0.17178487899712636
227 228 -0.22613482143073926
229 230 -0.5720996481037575
229 232 0.8280456234807063
230 231 0.03517446434088778
230 233 0.3961184806147706
231 234 0.26705833814831426
232 233 -0.09503789245887706
233 234 -0.29115329100022613
235 236 0.5769320098418909
235 238 0.11080919554785162
236 237 -0.5684100910046392
236 239 0.32250238529149544
237 240 0.4893545786866833
238 239 -0.3228636786056125
239 240 0.10150424290458071
241 242 -0.6552994298498642
241 244 -0.13857586869354144
242 243 0.9778031131776594
242 245 0.09076449188062674
243 246 -0.6612417034612472
244 245 -0.005662395368170481
245 246 0.952381239372408
247 248 0.1356793288752376
247 250 0.01945620109571311
248 249 -0.4052881950320777
248 251 -0.40306814886068465
249 252 -0.6279104781309199
250 251 0.661448430334914
251 252 -0.9770624117119111
253 254 0.8404792246627197
253 256 -0.1877752312093417
254 255 0.9518192102572656
254 257 0.5080005316222231
255 258 -0.6338467167856283
256 257 0.09823294348144951
257 258 0.2228192740131716
259 260 0.679212872472668
259 262 -0.3396800043652959
260 261 0.8146602551282254
260 263 -0.4916999501907624
261 264 0.6081402106638492
262 263 -0.9756624072015332
263 264 0.8856995335567579
265 266 -0.9854906219727835
265 268 -0.3394348322337084
266 267 0.8272799601987291
266 269 0.03536089500597095
267 270 -0.8521050184976837
268 269 0.6483552022458801
269 270 -0.07651526448091595
271 272 0.6669003335754056
271 274 -0.03516281828869916
272 273 0.9070899215445762
272 275 0.8659731689831565
273 276 -0.8606936205112048
274 275 0.8262974493240409
275 276 -0.2871420860408762
277 278 0.5835505500742593
277 280 -0.9194725697917525
278 279 0.9487152105269676
278 281 0.04380166256531681
279 282 -0.26196530365846327
280 281 -0.004498918501262716
281 282 -0.7710673343900782
