# 
7 7 3.7179863765322256
8 8 -3.5704732033813205
9 9 -1.1453796594529289
10 10 -0.3052207506381519
11 11 2.983818752743794
12 12 3.811163272901001
13 13 2.6699809421694116
14 14 -3.4122337350077814
15 15 -1.3494109554624831
16 16 2.4562104748518294
17 17 3.6688339466109
18 18 1.5360569910513613
19 19 3.049029496289739
20 20 -1.35485500392425
21 21 2.7663975575869877
22 22 -1.0575208036142811
23 23 2.7824856773521534
24 24 2.0614768178194627
25 25 -2.290939015436206
26 26 -3.393451637672606
27 27 -2.600574819110224
28 28 -2.8179940984347924
29 29 -0.8754667349579179
30 30 3.378925421267984
31 31 -0.005862390844632692
32 32 3.5350749644863804
33 33 2.939503232904401
34 34 -2.7125882377549804
35 35 -0.3885023626839148
36 36 2.6198276535468255
37 37 -1.4015102158373418
38 38 -1.215933449314532
39 39 -2.6492289413484427
40 40 -0.8562525686930575
41 41 -2.2288857281436547
42 42 -1.7061876203313622
43 43 0.16274187091831482
44 44 3.0793686193033034
45 45 -3.4919974418410638
46 46 0.5724030749670979
47 47 3.9889994393309456
48 48 0.4014860460457177
49 49 0.8667640275507154
50 50 2.1084871347845606
51 51 -0.6406603316134012
52 52 1.6641043423052677
53 53 0.4924511295021734
54 54 1.0724544926393111
55 55 -2.731588182931162
56 56 2.964269377578389
57 57 1.277791443218998
58 58 -3.498236383852282
59 59 -2.8928720031687156
60 60 0.9031643945028733
61 61 2.0060152068846158
62 62 -2.7192751033758826
63 63 1.3699474827261486
64 64 0.3537936653716969
65 65 2.30423671244293
66 66 3.644853054493585
67 67 -3.1322261442463857
68 68 1.028479999332025
69 69 -2.0650100525046406
70 70 2.5058699971242646
71 71 -2.0651289843610208
72 72 1.941049336972851
73 73 1.9658408095719961
74 74 0.8359189473906712
75 75 3.58721526506704
76 76 -3.9918437160940723
77 77 2.8843035945918087
78 78 -3.33094023838218
79 79 -2.611373319335927
80 80 1.5001212833251731
81 81 1.9674621385304443
82 82 1.4356150272832746
83 83 -3.9541106026488517
84 84 0.08257616053096317
85 85 -0.6248017625429982
86 86 2.594262368214684
87 87 3.4298034066817005
88 88 -3.8633058131837226
89 89 2.6588844248244845
90 90 -3.2047251182931165
91 91 -2.940839537439576
92 92 -0.5571107763084164
93 93 0.49239508794653375
94 94 3.589622484787675
95 95 -3.194603527831493
96 96 -3.9634322161220084
97 97 1.1076609842508267
98 98 -2.711084238671421
99 99 2.9660986454049763
100 100 -1.2094039548332276
101 101 3.848538211589341
102 102 2.6023280091576035
103 103 -0.2975784840229192
104 104 3.7861117396733457
105 105 -3.6167149972994235
106 106 2.123746388530652
107 107 -1.9808964991560938
108 108 0.6281381498562144
109 109 -1.6936733017672223
110 110 -1.5438178975591557
111 111 0.1251685448766633
112 112 -1.6996395407014813
113 113 -1.3416567026038724
114 114 -0.4676622363985894
115 115 -3.856214017580096
116 116 2.8939891304715006
117 117 -3.67400438221999
118 118 -3.3187185779745
119 119 -3.6033455117541644
120 120 0.6797686563675622
121 121 -1.2264666830657278
122 122 3.127913197060127
123 123 3.4012380519796004
124 124 1.9763316399624582
125 125 -2.450301860481499
126 126 -1.7673871966965828
127 127 -0.9075134456000127
128 128 -2.7435953353094362
129 129 3.89885822480102
130 130 -2.6091048759304174
131 131 -3.9364994788459917
132 132 -3.725237508439718
133 133 2.8278002922362484
134 134 -2.5046547799489174
135 135 -0.7366618618185123
136 136 -0.08721577086269772
137 137 -1.0621451605882575
138 138 -2.7967723699643257
151 151 2.4349982150473055
152 152 -2.8506081195326782
153 153 -0.8873152436483345
154 154 0.15438046993405852
155 155 1.9998402616561455
156 156 -2.3047103031992417
157 157 -2.335581623888608
158 158 -3.0139164801672607
159 159 2.057403500871194
160 160 1.4250596251255248
161 161 -3.577341665868242
162 162 3.8118087953934463
163 163 -0.5455456159664607
164 164 -3.359766163674842
165 165 2.0093678702926008
166 166 -2.64188198109927
167 167 -0.9369446538686237
168 168 -1.1072153600685821
169 169 -1.8740101967463332
170 170 0.9263463127480751
171 171 -1.189436812355365
172 172 -0.28952371929365217
173 173 -0.01971703427111393
174 174 -3.2436757946062142
175 175 -3.788783978941333
176 176 -0.8365132172129242
177 177 0.575533359278519
178 178 -3.7444658978124963
179 179 -2.371573801353235
180 180 -2.606420369914238
181 181 -1.5679062986640453
182 182 2.531762949334956
183 183 3.007462776279847
184 184 -1.3707155344596833
185 185 3.1950156572056896
186 186 -2.0385466349162336
187 187 -0.6952915964252506
188 188 -2.920385781148526
189 189 -0.5280765261968146
190 190 1.1973906631591484
191 191 3.9155993896370607
192 192 -1.5218692586312494
193 193 -2.7325330433686474
194 194 1.432808497017123
195 195 3.8201843166889917
196 196 1.248912992768279
197 197 -3.018978175991699
198 198 3.006965006844669
199 199 2.7326218968066467
200 200 -0.7669786150820999
201 201 0.5978574827342813
202 202 -1.4433321346294532
203 203 -3.618238336601009
204 204 -0.873176680466778
205 205 1.6227375821076722
206 206 -0.8552690170174362
207 207 0.35020190135965734
208 208 -2.0542987037992155
209 209 1.0435152083564496
210 210 0.3997522155232751
211 211 3.294106369744143
212 212 3.6159597773301675
213 213 3.457187590346588
214 214 1.6195976112027894
215 215 3.362141931621652
216 216 3.3594421659845786
217 217 2.6968632210282912
218 218 1.2460813683970189
219 219 -2.198755729197762
220 220 -1.088663707527493
221 221 3.8107824627857285
222 222 -2.9055510781227305
223 223 -0.916832548342005
224 224 -1.2979154753347766
225 225 3.9529950760859585
226 226 -2.8569415665238083
227 227 -3.4352476551830753
228 228 0.9915961424640205
229 229 -3.2864521639579785
230 230 1.0419655861833643
231 231 2.6611739024529086
232 232 0.1036897742096965
233 233 1.3723304871074786
234 234 3.946107713826801
235 235 3.4416594316941085
236 236 0.5924955687363367
237 237 -1.6403115625498685
238 238 2.774494026869
239 239 1.2328277345714058
240 240 0.34827511494148755
241 241 -3.8662044405745135
242 242 -0.27951545728119775
243 243 2.8950680733455965
244 244 3.7306856309873337
245 245 -0.4821383305803204
246 246 2.1560686533704843
247 247 0.5789632359933456
248 248 -2.25112673317481
249 249 2.141370564591905
250 250 1.3804348349547997
251 251 0.17536387345606652
252 252 1.9267547080963352
253 253 -0.5266666448629005
254 254 1.8308386850135845
255 255 0.7230942632781296
256 256 3.430142020037481
257 257 2.756112945095847
258 258 1.3676237948581624
259 259 0.5728620366367227
260 260 -2.9276818067186587
261 261 -0.2777900837874645
262 262 1.907276404528738
263 263 -2.619546655655176
264 264 2.4873984424696367
265 265 2.57013142742446
266 266 -2.327872739519444
267 267 -1.076733236588849
268 268 0.6297167645910839
269 269 3.3005506685941652
270 270 3.7947651903159585
271 271 3.2316749639119573
272 272 -2.706710324069155
273 273 1.5807339420658861
274 274 0.5974797972323636
275 275 0.9395768242708504
276 276 1.8667911007187667
277 277 -1.121580302688126
278 278 -0.11604098295452747
279 279 0.756385996753516
280 280 -0.9053457909245903
281 281 1.4414084158154044
282 282 1.8473904977627598
7 8 -0.17369963803612332
7 10 -0.3886731631038951
7 157 -0.6924432338689439
7 160 -0.39417016709391084
7 163 0.08164671935601597
7 166 0.15293186794579405
8 9 0.48267842469695044
8 11 0.34412860946028534
8 193 -0.41964229623036386
8 196 -0.9700649839841347
8 199 -0.4755591539144728
8 202 0.7946824549415192
9 12 0.37187035056536666
9 229 0.4248859139507508
9 232 -0.8659489286279085
9 235 0.803949208220383
9 238 0.3264995003484985
10 11 0.04243585295623542
10 157 0.7014868337780413
10 160 0.5323590048702453
10 163 -0.2589936933407926
10 166 0.08076646101893203
11 12 0.5205062456968339
11 193 0.4790433497820361
11 196 0.784159327719028
11 199 0.9145845917741229
11 202 -0.1987034558309222
12 229 0.2616183801125167
12 232 0.5200866121897558
12 235 -0.7256225057562362
12 238 0.20776256356807798
13 14 0.06917770617852859
13 16 -0.9183692012200517
13 193 -0.7195879903890765
13 196 0.5353766760910479
13 199 0.015108448566172328
13 202 0.7688457217848002
14 15 -0.29576423786116424
14 17 -0.17898114649073715
14 229 0.5454410361103308
14 232 -0.9510940642724088
14 235 0.5206077978619754
14 238 -0.0062922410532340045
15 18 -0.256789934493739
15 265 -0.4629961959047435
15 268 -0.1393385521222179
15 271 0.17425008223146632
15 274 0.14754398488318898
16 17 0.44302220283469596
16 193 0.6272915670707604
16 196 0.6894802700216154
16 199 0.5689803821418282
16 202 0.6570831982139953
17 18 0.8815990426536262
17 229 0.8791097069344715
17 232 -0.9236531446705614
17 235 0.5322356359507829
17 238 0.2625534475277731
18 265 -0.2125239231656395
18 268 -0.8069552952841494
18 271 0.9891824360735073
18 274 -0.9829674049979893
19 20 0.9955633234632222
19 22 0.10830094987523853
19 181 0.4741668007241171
19 184 -0.34822064342009296
19 187 -0.7241736022601406
19 190 0.7277229981208717
19 193 0.17861273956875934
19 196 0.07386222707817858
19 199 -0.873737872295377
19 202 -0.6498541269173213
20 21 0.8873611305579896
20 23 0.8001140181661688
20 217 0.31396640854920044
20 220 -0.6269221678419059
20 223 -0.47062494102238395
20 226 -0.9299122710211827
20 229 -0.929728345240654
20 232 -0.2347821744540488
20 235 0.8678121598186392
20 238 0.665149229185563
21 24 -0.6076873080766905
21 253 -0.12158719251143335
21 256 0.9389027993314525
21 259 0.17883955669316975
21 262 0.709772834106875
21 265 -0.6320071966269127
21 268 -0.1957026738900336
21 271 -0.5059877637089105
21 274 -0.35308441571403915
22 23 0.9550768103699863
22 181 0.5597458684995125
22 184 0.4521911069126934
22 187 0.49896540522142385
22 190 -0.8386740988458865
22 193 0.9681795784278677
22 196 0.08780211987756181
22 199 0.5055934874897761
22 202 -0.8443257373263138
23 24 -0.9123529121458234
23 217 0.8228218179756093
23 220 0.30639754257507
23 223 0.04349992437177641
23 226 -0.9615998600653384
23 229 0.05413183513665243
23 232 0.6665529683848119
23 235 0.5158458262587386
23 238 -0.9891649005406618
24 253 -0.733724835516862
24 256 -0.16584397109691773
24 259 -0.07695290820431366
24 262 -0.2746431043536728
24 265 0.07068667874565815
24 268 -0.3778576862411007
24 271 0.2278579029369896
24 274 0.9135346814628611
25 26 -0.27047835680231036
25 28 -0.7311418564226446
25 181 -0.5700576972138853
25 184 -0.6217025381172034
25 187 0.09933619521972203
25 190 -0.6714494170731973
25 193 -0.42039750316714364
25 196 -0.7874448826728788
25 163 -0.5371068642295513
25 166 -0.11660580688552646
26 27 0.9216319585139536
26 29 -0.9454124769105003
26 217 0.5079092411336659
26 220 0.4215488066843829
26 223 -0.18445742124651332
26 226 -0.5622149012545099
26 229 0.06381441131539534
26 232 -0.41703134088136906
26 199 -0.7799249533024624
26 202 -0.39565151517078734
27 30 0.5160799777249057
27 253 -0.9475344415724509
27 256 -0.3537874904399223
27 259 -0.2411065309308491
27 262 -0.33006812999408064
27 265 0.06371452747750506
27 268 -0.11812365647757495
27 235 -0.5988665760831595
27 238 0.2782912584052659
28 29 0.6786215145718091
28 181 0.10134580433460094
28 184 -0.6216390796928513
28 187 -0.5850050488594774
28 190 0.18906599407092317
28 193 -0.7516774213347956
28 196 -0.5343319686926531
28 163 0.7345510242065565
28 166 -0.34505234048649935
29 30 0.421590199361497
29 217 0.18502707811892716
29 220 -0.27295377573568436
29 223 0.40812227761025066
29 226 -0.7414092655945757
29 229 -0.1237864382820062
29 232 0.8530660032639674
29 199 0.013600669594304948
29 202 0.995441118364184
30 253 -0.4373589342125719
30 256 -0.605615813477085
30 259 0.9956237605896248
30 262 -0.5779741810464758
30 265 0.8004121732745579
30 268 0.2760986203778355
30 235 -0.47891277554810974
30 238 -0.12969556315306008
31 32 -0.3089873418045219
31 34 0.022467792311772428
31 181 -0.8961818095689353
31 184 -0.34531406723017
31 187 0.12710256092013084
31 190 0.9550982863642385
31 193 0.25097761198843593
31 196 -0.34650695706789647
31 163 -0.4196187249865868
31 166 -0.11764566317788594
31 169 0.38268303128129255
31 172 -0.11990878777926572
31 175 0.7490796141376739
31 178 0.09054195758021866
32 33 0.6367673437013521
32 35 -0.20179460939370708
32 217 0.31951978104438816
32 220 -0.18859941052299933
32 223 -0.8676391375663488
32 226 -0.188913876590876
32 229 -0.3573689333018357
32 232 -0.9253298094527045
32 199 -0.5710995002243844
32 202 -0.4221359024698321
32 205 0.43880565252934844
32 208 0.3476664440420205
32 211 0.9652307749193652
32 214 -0.05956112555586568
33 36 -0.06731618717888854
33 253 -0.5679300140080774
33 256 -0.47419242343502543
33 259 -0.930195373572491
33 262 0.5090154321458922
33 265 -0.6893428570580986
33 268 -0.7421066457186558
33 235 -0.7323581030572641
33 238 0.7604701368342939
33 241 0.3346113612014343
33 244 0.26994608503613926
33 247 0.4898694058935442
33 250 -0.37224224798831473
34 35 -0.5527978672277831
34 181 0.2943142969976491
34 184 -0.5422734003687018
34 187 -0.9980528753674132
34 190 0.23977023477222636
34 193 -0.7455911424940096
34 196 0.6036765283165035
34 163 0.7972678480152191
34 166 0.8227154426298127
34 169 -0.9375255677627488
34 172 -0.5012583364054191
34 175 -0.10474031665455752
34 178 0.6454431442167603
35 36 -0.7151042302317485
35 217 -0.9266605912732042
35 220 -0.19262397181544233
35 223 0.32310757432119397
35 226 -0.20597793684972254
35 229 0.9800623948013139
35 232 -0.70344222938997
35 199 -0.719331794086489
35 202 -0.6256504606464757
35 205 0.5552061035592868
35 208 -0.09766203727827216
35 211 -0.047532090144658756
35 214 -0.3766641704233866
36 253 0.1469255753507308
36 256 -0.3794618118159603
36 259 0.8946549400864279
36 262 0.09746405823675652
36 265 -0.9353923127428265
36 268 0.7471325888739127
36 235 -0.5638443853513257
36 238 -0.21226380590812433
36 241 0.44136142017292834
36 244 -0.6391364173585581
36 247 -0.5124701289393299
36 250 -0.08844055994691957
37 38 0.946059284710161
37 40 -0.45039561606088396
37 181 0.39011331971964847
37 184 -0.7251864256385507
37 151 0.8096681437444708
37 154 -0.0367972830070018
37 157 -0.027804190966405296
37 160 0.1871827950380598
37 163 0.37213759273455826
37 166 -0.40627585338947836
37 169 -0.8641074664371473
37 172 -0.37870590036232277
37 175 0.5352722165839874
37 178 0.6010221032831569
38 39 -0.21967070281081602
38 41 -0.7069043708525864
38 217 0.7995670373950634
38 220 0.18509318100993633
38 187 0.9784929253880328
38 190 0.9544707695074768
38 193 0.23967025703082245
38 196 0.25054745358280006
38 199 -0.7657233122197524
38 202 0.8298046034949473
38 205 0.47089562053894163
38 208 -0.4617498923716732
38 211 0.07659753559708471
38 214 0.18290946018542376
39 42 0.7331034028123631
39 253 -0.9630055760130369
39 256 -0.1246521848786919
39 223 -0.7190497843362564
39 226 0.10224462453535521
39 229 0.4693896724024702
39 232 -0.21869539421750184
39 235 -0.6277287709646726
39 238 -0.08679190526024438
39 241 -0.9256518643490395
39 244 -0.6376356513823274
39 247 -0.10163621541658485
39 250 -0.24538011174309093
40 41 0.775058107867842
40 181 0.5814691687880853
40 184 -0.402265503311128
40 151 -0.3148798165008906
40 154 0.6056619484451526
40 157 -0.41157048162408727
40 160 0.896253102134343
40 163 0.32756222321888684
40 166 -0.4631093036069476
40 169 -0.5951548364120713
40 172 0.04607320421544725
40 175 0.8211127819452635
40 178 0.7221983601480813
41 42 0.9918946606417549
41 217 0.6860869879326248
41 220 -0.8821357842852504
41 187 0.7974190390384519
41 190 -0.8126968717396108
41 193 -0.6263142274224485
41 196 0.8359998757188802
41 199 -0.15838024104826354
41 202 -0.14709540581805314
41 205 0.9069760755238718
41 208 -0.9186064930441673
41 211 -0.6407834060683555
41 214 0.7578166766899954
42 253 -0.7079774112194019
42 256 0.9248884350642088
42 223 0.9231965463979253
42 226 0.9686291280948791
42 229 -0.03645248094807951
42 232 -0.9198693856174291
42 235 -0.9238946707872195
42 238 -0.7993791099691581
42 241 -0.09039669058758415
42 244 -0.970006719527504
42 247 -0.5599858803824331
42 250 0.4881290474937583
43 44 -0.1136372779055399
43 46 0.3907841199219828
43 181 0.5082984537608157
43 184 0.09214886409418632
43 151 -0.8261176381760795
43 154 0.08912074582552565
43 158 -0.9799693442115094
43 161 -0.21417223454756518
43 164 -0.41833187730237853
43 167 -0.5570789585634073
43 169 -0.3051795059757856
43 172 -0.5649750527382038
43 175 0.5437582903157914
43 178 -0.19568092819737326
44 45 -0.6073148413289597
44 47 0.8917042189994309
44 217 0.9101228803383212
44 220 0.9144641270702509
44 187 -0.22238849010031903
44 190 -0.4679603389329148
44 194 0.42463735146242043
44 197 -0.6115102435087156
44 200 -0.13717351743253325
44 203 -0.9036780470901402
44 205 0.06553764617738489
44 208 0.0966233913453185
44 211 -0.014465339432374602
44 214 -0.5182974208391604
45 48 -0.4830384841209041
45 253 0.9521247242047668
45 256 0.8591094602946312
45 223 -0.541709511846846
45 226 -0.14166267973511304
45 230 0.7519044036631741
45 233 -0.40939602642352035
45 236 0.7120044442754943
45 239 0.6545456152876885
45 241 0.28496979503297215
45 244 -0.808659711246134
45 247 0.13804164555704368
45 250 -0.03496094123590021
46 47 0.3420442568227282
46 181 0.23675781476378188
46 184 0.2588955409903646
46 151 0.5196618962804491
46 154 0.24422739332915833
46 158 -0.8791555756660789
46 161 0.7383208004645574
46 164 0.05966691793989387
46 167 0.10151566762721687
46 169 0.7605445228528849
46 172 0.0812038989969075
46 175 0.2920815479959553
46 178 0.1718519115621775
47 48 0.868539827394996
47 217 -0.6310476092170847
47 220 -0.26669731570553545
47 187 0.9104888910854145
47 190 -0.11139647035991773
47 194 -0.9076787050189499
47 197 -0.44647610345014876
47 200 0.8653606132401404
47 203 0.39588524521576884
47 205 0.25964854684549055
47 208 -0.13898422662794818
47 211 0.20307684559326766
47 214 -0.3107391940256399
48 253 -0.6636110338025598
48 256 0.1116723077991757
48 223 -0.254833770310799
48 226 -0.2239647694980842
48 230 -0.45375358813417344
48 233 0.15282063633570142
48 236 -0.5300967998979838
48 239 -0.02081076443208385
48 241 0.5630394753589654
48 244 -0.6730932631835711
48 247 -0.012766632922343035
48 250 -0.37802203168876436
49 50 0.48142188627305194
49 52 -0.8434489535652814
49 181 -0.42928054590264986
49 184 -0.1965170800124667
49 187 0.8789388049470197
49 190 0.574030872476246
49 194 0.9294642509525475
49 197 -0.49750771770974955
49 200 0.5819616606972595
49 203 0.20014734345948404
49 205 -0.07658589452526665
49 208 -0.7875481807637883
49 175 0.7013481624421383
49 178 -0.09856942391262935
50 51 -0.18303125638705087
50 53 0.34966443008779446
50 217 0.5071945623752685
50 220 0.3562873883520865
50 223 0.051219538880798776
50 226 0.3953146159415868
50 230 0.7496854622884352
50 233 0.7138583902884843
50 236 0.036157613931325105
50 239 0.7891496656593355
50 241 -0.6898920225640215
50 244 0.07700554724564435
50 211 0.24835142625337503
50 214 0.6190745683788474
51 54 -0.8914435862228534
51 253 0.10706695784021703
51 256 -0.46917806646313687
51 259 -0.9985991311613185
51 262 0.5526372482545712
51 266 -0.28775861284194226
51 269 0.1946026590081238
51 272 0.8365052934732231
51 275 0.4020994941971352
51 277 0.5831431897400494
51 280 -0.8707258816573193
51 247 -0.6327100801157433
51 250 -0.5804450054879291
52 53 -0.38999239843663625
52 181 0.6833615477453521
52 184 0.07303721268610142
52 187 -0.014916279623763629
52 190 0.66479791086244
52 194 -0.31903480960376696
52 197 -0.8740773323398277
52 200 -0.14698653926998495
52 203 -0.6973522292561185
52 205 -0.8198926993229829
52 208 -0.28656924347452795
52 175 -0.41461572424196724
52 178 -0.07127072867543194
53 54 0.962930006204014
53 217 -0.9687230400677451
53 220 -0.18192501900158176
53 223 0.644912070368149
53 226 0.8349395750363307
53 230 -0.012325648866338579
53 233 -0.2743267286076969
53 236 -0.48907065139185435
53 239 0.41883123823993174
53 241 -0.39012441249288465
53 244 -0.2716695987027957
53 211 0.09974080904899729
53 214 -0.7385658461754276
54 253 0.8467090267026769
54 256 -0.663563830209253
54 259 -0.7879321157589054
54 262 -0.21645401974052914
54 266 0.6346144843307113
54 269 0.4255641275610158
54 272 -0.954280794804399
54 275 0.34943443391506346
54 277 -0.586965146812191
54 280 0.728203182902416
54 247 0.020018381819872255
54 250 0.8848170866829512
55 56 -0.8448204598527771
55 58 -0.19449726831439773
55 182 -0.24647266595706108
55 185 0.02947448207558412
55 188 -0.2753505173936961
55 191 0.07709712483836295
55 194 0.9766760285675589
55 197 -0.7105707443723706
55 200 -0.9065797140075751
55 203 -0.21308229428807146
55 205 -0.8423498065314725
55 208 -0.04338848322532751
55 175 0.3611360410175948
55 178 -0.04260312988975312
56 57 0.8383597081345824
56 59 -0.8689599774923855
56 218 0.07738552048939007
56 221 -0.21311917428047855
56 224 0.6617256635983075
56 227 0.829167666061827
56 230 -0.991421960227004
56 233 -0.4022799381826112
56 236 -0.9234260457340482
56 239 0.022367935826251406
56 241 0.01988182046241671
56 244 -0.7411137198792814
56 211 -0.26535862209438843
56 214 0.7685879500533332
57 60 -0.12802307388307121
57 254 -0.16542445077647527
57 257 -0.11756565236686267
57 260 0.17493760576401507
57 263 0.9104573180011803
57 266 0.7879356127129449
57 269 0.1788189766301418
57 272 -0.7340167984650203
57 275 -0.1815118899117938
57 277 0.45897078467684604
57 280 -0.32321978525464234
57 247 0.11390510514290009
57 250 0.08884161371694854
58 59 0.4318860686715471
58 182 -0.8839362104245136
58 185 0.5964791320266842
58 188 0.03025218973374133
58 191 -0.9087849329448894
58 194 -0.2306438572335594
58 197 -0.3719618784386203
58 200 0.13189098149228684
58 203 -0.4179871536414139
58 205 0.50999080806635
58 208 0.5920943257282856
58 175 0.15719082553793529
58 178 0.2248659000427473
59 60 -0.7881339733005601
59 218 -0.2581735492775923
59 221 -0.5608729937978403
59 224 -0.010101666149347821
59 227 0.4145093726734652
59 230 -0.9302699059195307
59 233 -0.9403498178834977
59 236 -0.6580961841717636
59 239 -0.6189770531950674
59 241 0.8440008064161917
59 244 0.8858512446343318
59 211 -0.792017077167027
59 214 -0.5447626042607447
60 254 -0.0727019241415654
60 257 0.36961114307849563
60 260 -0.053945113170341674
60 263 -0.7789909654573413
60 266 -0.12046917080359343
60 269 -0.778631272459384
60 272 0.29842701254153425
60 275 -0.8486546634479508
60 277 0.3741644461995235
60 280 0.187824679356267
60 247 -0.3018659457130157
60 250 -0.08490821345896449
61 62 0.34385280428393705
61 64 -0.08157937010904637
61 182 -0.576566848968719
61 185 -0.9753690305736751
61 188 -0.0015901696754170302
61 191 0.25928396017899713
61 194 0.6640220504662235
61 197 0.11882035885128062
61 164 0.7372004561709264
61 167 -0.8780542003921137
61 169 -0.07248281238232313
61 172 -0.40534799437399305
61 175 -0.16298578208646752
61 178 0.7788402308548512
62 63 0.4320734491349836
62 65 0.9896354970324
62 218 0.3050245907662008
62 221 0.8264437023533195
62 224 0.6710652057184947
62 227 -0.3248102664604535
62 230 0.8500841310752014
62 233 0.4676217722239491
62 200 0.027223511209842677
62 203 0.7470272401104556
62 205 0.8779012416825516
62 208 0.7453318326944407
62 211 -0.8769160514602254
62 214 0.3498675287549049
63 66 0.5395102391441018
63 254 0.11094919999266706
63 257 0.7652937200481309
63 260 0.9820421648683657
63 263 0.6958799527278037
63 266 0.19366924054958456
63 269 -0.5158481561943968
63 236 0.5900343851833221
63 239 -0.013087826545811199
63 241 -0.786658124767907
63 244 -0.29453716104485084
63 247 -0.7226625525844714
63 250 -0.8990171596669383
64 65 0.16368969574079895
64 182 0.8994914449247862
64 185 0.6597183728408
64 188 0.6926600504786777
64 191 0.6204376868604702
64 194 0.428807868079625
64 197 0.45547848541201397
64 164 0.49519937349676524
64 167 -0.16302890749619436
64 169 0.9321935422278091
64 172 0.9628420892136753
64 175 0.158168250875943
64 178 -0.39641835979962514
65 66 -0.571381726923897
65 218 -0.8580770681904857
65 221 -0.31221939199317306
65 224 0.5014456634714028
65 227 0.49494264873921434
65 230 0.9380816841520518
65 233 0.4962603360217388
65 200 -0.05266990329313015
65 203 0.6597761937570081
65 205 0.5339632026105874
65 208 -0.3034282652175073
65 211 -0.8666030672109362
65 214 0.6738337486461679
66 254 -0.7947549367132816
66 257 0.04314083579360162
66 260 -0.8916706899879656
66 263 0.9891519742272998
66 266 0.6098257176931976
66 269 0.8920554746923866
66 236 0.22291965500164213
66 239 -0.5543422356179695
66 241 0.34664137981035226
66 244 0.79269353073165
66 247 0.6246677746417097
66 250 -0.5861438429226717
67 68 0.02061530113774057
67 70 -0.7327823648184308
67 182 0.7568866085791237
67 185 -0.6407212206810655
67 188 0.6196531336564748
67 191 0.029308679425467332
67 194 -0.26060910187230246
67 197 -0.1783240654000886
67 164 -0.6487787915409331
67 167 -0.5410566757667754
67 170 0.8809026670583757
67 173 0.9942471949304024
67 176 0.4009615315704873
67 179 0.6526949818243739
68 69 0.5092990318718795
68 71 -0.24854664679533278
68 218 -0.2908059688190381
68 221 0.5239953548516314
68 224 -0.4083599002459082
68 227 -0.3792194181852464
68 230 -0.8225568791635638
68 233 0.6543749644798931
68 200 0.4092450764998099
68 203 -0.9671271190922648
68 206 0.38210297068740484
68 209 0.31153019737700016
68 212 -0.4162059866811767
68 215 -0.5292538426270472
69 72 0.2806746411212946
69 254 -0.025508305558376465
69 257 0.738635640219738
69 260 -0.2699667029506143
69 263 -0.5350746108708975
69 266 0.567690436667581
69 269 0.30429942487594697
69 236 -0.8516162176942408
69 239 0.24175129747018564
69 242 -0.04489318658410091
69 245 -0.27611802954941855
69 248 0.8951995079205934
69 251 0.8147948982698503
70 71 0.4897874863417635
70 182 0.3266641175969953
70 185 -0.42727306760988726
70 188 -0.774899498977959
70 191 -0.3287657691411823
70 194 -0.35512244429216144
70 197 -0.35800516335211263
70 164 0.951319052069769
70 167 0.16692779592943174
70 170 -0.2381355385118662
70 173 -0.3400730964537939
70 176 -0.6009281560621351
70 179 0.16780259869501313
71 72 -0.9230174305985785
71 218 0.3046822003035321
71 221 -0.9866865684518489
71 224 0.9504483086915758
71 227 0.8102069089145876
71 230 0.10197103933593077
71 233 -0.8048764228410439
71 200 0.9934170174267094
71 203 0.026339211547196317
71 206 0.276417878736531
71 209 0.17929486168670916
71 212 -0.712916947356363
71 215 -0.4300262471324432
72 254 0.6443616152663527
72 257 0.40864663990982164
72 260 0.22137068526417836
72 263 0.6433161992121037
72 266 0.7618506232267239
72 269 0.41541643341548107
72 236 -0.265307950348882
72 239 0.7839677980581643
72 242 0.6588836769448851
72 245 -0.7396493233344903
72 248 -0.004154134831277467
72 251 0.8794533139879805
73 74 -0.983957768467189
73 76 -0.9415417325573909
73 182 -0.8336915252804185
73 185 -0.5596608203314077
73 152 -0.629646364199846
73 155 -0.15212108958522075
73 158 -0.005747557814446358
73 161 -0.7662080695277182
73 164 -0.11487056829813613
73 167 -0.8278528308207627
73 170 -0.27473766709462377
73 173 0.12753987041981962
73 176 -0.8212477554187398
73 179 0.7019895694072478
74 75 0.5604668206024708
74 77 0.9214351413675836
74 218 -0.6982383022401137
74 221 -0.26764334809653234
74 188 -0.3009473431737788
74 191 -0.6662828525285207
74 194 0.43729756816013965
74 197 -0.9607939846021538
74 200 0.6379142063377985
74 203 -0.37873053544465285
74 206 0.45627768389397017
74 209 -0.3649715500254944
74 212 0.17809587631350943
74 215 -0.23981828633568902
75 78 -0.4698827745490324
75 254 -0.034407699839582584
75 257 -0.26196682990929565
75 224 0.44726795283041665
75 227 -0.27520199587170135
75 230 -0.3251978291176454
75 233 -0.8733414615743869
75 236 -0.7996454128660999
75 239 0.6570016637967044
75 242 -0.5545329485984971
75 245 -0.48226431252403335
75 248 0.845456290609456
75 251 -0.32258583115145156
76 77 0.3586222860968664
76 182 0.13363769502184675
76 185 -0.8678975686842427
76 152 -0.40324392114855856
76 155 0.7350425824512352
76 158 0.6936572117058619
76 161 -0.19276871160924092
76 164 0.7261617858158531
76 167 0.2313506260097764
76 170 0.005001163696829236
76 173 0.8248758695426577
76 176 -0.4723942659696665
76 179 0.6873185092784408
77 78 -0.4254523605142033
77 218 0.15685736692470487
77 221 -0.7863331809659622
77 188 -0.9724994900228909
77 191 -0.7526934795162574
77 194 0.4493307206755339
77 197 -0.6833305701809997
77 200 0.7660585022665081
77 203 -0.49474381474552476
77 206 -0.7410428431436638
77 209 0.553414487909361
77 212 -0.7586312008166569
77 215 -0.5756410285951523
78 254 -0.1342464421481917
78 257 0.5012909423671406
78 224 0.9783656975783062
78 227 -0.17217857723462204
78 230 0.01927178129104079
78 233 0.8520790187464757
78 236 -0.23019017828046762
78 239 -0.3875559713191663
78 242 -0.04062001602252763
78 245 -0.58217904114423
78 248 -0.30619628237452723
78 251 0.8462920079025535
79 80 0.5153370312637269
79 82 0.8186752679432705
79 182 -0.47505034595854845
79 185 0.9960902506215366
79 152 -0.7113749525813522
79 155 0.4337690868851909
79 159 -0.6088943028667797
79 162 0.6291107666530809
79 165 -0.30367396100730515
79 168 -0.6563520533239169
79 170 -0.3031516530895335
79 173 0.7315700474862359
79 176 0.5485196489611597
79 179 0.9046231233024324
80 81 -0.1463557485196194
80 83 -0.24315424425198384
80 218 -0.9173645459047095
80 221 0.7510559707086335
80 188 0.36330509505037045
80 191 -0.8169408382024013
80 195 0.8739370843981926
80 198 -0.8647060219318059
80 201 -0.05914551188251482
80 204 0.18476682350805929
80 206 -0.10049885146195714
80 209 -0.5720858117943477
80 212 0.12005926525312338
80 215 -0.1654606962171714
81 84 -0.20833899029247926
81 254 0.6542044110875769
81 257 -0.1205677616367844
81 224 -0.826159220108484
81 227 -0.18738244591728437
81 231 -0.6936287285033267
81 234 0.8529045435081706
81 237 -0.7124133079233981
81 240 0.05991055072959561
81 242 0.08666443233378951
81 245 -0.17916474078671962
81 248 0.6546529892987232
81 251 -0.7530332070514736
82 83 -0.44835073380558854
82 182 0.6390903539928108
82 185 0.10216399169593049
82 152 0.288743137895632
82 155 -0.8613770815571034
82 159 -0.17262256500614215
82 162 -0.2507068636650631
82 165 -0.14475126622258383
82 168 0.2738725648410456
82 170 -0.10718039761131726
82 173 -0.058265121909921946
82 176 0.18023853503598986
82 179 0.9187711900862248
83 84 0.9760219899078668
83 218 0.5646359165016095
83 221 0.9611310683068977
83 188 0.07849192298504604
83 191 0.08853624414781147
83 195 0.008956549714372875
83 198 0.79645404224134
83 201 0.7665990656301815
83 204 0.45819385127284695
83 206 -0.7240427766016788
83 209 0.20671437143723503
83 212 0.5387511563356804
83 215 -0.7173478682360421
84 254 -0.964249588714327
84 257 -0.11015369202949898
84 224 -0.004305805118613337
84 227 0.6826998296471101
84 231 -0.2833563119228695
84 234 0.9119643594743823
84 237 0.6698028141247665
84 240 0.8169635176466832
84 242 0.9982356560045609
84 245 0.07540994771499876
84 248 0.8278911559909907
84 251 -0.6157960956213895
85 86 0.6745668524343504
85 88 -0.4730007500029114
85 182 -0.8062593124831678
85 185 -0.9949744668047951
85 188 -0.261059555390154
85 191 -0.17447261088205757
85 195 -0.04732693526095044
85 198 -0.07560935049948037
85 201 -0.5700796439578231
85 204 0.08201321391305116
85 206 -0.1466845254525635
85 209 -0.6534553712481059
85 176 -0.9119982643540931
85 179 -0.6150615344452228
86 87 0.45820189841885184
86 89 -0.18926434165193862
86 218 -0.5954482703839026
86 221 -0.8972029653075553
86 224 -0.43210231148338796
86 227 -0.7029253233631303
86 231 -0.8434293957645209
86 234 -0.7833759174994941
86 237 -0.7944655742161941
86 240 0.4437206838618091
86 242 0.4427329975026211
86 245 0.13407632345870568
86 212 0.03069412857667042
86 215 -0.36495121600340363
87 90 0.09690382819803234
87 254 0.3641036692076447
87 257 0.20384487810523844
87 260 -0.455467878864505
87 263 0.7650768845354723
87 267 -0.43263534477826804
87 270 -0.2329059888282743
87 273 -0.5227992248497269
87 276 -0.9862721961719698
87 278 -0.5297691380236873
87 281 0.5061544503369362
87 248 0.13755574111292046
87 251 0.42004477686225083
88 89 -0.5412272928571926
88 182 -0.47837252220441395
88 185 0.333248679809258
88 188 0.4791466024267337
88 191 0.4001514821556056
88 195 -0.6571278934538565
88 198 -0.2642272675746331
88 201 0.9875536788262389
88 204 0.21581376827901932
88 206 0.1904633016504631
88 209 -0.366926993377207
88 176 0.1671331447256137
88 179 -0.6853199101584122
89 90 -0.8686948157349901
89 218 -0.259003317282708
89 221 0.37780366128239296
89 224 0.4218597756266316
89 227 0.5760092609321195
89 231 0.9378978241156875
89 234 -0.9744235587947836
89 237 -0.5672729407579684
89 240 0.4669662083468131
89 242 -0.2593083672481791
89 245 0.5629995191314812
89 212 0.5651637203334059
89 215 0.5653335087852989
90 254 0.6133628949569643
90 257 0.33309456076019917
90 260 0.0543872958932301
90 263 0.6870648427363166
90 267 0.32513087576297184
90 270 -0.3852303226666154
90 273 -0.616400622715181
90 276 0.3171630581589553
90 278 -0.41247004486025696
90 281 0.29518205025389466
90 248 0.7245868355771388
90 251 -0.556066640713865
91 92 -0.09108865371633845
91 94 0.17317843992009085
91 183 -0.5885489016128518
91 186 -0.08585249493958114
91 189 -0.9895810166982903
91 192 0.22283050436116736
91 195 -0.989283189726873
91 198 0.0355338312875777
91 201 -0.6778791800856352
91 204 -0.20433250192229746
91 206 0.9652807846520786
91 209 -0.32671893091864
91 176 -0.133063928162251
91 179 0.4062642695740446
92 93 -0.22067602984017531
92 95 0.9729653837269225
92 219 0.3211733060579163
92 222 0.1748214870897855
92 225 -0.2818895308197684
92 228 0.44226289255667783
92 231 0.3483829743038478
92 234 0.14093634592102977
92 237 -0.36378365089297326
92 240 -0.6620827851058826
92 242 -0.727206049405277
92 245 -0.18625640527249265
92 212 -0.19232964327002966
92 215 0.702729578038223
93 96 0.7940367918972555
93 255 0.4254856017379598
93 258 -0.6241202812691273
93 261 -0.24370260689633816
93 264 0.5378316043942841
93 267 0.8169866256401523
93 270 0.3188143669026011
93 273 -0.22096452569691927
93 276 0.10156573984636208
93 278 -0.8266325214964643
93 281 -0.2615590556490852
93 248 -0.014387443452986703
93 251 -0.07357104319229246
94 95 0.7962285235496982
94 183 0.9299358075692108
94 186 -0.9575894499037414
94 189 0.2000561819268205
94 192 0.35082693610101034
94 195 -0.09487082093713584
94 198 0.5321638194814058
94 201 -0.1845868457068962
94 204 -0.9223225811677629
94 206 -0.5879292731156083
94 209 -0.92285024357569
94 176 -0.6753906221641917
94 179 -0.9767080207495293
95 96 -0.20502662410098083
95 219 0.9221872638617585
95 222 -0.6887638234051676
95 225 -0.717937713180564
95 228 0.9476572653794153
95 231 0.52414455587666
95 234 -0.5263210885391312
95 237 0.28172509830337367
95 240 -0.5656850437041652
95 242 -0.5658552227089839
95 245 0.6048899855313932
95 212 0.567979029085039
95 215 0.07526497046482628
96 255 0.8063587993321588
96 258 -0.6292776999329317
96 261 0.98313761860479
96 264 -0.10097875788960398
96 267 0.6308865719649288
96 270 -0.8267780830457592
96 273 -0.5373700555513774
96 276 -0.07033369037873727
96 278 -0.12119440353822863
96 281 -0.020624409477256078
96 248 0.5288529309706547
96 251 0.535835349935321
97 98 -0.7645116953947246
97 100 0.26321987115219914
97 183 -0.39246777898708474
97 186 0.29629490923391044
97 189 0.7713871588885324
97 192 -0.7430345689859348
97 195 0.46076693081432674
97 198 -0.599135596805829
97 165 0.08915453720152655
97 168 -0.5890488467633972
97 170 0.17973511434945122
97 173 0.7698159094155004
97 176 -0.2934052273545471
97 179 0.14633339438911297
98 99 0.9855861708693494
98 101 0.7264663324940273
98 219 0.6450086419158925
98 222 -0.1265684401346876
98 225 -0.4435032457518515
98 228 -0.34778292400760935
98 231 0.21492396425233085
98 234 -0.9659434379934204
98 201 -0.5573578318228902
98 204 -0.6722645102386466
98 206 0.3714645841112951
98 209 -0.3846077389089191
98 212 0.06374769865080876
98 215 -0.12805244508370683
99 102 0.661036712636542
99 255 -0.2037544464911858
99 258 0.2988066830096552
99 261 -0.35495712447871286
99 264 0.5160418460520875
99 267 -0.6765668311391368
99 270 0.540397834341122
99 237 0.2265366315997075
99 240 0.67325529284078
99 242 0.24675466705944538
99 245 0.15893642487586468
99 248 -0.9583643444193508
99 251 0.7280385614493192
100 101 -0.7935628626056688
100 183 -0.05973608643163031
100 186 -0.46644210115899676
100 189 0.3272066701834284
100 192 0.21459199354029113
100 195 0.2381965300447737
100 198 0.9489456842889996
100 165 -0.48969014760499885
100 168 -0.04531674101851846
100 170 0.17686208205151543
100 173 -0.9470141881915157
100 176 -0.7716711994323533
100 179 -0.8308279074823792
101 102 -0.5624212652846763
101 219 0.6224512314913739
101 222 -0.512217069064125
101 225 -0.5584297324493455
101 228 0.5606111210271956
101 231 0.2562251650768175
101 234 0.8905762812567588
101 201 -0.35936333556050526
101 204 0.260537301121768
101 206 -0.20303702534497736
101 209 -0.3479125954727429
101 212 -0.174284591357748
101 215 -0.22748460639276158
102 255 -0.11569817366808599
102 258 0.4130636416882556
102 261 -0.739458670251194
102 264 0.7048552186971777
102 267 -0.7187445027327677
102 270 0.23964065610426788
102 237 -0.7341112401854972
102 240 0.7647602171909822
102 242 0.2545770043590021
102 245 -0.07201150979207127
102 248 0.6927631481754177
102 251 -0.8188058106382394
103 104 -0.0995423837185121
103 106 -0.6509160721600904
103 183 0.8246110340746173
103 186 -0.32401106322771556
103 189 -0.08988553153020784
103 192 0.11494493731765565
103 195 -0.5103273313995831
103 198 0.5154239059372867
103 165 -0.4163394954960171
103 168 -0.06555823921121928
103 171 -0.29934391282831285
103 174 -0.43032146671748195
103 177 -0.9528181954952863
103 180 0.8598036481871627
104 105 -0.2998343127426313
104 107 -0.9469754845917495
104 219 0.007852526274572558
104 222 0.23619126181361993
104 225 0.7196548356463359
104 228 0.5215105625627845
104 231 0.6609780143353363
104 234 -0.4222527394594793
104 201 0.8819315428666992
104 204 -0.7414434398599912
104 207 -0.3104028162146262
104 210 -0.8265998060683379
104 213 0.9790861086157214
104 216 0.8597037156079286
105 108 -0.09650269650808352
105 255 -0.4011758570463253
105 258 -0.4758940265847169
105 261 -0.86237190511982
105 264 -0.8365498063182621
105 267 0.2757431595797073
105 270 0.27928259067215966
105 237 0.7352922457288888
105 240 0.46904148191858996
105 243 0.27815675670869977
105 246 0.18055404437304579
105 249 -0.11626034426172116
105 252 0.15133003379596088
106 107 -0.3440287394787489
106 183 0.9812334588905451
106 186 0.7187602267485291
106 189 -0.8616142150304245
106 192 0.672783478285075
106 195 -0.29026203913501436
106 198 0.7238058487408885
106 165 0.6182789335229797
106 168 -0.03815285295799309
106 171 0.5274452445587579
106 174 0.07578956955842209
106 177 -0.7114858429853057
106 180 -0.622079055729547
107 108 -0.14057295955454996
107 219 -0.0017252368564846243
107 222 -0.08742139835725315
107 225 0.7989163642237722
107 228 -0.2711932841552509
107 231 -0.8855802771213523
107 234 0.34145136555667244
107 201 0.6948900570913525
107 204 -0.18710269454947914
107 207 0.8025584096367238
107 210 -0.273657692581301
107 213 0.2543398763115736
107 216 0.19712766752679256
108 255 -0.103350701628379
108 258 0.5397661606635775
108 261 0.4475630619346793
108 264 0.8629888531973229
108 267 -0.9830323983888145
108 270 0.8897948665177267
108 237 -0.9861466710704778
108 240 0.9079904099068601
108 243 0.4762392936963207
108 246 -0.03923112862030376
108 249 -0.780115417287929
108 252 0.5328327378443971
109 110 -0.6381151856932099
109 112 -0.8531623853031922
109 183 -0.5334550521607317
109 186 0.3110630319805876
109 153 0.4940427237250431
109 156 -0.42760346263776805
109 159 0.6886598722902941
109 162 -0.9922308192605758
109 165 0.6383165418159353
109 168 0.7553337133892846
109 171 0.16327972107759092
109 174 0.20964467225488015
109 177 -0.3534558985003007
109 180 -0.8939239362326215
110 111 -0.5470262614323558
110 113 0.15314709667727877
110 219 0.35404934340642047
110 222 0.20315163795957525
110 189 0.25136305000142767
110 192 -0.9382108029859157
110 195 0.356692374503532
110 198 0.6470520313780435
110 201 -0.17988136219047268
110 204 0.07666292849456613
110 207 -0.4253846743607683
110 210 -0.5670718561671693
110 213 -0.7263067687849625
110 216 -0.911065384299844
111 114 -0.8277746462080231
111 255 0.8400881208230948
111 258 0.6458670974792493
111 225 -0.9211080548774229
111 228 -0.27053253381853515
111 231 -0.2858460417886288
111 234 0.640551709192736
111 237 0.38627548393474
111 240 -0.9115925729138976
111 243 -0.9305429215547054
111 246 -0.4893368920139849
111 249 -0.41206769807303467
111 252 -0.29542196936326426
112 113 -0.8555158528958944
112 183 0.28595706040325264
112 186 0.6761897966483859
112 153 0.38937751809729426
112 156 0.6595930322825423
112 159 -0.8260435357831972
112 162 -0.8223907749839339
112 165 -0.3195181144287327
112 168 -0.37793974817184806
112 171 -0.9915117134176752
112 174 -0.2969228096059289
112 177 0.26611687038128107
112 180 -0.38206306674317236
113 114 0.1343809233715294
113 219 -0.6987639494654616
113 222 -0.31401093548166004
113 189 -0.9506057920695048
113 192 0.49368968215514775
113 195 0.15071819414636156
113 198 0.48257355065155605
113 201 -0.8258986400058255
113 204 -0.45166437488530464
113 207 -0.7162924965120157
113 210 0.42765087690592907
113 213 0.30771052325187465
113 216 -0.1864326495976969
114 255 0.19815770459160142
114 258 0.1178471703355295
114 225 -0.39847096070143584
114 228 0.05871181989145913
114 231 0.23075329642498943
114 234 0.7440954419213348
114 237 0.07194919411283651
114 240 0.8847153442825286
114 243 0.08775181878565164
114 246 -0.30247291141933164
114 249 -0.3959911360175785
114 252 0.6259146839440559
115 116 -0.015281963935188658
115 118 -0.7137153897345025
115 183 0.3557013875932149
115 186 -0.06774987060121229
115 153 -0.8144875722546476
115 156 0.8255864648270572
115 171 -0.11969983964749398
115 174 0.6688157544647149
115 177 0.5908363043505342
115 180 -0.6853168401609697
116 117 -0.43170691031890507
116 119 -0.2300713687225553
116 219 -0.9168121658499657
116 222 0.6612263276457455
116 189 0.496802405204644
116 192 -0.6186031677971398
116 207 -0.1908759833887781
116 210 0.36576845645604106
116 213 -0.11239231070008149
116 216 0.4083727175206735
117 120 0.6534266525100652
117 255 -0.3736794340095697
117 258 -0.26769120392912904
117 225 -0.36228934519951017
117 228 -0.704303820458642
117 243 -0.7328474038531727
117 246 -0.07879162392434136
117 249 0.9484450265385131
117 252 0.6338062061976633
118 119 0.5681877332244396
118 183 -0.3413775931714207
118 186 0.11392737782575879
118 153 0.4817229260630804
118 156 0.5912518425672404
118 171 0.38419159103647993
118 174 -0.7428186832380588
118 177 -0.41365480596703486
118 180 -0.27845952442670696
119 120 -0.9345132694413418
119 219 0.7154068025537614
119 222 0.46575511197419006
119 189 -0.4316323707018761
119 192 -0.3152181302592021
119 207 0.5818301888378321
119 210 0.2000367202261173
119 213 -0.05951052064095497
119 216 -0.5085539653286053
120 255 0.12646422671611757
120 258 -0.632355552916094
120 225 0.6933743741792744
120 228 0.10649387114907305
120 243 0.8374589418989988
120 246 -0.8202118534449145
120 249 0.26344682328391467
120 252 0.8805316039730218
121 122 -0.3669230235129386
121 124 -0.470312923887251
121 183 0.30006267469050774
121 186 -0.0582685329961925
121 189 -0.5053748380007226
121 192 0.7602144255972205
121 207 0.600888982564769
121 210 -0.8230168309923733
121 177 -0.4030106331349266
121 180 0.9026041601342973
122 123 -0.36741346663271646
122 125 -0.8233909413689033
122 219 -0.1666580286917918
122 222 -0.7176452667286424
122 225 0.8874510582338297
122 228 0.15217482916322433
122 243 0.9952284248534677
122 246 -0.8022141090806116
122 213 0.45246077342042756
122 216 -0.6101836718033784
123 126 -0.973977271703814
123 255 -0.942249909163785
123 258 -0.8320179549646827
123 261 0.013963353355847419
123 264 -0.3650311494088818
123 279 -0.3412224536797763
123 282 0.2345801409928403
123 249 -0.04341354796270336
123 252 0.18131958816135696
124 125 0.9266566060015253
124 183 0.3664026913223428
124 186 -0.7998561020985104
124 189 -0.6508039581732454
124 192 -0.021026402012779943
124 207 -0.7404583463326793
124 210 -0.0872485890747039
124 177 0.49601580030537007
124 180 0.17560258923459093
125 126 -0.5886549019478766
125 219 0.13632366252656136
125 222 -0.2221843089062454
125 225 -0.610290009217036
125 228 0.3727432192578961
125 243 -0.21756166766935214
125 246 -0.9025804843998722
125 213 -0.13379189476839848
125 216 -0.9241048786017818
126 255 0.12761981696165603
126 258 0.05009985003554007
126 261 -0.49295762898779527
126 264 -0.6022589022059184
126 279 0.05583680013926906
126 282 -0.8857121742211962
126 249 -0.5153157556346795
126 252 -0.09445379636397888
127 128 0.9031185195275953
127 130 -0.8477571444882741
127 207 -0.36518036414964294
127 210 0.4695474503085024
127 177 0.7318088517474524
127 180 -0.593282681471935
128 129 -0.32339979427743115
128 131 0.7878268859096327
128 243 -0.2509660521451553
128 246 -0.08222404723246735
128 213 -0.1438426988330357
128 216 0.5695561228449193
129 132 0.35266019197594756
129 279 0.4457852557654536
129 282 0.7970051546015064
129 249 0.03475625675448901
129 252 -0.8096132873609956
130 131 0.37430451242744733
130 207 -0.9374669892669307
130 210 -0.7941169178364738
130 177 -0.4710885873617825
130 180 -0.10447418388965013
131 132 -0.9536311278997494
131 243 0.40699236558796614
131 246 0.6201917124140524
131 213 -0.9959636892286745
131 216 -0.7031048526513783
132 279 0.31300822974992704
132 282 0.18594022478066452
132 249 0.9763983771970557
132 252 -0.18583948737569878
133 134 0.6768720386019407
133 136 0.42833512705006416
133 171 0.5957159981157492
133 174 0.272718387919588
133 177 -0.4431774935843049
133 180 -0.8716098455897809
134 135 0.6386004009544475
134 137 -0.8830980415780609
134 207 -0.16401476257748815
134 210 -0.5835230531514743
134 213 0.25652561876766367
134 216 -0.4342303039372377
135 138 0.5166362256580346
135 243 0.5318039511544392
135 246 0.3339518726908004
135 249 -0.09283520975341575
135 252 -0.9650018197487127
136 137 0.6773242154331232
136 171 -0.4017583576435775
136 174 -0.41750848326716206
136 177 0.6379451417005149
136 180 -0.31517819510720946
137 138 0.6596343936254299
137 207 -0.32198451598053834
137 210 -0.5481682840524571
137 213 -0.9064217599077313
137 216 -0.7055789627699989
138 243 -0.6122127497719743
138 246 0.38203252807960286
138 249 0.8111420370270537
138 252 -0.23126326382456175
151 152 0.20480083009229544
151 154 -0.05216283868116256
152 153 -0.4248423911946846
152 155 0.8332566262744721
153 156 -0.0767025910231589
154 155 0.6616238979951008
155 156 0.8405871031337449
157 158 -0.9210720124108271
157 160 -0.6776336858904357
158 159 0.4365785489279139
158 161 0.504959981631077
159 162 -0.762514202103284
160 161 -0.9903723649847247
161 162 0.36977176774905796
163 164 -0.9581082487786121
163 166 -0.5422875139484367
164 165 -0.058733684616819826
164 167 -0.4246100566916744
165 168 0.44728932476276406
166 167 -0.4018926904537312
167 168 -0.4584303868732962
169 170 0.12127864632544472
169 172 0.27580387773553316
170 171 0.16568383818499233
170 173 0.08366043673044987
171 174 -0.5568316056422264
172 173 -0.7026672079134155
173 174 -0.5579297962806369
175 176 0.9190513474376054
175 178 0.7220916303903724
176 177 0.9434462617534474
176 179 -0.9316735683099786
177 180 -0.978018892920371
178 179 0.9497065252102288
179 180 -0.2544364929678553
181 182 -0.26674808110159764
181 184 -0.2256873978845637
182 183 0.07040811761399723
182 185 0.992162374150928
183 186 -0.48139587347807455
184 185 0.5148011692878227
185 186 -0.788056931610531
187 188 0.44703953324546375
187 190 -0.5260168330483734
188 189 0.14857349423705002
188 191 0.3286451690535632
189 192 0.4941268750810659
190 191 -0.10866647021757947
191 192 -0.377396675981027
193 194 0.9326826878022274
193 196 -0.3287810969548368
194 195 0.9231144863301801
194 197 0.9042153923447276
195 198 0.9156110469657861
196 197 -0.12792394218212833
197 198 -0.6751632947238315
199 200 -0.42177069730300487
199 202 0.9205768157852028
200 201 0.6257984907530336
200 203 -0.6781644644213851
201 204 -0.11736385043158148
202 203 0.3130642913913364
203 204 0.8721809985098345
205 206 0.33269938565479573
205 208 0.4405717210626403
206 207 0.40553074296830016
206 209 -0.1905647349706283
207 210 0.7669112776286875
208 209 0.7504311585012371
209 210 0.4558611910893269
211 212 0.8247979237249734
211 214 0.7732318361476436
212 213 0.40543869953934886
212 215 0.13030869678448398
213 216 -0.44384563908471675
214 215 -0.1361928460426245
215 216 -0.8501003190205343
217 218 0.8501840026730232
217 220 0.9389834267378288
218 219 -0.04118805515649404
218 221 0.5818955250942408
219 222 -0.23721812857148872
220 221 0.5177627467151209
221 222 0.3625095880583955
223 224 -0.03283846135325619
223 226 -0.0204063459412267
224 225 -0.49373796550111493
224 227 -0.8152126320996222
225 228 0.6544502425045331
226 227 0.00957149860773887
227 228 -0.9400615011936069
229 230 0.5618014954452304
229 232 0.053575918641474374
230 231 0.9603308521897824
230 233 -0.6053343183296749
231 234 -0.23295674528454557
232 233 0.8001216456133478
233 234 0.667293876556746
235 236 -0.9096882155502131
235 238 0.872938478179468
236 237 0.3240785074820749
236 239 -0.09262623631268552
237 240 -0.7748143774167993
238 239 0.5466668804127235
239 240 -0.7940770086042293
241 242 -0.22582452355669091
241 244 0.452795914516789
242 243 0.8270611337753877
242 245 0.26401629347710664
243 246 -0.6365596457172231
244 245 0.5540544710880275
245 246 -0.4370249502878103
247 248 0.97385345435492
247 250 0.8379359246834286
248 249 0.8867955450097831
248 251 0.45125890238290634
249 252 -0.2689239839094446
250 251 -0.6519963426069462
251 252 -0.7003596948127646
253 254 -0.2738147143120777
253 256 -0.06930973029063492
254 255 -0.26418572752362945
254 257 -0.0009079946296854935
255 258 0.6660129833470432
256 257 0.21448861100166017
257 258 0.5929778242513228
259 260 -0.5147026916881594
259 262 0.8918948419441057
260 261 -0.5377265398370001
260 263 -0.5774012564183775
261 264 -0.5682438036039361
262 263 -0.7344681940782742
263 264 -0.1202316432317938
265 266 0.19417459156677297
265 268 0.07831861298259457
266 267 -0.9160197568513999
266 269 -0.3623817986848852
267 270 0.156422173011878
268 269 0.5214838185233293
269 270 0.2127597100280405
271 272 0.2190101070832997
271 274 -0.539949089064558
272 273 0.027153148993347642
272 275 -0.9444421243980781
273 276 -0.6005422800879008
274 275 0.9768385424471235
275 276 0.9933313613536237
277 278 0.7417775920293839
277 280 -0.5101146155340983
278 279 -0.9474803056584813
278 281 0.9708270128436685
279 282 0.36646658606160365
280 281 -0.8965957296086564
281 282 0.19683510662239212
