# 
7 7 -0.905566368668425
8 8 3.7768759835715935
9 9 0.3761916345734644
10 10 -2.5968496695304655
11 11 2.354011550762123
12 12 -3.4025670669548864
13 13 3.8420347891519775
14 14 1.1283879289790253
15 15 -0.9528003071900493
16 16 -1.6460624807774469
17 17 -3.4843191488877645
18 18 -1.273154470017225
19 19 2.3442958342842095
20 20 1.6257778092493416
21 21 -1.8791434795682314
22 22 -0.11235314407397201
23 23 -1.106879639954978
24 24 0.6078566304630062
25 25 -3.8887784090173554
26 26 3.1197345217398373
27 27 1.2889471502465009
28 28 0.24358124897051603
29 29 -3.777128661929029
30 30 -1.7415358359350188
31 31 -3.8982698884699083
32 32 -2.36330010289051
33 33 3.2356313206396896
34 34 1.3717629249951013
35 35 -2.810722874861759
36 36 -1.8962521577290303
37 37 0.8889642726110996
38 38 3.839763868976388
39 39 3.622535797191217
40 40 -0.3088379038706117
41 41 -0.356544395951512
42 42 -2.891453944738097
43 43 -0.49551580430753095
44 44 2.555378715376701
45 45 -1.120532563284108
46 46 -2.573779744609591
47 47 -2.4467617054573587
48 48 -3.977945133262648
49 49 2.253300414427277
50 50 1.490293559156683
51 51 -1.6407479628497832
52 52 0.7685226603802571
53 53 -2.3801329455586178
54 54 3.347077005154927
55 55 3.63555953433863
56 56 -0.2352436801238733
57 57 -1.0292097611938802
58 58 -1.1577471231881775
59 59 1.7137264757848145
60 60 -3.870097635761594
61 61 -3.5227952094403525
62 62 2.1703290797026176
63 63 -1.7657783920137193
64 64 -2.0726115055289984
65 65 0.9037148341407804
66 66 -1.2959959976183733
67 67 -2.1436241441039527
68 68 3.951190969216059
69 69 1.8149532155018955
70 70 1.4048248215377033
71 71 3.678264935603541
72 72 2.1930260735045852
73 73 2.352993237853341
74 74 2.3706064108487164
75 75 0.008200171976226578
76 76 2.478591498995632
77 77 2.273597350177723
78 78 0.16862779787060855
79 79 -1.3994015168136222
80 80 2.1744897687866427
81 81 2.225654776595751
82 82 0.2625121676086115
83 83 -1.1274318306211946
84 84 3.7715355970601614
85 85 2.0842448844386636
86 86 -1.0539834545364268
87 87 -1.8011379867636101
88 88 1.517599707934874
89 89 1.6113636739262125
90 90 0.7507537151288792
91 91 3.5758584916949596
92 92 -3.070885539523153
93 93 0.3670480328994383
94 94 1.9543355097172155
95 95 -3.112363716609149
96 96 -1.6512820382170776
97 97 -0.5770927054438122
98 98 2.493333801281911
99 99 -1.1773315815915755
100 100 3.7390135322696807
101 101 -1.9130767355372402
102 102 2.327580722049672
103 103 -0.08661857274368057
104 104 -0.23539483445397824
105 105 -0.5567473911686625
106 106 -3.3234403880141077
107 107 1.6486150422097285
108 108 -1.694016197578204
109 109 -0.9171012117184292
110 110 -3.798388591685133
111 111 2.7116789673207524
112 112 1.4533283416988763
113 113 -1.6636861969505068
114 114 -0.7169387907480855
115 115 -3.2774749863877872
116 116 1.1346368833730587
117 117 2.680958378383666
118 118 -1.153515566265452
119 119 1.9026880290521877
120 120 -3.1239439443377712
121 121 3.1963416174289057
122 122 0.8328031809353922
123 123 1.8683633945233833
124 124 0.5446782240095542
125 125 -0.7813833120809015
126 126 -1.8320063450210746
127 127 0.24360724236530018
128 128 2.1081575955570866
129 129 0.1548342401827565
130 130 -0.4176200566998469
131 131 -3.5048722134290227
132 132 3.1692202569260717
133 133 0.030655393597318614
134 134 -1.1633936789907438
135 135 -1.388424505155756
136 136 -0.9026354255470705
137 137 1.8784166145219698
138 138 3.91621875850149
151 151 3.108261705723411
152 152 3.063999175963727
153 153 2.9531087133289793
154 154 -0.28841889352478134
155 155 -0.4605747890526066
156 156 -0.4109405532402013
157 157 -2.396580242849031
158 158 -1.6023414104463862
159 159 0.510929227597333
160 160 0.24864633883238785
161 161 -0.39356356602116715
162 162 -0.13040679594633975
163 163 -3.065806002507961
164 164 -2.4373662991760963
165 165 -2.3882172519406515
166 166 -1.498814081086599
167 167 2.8066690131736856
168 168 1.785292731336546
169 169 -2.5821433123907545
170 170 -2.5051860604922025
171 171 2.9689426500302982
172 172 -1.77798640523097
173 173 2.8840357752683365
174 174 2.3616003658681652
175 175 1.8596731967257956
176 176 -1.3760190727655015
177 177 3.1210501909593473
178 178 1.7872658540797026
179 179 -3.881528941482574
180 180 2.4702745064887335
181 181 1.7468745573749125
182 182 -3.011581117180821
183 183 1.643470141028728
184 184 2.7760646287543977
185 185 2.7801462753642436
186 186 -2.456400277372995
187 187 -2.0375373196452102
188 188 3.165004738186
189 189 -2.508675292073317
190 190 -3.4162535646148813
191 191 -3.876468190378625
192 192 -0.46484552798054946
193 193 0.02691039057016198
194 194 2.0370076505396986
195 195 -0.9912152363779168
196 196 3.7379160435063525
197 197 0.12074437729421028
198 198 -2.971537417903604
199 199 3.576350969781732
200 200 -3.1265268584183135
201 201 2.7706586162814784
202 202 -2.942487821917692
203 203 -1.0878670734124958
204 204 -2.6536110117034077
205 205 2.978327932342503
206 206 3.32942525029699
207 207 -1.0932549792460513
208 208 -3.147178207251735
209 209 -1.4943842670475842
210 210 2.0168440789488224
211 211 1.053363300530946
212 212 3.30265423971539
213 213 -0.7376651829246326
214 214 -0.11588153518718869
215 215 -1.6396587276697625
216 216 -3.4971246745051747
217 217 -2.74081987497419
218 218 -2.1893689583666145
219 219 2.649304602397449
220 220 -3.5420377877203935
221 221 2.362884617042557
222 222 -2.199405588958685
223 223 2.4411099620731216
224 224 2.5965261798564114
225 225 -0.47030458864252456
226 226 0.6485128417794881
227 227 -2.712473792052438
228 228 -1.955049546129226
229 229 -3.1085904122127657
230 230 3.267850103690984
231 231 2.947863925170644
232 232 3.0116951346250938
233 233 0.260462072450963
234 234 -0.9891773353692193
235 235 1.1809510535589869
236 236 1.356537438073083
237 237 -0.27558456280660604
238 238 2.486536878299602
239 239 -3.527362045467192
240 240 0.2805591978801898
241 241 1.0912983909796887
242 242 -0.4089345805710298
243 243 -2.409913724871731
244 244 -3.151573745706589
245 245 1.6096443071646114
246 246 1.8808716723396195
247 247 -3.040361949260663
248 248 0.4851530677496019
249 249 -2.2802745975467342
250 250 0.05723418038854078
251 251 1.3496595434019332
252 252 1.6377019200526677
253 253 -2.6032262558708528
254 254 0.034344908068778324
255 255 -3.59778063050776
256 256 1.352798109854958
257 257 -3.8543474429247
258 258 -2.487835981545519
259 259 2.3249986186294054
260 260 -1.8900765080471151
261 261 2.257817694000816
262 262 -2.369029377209668
263 263 -3.227192957919833
264 264 -1.467421275765905
265 265 1.7464845894117396
266 266 -3.2818269541623533
267 267 -1.1780490638366796
268 268 -0.726308301853825
269 269 -3.3925894172997406
270 270 0.4877532004491236
271 271 3.051915085097301
272 272 2.031040948946073
273 273 2.9647091782465456
274 274 -0.7501417267004244
275 275 -3.3273593242185298
276 276 0.512033452592294
277 277 -1.9303081918599085
278 278 -1.5001111640043394
279 279 -3.911551629248689
280 280 3.5449785827198896
281 281 -0.6668734108756489
282 282 3.232172393820912
7 8 -0.3872648748620491
7 10 -0.7929794185514567
7 157 0.36880494726150426
7 160 -0.23245361862840253
7 163 0.8711267759321351
7 166 0.5961089413141933
8 9 0.1294184250145094
8 11 -0.10856348492457002
8 193 -0.0765470506654804
8 196 0.683832002581465
8 199 -0.8516096789637144
8 202 0.733254438759068
9 12 -0.6151330099766947
9 229 -0.3346791202351691
9 232 -0.3983468874421998
9 235 -0.294734764360816
9 238 -0.5882188972141913
10 11 0.1521079746044749
10 157 0.845279634917594
10 160 -0.4054324955090627
10 163 0.48103253812365687
10 166 0.6563748830871456
11 12 0.3517145731430882
11 193 -0.9391492441264437
11 196 0.40349528542840596
11 199 -0.8492794177307659
11 202 -0.8560993082659909
12 229 -0.9727683864076282
12 232 0.007561537647973404
12 235 0.006668582094715658
12 238 0.8833937669320093
13 14 0.5410115544945282
13 16 -0.5310704285371601
13 193 0.1395750732658234
13 196 0.2902649930075596
13 199 0.663640415671862
13 202 0.7453733423298265
14 15 0.5412535272495784
14 17 0.5698354963440577
14 229 -0.6367497403263318
14 232 0.17919679014574053
14 235 0.3257521533875918
14 238 -0.25391731853782007
15 18 -0.7808065502067267
15 265 0.6120579900781573
15 268 -0.7428374907639277
15 271 -0.9876588966893991
15 274 -0.8485556601442881
16 17 -0.7249196232460349
16 193 -0.6955771136516287
16 196 -0.08164159706279683
16 199 0.8100399373728908
16 202 -0.5659226231210666
17 18 -0.7423133532516117
17 229 -0.5850065897741141
17 232 -0.7628121167188713
17 235 -0.43287095418778776
17 238 0.35671581205682323
18 265 0.38321622671388966
18 268 0.3007171804413662
18 271 -0.6162211412637884
18 274 0.6244199262354668
19 20 -0.8830748727556585
19 22 0.3805782925132324
19 181 -0.3614489163789707
19 184 0.6433009689732978
19 187 -0.8067729454695438
19 190 -0.7439047169034232
19 193 0.9773754369303547
19 196 -0.8023415659688684
19 199 -0.8645821038867689
19 202 -0.45228794772009384
20 21 -0.3392556592375804
20 23 -0.046164233669221844
20 217 0.3010497423494418
20 220 -0.6327026989749671
20 223 0.13523888588149902
20 226 0.33323183565252745
20 229 -0.3226542270872268
20 232 0.5372564253238981
20 235 0.2630305659924008
20 238 -0.4270941150479226
21 24 0.8799114537308399
21 253 -0.04741037288381844
21 256 0.20926139503449925
21 259 -0.13886066927631613
21 262 0.24146712735411668
21 265 -0.9941678565256187
21 268 0.7053593534350708
21 271 -0.0458970531143299
21 274 -0.37926435251049906
22 23 -0.34391738870250865
22 181 -0.43202837062970434
22 184 0.15887219986125878
22 187 0.05885540829940328
22 190 0.12791736512931795
22 193 0.15980830238226695
22 196 -0.43549057576254047
22 199 -0.4343810339302947
22 202 0.1796979815958244
23 24 0.6725922460042164
23 217 0.26898386290818066
23 220 -0.14999231485438203
23 223 0.5385704456774418
23 226 0.24453422669529212
23 229 -0.18919895472258608
23 232 0.5755423612672443
23 235 0.4173598387987012
23 238 -0.40557914856956323
24 253 0.999191266782439
24 256 -0.5971711925381793
24 259 0.05564644671995023
24 262 -0.10954848563355557
24 265 0.12026118038973754
24 268 0.8750413059855042
24 271 0.6914440071907462
24 274 -0.3434736259595337
25 26 0.8163879598621995
25 28 0.7295162223756317
25 181 0.8693409762821134
25 184 -0.6559254019787355
25 187 -0.07761292759883931
25 190 0.13852260669245542
25 193 -0.4148481430248665
25 196 -0.33884621170473705
25 163 0.5913219215488243
25 166 -0.19593767529839945
26 27 0.5478787740746287
26 29 -0.17753765047877557
26 217 0.07853487261956604
26 220 0.9786227966869192
26 223 -0.5274006377595752
26 226 0.08605964398582722
26 229 0.27950139868043333
26 232 0.36732836746213593
26 199 -0.6171084655247991
26 202 -0.9917117699671145
27 30 -0.12720706574130025
27 253 0.26811977429155087
27 256 0.707732123737157
27 259 -0.43749059483522124
27 262 0.9047639549299429
27 265 0.9847588902891815
27 268 0.6700950030346047
27 235 -0.09777653157103305
27 238 0.534629368259284
28 29 -0.5036070457986059
28 181 -0.9535665177848911
28 184 0.05547555919488856
28 187 -0.9272949380890199
28 190 0.1000069809899733
28 193 -0.8284609583537204
28 196 0.8473035146357777
28 163 -0.25617547560991794
28 166 0.527299994171391
29 30 0.4517341834759434
29 217 0.4930125528179232
29 220 0.8007145593575324
29 223 0.4401608868612332
29 226 -0.015487086629564661
29 229 -0.8829365849382873
29 232 -0.030738750897411737
29 199 -0.1323199505328707
29 202 0.5288226814981856
30 253 -0.05182118349900944
30 256 0.7851372121654796
30 259 0.31038377214841884
30 262 -0.33698309949800254
30 265 -0.5755644853708508
30 268 -0.9983913343763846
30 235 -0.4438994678469659
30 238 0.03745157470114946
31 32 -0.9912637178398662
31 34 -0.6725234486557528
31 181 -0.6292093150078839
31 184 -0.24899922428385213
31 187 0.20403530000060144
31 190 -0.16465684190136565
31 193 -0.2711099815168925
31 196 -0.09598917761788694
31 163 0.1524644021770547
31 166 -0.728855827546038
31 169 -0.47333916578042423
31 172 0.42878536774861997
31 175 -0.3769018089472962
31 178 -0.942113192839745
32 33 -0.5055421282939929
32 35 0.8652958025649591
32 217 0.7966346871310064
32 220 -0.16660818017044576
32 223 0.4370354993862038
32 226 -0.11174033386512483
32 229 0.9816781790638476
32 232 -0.6026699792327239
32 199 -0.4236385442692858
32 202 -0.5782188803402593
32 205 0.7422819302925765
32 208 -0.40238350663973144
32 211 0.2473259108119341
32 214 -0.912898893429946
33 36 0.610329898713025
33 253 0.9565452956048808
33 256 0.8084366432118637
33 259 -0.4477870434847204
33 262 0.24699956985494742
33 265 -0.37892453104041657
33 268 0.9949506177728031
33 235 0.8939922189337985
33 238 0.9100115127253761
33 241 -0.45579329982484906
33 244 0.1806692174495963
33 247 -0.8017603081209304
33 250 0.8858599673544278
34 35 0.13278772096090674
34 181 0.16375052045011484
34 184 -0.45197794818756964
34 187 0.33920431492308745
34 190 0.21133344191502323
34 193 0.6248728049688987
34 196 -0.7531802801270733
34 163 -0.5290513058540967
34 166 -0.3295869332307817
34 169 -0.6715503301206389
34 172 0.45576738838837305
34 175 -0.15697263698183628
34 178 0.21870442135872836
35 36 -0.9101506200532496
35 217 0.5182179076085496
35 220 -0.7357552076276002
35 223 -0.1873209665556117
35 226 -0.91752152423679
35 229 -0.43190239733245583
35 232 0.5486144799196264
35 199 0.8038566071846887
35 202 -0.4690608304641679
35 205 -0.826506891002343
35 208 -0.019060871194502615
35 211 -0.09753935537217107
35 214 -0.7987377656853767
36 253 -0.22773043861565423
36 256 0.016140039619273683
36 259 -0.30128396594591944
36 262 0.10442514735082908
36 265 -0.304395290579782
36 268 0.8170776409520171
36 235 -0.6968904403945151
36 238 0.9008230891882514
36 241 -0.18641006703125917
36 244 -0.14177379847862448
36 247 -0.9053323918501972
36 250 -0.3964053635786582
37 38 0.839931149291322
37 40 -0.6810311379582932
37 181 0.30656809997872014
37 184 -0.8156172800822203
37 151 0.39276332937690905
37 154 -0.1712416635227676
37 157 0.9782320192215965
37 160 -0.5811630281659206
37 163 0.636665260004486
37 166 0.9289842460808029
37 169 -0.5489758764208417
37 172 -0.5424388303251597
37 175 0.6753353693478281
37 178 0.14700523700195078
38 39 0.7188848199313129
38 41 0.6350740100266938
38 217 -0.1539125415611846
38 220 0.7975449450224017
38 187 -0.46786191193890336
38 190 -0.9132607161900914
38 193 0.28005805759787106
38 196 -0.8457956027314124
38 199 0.8092215016438262
38 202 0.7819240244384604
38 205 -0.5558374000484685
38 208 -0.5340041162735982
38 211 -0.9564295571528205
38 214 0.7945124381739872
39 42 0.5173591674354967
39 253 -0.7488563477709238
39 256 0.2969218979594368
39 223 0.16645005747826147
39 226 -0.05433162387246204
39 229 -0.5669594570712226
39 232 -0.6363125063652033
39 235 0.2388401077555078
39 238 0.8713145084443004
39 241 -0.0009267042945986237
39 244 0.9530428963280968
39 247 -0.37210397058468714
39 250 0.9325340343960646
40 41 0.8565273734964798
40 181 -0.816546517716545
40 184 -0.9215612188183222
40 151 -0.6297063460158696
40 154 0.9687494158763887
40 157 -0.09024677937906889
40 160 -0.02428667708765153
40 163 -0.6488511826384227
40 166 0.24168540100286862
40 169 -0.6222676982875626
40 172 0.8302909136857355
40 175 -0.9248015931460618
40 178 -0.645784388775483
41 42 0.043836712119770915
41 217 -0.9622637337174493
41 220 -0.4588493689528361
41 187 -0.9705568615882272
41 190 0.06156131673648657
41 193 -0.8453119165987897
41 196 -0.2686430851657864
41 199 0.863598729413452
41 202 -0.9403440678791213
41 205 -0.7564547379959918
41 208 0.1913858908521695
41 211 -0.9226363955979455
41 214 -0.0918097148049637
42 253 0.09863739337446042
42 256 0.8383245274006543
42 223 0.4325825922412341
42 226 0.3525209578150028
42 229 0.6914094336148344
42 232 0.2536587200092215
42 235 -0.903174663961462
42 238 0.34523840163633546
42 241 -0.9806727738489789
42 244 0.10669417067147102
42 247 0.8163685252591022
42 250 -0.8295147637228673
43 44 -0.4478894799501172
43 46 -0.16790083456829663
43 181 -0.4518487723057094
43 184 0.3731114577985317
43 151 -0.7949686278932788
43 154 0.7634190326702752
43 158 -0.746293465821243
43 161 -0.14686669169097843
43 164 0.22135986827157472
43 167 0.06318622206219726
43 169 -0.8189525019941839
43 172 0.8637251227289995
43 175 -0.11329347624846875
43 178 -0.5038764918775174
44 45 0.2504320209772575
44 47 0.7268748678557546
44 217 -0.06937832440230762
44 220 0.5785227527278252
44 187 0.5814491269046318
44 190 -0.5857489802095952
44 194 -0.9531577048998292
44 197 -0.32033940364562485
44 200 0.43938024302050893
44 203 -0.47484603807749637
44 205 -0.645099391128241
44 208 -0.09506870355853181
44 211 0.7473991327068052
44 214 -0.48747805575186565
45 48 0.6148232961583777
45 253 0.8237712761356673
45 256 -0.7125711038816633
45 223 -0.5379687479050994
45 226 0.36222428957986574
45 230 0.6807843512415201
45 233 -0.7754630927806654
45 236 0.8471411676965144
45 239 0.4869057830881742
45 241 -0.7002165231799575
45 244 0.1390103872177384
45 247 0.9165132868616117
45 250 0.5221584263818166
46 47 -0.18585594309473463
46 181 -0.7516520213523805
46 184 -0.172601977897485
46 151 -0.4925731023077722
46 154 -0.043796249321079506
46 158 0.6845123679941831
46 161 -0.07216581447630688
46 164 -0.8909222669269632
46 167 0.5532218542580076
46 169 -0.7576278255951234
46 172 0.870390437809826
46 175 -0.21735272767606006
46 178 -0.45925721168902833
47 48 -0.19062193324035892
47 217 -0.047189323348330925
47 220 -0.7281649205789067
47 187 -0.7843205588345965
47 190 -0.9838027827881888
47 194 -0.5764286567521242
47 197 -0.7345149362569243
47 200 0.7440861739504028
47 203 -0.5739395610505804
47 205 -0.9967219934300944
47 208 -0.05150114237988923
47 211 0.7165999523521644
47 214 0.8078637625166365
48 253 0.8356848817125007
48 256 -0.9382176951172059
48 223 -0.5682888274928228
48 226 -0.012000946682911406
48 230 0.9887159861811756
48 233 -0.5405791257151669
48 236 0.044658864522755914
48 239 0.6567847531039424
48 241 0.8648065982853272
48 244 -0.34422354175469305
48 247 0.9255438322516936
48 250 -0.13947102755207252
49 50 0.21587187889262172
49 52 0.638778973847915
49 181 -0.4132423653776227
49 184 -0.35053679363672985
49 187 -0.7877686190370945
49 190 -0.29824296324538047
49 194 0.16415401300137367
49 197 0.8814095994417543
49 200 -0.31912475763984194
49 203 0.927922335562551
49 205 -0.4484538035911645
49 208 0.3156186399186085
49 175 -0.5075400746369845
49 178 -0.7015125043682706
50 51 -0.3641758402609141
50 53 0.6809371985216581
50 217 0.2566028426360063
50 220 -0.10818913865790769
50 223 -0.11321825763473337
50 226 0.1727302135451123
50 230 0.14355033979698972
50 233 0.6871782221251042
50 236 -0.9688280560148219
50 239 -0.6245751716531553
50 241 0.7916017278826344
50 244 -0.6219920933544834
50 211 -0.6322611548457704
50 214 -0.9558910294804843
51 54 0.879660457758854
51 253 0.2628450055249003
51 256 -0.5813457592778484
51 259 0.6037846225721879
51 262 -0.15934960401191667
51 266 -0.2388415401596038
51 269 0.16031913963998545
51 272 -0.46197571196497056
51 275 -0.6781170079049668
51 277 -0.5352386851645563
51 280 -0.6152920370836767
51 247 -0.6941074792308839
51 250 -0.1218245602628314
52 53 -0.7787229460345237
52 181 0.6546071291731206
52 184 -0.849484660237297
52 187 -0.6410279893497037
52 190 -0.11270217188542553
52 194 -0.8254522440466578
52 197 0.5110448873513658
52 200 0.809030160819564
52 203 0.22497338951881463
52 205 -0.6191754986712554
52 208 0.4769798879393048
52 175 -0.49337316147631216
52 178 0.21820739725435656
53 54 -0.7968410086312523
53 217 -0.6673357799943784
53 220 -0.7213027969310657
53 223 -0.4589160121252136
53 226 -0.8489916138695439
53 230 0.2719384919622003
53 233 0.8205851173727894
53 236 -0.3035329760944403
53 239 0.02323535687735312
53 241 0.9685974312608412
53 244 -0.3039082353722322
53 211 0.4974464528332261
53 214 0.07919956037970377
54 253 -0.24030597938975928
54 256 -0.7983784045800131
54 259 -0.8286584366712104
54 262 -0.9892977119523927
54 266 0.1553789728820405
54 269 -0.3690274297923777
54 272 -0.5723665652807974
54 275 0.15703399037809307
54 277 0.19685766118103776
54 280 -0.4369835714668824
54 247 -0.7171393187180275
54 250 0.5743197298030198
55 56 0.9982553223096937
55 58 -0.012959797405687645
55 182 0.2748150858429912
55 185 -0.2113990890565116
55 188 -0.0952980300876376
55 191 0.14561213081321367
55 194 0.0952963538767917
55 197 0.6342777899300738
55 200 0.4373255394316069
55 203 -0.45935712843679033
55 205 0.4520746106163924
55 208 0.876421981609425
55 175 0.4054674948348602
55 178 -0.903549185092974
56 57 0.3897207281536903
56 59 -0.35685056023301276
56 218 0.9380970806229065
56 221 0.7135969416177765
56 224 0.7411091458790684
56 227 -0.937249138444
56 230 0.8389587264794915
56 233 -0.22964471763171823
56 236 -0.2980618491543736
56 239 -0.3736611607909375
56 241 0.018094741814446147
56 244 0.5348005960693325
56 211 0.25995566400180214
56 214 -0.44222778070625735
57 60 0.6565819666880077
57 254 -0.47241567835902787
57 257 0.298296490229798
57 260 0.7925249108905847
57 263 0.25629468895494867
57 266 -0.5569409468871718
57 269 -0.19242149176951484
57 272 -0.3923042467573623
57 275 -0.28703541190632187
57 277 0.6029567763920722
57 280 -0.39182073086317804
57 247 -0.307128746484449
57 250 0.5773129962768182
58 59 0.6938149456859346
58 182 -0.8402185418680177
58 185 0.5947328489883694
58 188 -0.9441829911836053
58 191 0.20029620556615013
58 194 -0.8983521450976519
58 197 0.9228023403235137
58 200 -0.7598502603763648
58 203 -0.5727568600740225
58 205 -0.9664935198952844
58 208 -0.6575287639496334
58 175 0.7153759321248299
58 178 -0.6045930832743605
59 60 0.1904742472738412
59 218 -0.45312408755982814
59 221 0.8690524212526849
59 224 -0.2987781975488144
59 227 0.3278508388883832
59 230 -0.5460450753738733
59 233 -0.9426258260648661
59 236 0.908544899828613
59 239 -0.17374021250295701
59 241 -0.3926471008114638
59 244 -0.9675584191819862
59 211 0.28397718152999185
59 214 -0.09137249497908595
60 254 0.769404491447564
60 257 -0.3289268915247039
60 260 0.18258903413980532
60 263 -0.7853727414910094
60 266 -0.3281138970090838
60 269 0.14696662739491484
60 272 0.03226541792119031
60 275 -0.9147866615387208
60 277 0.6915797173618492
60 280 -0.9958885437522074
60 247 -0.20485104557384415
60 250 -0.7797100871935314
61 62 -0.6731803525836779
61 64 -0.0626461642607905
61 182 -0.9429145702907786
61 185 0.6977835831323629
61 188 -0.2568951369967034
61 191 0.33417534222197576
61 194 -0.4289190228588642
61 197 -0.1120013807495579
61 164 0.8358253792234764
61 167 0.6337370495771479
61 169 0.6391127455229038
61 172 -0.6123526300366591
61 175 0.6208986558486083
61 178 0.2559989549216042
62 63 -0.38414907726350567
62 65 -0.3148556714354882
62 218 0.8359135096281358
62 221 -0.6675199774455483
62 224 -0.8265776272164609
62 227 0.7111921394928129
62 230 0.03842983956400414
62 233 0.0053570419263797575
62 200 0.6547254412511501
62 203 -0.9320858371081313
62 205 0.7649622710535684
62 208 -0.7797700391035773
62 211 0.9517303935794794
62 214 -0.29440473084350494
63 66 -0.4307314149576871
63 254 0.13177465301857572
63 257 0.4240386671005296
63 260 -0.4884270173149241
63 263 0.9475906786472814
63 266 -0.6782286240506212
63 269 0.566898175955842
63 236 0.8270503581800679
63 239 0.7016209793454287
63 241 0.647573459444317
63 244 0.8406866370077506
63 247 0.9274135410087534
63 250 0.05284194651669427
64 65 -0.9530029128190471
64 182 -0.30306075305719493
64 185 -0.3891091836123193
64 188 -0.19994592357190277
64 191 0.8283358073962748
64 194 0.212786108576835
64 197 0.9887566430688828
64 164 -0.20728961386469935
64 167 0.49478237618920384
64 169 -0.9952698225493579
64 172 0.7215745043498578
64 175 -0.954656528558345
64 178 0.07834030385846025
65 66 -0.24938231859243487
65 218 -0.43340616706235746
65 221 -0.007810046156063732
65 224 0.2201453940249758
65 227 -0.2177231784302751
65 230 0.588228261242336
65 233 -0.024955618537385593
65 200 -0.3274018932691767
65 203 -0.13344979697068182
65 205 -0.3487104847759692
65 208 -0.276953398318722
65 211 0.31648966947795665
65 214 0.6662143178064275
66 254 -0.12654057630852256
66 257 0.9751522133305077
66 260 -0.7420393921275119
66 263 -0.7752648434664029
66 266 -0.6138735231001926
66 269 -0.854565388730967
66 236 0.2631323391818825
66 239 0.5905605981750519
66 241 0.5678942217692968
66 244 0.9899615757311628
66 247 -0.2830309509578137
66 250 -0.5005758309253392
67 68 0.2011693582320453
67 70 -0.2477262952553756
67 182 0.9492968598944913
67 185 0.345978133766466
67 188 0.9196709786845669
67 191 -0.7695546028468072
67 194 0.4372357141119314
67 197 -0.334491153806725
67 164 -0.750160185200621
67 167 0.6288656145320664
67 170 0.9416704099744315
67 173 0.1727391653484609
67 176 0.7380689826904858
67 179 0.8011522711385382
68 69 -0.5633940958236319
68 71 0.32993073626323977
68 218 0.8336457481218331
68 221 0.5780469793176735
68 224 0.9254662888522753
68 227 0.38727241849634075
68 230 0.5496399740843991
68 233 0.915968793548269
68 200 -0.7777942007977878
68 203 0.1958081911247329
68 206 -0.46821862509762613
68 209 0.602375157633267
68 212 0.9108426984285043
68 215 0.09253617317547524
69 72 0.6106059711735654
69 254 0.11413077212770317
69 257 0.7596794739688917
69 260 -0.2118872406018666
69 263 0.983614290291243
69 266 0.21026313771638194
69 269 -0.4310540209264355
69 236 -0.8754984693921273
69 239 -0.9804718308017684
69 242 0.12260792942408116
69 245 0.03351367034291952
69 248 -0.7777995768531085
69 251 -0.8578889236175615
70 71 0.2134191457602188
70 182 0.7122357318983019
70 185 -0.7188931376543686
70 188 -0.5686405615125563
70 191 -0.35046728040352404
70 194 0.01727625098594987
70 197 -0.9300554160426973
70 164 0.5088054368020978
70 167 0.21467957575617458
70 170 -0.9211739403176573
70 173 0.4923368990214725
70 176 -0.7102835370335547
70 179 0.9068965451308224
71 72 0.9057675303412744
71 218 -0.6961803506742794
71 221 0.8032087124222884
71 224 0.18812793557741347
71 227 0.635133631857169
71 230 0.15458273786747867
71 233 0.6975925119209481
71 200 0.15327873383743174
71 203 -0.8462684976371226
71 206 0.7957708915572972
71 209 0.0012895325127222357
71 212 0.7103242096635094
71 215 0.31912575608122995
72 254 0.7389451869202632
72 257 -0.8785323454774765
72 260 -0.7559697299047419
72 263 0.7073325204903713
72 266 -0.49425681532804355
72 269 -0.11357333349942333
72 236 -0.2416536079071694
72 239 0.0859110227484805
72 242 -0.1977580382004398
72 245 0.5242491352204002
72 248 0.6090101890064625
72 251 0.6367117278801413
73 74 0.2184166573225057
73 76 0.3723379336612267
73 182 -0.6601421110443311
73 185 0.7394477392258516
73 152 -0.6426393751306467
73 155 -0.3572270921132399
73 158 0.9831272179364836
73 161 -0.5523368195244371
73 164 -0.06714540093893251
73 167 -0.8177933752565005
73 170 0.7818436446411836
73 173 0.6094825924798482
73 176 -0.48242730384649346
73 179 0.062353175299493246
74 75 -0.18551074518034127
74 77 -0.45657686407395404
74 218 -0.29182404854371136
74 221 -0.5835091148333569
74 188 -0.08040644734930291
74 191 0.3225062951859823
74 194 -0.820469021967186
74 197 0.5482859261123028
74 200 0.03421242388626822
74 203 0.7312344854886061
74 206 0.6884088059044289
74 209 -0.32296799002366017
74 212 0.16017887777627737
74 215 0.4621488990460694
75 78 0.6831146567734394
75 254 0.6702525215045851
75 257 0.6394915426637442
75 224 0.676570165201519
75 227 -0.6793457560876819
75 230 0.24308265531618578
75 233 -0.9525015171247726
75 236 -0.2137873000514825
75 239 0.13202166636685653
75 242 -0.5820727489611559
75 245 0.8003755262680938
75 248 -0.5014014940701204
75 251 -0.17839608786750638
76 77 0.6554147018338203
76 182 -0.7025118508084571
76 185 -0.21762070423291013
76 152 -0.5762448786761125
76 155 -0.537121591404583
76 158 -0.10406050138575673
76 161 -0.8910266602151926
76 164 -0.6836956910263288
76 167 0.7837560927118654
76 170 -0.18761221685470786
76 173 0.5553052286204612
76 176 -0.047558065283827666
76 179 0.3376014329383543
77 78 0.8804531481147149
77 218 0.6364551836114716
77 221 0.9007794839683783
77 188 -0.8156298903383608
77 191 -0.17950514688525887
77 194 0.7704763174207276
77 197 -0.8391240455066649
77 200 0.9286303698459271
77 203 -0.8770175486130858
77 206 -0.26536887892794425
77 209 0.04763198135186997
77 212 0.7945960982809852
77 215 -0.6926002733695253
78 254 -0.7220039412023309
78 257 0.8368513768829682
78 224 0.8622284876860264
78 227 -0.12831159742603537
78 230 -0.06972007529740165
78 233 -0.6336325926915725
78 236 0.20939319574376047
78 239 -0.9096286856250066
78 242 -0.8304340632558691
78 245 0.523028700796285
78 248 0.7765029723555723
78 251 0.3682537362848439
79 80 0.5479480549353972
79 82 0.7149186090597823
79 182 -0.855005554255555
79 185 -0.9655300439787131
79 152 0.26174368598556863
79 155 0.8485840260799824
79 159 0.02653866193693899
79 162 -0.13937295474051759
79 165 0.06755852350448643
79 168 -0.013190299313785347
79 170 -0.36904750217906135
79 173 -0.5358491290437288
79 176 0.4961004005296792
79 179 0.2992733444003717
80 81 -0.08179797470896277
80 83 0.2113320682201405
80 218 -0.2566266014237393
80 221 0.023547895610919634
80 188 0.028968296572573715
80 191 -0.15340209753622824
80 195 0.5855889538700381
80 198 -0.4006894514648991
80 201 0.9587918204361323
80 204 0.5511766106011757
80 206 0.9276143213155619
80 209 -0.720094073247824
80 212 -0.6792520972642644
80 215 -0.3546343336436435
81 84 -0.45230384510427823
81 254 0.6390698962456849
81 257 -0.32196953436259923
81 224 -0.386098708181255
81 227 -0.22888676468243885
81 231 -0.9407917483344119
81 234 0.18145578005403196
81 237 0.23328041642851782
81 240 -0.8470554497791183
81 242 -0.7797437974223813
81 245 0.8057133740293494
81 248 -0.7947243005952289
81 251 0.6176101846972419
82 83 0.1400549680139891
82 182 0.1817837709290817
82 185 0.15413383018540228
82 152 0.3533575072558486
82 155 -0.9520681573711713
82 159 0.999940070162088
82 162 0.9661195117912922
82 165 0.01106080311785762
82 168 -0.5530448176185285
82 170 -0.1123727451092349
82 173 -0.9924477302672932
82 176 -0.7957742534038579
82 179 0.02643497386198934
83 84 -0.6027791187739877
83 218 0.09777437462074445
83 221 -0.611269387490659
83 188 0.664482003855573
83 191 0.47280229003200214
83 195 -0.01450091465984027
83 198 0.1351160379151113
83 201 -0.04136449428108846
83 204 -0.3068929319033824
83 206 -0.2663339270179512
83 209 -0.7586893973292219
83 212 -0.4351460900783055
83 215 -0.63024343621587
84 254 -0.7795126210749326
84 257 -0.03674205761507676
84 224 0.03674222663169657
84 227 -0.3702680351015628
84 231 0.1831899033864408
84 234 0.39971447649306047
84 237 -0.6706482264788445
84 240 -0.11945159170972719
84 242 0.7267094525016629
84 245 0.6317787950037443
84 248 0.8850794545880061
84 251 -0.39041517914799573
85 86 0.02807396390066841
85 88 -0.7700764433235081
85 182 0.9285702025314755
85 185 -0.441648226543482
85 188 -0.36281210799615793
85 191 0.3383618196007021
85 195 -0.9690021013802199
85 198 0.9775623322456142
85 201 0.5240999041485197
85 204 0.8884532603053346
85 206 -0.5586962300673952
85 209 0.1406178768128712
85 176 -0.2694580839143932
85 179 0.5031108308149319
86 87 0.4385660699123175
86 89 0.4203618490972958
86 218 0.7583287770842169
86 221 -0.39149420199618756
86 224 -0.045430977818506246
86 227 -0.03844809349475753
86 231 -0.0030841204241076614
86 234 0.5985479368746529
86 237 0.2858305185858525
86 240 -0.6731934167913305
86 242 0.9238619484832875
86 245 0.28940521161967236
86 212 0.9556890543167931
86 215 -0.3546098558608919
87 90 0.7526808693961413
87 254 0.7895450267615689
87 257 -0.661593310271382
87 260 -0.22004729085741248
87 263 0.5414709018600745
87 267 0.12019046572620984
87 270 -0.30361778405923023
87 273 -0.9384844433658759
87 276 -0.64346545759565
87 278 0.19207105585404194
87 281 0.19525939761673805
87 248 -0.42207882318117496
87 251 0.6769198637505296
88 89 0.43782529489372446
88 182 -0.4090358566332406
88 185 -0.002624016012273911
88 188 -0.5607055052802541
88 191 -0.4410863476781264
88 195 0.7043457479028739
88 198 0.32462352904876735
88 201 -0.7621741369350978
88 204 -0.28047207116978323
88 206 -0.3062968530854213
88 209 0.9838945069236611
88 176 0.7128421945895451
88 179 -0.9395486215391822
89 90 0.8590040613218295
89 218 0.619926219830063
89 221 -0.6564010421693118
89 224 -0.9382812478692641
89 227 0.1451779593868907
89 231 -0.3655825185984103
89 234 0.00813664316743079
89 237 -0.23151433614551808
89 240 0.6873682667139533
89 242 -0.773440094774287
89 245 0.36177669480037133
89 212 -0.7504778598158204
89 215 -0.5783086418217414
90 254 0.8667016104610532
90 257 0.24172032819641465
90 260 -0.45625391676748794
90 263 0.47576857739545053
90 267 0.7392047881847501
90 270 0.5475029166223977
90 273 -0.11995058131426628
90 276 0.5329298882634781
90 278 -0.028237405444121233
90 281 0.5349810404240154
90 248 0.6013753536040405
90 251 0.164936399036127
91 92 0.0893135178605251
91 94 0.32569895600445453
91 183 -0.8585154342320191
91 186 -0.8973589703679483
91 189 0.18511822795496014
91 192 0.8879929994539686
91 195 -0.6123411925367199
91 198 0.9258389734351602
91 201 -0.31231993492312893
91 204 -0.6418061596370874
91 206 -0.5674637672533747
91 209 -0.571310038582636
91 176 -0.2907286013310266
91 179 -0.6394359568235486
92 93 -0.6613050510706684
92 95 0.7728848646010023
92 219 0.4688109486928971
92 222 0.7273390233816308
92 225 -0.5780001676123798
92 228 -0.48085237000952663
92 231 0.10078604099020638
92 234 -0.06040980632112558
92 237 -0.06636887976967243
92 240 -0.2140063396508276
92 242 0.8187743533535952
92 245 0.9471139157477453
92 212 -0.1928970936047094
92 215 -0.5302895797874676
93 96 0.23905900184722695
93 255 -0.5161228282380377
93 258 0.07169836690216425
93 261 -0.2116636710493296
93 264 -0.8370078272725503
93 267 0.22250107886880288
93 270 0.8225593408636482
93 273 0.5864306338632492
93 276 -0.521154303470291
93 278 -0.04611350581507456
93 281 0.9666161398562205
93 248 0.9084772411635342
93 251 0.5259112047079442
94 95 -0.7578827949122391
94 183 -0.56664108904726
94 186 0.5470944499212729
94 189 -0.27610506966274606
94 192 0.8676338347380084
94 195 0.0033587868360882567
94 198 0.43718203611575124
94 201 0.1329942774819164
94 204 -0.8339312007631139
94 206 0.5332896371387197
94 209 -0.5770665789535736
94 176 -0.07914064816021726
94 179 -0.978412046719626
95 96 0.5575880694604336
95 219 -0.380375830571027
95 222 -0.37670684757159223
95 225 0.9002431433385945
95 228 -0.9426116810737517
95 231 -0.9924021063216384
95 234 -0.29031358609201185
95 237 -0.007159784695227822
95 240 -0.9319214139261598
95 242 0.5959534057377338
95 245 -0.34463027617742514
95 212 0.8944516391903565
95 215 0.34021904159088834
96 255 0.1551544681720678
96 258 0.3090263519674674
96 261 0.27696729860160896
96 264 -0.49778746202169155
96 267 0.4929152578795748
96 270 0.1524992485644936
96 273 0.13148301573476084
96 276 0.4115263547340491
96 278 -0.30529757856033934
96 281 -0.9721164953378125
96 248 0.3938192967445846
96 251 -0.7082186630616538
97 98 0.06504952011425735
97 100 -0.8203222684575489
97 183 0.19608506529871583
97 186 0.36888557148481604
97 189 -0.1938706199804905
97 192 0.6350581776559576
97 195 0.3621287051908517
97 198 0.511002802233949
97 165 -0.9478016055636489
97 168 0.5352721919094712
97 170 -0.47412288301061456
97 173 -0.9211861194144255
97 176 0.798144720363198
97 179 -0.40524623257910597
98 99 0.23489860047074873
98 101 0.35606890829066096
98 219 -0.08517686169487293
98 222 0.7018043175685718
98 225 0.09859520763797236
98 228 0.1022783546099546
98 231 0.5303425033425297
98 234 -0.2519757923050654
98 201 -0.8293726191765474
98 204 0.25476043016173056
98 206 0.20992479117302532
98 209 0.9960984023905837
98 212 0.11238544683855678
98 215 -0.8859996944671857
99 102 0.5459785362335903
99 255 -0.9103953073338162
99 258 -0.6806062395229273
99 261 -0.7807504261889373
99 264 0.8779904717016704
99 267 0.17765508071506897
99 270 -0.5003033756579136
99 237 -0.2200514768844095
99 240 0.38034381721985366
99 242 0.3737086952925279
99 245 -0.957065441017692
99 248 -0.653616643216363
99 251 0.7666726798555015
100 101 -0.1648337307620238
100 183 0.7783002386922557
100 186 -0.8871424726176964
100 189 0.3593196026235028
100 192 0.3367714247879927
100 195 -0.3965196817530776
100 198 0.5058530626686848
100 165 0.1489572051681558
100 168 -0.6442886395744247
100 170 0.3686888706452005
100 173 -0.3330639084189535
100 176 -0.6954899680687994
100 179 0.7412280184268938
101 102 -0.17032475475274733
101 219 0.7956242337516255
101 222 0.2941455623791265
101 225 -0.57594839226078
101 228 0.629994709240721
101 231 -0.7792152066807414
101 234 0.4356912991757709
101 201 0.8927499449236234
101 204 -0.09398160787810883
101 206 0.9521739304303074
101 209 0.6867873233406818
101 212 0.2931237668913842
101 215 0.20741855863307235
102 255 0.4673908662136155
102 258 -0.8674680445954659
102 261 0.34356797367487046
102 264 -0.3094436632770785
102 267 0.3090301259963075
102 270 0.873917669268192
102 237 0.2459575435545902
102 240 -0.14577309959923368
102 242 0.9521632031320262
102 245 0.9312949547316325
102 248 0.6126401845498772
102 251 0.11771267894276649
103 104 0.7759274942047034
103 106 0.6558114855856754
103 183 -0.5073657569878534
103 186 -0.9242538684759039
103 189 -0.3817754647604674
103 192 0.5294775762085786
103 195 0.5633858791250363
103 198 -0.12215333552524466
103 165 0.3506081392854594
103 168 0.6964713200199704
103 171 -0.9665347615624968
103 174 -0.45418700386307176
103 177 -0.595363296576555
103 180 -0.8345658850509541
104 105 0.47994011725778085
104 107 -0.43042522330546595
104 219 0.5150666454520632
104 222 0.47023550805011327
104 225 0.37474319187462757
104 228 -0.574591300019085
104 231 -0.3150274636941499
104 234 -0.9526988165116463
104 201 0.06642076541555642
104 204 -0.7876041920152232
104 207 -0.227283449366793
104 210 0.15445575859642857
104 213 -0.26585736577636676
104 216 0.06803506203518905
105 108 -0.8692865476108991
105 255 -0.34719371653385855
105 258 -0.9263888157859768
105 261 0.8310690130582588
105 264 0.41686278781082553
105 267 0.3087246257258416
105 270 0.36288843913297897
105 237 0.9805005888459983
105 240 -0.7229328492904936
105 243 -0.036281989833742756
105 246 -0.060493013180688004
105 249 0.608103917515453
105 252 -0.7751502940158819
106 107 -0.3159047518629916
106 183 -0.7950282702824487
106 186 0.6458116399350975
106 189 0.9612279638642038
106 192 -0.47290459731054746
106 195 0.70014435059729
106 198 0.4885144127388843
106 165 -0.10703014339620309
106 168 0.4827406511082104
106 171 0.7533614646056312
106 174 0.01985154228734909
106 177 0.07012937971135069
106 180 0.36141616893312145
107 108 -0.702170093686886
107 219 -0.5807026878140575
107 222 0.4875192183013264
107 225 0.6366893982215547
107 228 0.9031085393324079
107 231 0.7009308041428033
107 234 0.4574610967518806
107 201 -0.4206335757951445
107 204 0.8940352820693998
107 207 -0.9501628577288379
107 210 0.4626405667691649
107 213 0.2040801380898325
107 216 -0.9684356264504799
108 255 0.10902680201284287
108 258 -0.021805038753245798
108 261 -0.1582908707635895
108 264 -0.595398801186914
108 267 0.15466469652884074
108 270 0.9089075506247137
108 237 0.5304900618707875
108 240 -0.5235844754502739
108 243 0.6266858813942058
108 246 0.7375725258714916
108 249 0.819428913757813
108 252 0.4390809971729701
109 110 -0.7792983260145523
109 112 -0.9927923971529093
109 183 0.10836332287694539
109 186 0.13010791153916323
109 153 -0.06481680172488735
109 156 -0.8467473720543359
109 159 0.9941735663299358
109 162 0.6494331649623113
109 165 -0.07414307654202523
109 168 -0.3062411294361842
109 171 -0.9127428842206791
109 174 0.6188756245554332
109 177 -0.9950151272339733
109 180 -0.5332808199584023
110 111 0.44424429342711225
110 113 0.2007614440502501
110 219 0.5174339009370668
110 222 0.641123806703455
110 189 -0.8131015647165405
110 192 -0.5252010575745361
110 195 -0.5734214608412396
110 198 0.6276277246063309
110 201 0.9945664360689568
110 204 -0.5548075191582793
110 207 -0.2361428197793729
110 210 0.8937426139054709
110 213 -0.7529534392160127
110 216 -0.678776483354266
111 114 -0.2193141885927108
111 255 -0.34127411949382824
111 258 0.46339662239470614
111 225 -0.14307995526198702
111 228 0.6109587511363437
111 231 -0.23027659186782334
111 234 -0.9820737131949602
111 237 0.007749329681127737
111 240 -0.8876789524893307
111 243 -0.15457989396209593
111 246 0.28113025539925873
111 249 -0.6510662980703477
111 252 -0.9948565040158537
112 113 0.9708796952674901
112 183 -0.7267387747619747
112 186 0.5169223013259285
112 153 0.34283645906048466
112 156 -0.06924445206378671
112 159 -0.8190294250990349
112 162 -0.45182376181545414
112 165 -0.1699673087309328
112 168 -0.48265107809117036
112 171 -0.840024245528443
112 174 -0.03673659735909118
112 177 -0.6630937887506985
112 180 0.043643946822019775
113 114 -0.6583879227989953
113 219 -0.6776554918034283
113 222 -0.9851763115921797
113 189 -0.5142877908966885
113 192 0.7334781688201233
113 195 0.9160639472734822
113 198 -0.3750416074989529
113 201 -0.7519136666489761
113 204 -0.21925589723841887
113 207 -0.8197181774521469
113 210 -0.18896995439518127
113 213 0.5919370708670013
113 216 -0.22538014832022824
114 255 0.030194734797208023
114 258 -0.3567120075750221
114 225 -0.8682338249593753
114 228 -0.46835569996875526
114 231 -0.9118937392042594
114 234 -0.8264037709404706
114 237 0.8910010408277087
114 240 0.7920455472086632
114 243 0.3546275729466284
114 246 0.9038069939541167
114 249 0.23806591461918258
114 252 -0.510514467299154
115 116 -0.8731613502878757
115 118 -0.03910827948373874
115 183 0.5795084318542196
115 186 -0.27039733453416104
115 153 0.8924083687824433
115 156 0.9654498525952224
115 171 -0.2279857838544319
115 174 0.8438702925482013
115 177 -0.3860309475598278
115 180 -0.6363939977193647
116 117 -0.11327588562577362
116 119 -0.1491217021830955
116 219 0.7454653158219902
116 222 -0.3166490274645153
116 189 -0.565145582571781
116 192 -0.2620927703340623
116 207 -0.5106850933856695
116 210 0.7541801048018355
116 213 -0.2484682455294127
116 216 0.40670169470900386
117 120 0.1859152354359883
117 255 -0.6275732392035265
117 258 -0.5125003929212988
117 225 -0.66873116967971
117 228 -0.000518233156015846
117 243 -0.03986720638029362
117 246 -0.371304252809346
117 249 0.2432615692193909
117 252 0.5407108661505962
118 119 -0.791593617056706
118 183 -0.18756282768347377
118 186 -0.1367082889515827
118 153 0.988730412416126
118 156 0.001483430531955987
118 171 0.3751694442948692
118 174 -0.9484742471677834
118 177 0.1402820413094572
118 180 -0.9407984394736166
119 120 0.5427352422645224
119 219 0.1435000697415587
119 222 0.7566002514589776
119 189 0.11770341865444056
119 192 -0.9976934897268643
119 207 0.6250991954918024
119 210 0.2933075562826222
119 213 -0.05696025466546639
119 216 -0.03785213874574955
120 255 -0.8030725702988868
120 258 0.635478169811162
120 225 -0.6865688884292986
120 228 -0.6877707733673062
120 243 0.5134058136042339
120 246 -0.5592976122009619
120 249 -0.966936702483286
120 252 -0.6632221055739977
121 122 -0.4800452976730645
121 124 0.3639007607476352
121 183 -0.6956915241851185
121 186 -0.8429961047630581
121 189 -0.15845634102822426
121 192 -0.7256408643429004
121 207 0.6022167805759719
121 210 -0.7853749112227317
121 177 -0.12541646099189552
121 180 0.7503458245944725
122 123 -0.4011281534081723
122 125 0.9750423757730469
122 219 -0.6883932657892107
122 222 -0.6278388117375053
122 225 0.6121053860498096
122 228 -0.7778264827427517
122 243 -0.5778535288905844
122 246 -0.9892023294622185
122 213 0.3537292922056745
122 216 -0.9389660495521599
123 126 -0.9604279539348761
123 255 0.028026408448891704
123 258 0.05918100454876574
123 261 -0.36310597774252584
123 264 -0.3497753395158154
123 279 -0.3107131071097704
123 282 -0.9233075442401657
123 249 0.8189212921820637
123 252 -0.2712437276572559
124 125 0.6131904853476629
124 183 0.29337359707634914
124 186 -0.0019218998093479822
124 189 -0.128799985937319
124 192 0.7209344057564078
124 207 0.30195269619672205
124 210 -0.15716986418385392
124 177 -0.7012379496371599
124 180 0.5257362237669763
125 126 0.3057174056394014
125 219 0.8705529738481759
125 222 0.38336452416735245
125 225 -0.7519930310194178
125 228 -0.8081451340315868
125 243 0.18470725909195407
125 246 0.6845314549617008
125 213 -0.07982906986451321
125 216 -0.4550353090453936
126 255 0.9163952449846016
126 258 -0.9805634858639716
126 261 -0.15468354526732297
126 264 0.9292700721194915
126 279 -0.007782239353374187
126 282 -0.04308316679847568
126 249 0.5471986010673842
126 252 -0.21372158588273082
127 128 -0.9543755129306137
127 130 0.05881987492498708
127 207 -0.888454007156418
127 210 -0.8031579660309607
127 177 -0.11513661280174481
127 180 0.7606009647883749
128 129 -0.4897712033576864
128 131 -0.7743224034322227
128 243 -0.4727616280105871
128 246 -0.9256989030352496
128 213 0.2791777296246001
128 216 0.16910479874264905
129 132 -0.8860320953180889
129 279 -0.0549040648109953
129 282 0.07262672185904728
129 249 0.4233366882106966
129 252 -0.5853563908956372
130 131 -0.45672805152194584
130 207 -0.8498216941427876
130 210 -0.19937298982898177
130 177 -0.1894907738968139
130 180 -0.3703359071942076
131 132 0.13217907628708137
131 243 0.4319838059149268
131 246 0.24734797146026644
131 213 -0.9136988450328198
131 216 -0.5718037178924078
132 279 0.15705972979543992
132 282 -0.5604708856245026
132 249 0.12097031392092727
132 252 -0.909334651541952
133 134 0.34838632145413295
133 136 0.38595079844708224
133 171 -0.704037593203571
133 174 -0.8562640816258096
133 177 0.619724261367917
133 180 0.8138382745855088
134 135 -0.8311454847527571
134 137 -0.16058026709886875
134 207 0.0894559264180883
134 210 0.7357152646561831
134 213 0.571280001551864
134 216 0.7469248471379055
135 138 0.07086360254036173
135 243 0.10750397233206255
135 246 -0.29708225460658966
135 249 0.7432218173671656
135 252 -0.3509766410943578
136 137 -0.07659079989482209
136 171 0.5189696729818498
136 174 0.5617359412188727
136 177 -0.5161211539393922
136 180 -0.546079599441337
137 138 -0.4898207015830027
137 207 -0.5958204712786117
137 210 0.3633022461574211
137 213 0.03685901242232892
137 216 0.982838291755842
138 243 -0.41358319965432067
138 246 -0.017165296430835086
138 249 -0.3866653003654439
138 252 -0.48825672456299185
151 152 -0.534561044465242
151 154 -0.40510243178325855
152 153 0.2500156356452532
152 155 0.0665082164633568
153 156 0.9671498115497492
154 155 -0.15269707452271808
155 156 -0.6971033980683965
157 158 0.5938888806233207
157 160 0.07226626969294148
158 159 0.5071730068846536
158 161 0.6796609356496688
159 162 -0.6157636848442725
160 161 -0.5520225432140418
161 162 0.8269720765248847
163 164 0.09022361661866096
163 166 -0.7950598038401304
164 165 0.994532969967789
164 167 0.5166905060648737
165 168 0.3989949877411425
166 167 0.2537165885768129
167 168 -0.7365930849169495
169 170 -0.3737387130085119
169 172 -0.978454329119977
170 171 0.3234120206711921
170 173 0.6820564901641393
171 174 -0.5481507683945572
172 173 0.014760048324245156
173 174 -0.285335533521067
175 176 -0.017002072247354283
175 178 -0.36320250780484997
176 177 -0.03445029286872936
176 179 -0.6451528823347361
177 180 0.520864942037653
178 179 0.22912569602137456
179 180 -0.8468278935296059
181 182 -0.6820285552318046
181 184 0.12985227607290972
182 183 0.8532483073521708
182 185 0.19721707209778727
183 186 0.12279412769820741
184 185 -0.924629035438006
185 186 0.4786484935995079
187 188 -0.17241110399608028
187 190 -0.3502685483218533
188 189 0.5352656733632513
188 191 -0.1592769253203763
189 192 0.12869820511278185
190 191 0.9807900439778829
191 192 -0.0828524225889462
193 194 -0.7535369303989501
193 196 0.5794451801624803
194 195 0.4951838221997915
194 197 -0.5801467586541915
195 198 0.43299206115038125
196 197 0.3403659938506409
197 198 -0.048242675019080083
199 200 -0.7716942137752918
199 202 -0.04170953176298742
200 201 0.02196944634206166
200 203 0.23999065105790018
201 204 -0.23576960297021032
202 203 0.22329079705298716
203 204 0.18392235155275216
205 206 0.2472717181501911
205 208 0.4431877587440347
206 207 0.7490290468640721
206 209 -0.986562288337951
207 210 -0.8534079067383544
208 209 0.5033868254687908
209 210 0.4773727913322354
211 212 0.09732344827292305
211 214 -0.7942589507408828
212 213 -0.20225140245957007
212 215 0.3697593344122454
213 216 -0.9710615377879295
214 215 0.3170865630879358
215 216 0.8488931167792175
217 218 -0.8696992453620818
217 220 -0.1664951017633951
218 219 -0.864546089571971
218 221 -0.8282501164704401
219 222 0.027879104978215885
220 221 0.8686176996268291
221 222 0.6122407197201831
223 224 0.942650634606274
223 226 0.21629299745867203
224 225 -0.9846278049468664
224 227 0.3138473702122879
225 228 -0.16448242683422798
226 227 -0.7521242357090914
227 228 -0.5497334388353614
229 230 0.4632936434001451
229 232 0.3366145140922636
230 231 -0.2204480822900894
230 233 -0.6406736026059983
231 234 -0.0890872596616552
232 233 0.4499125631204557
233 234 0.3269394307122757
235 236 -0.8689972873134104
235 238 -0.9176022094481622
236 237 0.485666720914792
236 239 0.060237125709840855
237 240 -0.7665703691863044
238 239 0.8468276878038878
239 240 0.5296278145333098
241 242 0.2659128085764484
241 244 -0.4884846136472609
242 243 -0.970147361253979
242 245 -0.14946449544704676
243 246 -0.17624333514169255
244 245 0.4715816590011832
245 246 0.7285566358692883
247 248 -0.39112755768027174
247 250 -0.42999504460840354
248 249 -0.780886069025686
248 251 -0.30637364530548483
249 252 -0.5643215070221848
250 251 0.11432224032059346
251 252 -0.9686066481383662
253 254 0.4322707334309892
253 256 -0.2005864721612618
254 255 0.1486488296786841
254 257 -0.5626511713543394
255 258 0.5648312789438199
256 257 -0.32987981331701177
257 258 0.5252368507393157
259 260 -0.6100034359431019
259 262 -0.7397109723802227
260 261 0.6264095308210593
260 263 0.3292600839051023
261 264 0.8774395312352017
262 263 0.2731637015289041
263 264 0.4536886301466878
265 266 0.7065973196865996
265 268 0.6603558728552954
266 267 0.47227011363382565
266 269 -0.14587396693823895
267 270 -0.9791383198923778
268 269 -0.12143973076472792
269 270 -0.5001049146394272
271 272 0.006862801989313105
271 274 -0.5634256122518446
272 273 0.8279542542674099
272 275 -0.14920725818901692
273 276 -0.6407393159723151
274 275 0.4812731794562979
275 276 -0.1622286620950375
277 278 -0.13552362004249052
277 280 -0.6226680517293923
278 279 -0.1668335971883672
278 281 0.5684950627314798
279 282 -0.17164114174991707
280 281 0.5439148307977015
281 282 0.955140079609927
