# 
7 7 -2.4258926914409296
8 8 2.769257203505136
9 9 2.3647506308947372
10 10 -0.12557469781011132
11 11 -3.0955474389587803
12 12 -1.0905367557548349
13 13 -1.6367801321846933
14 14 0.21692859952675736
15 15 2.13147368567627
16 16 2.374036533709231
17 17 1.941953848272103
18 18 -3.6270861010118356
19 19 0.9082861997454881
20 20 0.07063740288253406
21 21 -0.058945346418346034
22 22 -1.0732487127858477
23 23 -3.030495999104299
24 24 2.1122615382052183
25 25 -2.311340418815462
26 26 2.5608104136146377
27 27 -1.4783364886245502
28 28 -2.0502250293865547
29 29 1.1527144806129073
30 30 0.4112290368192326
31 31 -3.0948662235515796
32 32 -2.7946517582133588
33 33 -3.6992547599029004
34 34 -2.2742904676275737
35 35 3.654638139836769
36 36 -0.1213272650843269
37 37 -0.20074078557356856
38 38 -2.0026603297050993
39 39 -1.3650949880760743
40 40 -2.2435908483721665
41 41 -2.7166527536968434
42 42 3.5310885349671466
43 43 0.3532456760727074
44 44 0.01511143595397435
45 45 -2.413619472379276
46 46 -0.22980466503019237
47 47 -2.0791169179536686
48 48 -3.7967834795444766
49 49 0.5939680188519159
50 50 1.8737933376083333
51 51 -1.77350802198605
52 52 -0.6163763446992716
53 53 3.9267171603337303
54 54 -2.963714700462793
55 55 -3.369497793368109
56 56 1.0234515887942255
57 57 2.8539803836930346
58 58 -2.8794303594440382
59 59 -2.493391500989998
60 60 1.5618141060694963
61 61 2.423116302154595
62 62 2.2516464507699228
63 63 3.8993110299091063
64 64 1.9541242028886847
65 65 -0.23943627598688444
66 66 2.7915483302008974
67 67 -2.942693989741514
68 68 -0.8585705357701796
69 69 1.2957731188124306
70 70 2.0421825318543316
71 71 0.7150889899816244
72 72 -0.16344005395986816
73 73 0.6179001305515897
74 74 2.159118243685853
75 75 1.3007979077443013
76 76 -3.578617705574829
77 77 -0.10271289835799902
78 78 1.2819483333976134
79 79 -3.589242407101131
80 80 -0.6427881470457164
81 81 -2.5290556136538953
82 82 2.5058126876541937
83 83 2.618355642828716
84 84 2.592426085520734
85 85 -0.40091683328534966
86 86 3.3206356084356257
87 87 1.1673830251435584
88 88 1.2937544054384853
89 89 0.8521199405806854
90 90 -3.5473097928244135
91 91 -0.5718425706929882
92 92 -1.3373980674469985
93 93 1.0333504603620192
94 94 -0.9830372242033505
95 95 -2.541443404806895
96 96 0.4142191861047806
97 97 -1.813021540721384
98 98 -1.925086570051839
99 99 -2.4542975487928143
100 100 2.064697164880646
101 101 -3.910375101013928
102 102 -0.19079730944809103
103 103 -3.914156173034187
104 104 -3.3510308953024186
105 105 -3.3121893488840044
106 106 2.8201880916796283
107 107 3.54158933733812
108 108 1.264517292430856
109 109 0.7015691813223901
110 110 -3.4407305841441085
111 111 -0.40510304325598234
112 112 -1.1453221953671244
113 113 1.8840038221016675
114 114 -1.842511357742243
115 115 3.6433464846726675
116 116 3.3856851342941887
117 117 -1.1681802067546245
118 118 -1.9853017846928873
119 119 -2.392752548896987
120 120 1.7237252144808028
121 121 0.819891309561811
122 122 3.844907377448112
123 123 3.5879412593332844
124 124 1.1409803326257872
125 125 -0.13747336396007181
126 126 2.8547585478854334
127 127 -0.8879310800871396
128 128 3.052399096512614
129 129 1.7895025172428314
130 130 1.9254322757641305
131 131 -2.515099386501598
132 132 3.361557478869134
133 133 -3.6950551523772033
134 134 3.0232946617538037
135 135 2.971764670772819
136 136 -3.220604567610029
137 137 0.9056604529362753
138 138 0.04859318666653323
151 151 1.9943633599183501
152 152 2.8453107139708784
153 153 -3.922795148513118
154 154 -2.0852047749282967
155 155 1.786979359599684
156 156 -2.314079890445762
157 157 -2.021682370000634
158 158 -1.5045940853365565
159 159 1.5261209623948977
160 160 1.3363716591233432
161 161 2.489781562473489
162 162 -2.346013249115897
163 163 -3.854396493457905
164 164 0.2747217675780327
165 165 1.1299471364060887
166 166 -0.9568499859428039
167 167 -3.2101577019286704
168 168 -1.2499841551539976
169 169 -3.3671723594503646
170 170 2.672539871723825
171 171 -2.5708783491438405
172 172 -2.584343644817137
173 173 3.9837035311711064
174 174 -3.0855163765060523
175 175 -2.3833601514996223
176 176 3.641810376743221
177 177 -1.4445046317072538
178 178 2.4825187266469433
179 179 -0.2906427450310387
180 180 -1.117770244353295
181 181 -1.4789269992250835
182 182 1.6133446806726246
183 183 -2.1872549291302414
184 184 0.9879714641242652
185 185 -2.9451251291430474
186 186 -3.19059715227261
187 187 -1.3994328283364537
188 188 -3.6195005479377693
189 189 -1.9506573933810243
190 190 2.3881200340120703
191 191 1.2700716799341931
192 192 0.4436553630896789
193 193 -0.496240564353716
194 194 -3.6918532930015138
195 195 1.6213270790062992
196 196 2.3295802076995296
197 197 -0.9144342008204438
198 198 3.8278021656120673
199 199 0.9478245151645339
200 200 0.17226905384197977
201 201 -0.5790565492061699
202 202 -0.46953518878439215
203 203 1.6673581963196877
204 204 2.760868787129475
205 205 -1.9116327329359333
206 206 -3.2251905000365317
207 207 2.9860275765805007
208 208 3.2657983917005886
209 209 -1.2180987030052544
210 210 1.9255230856658354
211 211 3.567934890643981
212 212 3.3298406723399747
213 213 -0.1755753953715562
214 214 3.562031960705454
215 215 -0.4775720275508313
216 216 1.8783228900520275
217 217 -3.0662307768098493
218 218 0.14557793930889673
219 219 3.2684232538234905
220 220 2.487901334649531
221 221 -1.169037249788789
222 222 0.9651579044386533
223 223 -2.3447570147593275
224 224 1.0611906546015133
225 225 -1.7461540729891922
226 226 2.553491114799506
227 227 -2.86389260656936
228 228 -1.0749123479028793
229 229 -1.2422853745470555
230 230 -1.5944381411895456
231 231 -2.1358641816801613
232 232 1.3007809334967648
233 233 -2.8180920833004786
234 234 -2.237720215274753
235 235 -0.4868009807058842
236 236 1.6829995266046058
237 237 -0.7424231903090899
238 238 2.281609221221175
239 239 -1.0990075490734759
240 240 1.7278636448182745
241 241 2.568422327848417
242 242 -2.3378671393431008
243 243 2.011376505304777
244 244 2.475856647705319
245 245 -2.446330165999547
246 246 0.1284810853995486
247 247 -2.6400402152165947
248 248 -0.81527554253588
249 249 3.4117919472352654
250 250 -3.195433684197231
251 251 -0.941959661863697
252 252 -3.350276787004768
253 253 3.8954197179172745
254 254 -3.8645295830481032
255 255 -0.5382465595977246
256 256 1.1550500297574597
257 257 1.4173990808592283
258 258 1.7311223682404417
259 259 2.510189798886868
260 260 0.5823084636787232
261 261 -2.4637704583591837
262 262 0.04435096817230022
263 263 -2.3758450773538016
264 264 -2.9642177409276274
265 265 -3.4064210502152097
266 266 1.4728887727949864
267 267 1.9889458446831583
268 268 2.5382329957680483
269 269 1.1471054893898769
270 270 3.335926132452088
271 271 -1.6690529106721055
272 272 3.875422025333246
273 273 0.4108417884600071
274 274 -0.1460861525848518
275 275 -1.7320172451870182
276 276 1.3243324218851056
277 277 -3.863188642742763
278 278 1.9037136147247837
279 279 -3.1512679871490734
280 280 -3.3403446838271167
281 281 0.5226900112993347
282 282 3.7313718954948323
7 8 -0.5514469649197922
7 10 -0.9997386397824832
7 157 -0.010789418043992915
7 160 0.9599740862461665
7 163 0.841427838917606
7 166 0.7103539672541694
8 9 -0.9682266088465266
8 11 0.8104226546461968
8 193 -0.009377836700011244
8 196 -0.8332086141692092
8 199 -0.4212989319163183
8 202 -0.5273435327086322
9 12 0.18517771231792546
9 229 0.781950323509659
9 232 0.5766458838028907
9 235 -0.7839842867876867
9 238 0.06512148866773182
10 11 0.16623121841292865
10 157 0.6406051777072237
10 160 0.23793266329561047
10 163 -0.5866070708193127
10 166 -0.649591364357825
11 12 -0.38182888107330104
11 193 0.5396411424265959
11 196 0.8657377884869353
11 199 -0.6273130852282576
11 202 0.7095959643383007
12 229 0.2483102277417708
12 232 0.34251176668055416
12 235 0.6777082190783734
12 238 -0.35003954319448694
13 14 0.05151535335012691
13 16 -0.7493863823831328
13 193 0.726068472802597
13 196 -0.6869277029955556
13 199 0.3530564342216387
13 202 0.7213371702302853
14 15 0.2388537939349742
14 17 0.30788915907303127
14 229 -0.8153345709542812
14 232 0.8093379996405277
14 235 -0.3353447785675392
14 238 -0.5654283293189923
15 18 -0.5119878522694434
15 265 0.8844327976355693
15 268 -0.7812743456886879
15 271 0.35494331399139134
15 274 0.578786187289333
16 17 -0.36131414361813374
16 193 -0.7325635226860516
16 196 -0.6734723301648702
16 199 -0.30509432407159753
16 202 -0.6666726240917109
17 18 0.27743784932231286
17 229 0.07890441197170239
17 232 0.6278962899280756
17 235 -0.9554073093711988
17 238 -0.776058896440234
18 265 -0.6267410207666448
18 268 -0.4311412392331231
18 271 0.6677889725154276
18 274 0.14386510930149865
19 20 -0.7387339043503132
19 22 0.2969579492057697
19 181 0.6934366378165095
19 184 -0.08049207088167254
19 187 0.7799082285148431
19 190 0.05376820713246455
19 193 -0.7688241887235008
19 196 0.505273228661903
19 199 0.06310776012505759
19 202 -0.5713965024684862
20 21 -0.35906573718089807
20 23 0.528020202212486
20 217 -0.8626729130450566
20 220 -0.9505397876106991
20 223 -0.2489480219398137
20 226 0.09113782854357799
20 229 -0.9698533200368882
20 232 -0.6320540780281074
20 235 0.08465031338798035
20 238 0.609846197856045
21 24 0.9696852074334179
21 253 -0.9545569218600012
21 256 0.3101647368942466
21 259 -0.6476995491726205
21 262 0.46462096863188185
21 265 0.873871852854442
21 268 -0.5107360736971731
21 271 -0.3383270513492598
21 274 -0.35143044468754625
22 23 0.9048511827190118
22 181 0.9167659844866121
22 184 0.8812386729262054
22 187 -0.04453967991618124
22 190 0.8154507225723631
22 193 -0.305992699431471
22 196 0.6636126605468329
22 199 0.8164248403548509
22 202 0.2884129717333792
23 24 0.532712151813225
23 217 0.7150534816282967
23 220 -0.28079691433759124
23 223 0.995233312217046
23 226 0.7296188190486901
23 229 0.45053813224761363
23 232 -0.5903004016919333
23 235 0.7248128608904245
23 238 -0.53382446403337
24 253 -0.888990073016563
24 256 0.9780468521392733
24 259 -0.13841972464629326
24 262 0.2454156474463156
24 265 -0.347254133581409
24 268 -0.3563913010839681
24 271 0.15588436526692662
24 274 -0.9533834983971139
25 26 -0.3634845054501721
25 28 0.07648711655807494
25 181 0.07934129999103323
25 184 0.5704749145301589
25 187 -0.8947910429727441
25 190 -0.8687973592104545
25 193 -0.7666165559971021
25 196 -0.8445483344446698
25 163 -0.5444741619849183
25 166 -0.6974968190648723
26 27 -0.8632432356078972
26 29 -0.9685710173763038
26 217 0.655133524914119
26 220 -0.8331614344415756
26 223 -0.08699619435093475
26 226 0.05295097489705802
26 229 -0.5645201791282848
26 232 0.4730763216805809
26 199 0.462565745707878
26 202 0.45998449521070817
27 30 -0.48509958474147186
27 253 0.23097061894391913
27 256 0.9287671606606831
27 259 0.8094888945968686
27 262 -0.8761917779539337
27 265 0.2274153326508268
27 268 0.17458901974492624
27 235 0.8285732212904673
27 238 0.809882540599709
28 29 0.5632438655262961
28 181 -0.3162908442520942
28 184 0.6619612749167092
28 187 0.13513691660713678
28 190 -0.9797873037711209
28 193 0.3276511857769393
28 196 -0.9842752623043027
28 163 0.38153403180351564
28 166 0.5446742725693916
29 30 -0.03271111431788509
29 217 -0.3696889449427436
29 220 0.7308686035902756
29 223 0.018126090542722517
29 226 -0.8945952308304981
29 229 -0.9666748906628333
29 232 -0.7864161552391877
29 199 -0.6251803931155331
29 202 0.23056130628134208
30 253 -0.7359421282672336
30 256 -0.5435358952851388
30 259 -0.3412351966484617
30 262 0.7786306954507778
30 265 -0.6979149285910613
30 268 -0.6624379176492019
30 235 0.18798690337237045
30 238 0.04380197773912853
31 32 0.05445246768358358
31 34 -0.6363075311060802
31 181 -0.009339142495813135
31 184 -0.2144266450061716
31 187 0.34155675321668877
31 190 0.2543983866988089
31 193 0.3954063922898945
31 196 -0.031701816511290115
31 163 -0.9766172646845963
31 166 0.4642532034441862
31 169 0.216068190570182
31 172 0.7080911297807568
31 175 -0.9753841656883318
31 178 0.925284966718767
32 33 0.0838318258174009
32 35 -0.39524275649277474
32 217 0.9220119343089963
32 220 0.8797310542188452
32 223 0.816833061501486
32 226 -0.022843695589943813
32 229 -0.31850773655407383
32 232 -0.6231608152316561
32 199 0.6405648844358349
32 202 -0.7925716716779654
32 205 -0.8623409432449463
32 208 0.5494639384166433
32 211 -0.6383464947686976
32 214 -0.5042887111520886
33 36 0.7010242709920638
33 253 0.8740969508089989
33 256 -0.7930078838575629
33 259 0.4420677430618907
33 262 0.5011008146999243
33 265 0.6005143542356726
33 268 0.2513127646852735
33 235 -0.9809528766496289
33 238 0.4657658913800158
33 241 -0.8996621920030117
33 244 -0.4993829175256903
33 247 -0.3517873171047634
33 250 -0.6968264837270173
34 35 0.8290775837239153
34 181 0.0915594997401874
34 184 0.15635861173088417
34 187 -0.49075191468702895
34 190 -0.5042971092012525
34 193 -0.20179405062447398
34 196 0.03530313794972084
34 163 0.07110914538749746
34 166 -0.9601164782039986
34 169 0.6995050247618058
34 172 0.643553220776584
34 175 -0.7645066487340606
34 178 -0.38114790946680754
35 36 -0.4649246085934917
35 217 0.17533909799117287
35 220 -0.5265915786101856
35 223 -0.05117577129217321
35 226 -0.3801772668932877
35 229 -0.28101972433555567
35 232 -0.846485738932764
35 199 0.8924317837345135
35 202 -0.1784928673272128
35 205 0.9686804582295152
35 208 0.2015945552108438
35 211 0.98298996175326
35 214 0.09653337617426971
36 253 0.22755020249079871
36 256 0.2729302356269203
36 259 -0.0764102096340118
36 262 0.0768700866137828
36 265 0.2935082375411897
36 268 -0.9902380103441537
36 235 -0.27079103746736277
36 238 0.7569678961122115
36 241 0.8855235312204341
36 244 -0.03470750440636872
36 247 0.10839582187537489
36 250 0.33772328835276344
37 38 -0.18968222683744096
37 40 0.12442183715982513
37 181 -0.8628019788531835
37 184 -0.6364089012905925
37 151 0.9003978951826033
37 154 -0.7576570881999918
37 157 -0.5227277907235661
37 160 0.6855111892632084
37 163 -0.2363005953630033
37 166 -0.3039316471501874
37 169 -0.5488239978131522
37 172 -0.5176941138273397
37 175 0.0018361499001569026
37 178 0.2845258653825471
38 39 0.8494832344490006
38 41 0.0899374387009293
38 217 0.1838045846291465
38 220 0.6553634591839201
38 187 -0.07774324485808459
38 190 -0.2201267924154393
38 193 -0.7744626794354128
38 196 -0.47988778713035996
38 199 -0.32923132663904786
38 202 -0.3335732921039436
38 205 -0.6886012951033698
38 208 0.5069029813115333
38 211 0.8360815360775788
38 214 0.15578489967094566
39 42 0.5935921234755601
39 253 -0.4206469856657482
39 256 0.017613057038762925
39 223 0.8777194974925346
39 226 -0.07892740949539467
39 229 0.4117057748395361
39 232 -0.9191052527776111
39 235 0.39476812618888046
39 238 -0.6907017683802772
39 241 -0.07942251280065316
39 244 -0.4260111776075155
39 247 -0.95766743358905
39 250 -0.8636124284580251
40 41 -0.22834503068161682
40 181 -0.7288969840501605
40 184 -0.2706375035561672
40 151 -0.10663412063664501
40 154 0.3972734309434163
40 157 0.435131341492381
40 160 0.8984001961433019
40 163 0.20336924825173575
40 166 -0.8793454454403278
40 169 0.39072495422014963
40 172 0.03330093161397407
40 175 0.8857859353313571
40 178 0.6613643788495467
41 42 -0.670410235545758
41 217 -0.6675722030421167
41 220 0.5591837963175033
41 187 -0.3969185994182469
41 190 0.4139282662790176
41 193 0.4243354792909937
41 196 -0.3461299749516027
41 199 -0.3125322521248852
41 202 -0.4259186313705188
41 205 0.6326950905580238
41 208 0.3257192889723446
41 211 -0.8431078982332498
41 214 -0.7313601335724218
42 253 0.8624570594398879
42 256 -0.8576216298402388
42 223 0.7293818460947128
42 226 -0.9550227692467677
42 229 -0.43898770107255425
42 232 0.28015255293142727
42 235 0.31053203254829365
42 238 -0.5322087765036547
42 241 -0.5842601951388298
42 244 -0.9319724550171777
42 247 -0.18144149609413107
42 250 -0.08143412164407149
43 44 0.5244866452174708
43 46 0.4540564977645323
43 181 0.500019352785749
43 184 -0.5754345206319089
43 151 -0.7371770791550853
43 154 0.6188779755426974
43 158 -0.3153369850417931
43 161 0.8047360207229479
43 164 0.8091392690357961
43 167 -0.42023663206816075
43 169 0.9747899890760949
43 172 -0.095312427834368
43 175 0.45371128398739446
43 178 0.9054287027465617
44 45 0.6034311425607322
44 47 -0.3857101352076715
44 217 0.549795661698121
44 220 -0.034955708510955086
44 187 -0.7536257116182743
44 190 -0.6958660358148656
44 194 0.24304361835445087
44 197 -0.898044610967965
44 200 0.5090263194771938
44 203 0.16751331661293833
44 205 0.13580244374320505
44 208 -0.5411603898734625
44 211 -0.10870845593193579
44 214 -0.14791913733243534
45 48 0.5870704531964024
45 253 -0.0012035316202436697
45 256 -0.6061663393331433
45 223 -0.5430929615488471
45 226 0.8809308415458361
45 230 -0.994362742815498
45 233 -0.6212333694237311
45 236 -0.5372482458634411
45 239 -0.9014927985442112
45 241 -0.9118357667202155
45 244 -0.7382090180526859
45 247 0.5692287602986865
45 250 -0.5987288990158703
46 47 0.38600937255731416
46 181 -0.0491612358103104
46 184 0.9972658337873324
46 151 0.12907725581124474
46 154 -0.7729427518187888
46 158 0.4717562491421188
46 161 -0.21449241561476895
46 164 -0.8605325507417585
46 167 -0.9521502846863215
46 169 -0.48680163734007387
46 172 -0.4693908149690076
46 175 -0.8109794400316923
46 178 -0.980170638718926
47 48 -0.6700313593285621
47 217 0.9060146626164869
47 220 0.12850781222270546
47 187 -0.5692395790512674
47 190 -0.7669207550028809
47 194 0.5107662674233235
47 197 -0.783520661444933
47 200 0.9717343567680916
47 203 -0.9375171031628473
47 205 0.6295282471729544
47 208 0.9195785092954234
47 211 0.4712895926255243
47 214 0.45838130455535264
48 253 -0.14058373598899188
48 256 -0.8501298271442268
48 223 -0.06622451464378698
48 226 0.45989641806409454
48 230 -0.7008168285667011
48 233 -0.4076638418288725
48 236 0.7037997072601023
48 239 -0.8250707379290747
48 241 0.06712997882067984
48 244 0.301067666253265
48 247 0.311537267050793
48 250 -0.2921528900136361
49 50 -0.23207942544896132
49 52 -0.6213048032678048
49 181 -0.624803306003646
49 184 0.47730462093024006
49 187 0.39119463529253196
49 190 -0.667445638807278
49 194 0.8833423836580625
49 197 -0.32004376437613247
49 200 -0.2849608094019058
49 203 0.7786410527259253
49 205 0.2324322798836571
49 208 -0.5494868831098392
49 175 0.7026700941964543
49 178 0.8330943524802674
50 51 0.07311684844740518
50 53 0.9544009044318458
50 217 0.20160750696411522
50 220 0.17787521649231297
50 223 0.8769250495429657
50 226 0.06713961786613387
50 230 0.1442779641220151
50 233 0.2353114662201492
50 236 -0.5712080320384147
50 239 0.4378991835459898
50 241 0.6283092674826365
50 244 -0.05103501568982405
50 211 -0.601822747954311
50 214 -0.5564831295272645
51 54 0.16294111339916273
51 253 -0.29653930503731174
51 256 -0.710596240071109
51 259 -0.4254246207402914
51 262 -0.592632358914835
51 266 0.04480920992205162
51 269 -0.3445112176189593
51 272 0.3567942784206408
51 275 -0.485304222116113
51 277 0.1161316615781105
51 280 -0.27440174496800007
51 247 -0.7760383714874108
51 250 -0.9180200809656476
52 53 0.637979333635929
52 181 0.5199646426900639
52 184 0.9436970827654187
52 187 -0.552087274038852
52 190 0.6089190954161809
52 194 0.33281320996809427
52 197 -0.19798457161933514
52 200 0.8457252047258228
52 203 -0.6463346301558466
52 205 -0.9813691366333732
52 208 -0.07360576371733263
52 175 0.8804212998306906
52 178 0.5761496460563642
53 54 -0.0935487783892055
53 217 0.3481461139582789
53 220 0.27528422088861326
53 223 -0.4778498998448204
53 226 0.009963262426491815
53 230 0.7343611057134836
53 233 0.27647005140061176
53 236 -0.6185203717375494
53 239 0.6843465035360694
53 241 0.722601755456433
53 244 0.13354650246527178
53 211 0.9488081516992277
53 214 0.41660697372008126
54 253 0.9266976097239532
54 256 0.9543943705874045
54 259 0.22219309765454898
54 262 -0.3660335079848518
54 266 -0.22688529377730582
54 269 0.15410322988611358
54 272 -0.6445151772211601
54 275 -0.33911545264523824
54 277 -0.06870603959855459
54 280 -0.27372128079610647
54 247 -0.32423920793320815
54 250 -0.4124945248011602
55 56 -0.2659636664225984
55 58 -0.17317346394536148
55 182 0.3854775117773377
55 185 0.21734986989095195
55 188 0.9416389214142569
55 191 -0.2872439401589737
55 194 0.9790791160554195
55 197 0.7798214363026661
55 200 -0.08139145631699551
55 203 -0.348805061750463
55 205 0.34976780752653225
55 208 -0.33849489371484665
55 175 0.5712947569937963
55 178 0.5172705663354487
56 57 0.34270059930985486
56 59 -0.1710436516136269
56 218 -0.32073920375826526
56 221 -0.16582401341830044
56 224 -0.8577469168609289
56 227 0.5675570690046117
56 230 0.9170856641081293
56 233 -0.8202286121278086
56 236 -0.7947052067771714
56 239 -0.6807983081791664
56 241 -0.7933017735857737
56 244 0.24558165876145588
56 211 0.8306129427435425
56 214 0.6071573617356016
57 60 -0.5063276241300849
57 254 -0.5858043406912852
57 257 0.8382060347208615
57 260 -0.38747180477795884
57 263 0.006972152836801415
57 266 0.754012688379931
57 269 -0.07932703629641447
57 272 0.24112347258196554
57 275 0.2535461836650459
57 277 -0.3971118213009992
57 280 -0.5918884384193084
57 247 0.0775512830597489
57 250 -0.8238406748378995
58 59 -0.5267861314155569
58 182 0.9884751332162802
58 185 0.5568281989463721
58 188 0.12891439232839574
58 191 0.26054933724091534
58 194 0.9408226961193324
58 197 -0.4520212482180719
58 200 0.17346458061942993
58 203 -0.16984493242405896
58 205 0.11697947803499065
58 208 0.3344811901356233
58 175 -0.7810850767047124
58 178 -0.4155977747066337
59 60 -0.7004371227778505
59 218 0.5341615808450089
59 221 0.582542151068868
59 224 -0.7020981647592761
59 227 0.38562677340205154
59 230 -0.23750740688146132
59 233 -0.4124069739335885
59 236 0.7026997055278625
59 239 -0.4224678103142203
59 241 0.20243232576583026
59 244 -0.664891581235681
59 211 0.5281863862454581
59 214 -0.4769690101066053
60 254 0.7618307248235179
60 257 0.26212796509298353
60 260 0.9409828037752079
60 263 0.5356674835522401
60 266 -0.7803211750325914
60 269 -0.16043198060981734
60 272 0.9926061983806038
60 275 -0.35999951930914365
60 277 0.6620326250484694
60 280 -0.1770687126313928
60 247 0.8962201786198543
60 250 -0.23913535738065628
61 62 0.5993081916139462
61 64 -0.08314275660376902
61 182 0.19119523069992672
61 185 -0.8884989718161549
61 188 0.2357619246349083
61 191 -0.17170864940831
61 194 -0.497570006668111
61 197 -0.31989394697773
61 164 0.3022395802153246
61 167 0.4211855530688742
61 169 0.19209311042485222
61 172 0.1549513613629374
61 175 0.09478124599144122
61 178 0.9428816696964546
62 63 -0.6853384874415174
62 65 -0.8392039317188948
62 218 0.14685625146486303
62 221 -0.6334420676961063
62 224 -0.7424287203508861
62 227 -0.1730901460769918
62 230 0.10145366645562892
62 233 -0.9661587344481952
62 200 0.1690758376286683
62 203 -0.5753661760590143
62 205 0.8958747990010985
62 208 0.6531538795426663
62 211 0.10364821615016018
62 214 -0.23042501258324832
63 66 -0.49215697705458417
63 254 -0.5157103170891546
63 257 0.009283068817005358
63 260 0.4194790084198734
63 263 0.8912828179380912
63 266 -0.8061630502551458
63 269 0.0001066352820642269
63 236 0.5585585430373909
63 239 -0.8820776168671314
63 241 -0.27578426361684416
63 244 -0.0758879436755795
63 247 0.4144728975404217
63 250 0.2584961055534636
64 65 -0.4618910072286424
64 182 -0.6067579561126588
64 185 -0.300915902039395
64 188 0.8682361471089175
64 191 0.00012936966763987812
64 194 0.47406515145384276
64 197 -0.9974278065891424
64 164 0.5353370641708564
64 167 0.4154233294311529
64 169 0.26447587774435166
64 172 0.2798946250537975
64 175 -0.7481273636901444
64 178 -0.8467205654799699
65 66 -0.7412895724490034
65 218 -0.4050479948130994
65 221 -0.08750602308666355
65 224 0.9644945693914675
65 227 0.6268379321935462
65 230 0.9458123023904368
65 233 0.450528496713934
65 200 -0.5598033917155945
65 203 -0.17791499440081293
65 205 0.0499836675898091
65 208 0.45745219819815364
65 211 -0.6214746292919264
65 214 0.9456699711680485
66 254 0.619555303881764
66 257 0.7743852692372735
66 260 0.5931564051279119
66 263 0.6743184924418948
66 266 -0.022519077874610716
66 269 -0.6622362272846041
66 236 0.24597620879588256
66 239 -0.027722956614274263
66 241 0.5064989360793175
66 244 -0.5086784225497256
66 247 0.4650090983319344
66 250 0.35383079053917355
67 68 -0.27046522192516687
67 70 0.552559091621682
67 182 0.6177467778720653
67 185 -0.3304019458106071
67 188 0.9189095090738193
67 191 -0.7441702783070663
67 194 -0.4528612388993314
67 197 0.09723949574678903
67 164 0.5445227877022167
67 167 0.5007172692318749
67 170 -0.06076826411583136
67 173 0.7642897525676411
67 176 -0.421410880552181
67 179 -0.926061923421353
68 69 -0.3841900661422859
68 71 0.6350450873780813
68 218 -0.17024421993023453
68 221 -0.18875999847074465
68 224 0.5666995040518747
68 227 0.18153620419554461
68 230 0.1154376469794578
68 233 -0.821529731208696
68 200 -0.723696536784429
68 203 -0.5752297420582744
68 206 -0.47260867913470195
68 209 -0.7918465579217346
68 212 0.553016929087139
68 215 0.16751590851715625
69 72 0.37062099208113275
69 254 -0.5762909707532684
69 257 -0.6400112246709582
69 260 0.06185517685284858
69 263 -0.7891099270192861
69 266 0.7797895205867713
69 269 -0.23298298776311777
69 236 -0.6425200068145
69 239 0.3449063861212318
69 242 0.8563354608208671
69 245 0.9744531327862853
69 248 -0.9569912727232384
69 251 -0.3836536503196524
70 71 0.26221277387329645
70 182 0.8246560396126326
70 185 0.47616711783469334
70 188 0.5198220347858573
70 191 0.8239466947871317
70 194 -0.04324462142591501
70 197 0.07029990340094394
70 164 -0.38883836203646327
70 167 0.7507767894966748
70 170 0.16273495971543306
70 173 0.4796531657440042
70 176 0.5212992202181352
70 179 -0.4967293293516597
71 72 -0.5666556105835121
71 218 -0.491376189193625
71 221 -0.8490030438586018
71 224 -0.1339494173791358
71 227 0.32174284282032795
71 230 -0.6441845804785471
71 233 -0.7769765650645264
71 200 0.3875250652224349
71 203 -0.2642386375182648
71 206 0.13414072379967612
71 209 -0.11006745793085226
71 212 0.4892685573573441
71 215 0.8869574179545734
72 254 -0.019746692549694744
72 257 -0.39506653139196235
72 260 0.3110412446898658
72 263 -0.45261337585416017
72 266 0.6323954733548527
72 269 0.7332793239175863
72 236 0.628542290017885
72 239 -0.7711961813161121
72 242 -0.9399844638638823
72 245 0.5252719278507747
72 248 0.6979823649230197
72 251 -0.901982591281187
73 74 0.6085266461685275
73 76 -0.3738796029894711
73 182 -0.5478710722655584
73 185 -0.8873343905978168
73 152 0.8196139667765745
73 155 -0.3492783817898737
73 158 -0.7051518283484641
73 161 -0.3459901565340795
73 164 0.13924559590786356
73 167 0.12452996223827162
73 170 -0.46536628449411555
73 173 0.37523059730953845
73 176 0.8321705093254244
73 179 0.343408526573997
74 75 0.47496500928713803
74 77 0.9412584338872518
74 218 0.5402307411120977
74 221 0.8843972688422548
74 188 0.7091192563338402
74 191 0.999953313795658
74 194 -0.4907946203408149
74 197 -0.08681738338950007
74 200 -0.8157578881470962
74 203 0.3103099185393374
74 206 -0.11408562944510736
74 209 0.590358608462545
74 212 -0.8405305049926239
74 215 -0.8787455423825927
75 78 -0.9704734022272206
75 254 -0.5373042144532805
75 257 -0.09495544539739131
75 224 -0.3071661466772959
75 227 0.7294416585616657
75 230 0.47962989668672074
75 233 -0.007258149454846263
75 236 -0.4853018704530745
75 239 0.7263652847414168
75 242 -0.5596463989897311
75 245 -0.26100315647842676
75 248 -0.62804327674604
75 251 -0.7521365988890591
76 77 0.5011808464778311
76 182 0.4080420274296537
76 185 -0.4582982696622935
76 152 -0.14049715132648632
76 155 0.6438739281417074
76 158 -0.9805063901180233
76 161 -0.7890056609671483
76 164 -0.17403217148582772
76 167 0.8481598429077433
76 170 0.0541666568957504
76 173 -0.139144432949041
76 176 0.6526580674960314
76 179 -0.5517717118361234
77 78 -0.2843984158175694
77 218 0.9256907440009712
77 221 0.29023120742590236
77 188 0.9859775894707736
77 191 -0.3538412921488414
77 194 -0.5506356431840067
77 197 0.39508480904986953
77 200 0.25746572544072
77 203 0.7217763980873002
77 206 -0.19631325390086296
77 209 -0.39730419866621913
77 212 0.7215053653856034
77 215 0.8495587687484936
78 254 -0.47081277590508597
78 257 0.6302970924045772
78 224 0.14218334855399895
78 227 -0.8955660026386514
78 230 -0.7208020221510203
78 233 0.7582747408986166
78 236 -0.8043359293957979
78 239 0.8276151323774708
78 242 -0.5165981616864819
78 245 -0.8788978395532039
78 248 0.7445087836070197
78 251 0.2855890452015337
79 80 0.2303637556743705
79 82 -0.48567455677268634
79 182 0.4676193176944883
79 185 0.9553664216621076
79 152 -0.2724648216845884
79 155 0.9620266690009529
79 159 -0.7481109031864406
79 162 0.5864676505479263
79 165 -0.7230926638162458
79 168 0.5264301764354653
79 170 -0.43248636356311887
79 173 0.6111335169752681
79 176 0.5118488553185039
79 179 0.43267405835808703
80 81 0.7173388786225616
80 83 0.9928551859138048
80 218 -0.9228440797002744
80 221 0.138534848632754
80 188 0.6939810914083338
80 191 0.2583364364330307
80 195 0.45589383840875053
80 198 -0.47112548812984834
80 201 -0.8057818389714764
80 204 0.1531927417883796
80 206 -0.8565546325338822
80 209 0.7402220397574515
80 212 -0.3771023310947046
80 215 0.44743985933594255
81 84 -0.8642548482938843
81 254 -0.5361527526668037
81 257 0.22436718346035378
81 224 0.6662762032806397
81 227 0.2586919723627312
81 231 0.5863726405660283
81 234 0.7556978135838952
81 237 0.6854061297756235
81 240 0.08976036935937293
81 242 0.13947766874195078
81 245 -0.014490639300907215
81 248 -0.7423077384679004
81 251 -0.19843076808638527
82 83 0.27468426183251515
82 182 0.4452144231173616
82 185 0.994768378843045
82 152 -0.6571894433664276
82 155 -0.46571744653919467
82 159 0.8030580748227261
82 162 -0.13377347420012642
82 165 0.5445452885793991
82 168 -0.30377410504561153
82 170 0.7736341697605289
82 173 0.9450568409269158
82 176 0.7044778790955046
82 179 0.43659431615947764
83 84 -0.09945957945022532
83 218 0.9849145286419694
83 221 0.009282844982368976
83 188 0.967231311717226
83 191 0.4777775487094065
83 195 -0.33868493000856614
83 198 -0.2823035052685443
83 201 -0.959004563020359
83 204 0.3560956921282237
83 206 0.3783837968759929
83 209 0.8325441101469058
83 212 0.24421492999105898
83 215 -0.16217371595675556
84 254 0.529922248441612
84 257 0.9988349280551927
84 224 0.19634080069761128
84 227 0.4108369160088057
84 231 0.2985285693510289
84 234 0.011120158250037093
84 237 -0.49201759581685356
84 240 -0.4656621777419081
84 242 -0.5479483139162749
84 245 0.38901319878906615
84 248 -0.1561918166970213
84 251 0.691503259581361
85 86 -0.2681723082720895
85 88 0.10436974688708167
85 182 -0.366158561795515
85 185 -0.7040927198119444
85 188 0.24690469096168677
85 191 -0.2944054989244995
85 195 0.48202209654390527
85 198 0.404730633362016
85 201 -0.8852556069004647
85 204 -0.9803258103334349
85 206 -0.864651731260929
85 209 -0.9208112699355959
85 176 -0.5363393112192045
85 179 0.9936948193705173
86 87 -0.5751710081756136
86 89 -0.4191391717528692
86 218 0.18969276093355747
86 221 -0.88568994860034
86 224 0.37183362591544333
86 227 -0.9764835260531934
86 231 0.9974593923280788
86 234 0.24314022270563185
86 237 0.2162656694685532
86 240 -0.3142662695232219
86 242 0.2909976834093828
86 245 0.01157855014736131
86 212 0.5074379592876701
86 215 0.7666410076053318
87 90 0.7807451860908685
87 254 -0.601407188592975
87 257 0.3204941664300862
87 260 0.10149001916678202
87 263 -0.17000504016145523
87 267 -0.5402765669969376
87 270 -0.6906771791726867
87 273 0.8853625936026084
87 276 -0.8491020069590389
87 278 -0.29893477138293956
87 281 -0.4451970142617616
87 248 0.151080038008093
87 251 -0.2869806492636291
88 89 -0.9352915796771333
88 182 0.17467415571515077
88 185 -0.5381760997440814
88 188 -0.13173018742305675
88 191 0.47063028286866704
88 195 0.17157882886808773
88 198 0.7519540382533323
88 201 -0.099121068150682
88 204 -0.92033755986702
88 206 0.6588312683471975
88 209 0.1285879729486108
88 176 -0.7787777882431319
88 179 -0.34508528388593196
89 90 0.4620700712605159
89 218 0.05493428385666421
89 221 0.8630711267984341
89 224 -0.23121106687664983
89 227 -0.7233972915826541
89 231 -0.21167574837590153
89 234 0.9638521161206308
89 237 0.2373050266105663
89 240 -0.6507887328313295
89 242 0.4115412347490579
89 245 0.456729091911118
89 212 -0.022001776639649417
89 215 -0.38903086173749335
90 254 0.054807425470105864
90 257 -0.8949828144046927
90 260 -0.6925970409482483
90 263 0.10703793056352584
90 267 -0.011474346800012025
90 270 0.2254476382505668
90 273 -0.5150490639461283
90 276 -0.5655754579546046
90 278 0.8326359694300447
90 281 -0.29297656541618844
90 248 0.016795539690514616
90 251 0.5039516002484341
91 92 0.8165827325029189
91 94 0.697409541953284
91 183 -0.523024085542698
91 186 0.0030671848982266603
91 189 0.6311601974891161
91 192 0.08854181396503247
91 195 -0.33480085493548084
91 198 0.8259910371657884
91 201 -0.0263117630418237
91 204 -0.8264629317314698
91 206 0.14221388859235318
91 209 -0.7668963827685171
91 176 0.12086939544083397
91 179 -0.3728929695191783
92 93 0.47911270031766806
92 95 0.0677401485911504
92 219 0.15601354982756765
92 222 -0.2873909586513226
92 225 -0.7781379636474366
92 228 0.1292220528342476
92 231 0.2957218568911042
92 234 0.6102066931416226
92 237 -0.03728078003268864
92 240 -0.036482900020214704
92 242 0.7920652822343812
92 245 -0.05723906736123463
92 212 -0.40021386471622145
92 215 0.7874881117269965
93 96 -0.7136439830165611
93 255 0.2315177331683782
93 258 -0.8064324299104004
93 261 -0.058296028894480045
93 264 0.30055929545689075
93 267 0.5225519278312469
93 270 -0.029872851364279196
93 273 -0.04853058653974096
93 276 -0.4485544048381873
93 278 -0.5996509578906126
93 281 0.6692929921021005
93 248 -0.453803994068521
93 251 0.22368626277126347
94 95 -0.2384352854873637
94 183 -0.3362668824574937
94 186 0.6258144418561951
94 189 0.3062590084956185
94 192 -0.4206333796970676
94 195 0.9048167184758547
94 198 0.9550151692605011
94 201 -0.2775130294507837
94 204 -0.7285974237300563
94 206 0.2504958295276034
94 209 0.5302344335668365
94 176 0.691106790400827
94 179 0.17219583427960705
95 96 0.6672281324984803
95 219 0.8685763232176198
95 222 0.7273350614032441
95 225 -0.3598746069949763
95 228 0.055322933977045574
95 231 -0.46234683173190017
95 234 -0.7643635639637654
95 237 -0.6929230975412992
95 240 0.6463267002606379
95 242 0.4472816906444983
95 245 0.08213469744755608
95 212 -0.43897694387860753
95 215 0.7708029850749849
96 255 -0.919113338626951
96 258 -0.8350451734147539
96 261 0.7169159561377341
96 264 -0.3514551423004395
96 267 0.3947647778415173
96 270 -0.917033705390246
96 273 0.05492341842028581
96 276 -0.7001889824725174
96 278 -0.7417284727348499
96 281 -0.0861070361281675
96 248 -0.4537344053075951
96 251 0.3253848781666029
97 98 -0.6336276496959174
97 100 0.19375164701866399
97 183 0.3628473947901565
97 186 0.451768472132128
97 189 -0.8291656267161225
97 192 0.5150728835933143
97 195 0.9156846980096738
97 198 0.9873042194888262
97 165 -0.8687569989277362
97 168 -0.0523835384331095
97 170 0.4466152969324879
97 173 0.7859535900279715
97 176 0.8168028121941211
97 179 0.29242152691827217
98 99 0.7018255138794947
98 101 0.4765617945997156
98 219 -0.30030333817981614
98 222 -0.08484263651230295
98 225 0.45995902903155717
98 228 -0.8110657056737949
98 231 0.1576806157620394
98 234 0.9556645490756612
98 201 0.34407672615927565
98 204 -0.6733963772318825
98 206 0.25732994336094794
98 209 0.33613552639640587
98 212 -0.6123267372517205
98 215 -0.30466616592080586
99 102 -0.9984464976885192
99 255 0.7879169078040151
99 258 0.548956854904395
99 261 -0.48042095541609986
99 264 -0.28789527361589284
99 267 0.67632937980314
99 270 0.014937436729247189
99 237 0.1165495113933197
99 240 -0.9255536769516421
99 242 -0.37652515586844815
99 245 -0.4500282152355597
99 248 0.7158422979950287
99 251 -0.020053134761440772
100 101 -0.22079329367483513
100 183 0.5417125651054697
100 186 0.05761819664973444
100 189 -0.6610242391132932
100 192 -0.43052279739372645
100 195 0.06151715201375341
100 198 0.6556664386992517
100 165 -0.04385375581265816
100 168 0.42569917431815085
100 170 -0.03524401813866329
100 173 -0.890392565007134
100 176 0.8396780596653419
100 179 0.3954954220125575
101 102 0.30121797816009255
101 219 -0.9950449329358866
101 222 0.9557406036281
101 225 0.5848944260659277
101 228 -0.6920910249573751
101 231 -0.30498724983266556
101 234 0.9307020836344919
101 201 0.23449286561640625
101 204 -0.4559616521260548
101 206 0.6231661924988177
101 209 0.3666776148334048
101 212 0.1746536843291544
101 215 0.5055366869130453
102 255 0.41815617293010976
102 258 0.027221268373324836
102 261 -0.5732935044966019
102 264 -0.30116534820002183
102 267 -0.5753617304562495
102 270 -0.2001897046547696
102 237 0.9222690106600973
102 240 0.8523287739110441
102 242 -0.14427279505730106
102 245 -0.673430082874098
102 248 0.3670534788637294
102 251 0.6898252716504638
103 104 0.2746149236216573
103 106 -0.9242941676302476
103 183 0.04032109497129377
103 186 0.7374821670935454
103 189 0.17700419740576723
103 192 0.7982201190376683
103 195 -0.25011790694779923
103 198 0.34541662494357883
103 165 0.8226732426168677
103 168 -0.5052348186469946
103 171 0.23470179699368487
103 174 -0.3282427643820678
103 177 -0.7206397496905639
103 180 0.29418424428163603
104 105 -0.4117503603694648
104 107 0.9166238780659979
104 219 -0.00414564985227428
104 222 -0.373710874904992
104 225 0.9023288907564597
104 228 -0.2567067186481955
104 231 -0.5475917807002195
104 234 0.09110996484856915
104 201 0.046222054242958555
104 204 -0.627268047843899
104 207 -0.9928979277828607
104 210 0.5044906510530867
104 213 0.6840786913381973
104 216 0.2155682002544117
105 108 0.974412899053444
105 255 0.3562099070735092
105 258 -0.27257453912946894
105 261 -0.11731046286632019
105 264 0.10831022850202299
105 267 0.5550030292513375
105 270 0.9235512155674184
105 237 0.9489061545213122
105 240 -0.9589965943447765
105 243 -0.9694517369637679
105 246 0.5805765416836475
105 249 -0.34350931737955426
105 252 0.14203201567123647
106 107 0.8691780538293103
106 183 -0.643611857777167
106 186 -0.2151317179942127
106 189 0.5800138066081941
106 192 0.5184125148415248
106 195 -0.5665890251374888
106 198 -0.021847282522215572
106 165 -0.41569246043479136
106 168 0.37238937728432076
106 171 0.010755540177129097
106 174 0.4726401342910489
106 177 0.6528151416962338
106 180 -0.23709710064714717
107 108 0.07557874945284815
107 219 -0.7424885820063001
107 222 0.7881873800878285
107 225 -0.43117619429356924
107 228 -0.22871750991931306
107 231 0.5026746539352203
107 234 0.6026847543541303
107 201 -0.9346299949621586
107 204 -0.6726908291866227
107 207 0.31381633915706386
107 210 0.46587176486772197
107 213 0.7954314067283639
107 216 -0.6466939474273041
108 255 0.2857047409470004
108 258 0.3633590605470578
108 261 -0.07253270589638516
108 264 0.7904524502811028
108 267 -0.08826297135025629
108 270 0.01069119603974733
108 237 -0.4249814592302803
108 240 -0.17386828976467994
108 243 0.3013678978139611
108 246 0.9563612564887778
108 249 -0.2135884299298978
108 252 0.4392410814676124
109 110 -0.4412557324821982
109 112 0.21795363190975992
109 183 -0.8348772684056913
109 186 -0.8671864719554931
109 153 0.5990547156917303
109 156 -0.8521066694473789
109 159 0.0406856586192903
109 162 0.17774214207357208
109 165 -0.9690081045193859
109 168 -0.021430946475277324
109 171 -0.8734730459068776
109 174 -0.3685523466210616
109 177 -0.3560874269436658
109 180 -0.13123008823394855
110 111 -0.431680087710552
110 113 -0.7220337529664744
110 219 0.1806260379186746
110 222 0.3302446922890221
110 189 -0.7696731112720558
110 192 0.8099682463621378
110 195 0.2928421605968323
110 198 -0.5083695652056133
110 201 0.07103442203432353
110 204 -0.5985541398287
110 207 0.8126995360940517
110 210 -0.017308560466227974
110 213 0.6498657711574829
110 216 -0.05451652065928969
111 114 0.046680306011425365
111 255 0.6499818401136988
111 258 0.22094843989870072
111 225 -0.42515576227851426
111 228 -0.8656011685506719
111 231 0.17132158210370463
111 234 -0.14929908355651822
111 237 0.05635814714697651
111 240 -0.1884729839087247
111 243 0.5723741229463146
111 246 0.7626756186420953
111 249 0.85337192801529
111 252 -0.21419865140947092
112 113 0.3666474364671597
112 183 0.43191636311334314
112 186 -0.3444033295178077
112 153 0.40268295673427845
112 156 -0.3174223139379464
112 159 -0.6724614608076764
112 162 0.9101404224933518
112 165 -0.1252521536290847
112 168 -0.1893705135679684
112 171 0.7735881758723324
112 174 0.6624040505603856
112 177 -0.6561757522941252
112 180 0.6494587500651179
113 114 0.714743338810532
113 219 0.7683090423294743
113 222 0.09195270332347794
113 189 -0.6380098654663073
113 192 0.4476139052662653
113 195 -0.20097815423383758
113 198 0.5912083129734587
113 201 0.6104795439901023
113 204 0.9998500772951364
113 207 -0.08629539619139148
113 210 0.48057307732897225
113 213 0.05075568156700827
113 216 0.11600703038072191
114 255 0.14374720157965792
114 258 -0.33626533777562373
114 225 0.8479470468207138
114 228 -0.5426506073029889
114 231 -0.6992654619287324
114 234 -0.9031481110296375
114 237 -0.8549065632819037
114 240 -0.582112196301209
114 243 0.6582916120842324
114 246 -0.5179587326818147
114 249 -0.5462715458333658
114 252 -0.17287899938904072
115 116 -0.5910205709634153
115 118 -0.5063680000020221
115 183 -0.28565997369508755
115 186 -0.5996156551848262
115 153 -0.9944168324232738
115 156 -0.6240173866132452
115 171 -0.073553674044335
115 174 -0.9913568144845231
115 177 0.5469033571494233
115 180 -0.3290824458605137
116 117 0.2581220397896986
116 119 -0.9867264974216978
116 219 -0.6475915724523555
116 222 -0.6886666717205256
116 189 0.9562217242032789
116 192 -0.5719134131444006
116 207 -0.41603832731600177
116 210 -0.01956414884218849
116 213 -0.3875342273684872
116 216 -0.5445108386205995
117 120 -0.06662819832470324
117 255 0.047778491014251134
117 258 -0.3325096197702475
117 225 0.36803186037503255
117 228 -0.004596329160921453
117 243 0.743008223786197
117 246 0.5793690445867143
117 249 0.5316534732299936
117 252 -0.920563738000227
118 119 0.06432513314271926
118 183 0.37357637702055535
118 186 -0.3154514011617251
118 153 -0.2589000561046495
118 156 0.19494466987050463
118 171 -0.7075486411230909
118 174 -0.9745064545141364
118 177 -0.6355142342159907
118 180 0.3248933766736277
119 120 0.7529046486118909
119 219 0.029221976211358358
119 222 -0.7371782267248863
119 189 -0.9161963805451183
119 192 -0.39136461169048053
119 207 0.6896228489236944
119 210 0.6532303879373049
119 213 0.09092905604973911
119 216 0.0713617911088138
120 255 0.4657377985391551
120 258 -0.20694616867655302
120 225 0.29277699356937803
120 228 0.9702374697737717
120 243 -0.16641808524578083
120 246 -0.7634539605576385
120 249 -0.44961920749419737
120 252 -0.3510675529829079
121 122 -0.20643441757620296
121 124 -0.021656975390467847
121 183 -0.7814632660488432
121 186 0.30958212367152727
121 189 0.7251400682089706
121 192 -0.09229837169938615
121 207 0.21081454480882122
121 210 0.08220928521637583
121 177 -0.9692887970283914
121 180 0.752553653274618
122 123 0.13042426895226655
122 125 -0.35781087550218116
122 219 -0.603739509386052
122 222 0.23451224858166309
122 225 -0.6908414104938383
122 228 0.8668936173412756
122 243 -0.5585685551926236
122 246 0.6048478281805836
122 213 -0.08783979592833102
122 216 -0.41628906699770063
123 126 0.8958703432585593
123 255 -0.3775458963190861
123 258 0.5485241823531828
123 261 0.017843758504668017
123 264 0.23827518343625287
123 279 0.8928422904229303
123 282 -0.2949647068638688
123 249 -0.8744996628522881
123 252 0.0067016192190105794
124 125 0.32737826021093497
124 183 0.44881234796086766
124 186 0.9132743411855444
124 189 0.5444963262200606
124 192 0.4314488658769855
124 207 0.8926988955218578
124 210 0.9640264211542267
124 177 -0.04519472293824922
124 180 0.3715778093587949
125 126 0.7884782121506431
125 219 -0.8429587978477917
125 222 0.6509485125698913
125 225 -0.02478293027204237
125 228 0.07409496293330342
125 243 -0.9682827237710048
125 246 0.656219721455261
125 213 0.46249319622477314
125 216 -0.6856175847388704
126 255 0.7652982279421354
126 258 -0.7681045715338966
126 261 0.5388364303879318
126 264 -0.052036504837835285
126 279 0.7523987811986181
126 282 -0.2979140276406189
126 249 0.07155738376663656
126 252 0.7496451075913182
127 128 0.9733430996367218
127 130 0.410696052794044
127 207 0.7027103686447733
127 210 0.868194407784441
127 177 0.43260292594350713
127 180 -0.5009306123023176
128 129 0.11184822676017081
128 131 -0.08616583147165868
128 243 -0.6637812965209595
128 246 0.16693674038841388
128 213 -0.7433890184717371
128 216 -0.2898818172814348
129 132 -0.33646387038420933
129 279 0.9070255037312942
129 282 0.2992700541969431
129 249 0.9661935045536076
129 252 0.3008119159432743
130 131 -0.30663064900424786
130 207 0.004168389414355378
130 210 -0.6903008677816977
130 177 -0.8860752175447955
130 180 -0.8655393731895105
131 132 0.9554222928424068
131 243 0.6572664547578169
131 246 0.0888938992436985
131 213 -0.6819944063855004
131 216 0.38350386024670136
132 279 -0.8876765828403217
132 282 -0.3919182774865402
132 249 -0.46101978754723416
132 252 0.3996790774856116
133 134 0.46367778442342966
133 136 0.5830694851976854
133 171 -0.193300827999644
133 174 0.6277869645022289
133 177 0.6362107449525896
133 180 -0.4387340971836631
134 135 0.31388214512561907
134 137 -0.6119236998662494
134 207 0.8148753284089998
134 210 0.4509909700925696
134 213 0.9818974061046242
134 216 -0.7427063374086174
135 138 0.15425328057051568
135 243 -0.7164396869488685
135 246 0.3033902291450592
135 249 -0.6213927014664411
135 252 -0.8404212703781235
136 137 0.20895568449482171
136 171 0.18486481919285458
136 174 -0.24534581188512505
136 177 0.7697219290628288
136 180 0.5370632695368516
137 138 -0.360683626260458
137 207 -0.5197981735162354
137 210 -0.4573307744004582
137 213 -0.22375429835756977
137 216 0.6302725081178719
138 243 -0.3707357386220562
138 246 -0.3476236914973512
138 249 0.05441876466200113
138 252 -0.3678974484834192
151 152 0.873891044786506
151 154 0.4951246965657783
152 153 0.33876701426232314
152 155 0.5443118459180019
153 156 0.6688631592964527
154 155 -0.5268912878913206
155 156 0.5760751129738471
157 158 0.3815978233371675
157 160 -0.6087864981656126
158 159 0.5330096972025988
158 161 -0.09712376342072337
159 162 0.2670433285288538
160 161 -0.8902898518146736
161 162 -0.745709787771963
163 164 -0.51662193360214
163 166 0.7221839006227928
164 165 -0.4876247807490961
164 167 -0.8617793968392458
165 168 -0.06473280109501744
166 167 0.08944864297305477
167 168 0.7990536834693791
169 170 -0.344144131094118
169 172 -0.42507915786799133
170 171 0.9202154582061388
170 173 0.498065824695473
171 174 0.8272162380173889
172 173 -0.5553595318263904
173 174 -0.06358049562624513
175 176 -0.486354985684474
175 178 0.6186086308106775
176 177 -0.8294968149224475
176 179 0.056442814402940744
177 180 -0.04193380460059659
178 179 -0.7105457366525629
179 180 0.13975282488010699
181 182 -0.9954810552177533
181 184 0.6861545581791426
182 183 -0.15532989260118213
182 185 -0.8620006226601078
183 186 -0.39106829551785927
184 185 0.4026441083003711
185 186 0.19082249642693427
187 188 -0.0003525718930632582
187 190 -0.1037300137601116
188 189 0.8606126091454303
188 191 0.7386991272671772
189 192 -0.7355202542509054
190 191 -0.7881889592748972
191 192 -0.7587580869092154
193 194 0.11471657727474027
193 196 0.779001570788052
194 195 -0.4583787199603937
194 197 -0.4113041211533306
195 198 0.12320186102646158
196 197 -0.344181435408512
197 198 -0.9747804301669873
199 200 -0.915458029489536
199 202 -0.42254750845573263
200 201 0.7532613407645461
200 203 -0.15448878154440004
201 204 -0.14735854991305497
202 203 -0.6433630806487269
203 204 -0.07382764434527411
205 206 -0.38892526687462214
205 208 0.7430762771090522
206 207 0.7593974368691199
206 209 0.8546131783070636
207 210 0.9228003402913718
208 209 -0.7624684424859491
209 210 -0.5307599651811581
211 212 -0.11179276279583905
211 214 0.02687530406283245
212 213 -0.10279666371465268
212 215 0.5041251192524041
213 216 0.40629843705936475
214 215 0.048779045219287775
215 216 -0.05628948482751617
217 218 -0.07689503556376098
217 220 -0.12539840906899324
218 219 0.7796389420604626
218 221 -0.31946464084375226
219 222 0.016100118191047175
220 221 -0.5998848331294122
221 222 0.24682620283762513
223 224 -0.8361406598513899
223 226 0.29200732500811166
224 225 -0.2595777883629464
224 227 0.8861689013169665
225 228 0.5513497301050927
226 227 0.8318528786343613
227 228 0.12176643875996884
229 230 -0.5923209063873527
229 232 0.23753171645364013
230 231 0.9765700386045184
230 233 -0.2868050434293181
231 234 -0.37747738517792806
232 233 -0.7273186046446005
233 234 0.6118611927544193
235 236 0.6322581254376687
235 238 0.5317619477721343
236 237 -0.37568663523762735
236 239 -0.4924615664809975
237 240 -0.1003668058198699
238 239 -0.9236277801135406
239 240 -0.9073253060117981
241 242 -0.5264526299827652
241 244 -0.8979007983984821
242 243 0.15254101983934754
242 245 0.30378308127219045
243 246 0.3320772410928652
244 245 -0.1994637005908877
245 246 0.18359434071225
247 248 0.9179535016584177
247 250 0.48056807748665653
248 249 0.7434084661644571
248 251 0.06719920715961192
249 252 -0.3869314391209957
250 251 -0.6780138295231961
251 252 0.7958065443015614
253 254 0.579057308196536
253 256 0.20420101035221028
254 255 0.21859911846983993
254 257 0.1789117830994913
255 258 -0.5444336015410665
256 257 -0.0802547577592394
257 258 0.2380733375689501
259 260 0.986579056562763
259 262 0.7196027864800163
260 261 -0.00020178103368118094
260 263 0.8098734798075973
261 264 0.7320400374628093
262 263 0.2848053339054881
263 264 0.08868351268023766
265 266 0.6853054401935188
265 268 -0.5181194714386232
266 267 -0.10594195164665487
266 269 0.24828554702498695
267 270 -0.2517330872936705
268 269 -0.733604076145201
269 270 -0.5720130964766199
271 272 -0.3245275728781516
271 274 0.6980785154482165
272 273 -0.805745027738868
272 275 -0.27796270508444554
273 276 -0.906579530929412
274 275 -0.9446695228696131
275 276 0.14998597952209702
277 278 -0.7134901346108165
277 280 0.0125045959272303
278 279 0.06319877454153766
278 281 -0.05344750834905998
279 282 0.568029359815891
280 281 0.6219193666191833
281 282 0.7499712764973336
