# 
7 7 -0.36606202818835687
8 8 0.29665647646825555
9 9 -3.623455396099919
10 10 2.3732285887208224
11 11 -0.8636739104457689
12 12 -2.4394287006022015
13 13 3.5066705903165047
14 14 3.8126412977293302
15 15 -1.2774717191147955
16 16 -1.898599024398158
17 17 -1.0460486588691786
18 18 3.712055872121998
19 19 -3.3636244835492484
20 20 -3.8825187750222865
21 21 2.2443397997363856
22 22 -1.9375262557379864
23 23 3.4891318802226
24 24 0.7941660462328555
25 25 1.017517385430648
26 26 -0.9997505003696041
27 27 -2.87213567589202
28 28 3.111426381036946
29 29 -3.3323619118718115
30 30 2.563552073207352
31 31 0.9987449327366384
32 32 0.5572121042461742
33 33 0.9033246288069199
34 34 2.066827074861612
35 35 3.6154774696824523
36 36 0.31200501571197226
37 37 3.559993119033141
38 38 2.5671134893053766
39 39 -1.351911836097706
40 40 -0.18201094986525046
41 41 2.5082659772407983
42 42 -3.679183049122993
43 43 -0.7728542782005423
44 44 -3.291789361465497
45 45 -2.632459640707883
46 46 0.6307819354228696
47 47 2.659131333243372
48 48 -3.3502435114642637
49 49 -2.7693574457430756
50 50 -1.41814104986301
51 51 1.6812362897876927
52 52 2.1029030360975964
53 53 -0.21870252918137378
54 54 -1.0040069574693886
55 55 0.7661589123149684
56 56 3.5275859225261597
57 57 0.7530353432699748
58 58 -2.017129068669213
59 59 0.7825082076531418
60 60 3.8291842645771332
61 61 1.0242656082699657
62 62 -0.9925437839001825
63 63 1.1282785595536886
64 64 2.21157514236734
65 65 1.9345545010040057
66 66 -2.078443555417911
67 67 0.8179474340025203
68 68 -2.6340626228093313
69 69 0.5860869088872045
70 70 3.4180760719930303
71 71 -0.19277912030618882
72 72 1.9696342287154618
73 73 2.1300703839114243
74 74 1.421137491713326
75 75 -3.094361866261589
76 76 -1.823046933979282
77 77 -1.9209385630016023
78 78 3.395043020777311
79 79 0.010993686526661328
80 80 -2.658401990380894
81 81 -1.6533622682101576
82 82 1.4902478695911343
83 83 0.2676882629546604
84 84 -3.147902302665776
85 85 2.1017730767137888
86 86 -0.736371099358939
87 87 -0.06044606593471347
88 88 1.054296672006183
89 89 -3.9439245922953283
90 90 0.2904374813182793
91 91 0.7691511606234682
92 92 -0.2941122554687503
93 93 -1.7749369957184937
94 94 -2.302860483006852
95 95 -1.2938601374929748
96 96 -1.9674982811626345
97 97 -1.1223038027595393
98 98 -1.4139083388728775
99 99 -2.058206662915204
100 100 -2.587115974480861
101 101 -3.8117106874196898
102 102 1.474442434394458
103 103 -2.5878024338991708
104 104 -2.975430254379127
105 105 -3.645759769947116
106 106 1.9439133062861762
107 107 2.8327500575408013
108 108 2.7363724006090653
109 109 -0.9250045355139509
110 110 -2.826613126208456
111 111 -0.36813374300966206
112 112 1.8727811633202558
113 113 -1.197560649271538
114 114 -3.2868631302106763
115 115 2.0711616739562464
116 116 3.5462506584120046
117 117 0.5043633400489744
118 118 -0.11547440229701422
119 119 -3.442280072265574
120 120 -1.4096449065237433
121 121 -3.971116517500942
122 122 1.662910041327473
123 123 -1.006080174425776
124 124 2.337360931578406
125 125 2.322081863768725
126 126 0.13136847612499647
127 127 -1.5846008891694439
128 128 0.07590471813901267
129 129 2.838055724671894
130 130 1.875204511081507
131 131 1.2081609416026913
132 132 2.206764938816848
133 133 1.7890058439597958
134 134 0.257782960552813
135 135 -2.1569701715514906
136 136 2.342404485057414
137 137 -2.6329143363128056
138 138 -2.8410068779299236
151 151 -1.2212320958211862
152 152 0.6642007597888515
153 153 -1.202755253351742
154 154 2.9210878168296937
155 155 -2.634672357357023
156 156 0.33378951340480434
157 157 -2.0711926761739416
158 158 -3.50343116592137
159 159 3.160748678005646
160 160 0.6858350951327532
161 161 -0.42326823077749065
162 162 1.1239554765582431
163 163 1.9508317220449012
164 164 -2.1330770108998722
165 165 0.7473109491615775
166 166 2.740986538907748
167 167 1.8574937296430463
168 168 -2.509179198429604
169 169 -2.0205795033779284
170 170 -3.2709607628124013
171 171 -2.3710782443387677
172 172 -1.8872361085983558
173 173 -0.5029171683308213
174 174 -2.8254361182317513
175 175 -1.8678263569512792
176 176 2.329528897742647
177 177 2.5766000585234874
178 178 -3.6667861173923493
179 179 -1.5861443461839668
180 180 -3.4669672190781116
181 181 -2.221519175622155
182 182 -0.7083542361421742
183 183 1.1091150981776003
184 184 -3.4935538403620328
185 185 2.829673564932336
186 186 0.281979312548569
187 187 -1.6205607963277702
188 188 -0.9901157262887947
189 189 -0.4248947235899676
190 190 -1.2242279985948405
191 191 -1.514826486689791
192 192 3.5351356500015925
193 193 -2.4697600521294785
194 194 -3.2538601396612483
195 195 -3.9859226801452587
196 196 3.1616693770630695
197 197 2.8735288588660914
198 198 -1.660719323972895
199 199 1.1031456915363087
200 200 -3.555184101965735
201 201 0.13432376693512627
202 202 2.3920298160049995
203 203 3.6107370151228446
204 204 1.7161099618526938
205 205 2.7173894081715453
206 206 2.9638635697599813
207 207 -3.522889687448828
208 208 0.7354827833154163
209 209 1.5210385410378011
210 210 1.4920108681689337
211 211 -1.3650490227674483
212 212 -3.975911640268418
213 213 -2.8919919509785394
214 214 -0.5304842741602434
215 215 1.6088924690540747
216 216 -1.771658212429398
217 217 -3.8669261324291107
218 218 -1.973285348162337
219 219 -3.0987232297701937
220 220 3.5816096607089714
221 221 -0.792660186611414
222 222 -1.645846961793307
223 223 -0.7118459415394254
224 224 2.529840835643613
225 225 0.44154833861392895
226 226 -2.5863607931677066
227 227 1.3520272511942633
228 228 1.3932530032355457
229 229 -1.34860047971548
230 230 -1.2135863297160698
231 231 3.7090714893362016
232 232 0.6283068004017327
233 233 -2.131602494516936
234 234 2.0306177875513063
235 235 -3.0242200653578424
236 236 -0.43680190860321044
237 237 2.8895611911768437
238 238 3.2181634674097177
239 239 1.2918643849679174
240 240 2.217653132106843
241 241 -3.504054217237237
242 242 1.7539060965172082
243 243 2.0029823119423478
244 244 -0.02052042419665767
245 245 2.7399086471927543
246 246 -2.7478586094641795
247 247 2.3546041341350916
248 248 0.8317183201037883
249 249 -2.6365370933097427
250 250 3.1107204032895774
251 251 3.02912394288394
252 252 -2.96161110935679
253 253 3.3207248839224395
254 254 -1.2886578513395683
255 255 -2.28017592412254
256 256 -0.8749769631480673
257 257 -3.2163674533869084
258 258 -0.805427845717194
259 259 3.76925640538487
260 260 2.2146889573520516
261 261 3.8475244037117875
262 262 -1.0029755564008234
263 263 0.2114710485603517
264 264 -2.4536042439996137
265 265 3.611378260400027
266 266 -1.386348485055704
267 267 -0.7017925018983853
268 268 0.7768788559354274
269 269 -3.43311065834476
270 270 -2.0237145525151963
271 271 3.764832358016955
272 272 2.8843314470900463
273 273 1.6975599407942834
274 274 1.4298896029936214
275 275 0.3341922986582251
276 276 2.1082855359463712
277 277 2.37960880189046
278 278 -2.5349819838144043
279 279 2.655689146791545
280 280 -3.06034760736019
281 281 2.405188426925764
282 282 3.7143196620453445
7 8 0.06567697619420332
7 10 0.8097775276142771
7 157 -0.13578092607617975
7 160 -0.3746244000925243
7 163 -0.11207084739179418
7 166 0.7429527824949649
8 9 -0.5295474749660687
8 11 0.7391151444066337
8 193 0.9630382757695173
8 196 0.12134201937987843
8 199 -0.8428507403606418
8 202 0.36488794697046245
9 12 -0.8726932504145335
9 229 -0.6199294299123534
9 232 -0.017477575333028517
9 235 -0.9340212301693016
9 238 -0.8627354136412226
10 11 0.6796147875833052
10 157 0.3626659370898162
10 160 0.9056723586215398
10 163 -0.6894592187385613
10 166 -0.8146375342737013
11 12 -0.9632783709328299
11 193 0.47785237742210396
11 196 -0.8758508441431117
11 199 -0.5664108514138262
11 202 -0.6954968942311834
12 229 -0.4015281935690407
12 232 0.1683117902305311
12 235 0.11184145104189147
12 238 0.5371347861639195
13 14 0.12897398781270875
13 16 0.44612936471928144
13 193 -0.22988801500490164
13 196 0.7624686363424051
13 199 -0.7866886989188326
13 202 -0.5364528187183804
14 15 -0.692003322682275
14 17 0.8473564720043851
14 229 -0.49921997768768667
14 232 0.967693265017801
14 235 -0.8726411712414568
14 238 -0.28255117738195334
15 18 0.2198711098097721
15 265 -0.9805910216770688
15 268 -0.3061180715067573
15 271 -0.9422745101261663
15 274 -0.8302182303195744
16 17 0.33472817723248616
16 193 -0.23515776701417734
16 196 0.8198489687345614
16 199 0.6625852603184188
16 202 0.5169639792587937
17 18 -0.8740231534163205
17 229 -0.3295690449282127
17 232 0.22589499022978754
17 235 0.6453776348339446
17 238 -0.24149090163124343
18 265 0.9875341328399205
18 268 0.9096611767514484
18 271 0.8520510844351818
18 274 -0.28218887417997474
19 20 0.6117755252560602
19 22 -0.9850494880252432
19 181 0.45618671865911953
19 184 0.9765709237873064
19 187 0.8114578346073156
19 190 -0.8101578565712497
19 193 0.4065585704660355
19 196 0.36190290077342957
19 199 0.7147745211841501
19 202 0.4515913578037667
20 21 -0.9730836183909211
20 23 -0.883210063788084
20 217 -0.8384527742221308
20 220 -0.8889375212217325
20 223 -0.8838001298946843
20 226 -0.9052912297410844
20 229 0.7340441849358312
20 232 -0.2109153198955842
20 235 -0.4861496268333334
20 238 0.86704322490993
21 24 0.5922939671448677
21 253 0.9290674992642751
21 256 -0.3890997599970929
21 259 -0.5043600985837622
21 262 -0.11059901315887677
21 265 0.2522557394483633
21 268 0.3884739007266942
21 271 0.2970524139581767
21 274 0.8908099550537336
22 23 -0.3854211238778462
22 181 0.28969432265686423
22 184 0.21819100825942406
22 187 -0.1759388108228963
22 190 -0.16149639541422234
22 193 -0.9745860962241013
22 196 0.36489410330783256
22 199 0.9943635852107862
22 202 -0.5031813109812857
23 24 0.361408668097261
23 217 0.3238766135064517
23 220 0.012269781532638913
23 223 0.8049844294761992
23 226 -0.2283833455937998
23 229 -0.9307901959284193
23 232 0.0940696508346448
23 235 0.08254556169073535
23 238 -0.14242343442403915
24 253 -0.8665198340044065
24 256 -0.499607600182836
24 259 -0.2646798457296631
24 262 0.5162128435523077
24 265 -0.9927501672906207
24 268 0.05574287212460449
24 271 0.3366413684622669
24 274 -0.4891737964420002
25 26 -0.9731764394599955
25 28 0.7052484538752053
25 181 0.030953623873169134
25 184 -0.5920110250270456
25 187 0.4011326947591036
25 190 0.6425860013499429
25 193 -0.8321600916715113
25 196 0.05117253062875471
25 163 -0.2116299255009162
25 166 -0.036346801098068315
26 27 -0.4387414887370866
26 29 0.009628900866523349
26 217 -0.8059298729132518
26 220 -0.39685053489784927
26 223 0.05000975723912959
26 226 -0.8057911630843408
26 229 -0.4250938483374933
26 232 0.5303918325818378
26 199 -0.6594861776630032
26 202 -0.6464291273224203
27 30 -0.7925672628010869
27 253 -0.9051793158772514
27 256 -0.9556703923532495
27 259 0.22855786302835046
27 262 0.04065243717492595
27 265 0.38210484534301226
27 268 -0.31725946750014944
27 235 -0.14137365196157048
27 238 0.9747618887673386
28 29 0.8077376106869125
28 181 -0.632705177266413
28 184 0.18684505604885415
28 187 -0.3682619585563329
28 190 0.5015380430195218
28 193 0.35469400624761094
28 196 -0.10837431189005642
28 163 -0.7304159143940385
28 166 -0.49723090237682177
29 30 -0.2377225620782979
29 217 0.33974234023593475
29 220 0.08719738218354123
29 223 -0.6775526810319159
29 226 -0.5128946522437401
29 229 0.7156391019078803
29 232 0.4053227316931851
29 199 -0.24718090546974203
29 202 -0.6850742674857309
30 253 0.05000968668013628
30 256 -0.35686211003115575
30 259 0.2542314822560985
30 262 -0.7981633455337445
30 265 0.5452671314993593
30 268 -0.7256226505596914
30 235 -0.7073358208551335
30 238 0.0030942827483679824
31 32 -0.6496701526477249
31 34 -0.7256888336363931
31 181 -0.41314849923652686
31 184 0.004968709934147997
31 187 -0.12545542923976027
31 190 0.892152940487771
31 193 0.7338000185294631
31 196 0.16190044569301776
31 163 0.41314147346092533
31 166 0.9518871928293855
31 169 0.08601491264156746
31 172 0.06023707182397464
31 175 0.467557081034206
31 178 0.6608526747219294
32 33 -0.9097728010014443
32 35 0.5324474081479873
32 217 -0.2627826982080814
32 220 0.8808319486841683
32 223 0.019974668982060795
32 226 -0.5843032136142632
32 229 0.28846653179893034
32 232 0.16126801918737343
32 199 -0.8242021052088169
32 202 0.5888227192252753
32 205 -0.8796896647106682
32 208 0.7184290559576922
32 211 0.5486480859805107
32 214 0.39108116436382767
33 36 0.6301940650888309
33 253 0.5771594673801073
33 256 -0.30616460643402443
33 259 -0.6130357476281578
33 262 -0.2900483265131133
33 265 -0.3489892911230774
33 268 0.37937684335676325
33 235 0.28824447789275665
33 238 -0.3931772556627162
33 241 0.08566425949230938
33 244 -0.5152190755404
33 247 0.5667645024491175
33 250 0.9578067392297107
34 35 0.575988672362812
34 181 -0.43203559092514654
34 184 -0.9057378866403099
34 187 -0.7500817739820176
34 190 -0.8624395698296159
34 193 -0.8348971337081796
34 196 0.04639738539343363
34 163 -0.07754371110244573
34 166 -0.9990184423569817
34 169 -0.8744205391062587
34 172 -0.04896372059815701
34 175 0.31159512291111136
34 178 0.34136388960452635
35 36 0.24051540131855087
35 217 0.06702549266012281
35 220 -0.8148519524012003
35 223 -0.6218121703002744
35 226 0.4423349228344253
35 229 -0.0603602863086401
35 232 0.8909266381301093
35 199 0.8166305542341608
35 202 0.056947575813621754
35 205 -0.10350045716429634
35 208 -0.31435482826781413
35 211 -0.6536952157361076
35 214 0.1433780906915405
36 253 -0.3527699289929618
36 256 -0.9610940363926546
36 259 0.18168233251312693
36 262 -0.44856843316514294
36 265 -0.8291808622791503
36 268 0.7507933839571865
36 235 0.3759305128265571
36 238 -0.5922244537567909
36 241 0.0026199086262883586
36 244 -0.4117782354671269
36 247 0.6209115443817188
36 250 -0.6130625566411281
37 38 0.5084627262258195
37 40 0.6985389069344785
37 181 -0.14960030622702636
37 184 0.46323254367663025
37 151 -0.5818507592956499
37 154 -0.5766085418448943
37 157 -0.7501569043792033
37 160 -0.2113777804457604
37 163 0.6477343742464918
37 166 -0.36080384878059535
37 169 0.17968209703848825
37 172 0.20417066772413506
37 175 -0.8604729759241687
37 178 0.1706532881634013
38 39 -0.8498544216290438
38 41 0.05259240058845971
38 217 0.9675214518305315
38 220 -0.0084004548505614
38 187 0.24658596247671305
38 190 -0.07611504464644092
38 193 -0.13952174720300747
38 196 -0.5977615383486716
38 199 -0.083965879969921
38 202 -0.878874608783007
38 205 0.0523801799911483
38 208 0.9233378312074187
38 211 0.01723707330812152
38 214 -0.772156453083259
39 42 0.2754784084324824
39 253 0.6340899494355057
39 256 -0.6174396540371423
39 223 0.5782285012823161
39 226 -0.4693054795380709
39 229 -0.6380972435603158
39 232 0.3117012384172808
39 235 -0.9174545532287506
39 238 -0.7919823048192847
39 241 -0.877767984636306
39 244 -0.5166448113825295
39 247 0.5899310965163593
39 250 -0.10659915475242299
40 41 -0.555627276665071
40 181 0.8103132041076022
40 184 -0.33979805002394214
40 151 0.9838530475126885
40 154 0.20617124048079183
40 157 0.5412165610553501
40 160 -0.010207695373192882
40 163 -0.44883706776173704
40 166 0.0998991048524771
40 169 -0.16106311180196609
40 172 0.5466471017142347
40 175 -0.7160103347060629
40 178 0.5120725510746278
41 42 -0.8300646353565748
41 217 0.44938718386313026
41 220 -0.11545251727084405
41 187 -0.6852814124866182
41 190 0.5746574920606209
41 193 -0.9047533178243867
41 196 -0.6597617926113648
41 199 -0.8151614285900657
41 202 -0.8597830045674326
41 205 0.21569076949685595
41 208 -0.7218512262356789
41 211 0.7843786331124931
41 214 0.5231298240127467
42 253 -0.12047746598153375
42 256 0.2568482985593521
42 223 0.2736240912533281
42 226 0.7660791111379777
42 229 -0.9902102893351932
42 232 -0.7315424217048014
42 235 -0.38685904864557985
42 238 0.7513316448949978
42 241 0.8501522624600579
42 244 -0.21313077427441596
42 247 -0.9128618159785313
42 250 0.6279208277676833
43 44 0.7519795998369418
43 46 -0.37293721046544537
43 181 0.31516213768823564
43 184 -0.9855582872389623
43 151 0.4812021465147116
43 154 -0.12120444776777206
43 158 0.6639522357574545
43 161 0.37741623627473997
43 164 -0.11124996147249488
43 167 0.3828344096945149
43 169 -0.6521047409933411
43 172 -0.6279357665984149
43 175 -0.20486401423943001
43 178 -0.5490927461537674
44 45 0.5807218395803626
44 47 -0.29403628399380444
44 217 -0.7754032267410453
44 220 -0.8318475195400186
44 187 0.8311054334588199
44 190 -0.465055166115224
44 194 -0.37347390226310373
44 197 -0.3663432547480048
44 200 0.7065185372366851
44 203 -0.5109560473327801
44 205 -0.21305471952130106
44 208 -0.8176797103173761
44 211 0.8722298917561813
44 214 -0.6491823652486657
45 48 -0.18087298428421428
45 253 -0.19522943612783994
45 256 -0.32630327148102944
45 223 0.37040927905440824
45 226 -0.6224740569797782
45 230 0.3475169906913773
45 233 -0.3085493953307987
45 236 0.061251128565262825
45 239 -0.5103829131670732
45 241 -0.785728318709014
45 244 0.8981373137116997
45 247 0.042708856605995216
45 250 0.4813145100946956
46 47 0.9640875451051703
46 181 -0.04678595135179586
46 184 0.43142576126002763
46 151 -0.7046021992994864
46 154 -0.20367228094714096
46 158 -0.8446418725094844
46 161 0.20225037929732692
46 164 -0.16847416213149224
46 167 0.1077725391404678
46 169 -0.9706848782616342
46 172 0.43766044784249125
46 175 0.9275614948848594
46 178 0.15898865197985246
47 48 0.8061959065644584
47 217 0.817302482571644
47 220 0.6503175470000149
47 187 -0.821782662678026
47 190 -0.2972732712105295
47 194 0.5045600165133466
47 197 -0.70551673814757
47 200 0.04680124834077137
47 203 -0.3681061015009581
47 205 -0.23081791788970873
47 208 0.16793570148662207
47 211 0.3527808249591864
47 214 0.10431603424661251
48 253 0.8127638089372393
48 256 -0.9710876670371209
48 223 -0.6100984658134556
48 226 -0.29596216196037317
48 230 -0.9662041431403487
48 233 0.3061175109292664
48 236 0.6130616931416024
48 239 0.27347671565430076
48 241 0.618272982418941
48 244 -0.24080942644750092
48 247 -0.3513073778250435
48 250 0.4641350931276582
49 50 -0.0016179096113617675
49 52 -0.48586424136985085
49 181 0.9955324696290206
49 184 -0.7358252333507664
49 187 0.7483673399421586
49 190 -0.7979784309911606
49 194 -0.32920136115273135
49 197 -0.4191136567230571
49 200 0.9676670363734239
49 203 -0.6325753545291386
49 205 -0.26123003895359576
49 208 0.8736073339029706
49 175 -0.8647410150332242
49 178 -0.3165593019001727
50 51 -0.3938819024838882
50 53 0.9302906598581322
50 217 0.4998056445722583
50 220 -0.13331577009601747
50 223 0.6199169334725962
50 226 -0.24810376558400127
50 230 0.46758021280895345
50 233 -0.7629946201105429
50 236 0.4538226390034641
50 239 0.3696827145381536
50 241 -0.1664445181579799
50 244 -0.5610768291453379
50 211 0.9839577478839587
50 214 -0.7412908851965649
51 54 -0.8666887812609256
51 253 0.28468892433263404
51 256 0.19542708576794077
51 259 -0.13093403192350705
51 262 -0.2611262696721657
51 266 0.7918806221671921
51 269 0.041427070633228036
51 272 0.11198519050683609
51 275 0.6161510038909639
51 277 -0.5785472632570268
51 280 0.8272436953667761
51 247 0.7751940294490733
51 250 -0.7036219079507819
52 53 0.04956551446223023
52 181 -0.7493965780920055
52 184 0.2714241417574832
52 187 0.33718767769505176
52 190 -0.3236926286326558
52 194 -0.40510957759069655
52 197 -0.7937527513026499
52 200 0.4323328895356675
52 203 0.06305253394281896
52 205 0.005256646115540775
52 208 0.6035008335348544
52 175 -0.9702545107430516
52 178 0.49303068133974426
53 54 0.05831037286466878
53 217 -0.43292468258423034
53 220 0.9859750930601894
53 223 0.858065532947943
53 226 -0.014747481768168091
53 230 0.7671403994199757
53 233 0.8752752055796502
53 236 -0.5319624597250596
53 239 -0.8163262138582363
53 241 0.8633702367229215
53 244 -0.9091312657215607
53 211 0.05031567838269124
53 214 -0.7662478573105191
54 253 0.3713126173714756
54 256 0.3908369694131397
54 259 0.7385128045628224
54 262 -0.7843412754290151
54 266 0.5046424773376395
54 269 0.9150059057647124
54 272 -0.552177074485434
54 275 -0.21814881845429213
54 277 0.9006540246289805
54 280 -0.4854534238351147
54 247 0.8871208801211734
54 250 0.45429521920210414
55 56 -0.788437549656914
55 58 0.2235632893949573
55 182 0.25593400460363
55 185 -0.19472892891768678
55 188 0.7646030078126393
55 191 0.350025440211871
55 194 0.5979904822576008
55 197 0.7529291001156011
55 200 -0.7805712884736538
55 203 -0.285337761985468
55 205 0.9024311261771918
55 208 0.7087870119839015
55 175 -0.02129446465388196
55 178 0.21121290947587523
56 57 -0.2200202802890907
56 59 -0.6946312591679871
56 218 0.6779087148864884
56 221 -0.807100708047892
56 224 0.8925686035194551
56 227 -0.0806903715377787
56 230 0.5499919385398038
56 233 0.46240854684655064
56 236 -0.8401895506241632
56 239 0.6938887633617135
56 241 -0.9509429736047861
56 244 -0.7264913234246189
56 211 0.23715411920315166
56 214 -0.36184464049525955
57 60 -0.9707517783219162
57 254 -0.4840152988403785
57 257 -0.7877122423943788
57 260 0.8793280797839831
57 263 0.03627976548435319
57 266 0.9753359430904383
57 269 -0.8497363327633876
57 272 -0.8595302788652757
57 275 -0.7890093094923201
57 277 0.4350528945993295
57 280 -0.8295014987653881
57 247 0.3276924513715729
57 250 -0.8563316553528073
58 59 -0.7030800973871325
58 182 0.8797019723637325
58 185 0.4688441970684871
58 188 0.21225452102145304
58 191 -0.07722605839242669
58 194 0.9434881832832145
58 197 -0.07495938606692132
58 200 0.3676814561251691
58 203 0.2891039904462336
58 205 -0.6871505108488154
58 208 -0.02444125060510416
58 175 0.7441730203153347
58 178 -0.2522745953673349
59 60 0.8825111901800793
59 218 0.6787180661889518
59 221 0.08845224628469195
59 224 0.8592321670172396
59 227 -0.8094980789778863
59 230 0.48584986804402686
59 233 -0.8620065553344238
59 236 0.36314547378199347
59 239 0.29044455143420267
59 241 -0.0734475874678806
59 244 -0.28249471890632405
59 211 -0.9854737138198457
59 214 0.31820427412061303
60 254 0.3763778139644982
60 257 0.4745358369374131
60 260 0.11010994361944881
60 263 -0.9239695866412487
60 266 0.598380278639181
60 269 -0.46637951642773756
60 272 0.8437105479937359
60 275 -0.1478708170749543
60 277 -0.30570070203994093
60 280 -0.11578297846560637
60 247 -0.17645959542658507
60 250 -0.40788031766650445
61 62 0.9371381683206448
61 64 0.3387298281602331
61 182 -0.3629638280310785
61 185 0.2741370250135713
61 188 -0.177826016907511
61 191 0.3431607220335151
61 194 0.06993189084551599
61 197 0.6054279865271575
61 164 -0.3942057940917101
61 167 -0.4015597512536293
61 169 0.7890305816062098
61 172 0.9982372311427694
61 175 0.8484741736865176
61 178 -0.5146016627186611
62 63 0.11173067224133626
62 65 -0.4744296082606323
62 218 0.5375242083428284
62 221 0.014236522378972882
62 224 -0.47651209820586504
62 227 0.2132354687793796
62 230 0.14858875245900238
62 233 -0.35136253745356805
62 200 -0.03205012265430729
62 203 0.011578429594531814
62 205 0.09697190629244345
62 208 -0.8160707627537593
62 211 0.8811331546618832
62 214 0.07728684082240767
63 66 0.46436102045864946
63 254 -0.3000526711293745
63 257 -0.7364353217794979
63 260 -0.7607294979246995
63 263 -0.8957069308849503
63 266 -0.12519832436524347
63 269 -0.4732142679936848
63 236 -0.6092009085842247
63 239 -0.23915752409931912
63 241 0.6381883351944222
63 244 0.4181884527532813
63 247 0.45656065840149984
63 250 -0.18356261884789826
64 65 -0.4103729659485531
64 182 0.05010973650780337
64 185 0.33840199185698117
64 188 -0.5643966670460618
64 191 -0.34977316022897
64 194 0.13663658802056422
64 197 -0.9427969729749004
64 164 -0.016512464398136917
64 167 0.8683304059835173
64 169 0.3390732370513829
64 172 0.9622385914969107
64 175 -0.5814224536613899
64 178 0.9139729380081556
65 66 0.8922273509214975
65 218 0.09258715863201816
65 221 0.3764330300812704
65 224 -0.24891165216464484
65 227 -0.12788248273876102
65 230 -0.38271330363757605
65 233 -0.09837861216113053
65 200 0.8271617014708592
65 203 0.7278315671410642
65 205 0.7207051892770322
65 208 -0.3569548187003808
65 211 0.32241266528122026
65 214 -0.9283544198187017
66 254 0.45275345618839635
66 257 0.7696747222260885
66 260 0.9148294408994435
66 263 -0.5906162179930858
66 266 0.17145490042267486
66 269 -0.23755054849088042
66 236 -0.8698116967982223
66 239 0.20350067716516662
66 241 -0.17446192270858152
66 244 -0.774075664163463
66 247 0.006873125895819676
66 250 0.9700769240619094
67 68 -0.8103753241007332
67 70 0.5059655755292309
67 182 0.3524631438873871
67 185 -0.01708243821774058
67 188 0.934522238886484
67 191 0.9701652925973885
67 194 -0.04809679760007968
67 197 0.8259542112964502
67 164 -0.24204975440834842
67 167 -0.7232661546474781
67 170 -0.7539184159216596
67 173 -0.6761580253945279
67 176 -0.9319710376639649
67 179 0.718970704505542
68 69 -0.9173364987087356
68 71 -0.19647634955971527
68 218 -0.4593890208939748
68 221 -0.842648391106849
68 224 -0.48308175399196407
68 227 -0.04071325006823545
68 230 -0.3913900688393077
68 233 0.40414695296085434
68 200 -0.8715402951790592
68 203 -0.9273967918690282
68 206 -0.4130848619986094
68 209 -0.7650075096836086
68 212 -0.8064611465577141
68 215 -0.8499062352411519
69 72 0.6595763221190862
69 254 -0.7926559235967512
69 257 -0.1833331147821955
69 260 -0.01694323650169416
69 263 -0.30966489866518354
69 266 0.23647197837563705
69 269 0.37891205562004227
69 236 0.525164944059225
69 239 -0.9934215898531578
69 242 0.8802255601221807
69 245 -0.1256495478177011
69 248 -0.6271861057009434
69 251 -0.04921386087441593
70 71 -0.15423775950211027
70 182 0.5350373919363653
70 185 0.9954954814100663
70 188 -0.07311352649868508
70 191 -0.03134239640972725
70 194 0.5302745912917668
70 197 0.4346575808919606
70 164 -0.2334744689497228
70 167 -0.7570491141847868
70 170 0.8438680769648343
70 173 0.23020606332839844
70 176 0.5525272925402576
70 179 0.7669147644649728
71 72 -0.14614039397665568
71 218 0.15834849538362006
71 221 0.21566648463318638
71 224 0.32997650438459436
71 227 0.03199754392466736
71 230 -0.21662789408933936
71 233 0.4674056973698484
71 200 -0.3010241360755581
71 203 0.17573780644793935
71 206 0.11284806319585194
71 209 0.056548979952487644
71 212 -0.5533564408309952
71 215 -0.5083612039406058
72 254 -0.1457234958620477
72 257 -0.8263615026050033
72 260 -0.3990764496647188
72 263 0.8074232186815042
72 266 0.08919823670075533
72 269 0.22609763466192145
72 236 0.20699525119478346
72 239 -0.5879653181569542
72 242 0.6413545390174884
72 245 0.8439672364586943
72 248 -0.9901736134527392
72 251 -0.7394469458789943
73 74 -0.6049382572478035
73 76 0.6135720052858056
73 182 0.6933830107127439
73 185 0.41116691602949285
73 152 -0.13426136804645572
73 155 -0.6056679513387722
73 158 0.26552381014479676
73 161 -0.2894465724218538
73 164 0.8796334896398534
73 167 -0.19004060064448258
73 170 0.20987785010447424
73 173 -0.4850338623114758
73 176 -0.6253323008888161
73 179 -0.587619659693257
74 75 0.4391273971238707
74 77 0.37170381577812606
74 218 -0.21534713244743853
74 221 0.8140581226779378
74 188 -0.989003594167922
74 191 0.8426003909552651
74 194 -0.21367018904097623
74 197 -0.24992917387179192
74 200 0.024926913794969696
74 203 0.21472280583500036
74 206 -0.8316712832505841
74 209 0.2985997924014385
74 212 -0.41071028199250725
74 215 0.757448527064676
75 78 -0.8482734469572681
75 254 0.8241844708877861
75 257 0.28931694755265447
75 224 0.3045166194351192
75 227 -0.20349306433964376
75 230 0.2876562679874506
75 233 0.9730308105178922
75 236 0.04718997600815977
75 239 0.6765514827687906
75 242 0.029662467570209294
75 245 -0.8227692703436242
75 248 -0.2630043400476165
75 251 -0.4442813384623081
76 77 -0.5580105619138696
76 182 -0.7837898676613928
76 185 0.7125082244269043
76 152 -0.5758357944679722
76 155 0.24393294304095003
76 158 -0.019234861053299968
76 161 0.38747647294126475
76 164 0.6269217025410243
76 167 0.14910612229037956
76 170 -0.07963356442941727
76 173 0.1714795755808758
76 176 -0.3687075772174546
76 179 -0.8716793030850227
77 78 -0.3202428755554432
77 218 0.7119555681026264
77 221 -0.42627357654872755
77 188 -0.841685023304241
77 191 0.3832131319643133
77 194 -0.03362750771099687
77 197 -0.1655995118253848
77 200 -0.2282272518707733
77 203 -0.8427852816466004
77 206 0.7405371013776232
77 209 0.2636157479978196
77 212 0.22673823385010206
77 215 -0.44519432721864516
78 254 -0.21606152020874192
78 257 0.662616721531373
78 224 0.4293558820031007
78 227 -0.3083503314477134
78 230 -0.8444848624954377
78 233 -0.22221832368452077
78 236 -0.133623593663186
78 239 0.20196548712924045
78 242 0.7740627618835898
78 245 0.20623459046584935
78 248 -0.45748039995957224
78 251 -0.9366357388122826
79 80 -0.4791213467952191
79 82 0.03702822345563539
79 182 0.4574152736811772
79 185 0.8577634262911566
79 152 0.1591308906263138
79 155 0.6702328318056607
79 159 0.543795735475777
79 162 -0.31241905161467054
79 165 -0.1331889149973886
79 168 0.001406954783288672
79 170 -0.6383275906871855
79 173 -0.8553583308898702
79 176 -0.7886153135773184
79 179 0.5225682978241899
80 81 0.8657414275473467
80 83 -0.6612362154147833
80 218 -0.050988972242185904
80 221 -0.9999107133054845
80 188 0.8229832601767122
80 191 0.7774412697527446
80 195 0.9807694341069313
80 198 -0.07233474870714174
80 201 0.012381032706732409
80 204 0.1378590850396586
80 206 0.6104997185368393
80 209 0.8644710713546759
80 212 0.9501998422263886
80 215 -0.742283626273438
81 84 -0.87054692597588
81 254 0.15500078097748515
81 257 0.6726063300829042
81 224 0.6579462470766677
81 227 0.4982268367576905
81 231 0.04213990627795683
81 234 -0.28354054661447536
81 237 0.8497138570399605
81 240 -0.9853140454164069
81 242 0.9627489529648798
81 245 0.48130181957835627
81 248 0.9873221727944088
81 251 -0.686564286986155
82 83 0.4402936499402712
82 182 0.540270987401734
82 185 -0.2500367377880617
82 152 -0.277788331666762
82 155 -0.3638927577766742
82 159 0.8290735620600176
82 162 -0.8017241824125627
82 165 0.5338100668101027
82 168 0.5892270201627063
82 170 -0.9845167897077847
82 173 0.051632423714564
82 176 0.7912767327265373
82 179 0.01995870032240532
83 84 -0.721852388889922
83 218 0.12076283251545794
83 221 -0.7826106802957244
83 188 -0.77739656123439
83 191 -0.032243466249177066
83 195 0.04445491991627781
83 198 -0.7002746890786953
83 201 0.015394151475830231
83 204 0.41092391523616456
83 206 -0.9186594881121397
83 209 -0.18034366099580468
83 212 0.05202666600162775
83 215 0.043540803971462205
84 254 -0.8285178073442652
84 257 -0.1570867458244274
84 224 0.9311351165409654
84 227 -0.6486559710912652
84 231 -0.8508062759234116
84 234 -0.38085108994616834
84 237 -0.23477834250954288
84 240 0.8682274432355424
84 242 -0.9580878079464552
84 245 -0.767421598553875
84 248 -0.8942159457911396
84 251 0.11772014657848406
85 86 -0.007175426724613576
85 88 -0.40201063073168064
85 182 -0.5709015403971833
85 185 0.24838937372822634
85 188 -0.567806009515079
85 191 -0.35570941148870117
85 195 0.2907388374253843
85 198 0.4394649094079073
85 201 -0.31163284289989157
85 204 -0.5071100684220888
85 206 -0.894877312990624
85 209 0.43194873212581464
85 176 -0.5399305353251844
85 179 0.46787044000584777
86 87 -0.6714688190328171
86 89 -0.4424780036572711
86 218 0.7808360766983544
86 221 -0.973710427866358
86 224 0.6114444939871861
86 227 0.6795224640878097
86 231 -0.3075869406276879
86 234 -0.005030873592306806
86 237 -0.25334676495747854
86 240 -0.7868787535515545
86 242 -0.38241808512275255
86 245 0.08857069108658888
86 212 0.07042560790364893
86 215 -0.04910744255560773
87 90 0.6390513171382974
87 254 0.30678830681583724
87 257 0.8281838943289173
87 260 0.22612014172288486
87 263 -0.8226819498970694
87 267 -0.7969445627923644
87 270 -0.26560931918679276
87 273 0.22798350409598234
87 276 -0.9434837875581108
87 278 -0.7771633243571519
87 281 -0.6043251694364067
87 248 -0.08134129139022472
87 251 -0.6501696544534723
88 89 -0.4714026902338959
88 182 0.37523642039904126
88 185 0.49128763062674863
88 188 0.5345432435300521
88 191 0.609228381205003
88 195 0.12092288085479486
88 198 -0.371636727762207
88 201 -0.02995122366362235
88 204 0.4317168082476446
88 206 -0.4579248066219159
88 209 -0.41491168845783744
88 176 0.7554744543832828
88 179 0.3207061130698128
89 90 -0.017490363098617623
89 218 0.44847184583323085
89 221 -0.4985142202868309
89 224 0.5819983979339991
89 227 0.32352503895695084
89 231 0.872746862852164
89 234 0.5086744291506988
89 237 -0.15590007763603597
89 240 0.31552928049674134
89 242 -0.6535059070212101
89 245 0.23741123006280995
89 212 -0.12261405242174361
89 215 0.5415588143190233
90 254 -0.022185147253855453
90 257 0.7185113153160618
90 260 -0.5324848976908281
90 263 -0.41838869653892385
90 267 -0.8013680501229845
90 270 0.6196987172335353
90 273 0.4826000351071822
90 276 -0.2679015664928146
90 278 0.829130371555223
90 281 0.7978814986636729
90 248 -0.8179147759591792
90 251 0.36194128650909496
91 92 -0.48554924763659746
91 94 0.1835661957873349
91 183 -0.8430302186573191
91 186 -0.026663871777510062
91 189 0.6480973325678538
91 192 0.9693468769679303
91 195 0.1823328647941158
91 198 -0.4652687268210889
91 201 -0.3193864621348357
91 204 0.3369560936273468
91 206 -0.6598015542966369
91 209 -0.3401940797587859
91 176 0.7685039184444358
91 179 -0.059605790404007486
92 93 0.44093438118247974
92 95 -0.7209643663559611
92 219 -0.3654512488580779
92 222 -0.9575532186254856
92 225 -0.2266131514280456
92 228 -0.6488842547800073
92 231 -0.5795184540185387
92 234 -0.8531629168130928
92 237 0.24784110590804986
92 240 0.7622178229879721
92 242 -0.803036409782903
92 245 -0.35515543130340443
92 212 -0.2642399609085211
92 215 0.00844569985770205
93 96 -0.26983327361332976
93 255 -0.6380817969568331
93 258 -0.025196070230085965
93 261 0.4362168617551676
93 264 0.6717201674793327
93 267 0.28656999915379155
93 270 0.3054622462171892
93 273 0.3513872544773793
93 276 -0.5539207269006416
93 278 0.742391356543397
93 281 -0.5210825590875028
93 248 0.5875150429886014
93 251 -0.013491888271201846
94 95 -0.8772248465152304
94 183 -0.6355664292114405
94 186 0.42648843779369394
94 189 -0.5675580173545565
94 192 0.07321242628474423
94 195 0.6735861752822467
94 198 -0.8057755142551684
94 201 0.4082691943397436
94 204 -0.8445427146653361
94 206 -0.7776731583614278
94 209 0.8527988586925401
94 176 -0.2900983458679738
94 179 -0.8426706273447409
95 96 0.2960917258880622
95 219 0.4429607215255482
95 222 -0.405154478605398
95 225 -0.744475286497362
95 228 0.9676389038559736
95 231 -0.8578475901861065
95 234 -0.8106472190083194
95 237 0.21309954020654098
95 240 0.5026239195921074
95 242 0.699010573811145
95 245 0.07127887446274661
95 212 0.6578293218301821
95 215 0.08105053014075869
96 255 -0.23478248662125245
96 258 0.015580831457694178
96 261 -0.751974321966633
96 264 -0.7938166044852255
96 267 -0.7294749489308958
96 270 0.9807630032980648
96 273 0.49840657661816534
96 276 -0.47470138151099706
96 278 0.3377935195155408
96 281 -0.02702898940069054
96 248 0.467429580972361
96 251 0.2307403515315376
97 98 -0.1758830127074269
97 100 0.7500749582232975
97 183 -0.3532094758714437
97 186 0.765346826177637
97 189 0.03953515569587429
97 192 -0.24499892605270257
97 195 0.8535995378836896
97 198 0.3003740376558417
97 165 -0.07876484410498885
97 168 -0.8849640263641374
97 170 -0.8792371598880659
97 173 0.43837956669915124
97 176 0.6671594019657741
97 179 -0.6513472713821153
98 99 -0.8015484786265261
98 101 0.881647550211657
98 219 0.8565420548432681
98 222 -0.6128762239966408
98 225 -0.2951780539779387
98 228 0.5637393071005912
98 231 0.28088421373701045
98 234 0.09913419957851355
98 201 0.8802829887676071
98 204 0.9472927562542435
98 206 0.5606093259764175
98 209 0.9481029851943479
98 212 0.8796326063986653
98 215 0.10826138215424153
99 102 0.06216442836475711
99 255 -0.8345893497401948
99 258 -0.57067371573178
99 261 -0.8415170987495708
99 264 0.3767259087182733
99 267 -0.9200613327146547
99 270 0.6406155070090209
99 237 0.7443689344532649
99 240 -0.18403084331885178
99 242 0.2165857812456482
99 245 -0.7432143194013994
99 248 -0.026952385545586433
99 251 0.6531945716042957
100 101 0.8345332875471763
100 183 -0.5122026009156617
100 186 -0.7792138884222577
100 189 -0.7936527285338018
100 192 0.6617705148228454
100 195 0.15632043010803698
100 198 0.8539623940684098
100 165 0.6167231054649556
100 168 0.5344770974255686
100 170 0.30279089365442013
100 173 -0.8635247102743207
100 176 0.8699533662664269
100 179 0.47925827059490245
101 102 -0.6680681192394067
101 219 0.30999346411392126
101 222 0.629393163904922
101 225 -0.9279215602917041
101 228 -0.05655615940592895
101 231 -0.183259188768923
101 234 0.45600549708056426
101 201 0.42106393117305796
101 204 0.4384580947091765
101 206 -0.22529157523877075
101 209 0.519159602137758
101 212 -0.45068026168205977
101 215 0.7616881737528214
102 255 0.9474554485822517
102 258 -0.6950108130466812
102 261 0.6316227893275861
102 264 -0.4943991682143536
102 267 0.9663288016606757
102 270 0.15539512367238273
102 237 0.9410844614357556
102 240 0.17238445915417566
102 242 0.3429036395823579
102 245 0.42018532200492564
102 248 -0.5828110835641918
102 251 -0.4882770559153713
103 104 0.0021829046034103072
103 106 -0.11031353574186298
103 183 0.07147774835768939
103 186 0.5481100509877901
103 189 -0.35869513207417336
103 192 0.6179434450950669
103 195 -0.4491919846141825
103 198 0.19286396104548142
103 165 -0.319040929806794
103 168 -0.392182294820449
103 171 0.12427272692343672
103 174 0.524854123619507
103 177 0.8542526437403004
103 180 -0.5095273203345139
104 105 0.028842752974344243
104 107 -0.4306576260998414
104 219 0.33013521658703526
104 222 0.43478660577607786
104 225 -0.5748519667457743
104 228 -0.8540290762089631
104 231 0.41592597241922435
104 234 0.7294333785730331
104 201 0.7563827121488049
104 204 -0.06792321642237265
104 207 0.4129936160768144
104 210 0.6210299764322691
104 213 -0.1537975326613863
104 216 0.44929072358196565
105 108 -0.36873336513722466
105 255 0.3496894277021023
105 258 0.6702224815211584
105 261 -0.25937035707739287
105 264 -0.9529230525717625
105 267 -0.343442820551058
105 270 -0.12104287731610186
105 237 -0.3822821154194258
105 240 -0.5464654911675701
105 243 -0.2681027252027932
105 246 0.16777175584259574
105 249 -0.1785883122974068
105 252 -0.8249375315816059
106 107 0.34641344368469507
106 183 0.24600928059576233
106 186 0.06477423638923496
106 189 0.2521312202542101
106 192 -0.2252814843924058
106 195 -0.12020973956299152
106 198 -0.6888137235940648
106 165 0.4844712812866565
106 168 -0.7082054179709034
106 171 0.8973637677271624
106 174 0.9260284916077843
106 177 -0.5735793157738942
106 180 0.18263740530531214
107 108 -0.5091066579714512
107 219 -0.9339353180536307
107 222 0.39350639243157337
107 225 0.3901802348139929
107 228 0.4427091019404812
107 231 0.5522923541356175
107 234 -0.5076763461882408
107 201 -0.02380646080059634
107 204 -0.8781104368642831
107 207 -0.31588281051284794
107 210 0.988001335838891
107 213 0.7597503855587968
107 216 0.5977289149726903
108 255 -0.4889407636475078
108 258 -0.042109399653919466
108 261 0.13329235522586158
108 264 0.8286386924321196
108 267 -0.736302483128719
108 270 0.7182107688916735
108 237 0.21054483693036397
108 240 0.888576426038374
108 243 0.2207184766688175
108 246 -0.1583700384464204
108 249 -0.2000514187072846
108 252 0.6347216269885665
109 110 0.24766886112810793
109 112 0.3294925685057455
109 183 0.3502893764350494
109 186 0.3297167765739055
109 153 0.2809322172745716
109 156 0.460263570537055
109 159 -0.5337672611169799
109 162 -0.4459431278959973
109 165 0.9270152439496819
109 168 0.4551513752236407
109 171 0.02459583327361048
109 174 0.23400823121891112
109 177 -0.8827420866365074
109 180 -0.6275980418495011
110 111 -0.5400004313918725
110 113 -0.0036686266556442693
110 219 0.7636227830944537
110 222 -0.42756161278007654
110 189 0.8987532899941157
110 192 0.003490207145437907
110 195 -0.003999933196090932
110 198 -0.14852562811109515
110 201 0.7394442310809646
110 204 0.9874227029550628
110 207 -0.503158361939877
110 210 0.09730925897527531
110 213 0.07076268786142803
110 216 0.14770348016347046
111 114 -0.814885983531275
111 255 -0.902106547763931
111 258 -0.021334143196284572
111 225 -0.8604562139927641
111 228 -0.04056616841452976
111 231 0.7594442267442196
111 234 0.9706746112792
111 237 0.6933229879454501
111 240 -0.023065434695455744
111 243 0.9769104943565068
111 246 0.4251250879198891
111 249 0.9034579547484745
111 252 -0.2893248421708092
112 113 -0.7706450787308419
112 183 -0.8934745177122325
112 186 0.051104320377430845
112 153 -0.3504848486215182
112 156 0.5196625968546411
112 159 -0.6463663320048216
112 162 -0.9470219706406473
112 165 -0.7123033274085
112 168 -0.11712754657635038
112 171 -0.1716593469118295
112 174 -0.37712693185488644
112 177 -0.6177546781605316
112 180 0.7889223670691206
113 114 0.43473170491220414
113 219 -0.0952946944424462
113 222 -0.4619490200382941
113 189 -0.5642546806581767
113 192 -0.7317195313882956
113 195 0.751308196649163
113 198 0.8206527745138672
113 201 -0.9208679296069171
113 204 -0.6642586563795794
113 207 0.9393675886942932
113 210 0.013918384939838102
113 213 -0.4769698550305894
113 216 0.5679937031948614
114 255 0.2406697965321163
114 258 0.4786233380671121
114 225 -0.8391604288518155
114 228 0.3749426631522923
114 231 0.25511059324944263
114 234 -0.38084214393123195
114 237 0.8391788167578342
114 240 0.9444633755600635
114 243 -0.6593765941236682
114 246 -0.5591148088406432
114 249 -0.515764327163295
114 252 -0.6233818197577481
115 116 0.9353146184895977
115 118 -0.3290282998080054
115 183 -0.09734955155019276
115 186 -0.11742969403826087
115 153 0.2304694883577152
115 156 -0.8746793241383979
115 171 -0.5062699086716385
115 174 0.7879232637343572
115 177 -0.8837939578544518
115 180 0.36502190370354715
116 117 0.2267087465676083
116 119 -0.6672305008999515
116 219 0.7984472494248485
116 222 -0.2461372269915898
116 189 0.785050848608795
116 192 -0.5498532482015923
116 207 0.4227055467664038
116 210 -0.7380034329331269
116 213 -0.6193336217172443
116 216 -0.7300530681541744
117 120 0.6193861173557544
117 255 0.010887309235639409
117 258 -0.3251346767334691
117 225 0.15237801840384302
117 228 0.6780584705142474
117 243 0.18744395289803228
117 246 0.5954101457789278
117 249 -0.6899015389998131
117 252 0.019108900628346248
118 119 -0.8480972689657691
118 183 -0.45145244930722694
118 186 0.4316048874557201
118 153 -0.7925888781708303
118 156 -0.5014079878495654
118 171 0.14517145072910154
118 174 -0.8961177279025505
118 177 0.1986495034928064
118 180 0.17170443021638415
119 120 -0.9191886917629752
119 219 0.5108116173848942
119 222 -0.7951804642377371
119 189 0.6910836636551716
119 192 0.019017293936491653
119 207 -0.43146910185309273
119 210 -0.5392336888659788
119 213 0.8964529524577913
119 216 0.8741097168889471
120 255 -0.165902556036307
120 258 -0.18373251297227866
120 225 -0.11915184498475417
120 228 -0.7320883705169263
120 243 -0.6169284423031542
120 246 0.8797183259579482
120 249 -0.9786320454638149
120 252 0.9786869735311392
121 122 0.589039947957307
121 124 0.4841007512795479
121 183 -0.05538716326739834
121 186 -0.8381115771870105
121 189 0.3884699332011148
121 192 -0.03430069526839108
121 207 0.46179333478105433
121 210 0.863747557953692
121 177 -0.5964550673924052
121 180 0.06561391750735623
122 123 0.2987589135042046
122 125 0.5635450632644434
122 219 0.709585851082664
122 222 0.42013503941023744
122 225 0.36469932365752045
122 228 -0.22916431976680562
122 243 -0.776339808485881
122 246 -0.890785195886441
122 213 0.8587813744795332
122 216 -0.973371606190456
123 126 -0.9976937289935162
123 255 -0.18538052429571938
123 258 -0.9993043644681923
123 261 0.025846625311860105
123 264 -0.37550132277326087
123 279 0.647565245935235
123 282 0.17600396485256486
123 249 -0.16540373620035442
123 252 0.7530328827767601
124 125 -0.7722390337539853
124 183 -0.47652385189366786
124 186 -0.9824336007753649
124 189 0.3208179823413664
124 192 0.5208057540823656
124 207 -0.8766105313363455
124 210 0.6413053392173345
124 177 0.5416460173205195
124 180 -0.744339716106911
125 126 0.49524141878374683
125 219 -0.04973411144453177
125 222 -0.2683567163859377
125 225 -0.770641211369814
125 228 0.23255393620540699
125 243 0.03775280425863703
125 246 0.053790348511585595
125 213 -0.16550628931136657
125 216 -0.7571060913843481
126 255 -0.19325108212701037
126 258 -0.14934946946546002
126 261 -0.32195851839687584
126 264 0.7316595852287262
126 279 -0.9078506813952185
126 282 0.06290525129158442
126 249 0.9656879796896587
126 252 0.2297505987170907
127 128 0.4559644130256715
127 130 -0.5157400870900171
127 207 0.39560499516537684
127 210 0.3153425492108559
127 177 -0.7674837171719806
127 180 -0.39679755541042283
128 129 0.3158622765726109
128 131 0.765864221278296
128 243 -0.8365811260658855
128 246 -0.397014293813732
128 213 -0.40796734980673466
128 216 -0.8469247419209189
129 132 -0.5936641855665401
129 279 0.8686388623237231
129 282 -0.1170252665530307
129 249 0.20151147379879575
129 252 -0.17041964492202855
130 131 -0.6334854322424235
130 207 0.3661986391796117
130 210 0.6249878009751026
130 177 0.04874498225772772
130 180 0.13849432568283326
131 132 0.7140252948290688
131 243 0.6832029575169316
131 246 -0.38959051530440325
131 213 -0.41726987226918566
131 216 -0.369529080121791
132 279 0.4014282502705582
132 282 0.33212281936693455
132 249 0.21578328478068087
132 252 0.3510947151193433
133 134 0.28760241507801076
133 136 -0.03873272256605986
133 171 0.5802785154299319
133 174 -0.08511316852819473
133 177 -0.235284209712739
133 180 -0.07229282924630409
134 135 -0.165565874771749
134 137 0.6942426223885352
134 207 -0.662036458979685
134 210 -0.08688609113425616
134 213 -0.18203452522459163
134 216 -0.379342592566946
135 138 -0.3015252434189344
135 243 -0.12210308435225703
135 246 0.8141934900903782
135 249 0.18407972542842876
135 252 0.49654286365762523
136 137 -0.5584972487604625
136 171 0.7215341888476692
136 174 0.7494064283038018
136 177 -0.4858157547408837
136 180 0.8290550776534784
137 138 0.7251333058775549
137 207 -0.5899374749150421
137 210 -0.880141811528508
137 213 0.334672687685482
137 216 0.15135688448321716
138 243 -0.05614784485168567
138 246 -0.27913366162788344
138 249 -0.437175368579759
138 252 -0.8604009903031902
151 152 -0.521083890199252
151 154 0.8974272172976789
152 153 0.25806343525979347
152 155 0.9202282674494766
153 156 -0.6897093686624365
154 155 0.8565312971785146
155 156 0.77671157693074
157 158 -0.9940886658883488
157 160 0.17789524951393432
158 159 -0.7674696507710441
158 161 -0.04358809311466194
159 162 0.9233540156205986
160 161 -0.12653835814230652
161 162 -0.07545425694292063
163 164 -0.8926069241450005
163 166 -0.12479301573166302
164 165 0.9533916135996958
164 167 0.08136269259309614
165 168 -0.9346495267737369
166 167 -0.8613208660849456
167 168 0.8187805766026244
169 170 -0.8301319247606516
169 172 0.3203256109570629
170 171 -0.8823642236028768
170 173 0.09561015525157357
171 174 0.29767224836224915
172 173 0.6771886753061007
173 174 0.07653259202175233
175 176 -0.8838531917276728
175 178 0.33128574403608346
176 177 0.31887168897053897
176 179 -0.15184744332866984
177 180 -0.7567620638711554
178 179 -0.2880558541178333
179 180 0.24109482641434132
181 182 -0.2016963700182648
181 184 0.09639885631445266
182 183 0.25669442252904284
182 185 -0.4320397972261034
183 186 0.28356194230579623
184 185 0.24710070904847115
185 186 -0.5302832281982415
187 188 -0.3067895196798178
187 190 -0.5472672014956503
188 189 -0.4299220549867837
188 191 0.4544166838956878
189 192 -0.058991821277086354
190 191 -0.7007160739120817
191 192 0.4201898924765415
193 194 -0.2766568428155516
193 196 -0.1884117486641328
194 195 -0.2207378714180117
194 197 -0.9047868741201022
195 198 0.5124766657288349
196 197 0.489512242676017
197 198 -0.7690252666421122
199 200 -0.9066248806218122
199 202 -0.45099145752874126
200 201 0.22327327882840664
200 203 -0.2539836114793492
201 204 0.8149262447723116
202 203 0.5257096492221882
203 204 0.15567180564303018
205 206 -0.9901094626566698
205 208 0.046187570685732426
206 207 -0.0447852571809082
206 209 0.06847580717940693
207 210 0.13043562708363066
208 209 0.653214366960821
209 210 0.024833409907181192
211 212 -0.8238034323951267
211 214 -0.838733845237861
212 213 -0.6179383979230035
212 215 0.6348924512374163
213 216 0.6815429889812952
214 215 0.7352910570266
215 216 -0.9211797345155424
217 218 0.25771896616438017
217 220 0.04562890622763849
218 219 -0.22505620309030894
218 221 -0.019731929898972655
219 222 -0.49816187558457936
220 221 -0.11397150957084312
221 222 0.6052483387028627
223 224 -0.7518831026097028
223 226 -0.2765818242970366
224 225 0.9543573032399939
224 227 -0.46061745496280615
225 228 -0.2967352337095064
226 227 -0.19837588686087826
227 228 -0.2309370440916485
229 230 -0.8976552127107384
229 232 -0.5325515314725175
230 231 0.6981073163942106
230 233 -0.8307041395331158
231 234 -0.7900151753145659
232 233 0.8675447966621868
233 234 -0.10746348957516805
235 236 0.9380814015265033
235 238 -0.747976446130149
236 237 0.06819038174023206
236 239 -0.9106959618638168
237 240 -0.8188989985492954
238 239 0.12237866007192433
239 240 -0.041918184540468584
241 242 0.7570317171823235
241 244 -0.07363267099404247
242 243 0.7410641609952873
242 245 0.9519736192002346
243 246 0.1513620044138948
244 245 0.8481098734352646
245 246 0.6596678544101502
247 248 0.3236627760220918
247 250 -0.20280184581666605
248 249 -0.7827305983214228
248 251 -0.9783220559571397
249 252 0.010883050849922693
250 251 0.7789856347511777
251 252 0.24055069155151698
253 254 0.4678927786328788
253 256 0.16528317098231637
254 255 -0.14834089824985175
254 257 0.49096032860395433
255 258 -0.8530514225255461
256 257 -0.38900525342968595
257 258 -0.9953262999595245
259 260 0.5151590650505562
259 262 -0.5974349033742512
260 261 -0.7406478972634012
260 263 -0.5469160241835349
261 264 0.5185645652173554
262 263 -0.9061640683688961
263 264 -0.740594221797167
265 266 -0.9425889921474606
265 268 -0.8465374928355813
266 267 0.11139072332482547
266 269 -0.8473850530575682
267 270 -0.3257870482748688
268 269 0.3777424515571719
269 270 -0.3316854360400061
271 272 -0.6108378854763621
271 274 -0.9121269723286132
272 273 -0.5422039009111446
272 275 -0.9672191673919264
273 276 0.9160465593185476
274 275 -0.9695757566697389
275 276 -0.5735253190770295
277 278 -0.7882765712797097
277 280 -0.37473022359082475
278 279 -0.27161324361952444
278 281 -0.9985660453208247
279 282 -0.10807611393976857
280 281 0.17101081483755398
281 282 -0.9282406891286727
