# 
7 7 2.3386774531994243
8 8 0.9555112081682386
9 9 -2.728282123108287
10 10 -3.620827843972953
11 11 3.9442566256550817
12 12 -3.6504858834719602
13 13 -3.0990343016802635
14 14 2.623975633804493
15 15 2.8492852407655036
16 16 3.2998732009602056
17 17 1.4240835175751396
18 18 -1.213807950472499
19 19 -3.511720216651743
20 20 1.6066742120844566
21 21 -2.279600050143399
22 22 -2.2466889881849044
23 23 1.6137229986124062
24 24 1.7917554507834108
25 25 0.8117141630747593
26 26 3.438667939229414
27 27 2.1136621484118168
28 28 -0.9152750657841286
29 29 1.529974305816391
30 30 1.1506606897371752
31 31 2.975417964892423
32 32 -1.4165262392803282
33 33 -0.21886321509948647
34 34 -2.718860200430208
35 35 -2.6836303022392043
36 36 0.7245156951011582
37 37 -3.107436390997367
38 38 -2.0959639247375828
39 39 2.975873433095482
40 40 -1.4524478071722742
41 41 -3.053579671433308
42 42 0.41345226491078435
43 43 -3.8412287785676256
44 44 -3.3946183407314434
45 45 1.7198606541078663
46 46 -2.314000507691407
47 47 -3.322355965422802
48 48 3.7729865065973645
49 49 -0.5277744582512289
50 50 0.5108649210271894
51 51 -0.5459494202372355
52 52 2.401006313776077
53 53 -0.27930351392899855
54 54 3.9910163799625034
55 55 -0.9643428465947155
56 56 -2.2150633306236642
57 57 3.5582175337823934
58 58 3.6848661239134843
59 59 -0.8194670067637659
60 60 3.4603333822304387
61 61 3.420955953886101
62 62 1.4510584928979249
63 63 -0.2732784511693618
64 64 3.6597108986719515
65 65 -0.22384375553630864
66 66 -3.363726812951592
67 67 1.6211918548333095
68 68 -1.4514829276174641
69 69 1.188927274342296
70 70 -3.1704016763135296
71 71 -2.734129192044504
72 72 -2.5209540629315113
73 73 -1.3622024633783392
74 74 -1.1629151568940692
75 75 -2.6867291356383145
76 76 -2.910047492422011
77 77 -3.750739222906166
78 78 1.0727559694848665
79 79 1.9181863369831484
80 80 1.6811319835683483
81 81 -1.8924597652010249
82 82 1.0821997948555762
83 83 -0.10780067067704113
84 84 -1.7910177618188428
85 85 1.589700452666583
86 86 0.9669523437234195
87 87 -3.49894081676623
88 88 -0.6421386759833263
89 89 1.9389776539985135
90 90 -2.2544659960065383
91 91 3.5579986767478387
92 92 2.646149098046025
93 93 0.5554725189226071
94 94 0.13588045435801632
95 95 -2.5197697771043117
96 96 1.8607437377732818
97 97 3.9803682616397023
98 98 2.2194512857457687
99 99 1.1874827091394922
100 100 -2.6178590112304034
101 101 3.431675509880435
102 102 2.0796761001176476
103 103 -2.71730563396775
104 104 1.7390322576482289
105 105 -2.890230826257172
106 106 -3.335901328999551
107 107 -2.9375327290119433
108 108 1.2877967552200271
109 109 -1.2570312123288172
110 110 -2.73659622900331
111 111 -0.9916113825285375
112 112 3.3987991863027194
113 113 -1.2869114201976677
114 114 2.375172719743352
115 115 3.9934665900144806
116 116 3.4706174159127814
117 117 -1.0247229163273124
118 118 -0.3714638062671973
119 119 2.023070958610857
120 120 -2.060436238959362
121 121 0.23240030178270477
122 122 -3.7125376012294824
123 123 3.6752369271896184
124 124 -3.1054955804557176
125 125 -1.283531857274169
126 126 0.5369374541365968
127 127 -2.6676702538863966
128 128 -2.2236425756407074
129 129 0.8603956196270142
130 130 3.9000053331031115
131 131 3.3423366550866858
132 132 -2.325321863457507
133 133 -2.89111876747302
134 134 -3.258275003986757
135 135 -3.030037837400794
136 136 0.3510988852922061
137 137 1.4383020920347622
138 138 -1.8617395351850528
151 151 2.298204982757735
152 152 -3.528961334157656
153 153 2.8327239008257292
154 154 -3.1773624515010717
155 155 1.5868629640387537
156 156 1.5104493963460728
157 157 3.246466189456104
158 158 3.752067084967913
159 159 1.64540107280627
160 160 3.207011402152
161 161 2.0438832214967952
162 162 -0.49929454998821043
163 163 1.0846611312359062
164 164 3.631701174165528
165 165 1.0582067799242392
166 166 1.894083543390237
167 167 -2.982946414083564
168 168 3.8766793059629094
169 169 -1.16341451610407
170 170 2.0240768252909893
171 171 0.7061396510591136
172 172 -0.521911883654762
173 173 3.691286103086729
174 174 3.487814603328035
175 175 0.5793976852928289
176 176 -1.7374276124185943
177 177 -3.91840685582956
178 178 -1.0239860549018651
179 179 -1.224115202726228
180 180 3.078102032735626
181 181 2.100496387245971
182 182 1.5132589643067176
183 183 -0.03996745260360601
184 184 -1.7080166597116122
185 185 -0.183871510163506
186 186 0.8614849471615544
187 187 1.2718593210611342
188 188 -3.3150402002416444
189 189 -2.4911475211274654
190 190 2.065827321119369
191 191 -1.7005943444321874
192 192 -3.2496383311791455
193 193 -0.17121333581737552
194 194 -1.1032434459452114
195 195 3.190246840196683
196 196 -1.6281638525513973
197 197 1.7639266843204684
198 198 -1.4991731590355233
199 199 -2.960398348088324
200 200 -3.2378092400922434
201 201 -2.562505774791389
202 202 0.5119561189928516
203 203 3.1297828091574376
204 204 -2.5950103740198376
205 205 -2.4817281912891245
206 206 -3.6297259500938193
207 207 -3.8577263012673626
208 208 3.4229473936577604
209 209 -3.655453291039499
210 210 3.6569980104283983
211 211 -2.831902430995126
212 212 -1.9148827870005567
213 213 -0.921072245615659
214 214 -0.15319220852093096
215 215 -0.6515239594859432
216 216 2.027263986951949
217 217 1.0630140073599224
218 218 -2.958441763266735
219 219 2.73367326262834
220 220 -2.849351848201784
221 221 1.4635307197439067
222 222 -0.7693450147169223
223 223 0.2107150811149623
224 224 -0.2533752169666892
225 225 -1.7038273432226152
226 226 0.2654993067086133
227 227 3.6031727070177677
228 228 -3.8678158059948347
229 229 3.7740854536899873
230 230 2.234181661943543
231 231 1.4012017049457919
232 232 -1.4748311552294195
233 233 0.6324545424313488
234 234 2.3749554319058257
235 235 -0.5826831840816169
236 236 -0.04458072393058288
237 237 1.8399933681815561
238 238 2.5789034769864356
239 239 3.0979039442619474
240 240 3.7764125624169074
241 241 -1.929161024760421
242 242 -2.0123210623002468
243 243 2.2726281551019323
244 244 -3.127381945228265
245 245 3.691965678133381
246 246 -2.5851643540429903
247 247 1.0894156999498206
248 248 -1.3044764766473733
249 249 1.2747305081083171
250 250 -1.7196489173385734
251 251 0.8160813334388379
252 252 -3.778460541923426
253 253 -0.5219450059128166
254 254 0.7143274053855562
255 255 -0.9728000853211878
256 256 -3.176410569015882
257 257 2.047381856305952
258 258 1.3921171489974986
259 259 3.396855629686618
260 260 1.0988321394995468
261 261 -3.0402943845973427
262 262 1.69301157163616
263 263 -1.8974767415452911
264 264 1.4150154531476913
265 265 -0.9771541633808871
266 266 0.46179795077564734
267 267 3.34662031049963
268 268 3.3415139043462245
269 269 0.9238707433006166
270 270 0.02074720018209142
271 271 1.473352498128925
272 272 -2.7647198783774076
273 273 3.4567431792396857
274 274 -3.743188872629652
275 275 3.1697253792323377
276 276 1.709307897668805
277 277 -1.6704211655454317
278 278 -1.9817725606833312
279 279 1.1926727048696923
280 280 1.4400207969184944
281 281 0.6859420072251314
282 282 1.3909105601478808
7 8 0.5758862721463465
7 10 -0.1189839384937339
7 157 0.6721306166092813
7 160 0.9064247280179027
7 163 0.03607125260166
7 166 0.843405567501939
8 9 -0.6330197636552393
8 11 -0.1270016509013816
8 193 0.6749730507186351
8 196 0.7212651063038173
8 199 0.9900996005464417
8 202 -0.6136844385683364
9 12 0.9392151634369681
9 229 0.7690302475728823
9 232 -0.5911706943329769
9 235 0.8834128762376663
9 238 0.04921325018014877
10 11 -0.3580286870693796
10 157 0.4694114265152656
10 160 0.5423849674036443
10 163 -0.6463462484036766
10 166 -0.9082827956799313
11 12 -0.9614470246397067
11 193 -0.05456588871201706
11 196 -0.6486475964114398
11 199 0.013127150636650597
11 202 -0.5581219900816856
12 229 0.15141641040975062
12 232 0.9533454483614212
12 235 0.21163083807925132
12 238 -0.429270892355506
13 14 0.3503230618606221
13 16 0.5363876321537313
13 193 -0.23180580129487094
13 196 -0.254249978655114
13 199 -0.6591516369576389
13 202 -0.9964449046975601
14 15 -0.9747449391298373
14 17 -0.6377998127390034
14 229 0.6336479310106984
14 232 0.1594953875925018
14 235 -0.01990007622559764
14 238 -0.5303682287331166
15 18 0.5616731328560489
15 265 0.8931726353587537
15 268 -0.6697472599963805
15 271 0.13893633074992207
15 274 0.8437019134935162
16 17 0.051446231082060256
16 193 0.8799290061049883
16 196 -0.9991972553475243
16 199 -0.011541046525720633
16 202 -0.6089868619586414
17 18 -0.3991645873359302
17 229 -0.26287971803389176
17 232 -0.33909135432513304
17 235 0.46057000655907254
17 238 -0.5140185446455681
18 265 0.8521971617181276
18 268 -0.3488056434005633
18 271 0.3329143625571531
18 274 0.5666915402010169
19 20 0.7600765358836004
19 22 0.8215031205232646
19 181 0.17326446614475288
19 184 0.8425478395058432
19 187 -0.9670435595914106
19 190 -0.048183190676993615
19 193 0.07442029362972491
19 196 0.9929349628840534
19 199 0.860476304138875
19 202 0.5046120668731113
20 21 -0.39308681488202635
20 23 -0.15018701887063357
20 217 -0.5001922216226773
20 220 0.318489661957023
20 223 0.5458684863941674
20 226 0.7746650022805959
20 229 -0.13692793194863717
20 232 -0.21842070347469256
20 235 -0.3037461259817289
20 238 0.971241520725906
21 24 0.8875495275056426
21 253 0.6802532723675845
21 256 0.9445427185295643
21 259 0.043185070708247286
21 262 0.19116344179081368
21 265 0.6557744480437819
21 268 0.6193029937429579
21 271 0.7417434295720677
21 274 -0.6558761848397554
22 23 0.4286098145899455
22 181 0.07595297124990741
22 184 0.28358813617134726
22 187 0.07591348540090581
22 190 0.3197405573448011
22 193 -0.3565172811403623
22 196 -0.7022591189650882
22 199 0.7759278566909333
22 202 0.6403873301110896
23 24 -0.8871571657978103
23 217 0.1384207273413034
23 220 -0.42594298267480557
23 223 0.47311392866430824
23 226 -0.08422456337871909
23 229 0.7875366042194791
23 232 -0.35328186979982723
23 235 -0.9833049507180658
23 238 -0.9166397545807865
24 253 -0.2363789714623481
24 256 0.4593079759989851
24 259 0.8295840785806015
24 262 -0.15589395593922784
24 265 0.7429186124088922
24 268 0.3333281454205763
24 271 0.4977702840635281
24 274 -0.15592848197488385
25 26 -0.026988043157347263
25 28 0.0038361622917544302
25 181 0.4618378785109263
25 184 -0.2584172848954467
25 187 0.3612546650850632
25 190 -0.29792903715520835
25 193 0.4202181334235855
25 196 0.7461992513122353
25 163 -0.6828495221282533
25 166 -0.6015461894276923
26 27 0.5207623709358504
26 29 -0.9521212390475429
26 217 0.5018742493704433
26 220 0.7960168341301557
26 223 -0.08310610586466605
26 226 0.015266774379180337
26 229 0.15765765295669354
26 232 -0.03372550416055087
26 199 0.25624828313379977
26 202 0.5578093084143596
27 30 -0.36124760085056895
27 253 -0.8838175210064281
27 256 0.7710315766795586
27 259 -0.0481296728337941
27 262 0.3011668453271106
27 265 0.06626318849366375
27 268 -0.5434573635352893
27 235 -0.5383615628854177
27 238 -0.08943567968192712
28 29 -0.5478418140365879
28 181 0.17878683068298207
28 184 -0.6718217786432377
28 187 0.2638287384524345
28 190 -0.5968456178093069
28 193 0.09182165795320585
28 196 -0.280853811245817
28 163 0.01901791980291767
28 166 -0.8184816025164414
29 30 0.3108740827346048
29 217 -0.06666433910732805
29 220 -0.053378470565881964
29 223 -0.6745365990663248
29 226 0.2224096159458675
29 229 -0.6847469555886179
29 232 -0.6235837085317297
29 199 -0.23327378397165766
29 202 0.8194453690675803
30 253 0.0010496185058750385
30 256 -0.08509837318924407
30 259 0.14409307898013335
30 262 -0.9846847429378423
30 265 0.8372333914324976
30 268 0.5960867868649324
30 235 -0.9287582215414063
30 238 -0.34879386379645805
31 32 0.8623137538084749
31 34 0.5125460369423209
31 181 0.5992293776241566
31 184 0.14147691446428978
31 187 -0.3004478132354329
31 190 0.2569079456583381
31 193 0.1474185290878598
31 196 0.023346048125746144
31 163 0.13298057324225332
31 166 -0.543364391675305
31 169 0.9858875377419987
31 172 0.2340530696136751
31 175 -0.08748846438981861
31 178 0.23102610758097408
32 33 0.9870611749149407
32 35 0.6822517552489884
32 217 -0.08101729998061868
32 220 -0.6358526482471274
32 223 0.7157704110060747
32 226 0.8519823658550576
32 229 -0.3255480594512714
32 232 0.7927116670237924
32 199 0.8928415884230183
32 202 -0.735498370777824
32 205 0.44536443143533333
32 208 0.11734562147821137
32 211 -0.03892022645187354
32 214 0.35608892046328133
33 36 0.5474664953093624
33 253 -0.9714777207647374
33 256 0.5071193082774834
33 259 0.7057954690676138
33 262 0.3852933333282571
33 265 -0.3655007849852716
33 268 -0.8981082655309296
33 235 -0.6545942949993333
33 238 0.7344903570966861
33 241 0.6832802730653273
33 244 -0.46470455226194396
33 247 -0.7487085344838331
33 250 -0.48770143546326694
34 35 0.5932004740142487
34 181 0.3606253296687467
34 184 0.4418804540987942
34 187 0.2374227346835054
34 190 0.8907626834912776
34 193 -0.8089770313947937
34 196 0.2773867632852871
34 163 -0.4506282885059534
34 166 0.9521751631909778
34 169 0.6625178505569207
34 172 -0.6236880284118738
34 175 -0.12787717108406604
34 178 -0.9426298501551029
35 36 -0.8315373480828645
35 217 0.33416841931710106
35 220 -0.45479349959309556
35 223 -0.4606540783470263
35 226 -0.7675065806886381
35 229 -0.3215573875836326
35 232 0.5093460581592324
35 199 0.4371620441958719
35 202 0.29474595770491896
35 205 -0.4803909537034936
35 208 -0.9652031439774809
35 211 0.4219284287130567
35 214 -0.5912751461764452
36 253 -0.20039785365511187
36 256 0.13827250058545104
36 259 -0.46593457613687406
36 262 0.2338399762872494
36 265 -0.41585115285773955
36 268 0.5345162045038838
36 235 0.7832048382955763
36 238 0.23705802922251595
36 241 0.9961015266639348
36 244 0.9969103956751606
36 247 -0.4174036604713369
36 250 -0.9388792909960249
37 38 -0.27939003008392205
37 40 0.021904736185365925
37 181 -0.16945803641857515
37 184 -0.8866632541970076
37 151 0.7899856185392091
37 154 -0.21426855277411283
37 157 0.9694728145240126
37 160 -0.7070191687681195
37 163 0.02262035181617894
37 166 0.4789859324741299
37 169 0.09656970100358753
37 172 -0.5860265385922956
37 175 0.4951198539210191
37 178 -0.7434548826899208
38 39 -0.6754933200677808
38 41 0.7360970134192197
38 217 0.4573035776016363
38 220 0.22497208226069354
38 187 0.8176161851054411
38 190 0.05775145316336294
38 193 0.7576708616194183
38 196 0.4474426150924369
38 199 0.8211276256590654
38 202 0.7033411569993964
38 205 -0.8669999161104391
38 208 -0.7908668101326601
38 211 0.642249973288999
38 214 0.8609891556541538
39 42 -0.055796297193751565
39 253 0.8493547294690731
39 256 0.9676051643237555
39 223 -0.9302810986847296
39 226 -0.04436621154673559
39 229 0.8697532285576028
39 232 0.5688301749438562
39 235 -0.5705015183828659
39 238 0.8822117532124145
39 241 0.8005315866741405
39 244 0.15088309833099323
39 247 0.026121713341578312
39 250 0.6978333390552416
40 41 -0.4787670630402183
40 181 0.9419808345767762
40 184 0.7456276159555937
40 151 -0.20828641684419313
40 154 0.3184155612097248
40 157 0.6434238581938387
40 160 0.7548102640824264
40 163 0.20263860159872427
40 166 -0.21176592043941822
40 169 -0.5311638301794526
40 172 -0.5222912662771639
40 175 -0.48972007267483364
40 178 0.774001381748811
41 42 0.5220077873103788
41 217 -0.822569815575874
41 220 -0.48073188068238304
41 187 0.5416977093963071
41 190 0.883404249488112
41 193 -0.8794757391797954
41 196 -0.6827630095509181
41 199 -0.020080108768235183
41 202 0.80676081886022
41 205 -0.7235282167903796
41 208 -0.1001187033246902
41 211 0.6127171057948799
41 214 0.5666733376880446
42 253 0.703764062451828
42 256 -0.10379883479628171
42 223 0.7690066032373719
42 226 0.1332959864546186
42 229 0.7103069635870347
42 232 0.4582053180093302
42 235 0.3451193715105241
42 238 0.7596353771178461
42 241 0.8515254089025837
42 244 -0.19883464184952482
42 247 -0.4809989357717319
42 250 -0.3480974636672891
43 44 -0.8433652309712956
43 46 0.4314836224944021
43 181 -0.23395281802450296
43 184 -0.17381084082247544
43 151 0.4011546339811387
43 154 -0.958305619428812
43 158 -0.8170114186012307
43 161 0.05185447136003041
43 164 0.3313198683523879
43 167 0.18145406573007095
43 169 -0.6440055630208097
43 172 0.11683273899116564
43 175 0.4669951991758312
43 178 0.20451074909232458
44 45 -0.9560491886270719
44 47 0.6339585456237844
44 217 0.9954732884297772
44 220 -0.4218687072691232
44 187 0.35274871269478747
44 190 0.025379602292400882
44 194 -0.6996222460227972
44 197 0.2780934436234461
44 200 0.7546550841940849
44 203 -0.966531360454544
44 205 -0.33821967407381437
44 208 -0.005822579832843733
44 211 0.5770720474526148
44 214 -0.3248804270025829
45 48 0.3108435422809033
45 253 0.3819351072983459
45 256 -0.270493336448574
45 223 0.25201295105073496
45 226 0.08362448466170003
45 230 0.3242947502197826
45 233 0.5872014117219999
45 236 -0.6207133528396827
45 239 0.914299980429121
45 241 0.9307955455795902
45 244 -0.7622726347890176
45 247 -0.1733655900021902
45 250 -0.1892605217936103
46 47 -0.2316762052846406
46 181 -0.9137785715841318
46 184 0.10614175912909651
46 151 0.1493102710262395
46 154 0.4963419733974348
46 158 0.2597668264912032
46 161 -0.9715389756777799
46 164 -0.013638895413505603
46 167 0.7970924773790298
46 169 0.6121525490175812
46 172 -0.5940076838131383
46 175 -0.4878008253122601
46 178 -0.23453791991932738
47 48 -0.10866208896528673
47 217 -0.2969979796883142
47 220 -0.3600020029287432
47 187 -0.280303290339351
47 190 -0.4498727875838986
47 194 -0.4723219464326045
47 197 -0.22015580650114863
47 200 -0.8443501111713823
47 203 0.2857396024016816
47 205 0.10302577614933339
47 208 -0.6728707777999823
47 211 -0.01588037688652344
47 214 -0.42024595472510407
48 253 -0.5874953374301997
48 256 -0.016962752489449784
48 223 -0.9896743038549702
48 226 0.564122086433819
48 230 -0.9581353147807943
48 233 0.12258869189025834
48 236 0.4837271982303235
48 239 -0.5288571750356956
48 241 0.8025448139364095
48 244 -0.7698573515467073
48 247 0.6112211833542709
48 250 0.4048706407922935
49 50 -0.05248618500204172
49 52 0.17891655705876852
49 181 -0.17911171915743407
49 184 -0.6936068105693387
49 187 -0.17697453189919865
49 190 0.15094889075587647
49 194 0.3194546890828982
49 197 -0.8967383790135399
49 200 0.08518070418028656
49 203 -0.3388871388114234
49 205 -0.6335803652956116
49 208 -0.11697831098149147
49 175 -0.32578385528623555
49 178 0.37677652560749997
50 51 0.0339599251675653
50 53 0.822983080512518
50 217 0.6609186955121744
50 220 0.5565188716378846
50 223 0.6791000660186934
50 226 0.20528841964748734
50 230 0.47435511744151393
50 233 -0.15943571881600294
50 236 -0.23061763567464144
50 239 0.39148223326693987
50 241 0.5810330799049996
50 244 -0.608667712122007
50 211 0.20958732806755043
50 214 0.805434276269483
51 54 -0.35270969635422555
51 253 0.964847518165237
51 256 0.22095749289900346
51 259 0.6059411181100325
51 262 -0.5598588890150225
51 266 -0.9144649505919347
51 269 -0.25653237947082363
51 272 -0.6430217699297394
51 275 0.1604655424724013
51 277 0.20616728212239566
51 280 0.7078477078770884
51 247 0.17112189868787953
51 250 -0.7447660691503364
52 53 0.11422463784283643
52 181 -0.6037048901578741
52 184 -0.9120243640509726
52 187 -0.7536102268291303
52 190 -0.39483719074926427
52 194 0.3083245320947172
52 197 0.9313994071516587
52 200 -0.14606845983317762
52 203 -0.7701738536206306
52 205 0.2730801986062208
52 208 -0.7175937769209413
52 175 0.6429749207484201
52 178 -0.6842569279568609
53 54 0.512796891240413
53 217 -0.3434665542476525
53 220 0.2963295211623609
53 223 0.09994040642009594
53 226 -0.36452188971281463
53 230 -0.8621331209391652
53 233 0.8337792854640707
53 236 -0.0007873561360376424
53 239 0.44265473523123955
53 241 -0.6825400173435177
53 244 -0.8192714313490832
53 211 0.7174480043195257
53 214 0.04561672872309841
54 253 0.4721871451859372
54 256 0.48192248335829424
54 259 -0.5703670450707181
54 262 -0.9774606186334291
54 266 0.7498834989689906
54 269 0.7880939961462701
54 272 0.8542580026997022
54 275 0.19369008334482785
54 277 -0.30348916843695584
54 280 0.2430541125303325
54 247 0.10561440762569263
54 250 -0.09065996682293687
55 56 -0.3880088550274843
55 58 0.3835003117830713
55 182 -0.8530289591610234
55 185 -0.6866621251195115
55 188 0.7758536349252405
55 191 -0.8788173734886027
55 194 0.7473265774694249
55 197 0.0438030770861606
55 200 -0.18769842477106402
55 203 -0.8105714832642295
55 205 -0.9031330892452032
55 208 0.051245820586985236
55 175 -0.11795952988651659
55 178 0.05239276204810728
56 57 0.6102736516802743
56 59 -0.8709322094606216
56 218 -0.19169642908525564
56 221 -0.767819522093278
56 224 0.727973145027639
56 227 -0.31253492731392507
56 230 -0.7010561204710213
56 233 0.7913740317867177
56 236 -0.742993314007202
56 239 0.8548631013051236
56 241 0.20764270026942055
56 244 0.7149780623061799
56 211 -0.8765485045568706
56 214 0.4509255398453855
57 60 -0.3967902013412845
57 254 0.936285311289383
57 257 -0.7270143418775781
57 260 -0.6843332259742247
57 263 -0.40878107100038275
57 266 0.6332315071970416
57 269 -0.9936268195191948
57 272 0.5975860960449131
57 275 0.4386487601573892
57 277 0.8312820425278515
57 280 0.41251067230054095
57 247 -0.5126811572421102
57 250 0.514591759853734
58 59 -0.8131251388104859
58 182 -0.9128549282390148
58 185 -0.5040914281894349
58 188 0.3475563739746428
58 191 -0.3748398809139377
58 194 0.9407851595108427
58 197 -0.21824654066919247
58 200 0.4774938943060967
58 203 0.19291886087814714
58 205 0.5332366105020969
58 208 -0.5340875445524302
58 175 -0.7467595541974337
58 178 -0.20769726821955015
59 60 0.6106990465309361
59 218 -0.6166806334844108
59 221 0.8142351812993258
59 224 0.5380719149344606
59 227 0.7622226798036837
59 230 0.10112602979581142
59 233 0.2814500538740927
59 236 0.5000202867578494
59 239 -0.68657297611936
59 241 0.9919404704004045
59 244 -0.21283399625043797
59 211 0.3678216527419602
59 214 -0.03865432230463495
60 254 -0.5226211167551735
60 257 0.2421414867026921
60 260 -0.46373980938837955
60 263 -0.26408628177626836
60 266 0.3808415931490101
60 269 -0.013923309754459101
60 272 0.7962388948632826
60 275 0.41189922923001654
60 277 -0.25648428309513616
60 280 -0.5715450218346947
60 247 -0.9049028213201984
60 250 0.6048168239231126
61 62 0.05901723367673295
61 64 -0.7560051281364519
61 182 0.15077223936170525
61 185 0.41110910050208394
61 188 0.4478916228941803
61 191 0.9601746329693421
61 194 0.22751977529286838
61 197 0.22306687154408822
61 164 0.7597355405972404
61 167 0.9053648806177175
61 169 0.5772481608463242
61 172 -0.3183013696313164
61 175 0.397631783686045
61 178 -0.5337986354138307
62 63 0.11910742060825408
62 65 0.6865700087317717
62 218 0.27139448071962313
62 221 0.8313028438386088
62 224 -0.6378786850789069
62 227 -0.7125467697112431
62 230 -0.8988069696809038
62 233 -0.16634000606947708
62 200 -0.5796753444314211
62 203 -0.49524515118638535
62 205 0.7744373106220437
62 208 -0.7800151768503076
62 211 0.771780503937374
62 214 -0.40761059065903593
63 66 -0.858423009182107
63 254 -0.07261708956405588
63 257 -0.8174236316379899
63 260 0.43965433808480636
63 263 -0.22223351511191947
63 266 0.7949640948278982
63 269 -0.8793539625487057
63 236 0.6216069311392172
63 239 0.7776785339171155
63 241 0.2570923041249309
63 244 -0.48927051654516784
63 247 0.9067513150026818
63 250 0.5685784368956739
64 65 0.011686267667798678
64 182 0.047275202349565726
64 185 -0.6012801682904876
64 188 -0.47317525312041053
64 191 0.13483564221381394
64 194 -0.8441930587756006
64 197 0.5443151510693274
64 164 0.17622360306193086
64 167 -0.39646332277932816
64 169 -0.4333921028745611
64 172 0.5178663149271499
64 175 0.7785832800528081
64 178 -0.6837065764887675
65 66 -0.7025006975985757
65 218 0.48627689837027366
65 221 0.2907216065234963
65 224 -0.5249671100191144
65 227 0.2770773917827185
65 230 -0.9896969715494919
65 233 0.8701344774973352
65 200 0.8181376496858144
65 203 0.49423070725514817
65 205 0.38400664873903456
65 208 -0.4670480004376303
65 211 0.7322449057353844
65 214 0.04892257600530603
66 254 0.48461211580794483
66 257 -0.3581497851256552
66 260 -0.2234888131101036
66 263 0.2744309636936646
66 266 -0.7595569201283627
66 269 -0.8378837360580793
66 236 0.02675419374604493
66 239 -0.29516902018571534
66 241 -0.8081359908700678
66 244 -0.5856506412333027
66 247 -0.9803780081079023
66 250 0.518756920869395
67 68 0.8571384203673931
67 70 0.04477586634957076
67 182 -0.593352616875205
67 185 0.18327828260217327
67 188 0.3765694373310946
67 191 -0.4671713428681201
67 194 -0.42128274926025133
67 197 0.9073806733010743
67 164 0.2802010527100631
67 167 -0.4906233136620224
67 170 -0.5907229073775253
67 173 0.8912213764164962
67 176 -0.1663354335559859
67 179 -0.17263977495665328
68 69 -0.9742474317299192
68 71 0.3682568119695293
68 218 0.020003662499740393
68 221 0.8147287042969493
68 224 -0.5478477864716567
68 227 0.5060470983504395
68 230 0.4230410663012176
68 233 -0.4173653107580879
68 200 -0.23776814304953153
68 203 -0.8418687893129952
68 206 0.37075025462857036
68 209 0.6828327218109138
68 212 0.8763177482703799
68 215 -0.5530383208811882
69 72 0.42950626451915297
69 254 -0.7292244307235556
69 257 0.39624528354873156
69 260 -0.3207984828311028
69 263 -0.8282705343135275
69 266 0.44229233900474174
69 269 -0.43841717696222027
69 236 -0.026008727737240278
69 239 0.44617045947385914
69 242 -0.37817526758235664
69 245 -0.7739250207539696
69 248 0.04293948309600393
69 251 -0.3156998736343344
70 71 0.6807677808170411
70 182 0.7485206552033565
70 185 -0.2558296724911231
70 188 0.4025374144450087
70 191 0.041621010040827855
70 194 0.5066882366028134
70 197 -0.8506311773631066
70 164 -0.46325362539748416
70 167 -0.323026355360702
70 170 0.11405666542270798
70 173 -0.14689186481985117
70 176 0.9354814107860077
70 179 0.8609704429231122
71 72 0.2905304955437278
71 218 0.307489551860725
71 221 -0.45363278651358696
71 224 0.3505462305567657
71 227 -0.26623309521724514
71 230 0.47203610395631346
71 233 -0.3357406332230395
71 200 0.1260060734640256
71 203 -0.611195488750907
71 206 -0.42034771413772853
71 209 0.975159471865622
71 212 0.7335028794846197
71 215 -0.061617462157247394
72 254 0.2718449646329526
72 257 0.9658852739274599
72 260 -0.8314720721406461
72 263 -0.878847783164544
72 266 -0.724898885288364
72 269 -0.8355680720103817
72 236 0.8085383264920312
72 239 0.19631060994220695
72 242 -0.7518430210791762
72 245 0.006397652620008243
72 248 0.13832751656467646
72 251 -0.640220229628252
73 74 -0.8286361728789391
73 76 0.1877195376804197
73 182 -0.7542046053463369
73 185 0.26479234778784044
73 152 0.21529121323791278
73 155 -0.19499499343203341
73 158 -0.34916866240021305
73 161 0.19832713439492666
73 164 -0.24446136483212766
73 167 -0.281905160011914
73 170 -0.3105212266122426
73 173 -0.9345958296849148
73 176 -0.26856536783961715
73 179 0.6616556816952344
74 75 0.5221144173694652
74 77 0.8715390189709331
74 218 0.6361154434976188
74 221 -0.9298832910531005
74 188 -0.041525616956317846
74 191 -0.3450558582755705
74 194 -0.029329955619759707
74 197 -0.05377876444733043
74 200 0.7687422350170745
74 203 -0.10785887007120198
74 206 -0.30319442635288807
74 209 -0.5580815658250975
74 212 0.048988338760293404
74 215 0.0011102357942383012
75 78 0.1748506151153515
75 254 0.32456263878361336
75 257 -0.3927109462011571
75 224 0.0763715751898606
75 227 0.23590116021904706
75 230 -0.4376596696565074
75 233 0.44045344275237275
75 236 -0.4501679480441576
75 239 -0.48230493021405896
75 242 0.7281667460145647
75 245 0.3704630667293132
75 248 -0.6606553508162001
75 251 -0.5434215199079808
76 77 -0.3519768015721707
76 182 0.14707681870641287
76 185 0.04509604002665846
76 152 0.4469812535453208
76 155 0.9386591171959351
76 158 -0.38181616229033444
76 161 -0.878256642979667
76 164 -0.6765354455481036
76 167 -0.9953017321171089
76 170 0.3552234308004716
76 173 0.5998295352026422
76 176 0.8500878415977782
76 179 -0.9724307728987396
77 78 -0.4586794917519723
77 218 0.3026141631565673
77 221 0.7804333775470982
77 188 -0.7203862438447488
77 191 0.3053112875875956
77 194 -0.9274294458513221
77 197 0.9032405536621844
77 200 -0.03391682434073218
77 203 0.44756088490179224
77 206 -0.2794699907025797
77 209 0.5397713905250687
77 212 -0.5337392640738072
77 215 -0.04244404258827594
78 254 0.30169884444736494
78 257 -0.11470886501918565
78 224 0.27860371995497935
78 227 -0.5834390346317406
78 230 0.8143367453353112
78 233 0.6060926077384379
78 236 0.41694704611043876
78 239 0.07843158826594121
78 242 0.38548500501345173
78 245 -0.25829190217023257
78 248 0.48186983467281097
78 251 -0.0664996084568843
79 80 -0.28872614152994847
79 82 0.25861294785534716
79 182 -0.7549134277660663
79 185 0.08515987964328176
79 152 0.4351096746548122
79 155 0.7341544791644472
79 159 -0.9459272500427705
79 162 -0.6804239838297426
79 165 -0.20338856315644205
79 168 0.4183549702436957
79 170 -0.4008139618573243
79 173 -0.007008884616168887
79 176 -0.5059577343006447
79 179 0.17276106155122894
80 81 -0.4731353568810226
80 83 0.036575277609486534
80 218 -0.17094497399141972
80 221 -0.423675092860871
80 188 -0.7936299238333238
80 191 0.072302164961493
80 195 0.0056304301736755935
80 198 0.2748717425540763
80 201 0.1793288818843426
80 204 0.7040648563833822
80 206 0.6636905932364472
80 209 -0.32715413133205784
80 212 -0.21547116146791812
80 215 0.7249676728581491
81 84 0.9812067192472831
81 254 0.6304936362445444
81 257 -0.6473154492233608
81 224 -0.6828751765772483
81 227 -0.4160823022505813
81 231 0.052109465099910546
81 234 0.13154820253369026
81 237 -0.4983013030989434
81 240 -0.9273853552129363
81 242 -0.1422735612637651
81 245 -0.26216079630709777
81 248 0.9564839913252796
81 251 -0.8731511711943287
82 83 0.8825293821428706
82 182 -0.7698098976132184
82 185 -0.7401936518726757
82 152 -0.0066599110244500714
82 155 -0.25806174407848426
82 159 0.2523030996636957
82 162 -0.0037427567900094605
82 165 0.7575328073094001
82 168 0.5077337330057288
82 170 -0.3568433892355818
82 173 -0.3232792737069341
82 176 0.9075300177156678
82 179 0.2017661378782074
83 84 0.2845454871677522
83 218 0.5313130714802465
83 221 0.608834551908993
83 188 -0.0772749122655203
83 191 -0.5923433054357008
83 195 0.030289714063888473
83 198 -0.522934458826906
83 201 0.27859923015315946
83 204 -0.12908922938904577
83 206 0.458307916796596
83 209 -0.368451183042543
83 212 -0.1513197037641738
83 215 -0.3022668440262164
84 254 0.8489142231300677
84 257 0.9716650576424288
84 224 0.16245122469815554
84 227 -0.38689743475675087
84 231 -0.12250343024147914
84 234 -0.25009120033161336
84 237 0.6287584477560435
84 240 -0.43295437555792815
84 242 0.8264797578225365
84 245 -0.12079798216107762
84 248 -0.5640748066291472
84 251 -0.17600963771465006
85 86 -0.140585149629479
85 88 -0.0401097223373712
85 182 0.07710054706809943
85 185 0.6899293153578316
85 188 -0.995877884894405
85 191 0.848483579215874
85 195 0.3943358258172369
85 198 0.35014903723536905
85 201 -0.02076163906270323
85 204 -0.8803218143408926
85 206 -0.0026862658044966015
85 209 0.524577731526757
85 176 0.14464618099381155
85 179 0.799569183457969
86 87 -0.3804132900406154
86 89 -0.6158591084196368
86 218 0.9401012715931585
86 221 0.6949452360546569
86 224 -0.35836637070234656
86 227 0.2619580859430579
86 231 0.396997397520348
86 234 -0.49496327400455487
86 237 0.6013502271678146
86 240 0.39547669460715906
86 242 -0.8877695430852961
86 245 -0.8253344258761528
86 212 0.4035508434626638
86 215 0.5516894461362061
87 90 0.93665276105547
87 254 -0.28535766639455806
87 257 -0.18455784124755104
87 260 0.6723650375748842
87 263 -0.8683047691889012
87 267 0.3471934290541956
87 270 -0.7786610211172988
87 273 -0.038468757762537775
87 276 0.9580467613307329
87 278 0.06963796405154299
87 281 -0.8578957120067268
87 248 0.0007847703672794193
87 251 -0.6986383210946081
88 89 0.12964975746955698
88 182 0.24798741183657103
88 185 -0.9536560417533329
88 188 0.591372084442982
88 191 0.4469161226073102
88 195 0.10432707232931548
88 198 0.30462620544026686
88 201 -0.9156949042229963
88 204 0.13861086107264242
88 206 0.6411142035519526
88 209 0.7228438195606108
88 176 -0.02282967222707999
88 179 -0.9409606260884091
89 90 0.5050069507922725
89 218 0.48611861073661444
89 221 -0.7306002861608869
89 224 0.21348969363885528
89 227 -0.8105437756370206
89 231 -0.987208433101828
89 234 -0.6571658478119411
89 237 -0.35555351512457345
89 240 0.47605507715121775
89 242 -0.5239908841172589
89 245 -0.4312724111831161
89 212 -0.3019399127073292
89 215 -0.33269217967849185
90 254 0.47719764563062683
90 257 0.024102019477759473
90 260 -0.8071648325844498
90 263 -0.7423097054504235
90 267 0.360460099738551
90 270 0.9925967957318749
90 273 -0.31208559346050513
90 276 -0.8461109917245047
90 278 -0.9503690254961386
90 281 0.1929114481553067
90 248 -0.43479505461157597
90 251 0.13440883096207323
91 92 -0.9165083751296506
91 94 -0.37497764291859537
91 183 -0.04925855506070054
91 186 0.09339569233803569
91 189 0.5845076927584811
91 192 0.8511059726715491
91 195 -0.7501291957075444
91 198 0.24543765495811853
91 201 0.28394178955247695
91 204 0.2102359567746297
91 206 -0.045615734261870156
91 209 0.6179082936249698
91 176 0.43854391221045796
91 179 -0.3489192707245763
92 93 0.4017010954393252
92 95 -0.15238581731885326
92 219 -0.6922749917926327
92 222 -0.8530442177847168
92 225 0.7064615620487957
92 228 0.9266609363180396
92 231 -0.7450357608912237
92 234 -0.7972370184992301
92 237 0.4096598857128875
92 240 0.5618117595479419
92 242 0.299439065804477
92 245 -0.1329291180905703
92 212 -0.631271581756879
92 215 0.5912828475023499
93 96 0.6025570112078009
93 255 -0.37723791459871436
93 258 0.7225347318801429
93 261 -0.10289681530484907
93 264 0.11147870164274121
93 267 -0.9068393164062272
93 270 0.9944948474816999
93 273 -0.9498954989791761
93 276 0.9523495029658693
93 278 0.24704304565960156
93 281 -0.030758163445145925
93 248 0.8102738117411883
93 251 -0.43328697061624877
94 95 0.7151755211738553
94 183 0.3087792455845144
94 186 -0.6123667326698934
94 189 -0.3134063298033478
94 192 -0.34158228111461075
94 195 -0.04191975116120039
94 198 0.905838277555858
94 201 0.509075321281055
94 204 -0.47995375589060796
94 206 0.5115970323762478
94 209 0.6599471740236418
94 176 -0.615840630930458
94 179 0.39674344091237623
95 96 -0.06911290043241514
95 219 0.6212964539024515
95 222 -0.16920179892195075
95 225 -0.2568370415890342
95 228 0.7122248537347209
95 231 0.2514827055320843
95 234 -0.4903307448801961
95 237 -0.49082230322359477
95 240 0.14873970298768668
95 242 -0.651807939097756
95 245 -0.5743627026144498
95 212 0.47102928645875797
95 215 0.39807427371106985
96 255 -0.9774772235020506
96 258 0.479711489162167
96 261 -0.6859432960472871
96 264 -0.5633666272845206
96 267 0.060223027862948975
96 270 0.012666397166091636
96 273 0.20632317348857243
96 276 0.8241822638526497
96 278 -0.6544914916083102
96 281 -0.600139010302746
96 248 -0.2214125932202491
96 251 -0.8104181940386039
97 98 -0.4693219212938744
97 100 0.5057573498427592
97 183 -0.6140549600867691
97 186 0.7162216129805454
97 189 -0.8798884415337616
97 192 0.019903041910847685
97 195 -0.996802753760637
97 198 0.17877091273806012
97 165 0.19681265257520209
97 168 -0.7968281826798791
97 170 -0.9319893203602778
97 173 -0.869910659533139
97 176 0.5280387564421303
97 179 0.5202749970907485
98 99 0.8241521506449168
98 101 -0.9113150917151644
98 219 -0.46779430895442076
98 222 -0.2921040214187527
98 225 -0.4643443592191068
98 228 -0.8671221735083803
98 231 -0.2735443402928446
98 234 0.23620180156383852
98 201 -0.02360025969716517
98 204 -0.48192448602960214
98 206 0.7064513756981257
98 209 -0.6114883884620936
98 212 0.8516073146440162
98 215 -0.052085835483182574
99 102 -0.21151692558778956
99 255 -0.8882074816499794
99 258 0.08057780327594077
99 261 0.14264813885154992
99 264 -0.009117396082151563
99 267 -0.9305791172225992
99 270 0.18596698232914943
99 237 -0.1516686485361718
99 240 -0.698924671923359
99 242 -0.83296770862064
99 245 -0.27139731922598886
99 248 0.7786519962494025
99 251 -0.9796456419007169
100 101 -0.11954927581962926
100 183 0.3684716292274912
100 186 -0.016822335790745102
100 189 -0.31027701832442744
100 192 0.37172327706664854
100 195 0.8014838465143055
100 198 0.12344191532003035
100 165 -0.35491662147817893
100 168 0.8014076564654775
100 170 -0.6404306928629702
100 173 -0.2097060387083598
100 176 0.5442709653737532
100 179 0.8675194517795843
101 102 0.5365641817593212
101 219 0.2479124012642544
101 222 -0.8599545548497531
101 225 -0.5981795183867584
101 228 0.6016817811058941
101 231 0.8307076473900805
101 234 -0.8913229927587585
101 201 0.7950294770774053
101 204 0.4093073739477
101 206 -0.18362873306382288
101 209 0.4722478477681533
101 212 0.791723250172897
101 215 -0.7942868776735981
102 255 -0.17226711946154172
102 258 -0.4671767651521703
102 261 0.800178597658252
102 264 0.46217271810202654
102 267 0.272966372550526
102 270 0.8094843402914256
102 237 -0.8461586510786139
102 240 -0.5748255320256004
102 242 -0.2544746516204033
102 245 0.21656052470653897
102 248 0.7873782321778926
102 251 0.963289047144696
103 104 -0.785219568456313
103 106 -0.7973622724598239
103 183 -0.7047126560414352
103 186 0.20278229202666154
103 189 0.0015141403153933197
103 192 0.8841090509241074
103 195 0.40327189085221193
103 198 0.5454466244512566
103 165 0.8662465909152361
103 168 -0.00818160600500173
103 171 0.004276223895686604
103 174 0.6785512929048321
103 177 -0.9557043034812247
103 180 -0.11579363305879009
104 105 0.6783542333433727
104 107 0.9884629487686736
104 219 0.05055560811044879
104 222 0.15230094102458636
104 225 0.08273725868514581
104 228 -0.82832053570762
104 231 -0.6438919523789204
104 234 -0.6572461678918344
104 201 -0.8269498740859014
104 204 -0.2816824139596201
104 207 0.49674983782256543
104 210 -0.37091403340155793
104 213 0.8237830876911052
104 216 0.11549207676594886
105 108 -0.617162400501599
105 255 -0.930258543450244
105 258 0.15861330765141157
105 261 0.6092129878973043
105 264 -0.6978306008868205
105 267 -0.989313273999934
105 270 0.4545139656296491
105 237 -0.8509875498799901
105 240 0.060451137578196645
105 243 -0.663574250341687
105 246 0.4304354815609097
105 249 0.23352575436570144
105 252 0.8202941756727211
106 107 0.5133505172310295
106 183 0.04294742048882294
106 186 0.9066214946234388
106 189 -0.8836573482476291
106 192 0.642017273499649
106 195 0.4028235841199881
106 198 -0.797146640565054
106 165 0.08117587866603615
106 168 -0.11051494255362337
106 171 -0.2960997740255775
106 174 -0.3029885767661813
106 177 0.4746676429778096
106 180 0.6556271769236226
107 108 0.6042152936595577
107 219 -0.06263201312267319
107 222 0.7146858862105667
107 225 0.7606826775741307
107 228 -0.8773861682090549
107 231 0.8330051162022445
107 234 0.9271122962322305
107 201 0.5641925063726891
107 204 0.04681374853851161
107 207 -0.7909289936611101
107 210 -0.2937906349051338
107 213 0.12427143027950804
107 216 0.41385417934646895
108 255 0.44591079704643133
108 258 0.340456658092426
108 261 -0.07084404363692265
108 264 -0.8816319104924328
108 267 0.023414821166893418
108 270 0.4935395649305001
108 237 -0.5722928441103035
108 240 -0.3996622964122183
108 243 -0.7325080168156222
108 246 -0.7281824577661689
108 249 0.07709072910493253
108 252 0.5313528842086086
109 110 0.1405955107590815
109 112 0.997577756534519
109 183 0.8170021982743714
109 186 0.8641345409115706
109 153 0.4460297092600771
109 156 0.3160725548245287
109 159 0.0794342822598797
109 162 0.9192054599982711
109 165 0.5244662112029352
109 168 -0.4649090912613041
109 171 0.6974416441044173
109 174 0.5590996389238456
109 177 -0.30880064851654243
109 180 0.6790915434251039
110 111 -0.28453141859813047
110 113 -0.2875874027744707
110 219 0.2794453809983781
110 222 0.46181410245232435
110 189 -0.5396430231291951
110 192 0.879820066622645
110 195 -0.21675508940323263
110 198 -0.9748961061503223
110 201 0.4444403806916799
110 204 -0.7731332431207258
110 207 0.3694842122483113
110 210 -0.9359212790817362
110 213 0.2883066763446014
110 216 0.3604228030963801
111 114 0.08598046521974534
111 255 -0.6623101684969328
111 258 0.9301688337855385
111 225 -0.7864556955552948
111 228 -0.26553546865693756
111 231 0.7873980289374347
111 234 0.5065655322132805
111 237 -0.2948279816072483
111 240 -0.40469835916143126
111 243 0.7941270013513964
111 246 -0.4714719176208606
111 249 -0.2099819333010713
111 252 -0.507603168123478
112 113 -0.23354206395362165
112 183 -0.21815430518628443
112 186 -0.7717206112333461
112 153 -0.12575816436560006
112 156 -0.29304558744106757
112 159 -0.8517597408628552
112 162 0.29632341703816034
112 165 -0.7957734678477195
112 168 -0.7885915870193498
112 171 0.39082272649112704
112 174 0.5975264691517144
112 177 -0.6404958277538779
112 180 -0.9219764056241078
113 114 0.21973051282311618
113 219 -0.5753983539739267
113 222 0.5201111353535226
113 189 0.08359637172915324
113 192 -0.550498781092349
113 195 0.6593635927951693
113 198 0.05833279651635004
113 201 0.2609186924412221
113 204 -0.16618863810835727
113 207 0.20340851358603507
113 210 0.3546519798005896
113 213 -0.9329964312103385
113 216 -0.4781721501469087
114 255 0.027973356621705747
114 258 0.8417595726195799
114 225 0.40047159789173215
114 228 0.5329468888794147
114 231 0.15194175030711743
114 234 0.46921718308438143
114 237 0.11159725365429218
114 240 0.27396551163199123
114 243 -0.495046748596331
114 246 -0.9315874800698996
114 249 -0.7645411755116924
114 252 0.30208935518533986
115 116 -0.4169036359877931
115 118 -0.9556166560698509
115 183 0.36608887415788716
115 186 0.043890903004567106
115 153 0.8752273813368003
115 156 0.5928114623550476
115 171 0.956044977173774
115 174 -0.19796303802709225
115 177 -0.14676727679128887
115 180 0.8541072768637095
116 117 -0.05203198057752756
116 119 0.9562730487513813
116 219 -0.36635296839156073
116 222 0.15583450953533884
116 189 -0.843964747004343
116 192 -0.5711276227510871
116 207 0.6093313399723967
116 210 0.3854689393443189
116 213 0.4015963038001962
116 216 0.2763872565482399
117 120 -0.4329074465852625
117 255 -0.5202677237895348
117 258 0.974938823376863
117 225 -0.6797555855798243
117 228 0.18332582704257772
117 243 -0.6384806526990938
117 246 0.12041074456470136
117 249 0.9258687100589442
117 252 -0.31432871798291284
118 119 0.10389067454518774
118 183 0.7215023705480239
118 186 -0.17000236378595468
118 153 0.9047523014291181
118 156 0.8005288326984024
118 171 0.34609470635970285
118 174 -0.9574765909073046
118 177 0.15309797798891456
118 180 0.9853274548649749
119 120 0.9755170707447565
119 219 0.5955342809323161
119 222 0.8278684256795679
119 189 0.2808079715768952
119 192 0.7762972832764881
119 207 -0.5365278008832752
119 210 0.047352649199517094
119 213 -0.1837767628847653
119 216 -0.5410827760467585
120 255 0.5654829196942628
120 258 0.7434685173240894
120 225 0.5823538544718887
120 228 0.1405214602288969
120 243 -0.8958351967022011
120 246 0.9953888112684544
120 249 -0.12562066628349133
120 252 0.05997961212884251
121 122 0.7959681639233325
121 124 0.6446348741343684
121 183 0.998140623860043
121 186 -0.9767806238102976
121 189 -0.023711818407945673
121 192 0.5680486254631454
121 207 -0.46146053742858717
121 210 -0.773607319477601
121 177 -0.6744940113976874
121 180 0.6192188687923648
122 123 -0.5906701228568867
122 125 -0.4641331162144746
122 219 -0.9047639701826731
122 222 0.7074441633504935
122 225 -0.9391616405491976
122 228 0.048247890977727304
122 243 -0.7390429708139361
122 246 -0.2544087319214112
122 213 -0.13516908802439898
122 216 -0.49544887519044845
123 126 -0.26481427418974635
123 255 0.7120075476336001
123 258 -0.528652530396682
123 261 0.7771764954312719
123 264 0.26038424416522443
123 279 -0.8690315660892021
123 282 0.6586039362819387
123 249 0.007902204802036294
123 252 -0.1719450987143869
124 125 -0.5887992886128621
124 183 -0.6458813457420955
124 186 0.0696363431182756
124 189 -0.0644015042837558
124 192 0.2554657612516469
124 207 0.504339145758959
124 210 0.5477300711626094
124 177 -0.3815840630127456
124 180 -0.48412099571253053
125 126 0.9474835486211794
125 219 0.21703427011754406
125 222 0.9614769020408318
125 225 -0.8487709881620031
125 228 -0.7014733027853712
125 243 -0.8056804071751782
125 246 0.5402721703165376
125 213 -0.04906654207273475
125 216 0.5234101803762472
126 255 -0.7843832675948144
126 258 0.5176005472872627
126 261 -0.9362304226149614
126 264 0.7671169253817862
126 279 0.7478522436441553
126 282 -0.022738524518062908
126 249 0.09627271434967533
126 252 0.1723182687688345
127 128 0.16317731412698722
127 130 -0.30411896710985853
127 207 0.5004787657273799
127 210 0.8906260177902705
127 177 -0.500877021766974
127 180 -0.40907810323113303
128 129 0.2900157468508433
128 131 0.5867795263874183
128 243 -0.7225450894236842
128 246 0.7181313892592083
128 213 0.38669663745317595
128 216 0.566234930582943
129 132 0.9038661492730107
129 279 0.21064314339132517
129 282 -0.5537025479124131
129 249 -0.089286677631369
129 252 -0.14654295183516708
130 131 -0.719398206576676
130 207 0.6580525687215515
130 210 -0.4249112276561995
130 177 0.8125229317351639
130 180 0.4202484077181923
131 132 0.28339410262861486
131 243 -0.27810919888033814
131 246 -0.1380739711573784
131 213 -0.015031278431445472
131 216 -0.48172756101611447
132 279 -0.5307756939641892
132 282 -0.9669937811843314
132 249 0.667634791024724
132 252 -0.5836998044507546
133 134 0.33954750563860303
133 136 -0.8423365929625499
133 171 -0.8134341361679691
133 174 -0.5096126821815166
133 177 0.7896672432763872
133 180 0.05609088048304045
134 135 -0.25684063846992444
134 137 0.6988628064993807
134 207 0.3372796451844895
134 210 -0.22586792551883805
134 213 0.6031614019044689
134 216 -0.9073121116552958
135 138 0.9800352770986245
135 243 0.9182054704446969
135 246 -0.6984168588351083
135 249 -0.5870653014657055
135 252 -0.14547826415168186
136 137 -0.41616988256334886
136 171 -0.5774074237558096
136 174 0.3531336530213445
136 177 -0.3043240847775772
136 180 0.956932921753042
137 138 0.12880071643338664
137 207 -0.6418057014144005
137 210 -0.7427865505458664
137 213 0.6705834036023048
137 216 -0.7554967558561871
138 243 -0.16551479090173027
138 246 0.2055505154716144
138 249 0.36421806550530356
138 252 0.8713774276909867
151 152 0.5393719791402405
151 154 -0.8805906325428658
152 153 -0.6027925014248676
152 155 0.19739049682397036
153 156 -0.17288613211325843
154 155 0.6847773937244452
155 156 -0.481214097637757
157 158 -0.8813022557609529
157 160 0.44473058654080777
158 159 0.39265609225455167
158 161 -0.32029185811398375
159 162 -0.2713873611876243
160 161 0.7910598674367602
161 162 -0.3918191088950653
163 164 -0.5730684026215047
163 166 0.07413690057888611
164 165 0.9746962029478297
164 167 0.8506234839332205
165 168 0.9673917999149757
166 167 -0.13313237421422275
167 168 0.32780541248890716
169 170 0.1464599728295941
169 172 0.17767161595397707
170 171 0.12145508912082947
170 173 -0.759139280247622
171 174 0.26969054306694074
172 173 0.4361014429132313
173 174 -0.2249307104247913
175 176 0.43735605645059406
175 178 0.9562695657391242
176 177 0.3175601087678499
176 179 -0.6992663172121893
177 180 0.7234099431970347
178 179 -0.9595372439613579
179 180 0.062344498291366346
181 182 -0.13923750788483957
181 184 0.32146958415602267
182 183 0.10243343148621209
182 185 -0.8568690222257327
183 186 0.07112518632137843
184 185 -0.20212591421323367
185 186 -0.49056650043355354
187 188 -0.03291856066169574
187 190 0.8759316366374954
188 189 0.9087226168497093
188 191 0.7982097536168793
189 192 0.7806908139212567
190 191 0.08976019304586802
191 192 -0.5810938592416031
193 194 0.03560608589410719
193 196 0.1394976265695398
194 195 -0.14562555865770488
194 197 0.9421167834023594
195 198 -0.6580936166262483
196 197 -0.31041321284656265
197 198 0.2876711510515655
199 200 0.9823895309801325
199 202 -0.8144138316172282
200 201 0.9374891828018628
200 203 0.4918200227331926
201 204 -0.3676800589997977
202 203 -0.9841898606008348
203 204 0.4336300041296903
205 206 -0.8426864930969091
205 208 -0.5134941751821145
206 207 -0.9918207610635783
206 209 -0.8022836218783
207 210 -0.5431997467847531
208 209 -0.046558297487232725
209 210 -0.5007122208202881
211 212 0.3102655546130817
211 214 0.31076094577700375
212 213 0.35890985219085825
212 215 0.2209178244285397
213 216 0.004216619070899652
214 215 -0.4642771406624948
215 216 0.027927781706583943
217 218 0.19343807735218999
217 220 -0.41730139403053834
218 219 -0.5303060309528378
218 221 -0.43852871384074876
219 222 -0.3195587666766855
220 221 0.3470707752553963
221 222 0.988587958687067
223 224 -0.4215984224390601
223 226 -0.39989059843279495
224 225 -0.2620307073426613
224 227 -0.5567786720421797
225 228 0.11658828834965451
226 227 0.11348601015991533
227 228 -0.7009151926215047
229 230 -0.3941410886497565
229 232 0.5243834315223002
230 231 0.15071255842286968
230 233 -0.6602244197831044
231 234 0.6127056827011503
232 233 -0.8516626973886887
233 234 -0.9883131605625888
235 236 -0.4000068434203068
235 238 0.3331456531935213
236 237 0.4390136908997744
236 239 -0.34592420199649454
237 240 -0.26736404818971615
238 239 -0.814203918499115
239 240 -0.27682883786239976
241 242 -0.3964252933023029
241 244 -0.1764101378953764
242 243 0.20739595180362946
242 245 -0.4497102323421651
243 246 -0.8622425256435158
244 245 0.14752075464918213
245 246 0.221930272826806
247 248 0.15028402782725214
247 250 0.15996211250291248
248 249 -0.27936485146210366
248 251 0.2425950546615434
249 252 0.25307293804399844
250 251 0.008736156605860135
251 252 -0.3180467928525814
253 254 -0.8673716873492432
253 256 -0.7971230585495845
254 255 0.3717743113698473
254 257 0.2916091149841953
255 258 -0.41492729749381807
256 257 0.1703553883253759
257 258 0.670577235226435
259 260 0.8376390145938823
259 262 0.3459852770149632
260 261 0.7916179550182902
260 263 -0.9817393748548551
261 264 -0.813432814449641
262 263 0.9148307066507975
263 264 0.7346111313879298
265 266 -0.6740040601613428
265 268 0.4575299756742086
266 267 0.7096112157226351
266 269 0.8424268435497255
267 270 -0.8394821762041129
268 269 -0.3441358547371829
269 270 0.9313185047367796
271 272 0.5336229438864439
271 274 0.811102362983037
272 273 -0.33526668764976786
272 275 -0.5682170775396174
273 276 0.04196978008488417
274 275 -0.4478602186917817
275 276 -0.4845460527075094
277 278 0.38768499423982195
277 280 -0.6846406793723623
278 279 -0.8093803011826164
278 281 0.2311293281071365
279 282 0.6526435964734787
280 281 0.290135039743584
281 282 0.28141596262271973
