# 
7 7 -0.7422253734925608
8 8 1.0062518108746907
9 9 0.7370893872338105
10 10 0.3531832033636473
11 11 0.8525815194374999
12 12 0.9232723784880328
13 13 -3.976847099105303
14 14 0.6008662637664868
15 15 -1.3340233987926
16 16 -0.0767761030714258
17 17 1.4101738435412656
18 18 -2.3629996952407435
19 19 3.10992133356773
20 20 -0.1029845785079253
21 21 -2.884552475175906
22 22 3.7353187827502836
23 23 0.5828861392844189
24 24 1.427343376987806
25 25 2.316585301532876
26 26 -1.7362658268786593
27 27 -2.9474670493872352
28 28 2.128939604486745
29 29 3.0560755276410445
30 30 -3.633704491087271
31 31 -2.2343603986674916
32 32 -0.6174240284265071
33 33 1.6316201191028892
34 34 -1.7358817047480155
35 35 -2.665218525258916
36 36 -0.38455765890043203
37 37 3.4874407497958595
38 38 -2.286995611663472
39 39 -3.8872288434711217
40 40 1.603518744732371
41 41 -3.277430369503305
42 42 -1.2201488158468123
43 43 1.118766136774478
44 44 0.07309618887261937
45 45 1.6405592945398233
46 46 -1.3305000091763128
47 47 2.5441895894944766
48 48 -3.806594409972335
49 49 1.495951168065048
50 50 -1.9476976819811975
51 51 -1.6285558679235592
52 52 -0.44083400172531295
53 53 3.4145995266882103
54 54 0.3489484218766057
55 55 2.28512347480783
56 56 3.7135261115614266
57 57 -2.7069612890002297
58 58 3.3604787629479587
59 59 3.1262848904981864
60 60 -0.1618679807962886
61 61 3.626870564996696
62 62 3.5056572187272614
63 63 1.8299143520459102
64 64 -1.1501582120581384
65 65 -1.2770183359922598
66 66 3.022494467149066
67 67 -2.0450696170832074
68 68 -1.1985379060528398
69 69 -1.928884141499525
70 70 3.1616620342361825
71 71 -0.6662394532349811
72 72 1.7709341949775732
73 73 3.524159477826659
74 74 -3.0271876065912426
75 75 0.8895848908251764
76 76 -0.983510459031347
77 77 3.0741047902584286
78 78 -2.3557533154550176
79 79 -0.06679315805714392
80 80 1.9916583579845888
81 81 -2.1934767484459634
82 82 -0.10332075900444604
83 83 3.521806694992443
84 84 1.7701053241443976
85 85 1.738099324719987
86 86 -3.786577010566462
87 87 3.0479714652995993
88 88 -3.5655263852397434
89 89 -2.0650147110521786
90 90 -0.9872504959728134
91 91 3.4298543048550405
92 92 3.935545440462562
93 93 2.4103465816202725
94 94 -2.9675406226920256
95 95 -3.442710889780339
96 96 -1.6003215935905084
97 97 0.2578200920769884
98 98 -2.445953694671049
99 99 2.0185409323631056
100 100 2.8988522783670057
101 101 -2.554848795033851
102 102 -1.036426662249558
103 103 -0.07284900669809158
104 104 1.0507666337177586
105 105 2.6547878909164373
106 106 -1.9824886289335693
107 107 0.6948464225707776
108 108 -2.992728368703708
109 109 -1.7188197965419096
110 110 2.2995044731746104
111 111 1.4800187503197861
112 112 -3.7044455058285957
113 113 -1.8236949318046642
114 114 1.6697610943389245
115 115 -1.4549635428724343
116 116 -0.8930545064285322
117 117 -1.5146387594796655
118 118 -1.3150092063572325
119 119 1.30169616502587
120 120 -1.2980524133845606
121 121 -0.13560521317365204
122 122 -0.3014988230158737
123 123 2.239822362302741
124 124 -2.1390767334280287
125 125 3.253979976428586
126 126 1.4706454795962491
127 127 -0.569007966558364
128 128 1.9113557151543006
129 129 -1.2101591478403932
130 130 -2.7369173208329904
131 131 3.838001587489079
132 132 2.4032926017983938
133 133 -0.08084176213738825
134 134 -1.5980816475256177
135 135 -1.5469846328065424
136 136 -3.9880323108329705
137 137 -1.5338905297754435
138 138 2.3881153181559043
151 151 -2.0248606146262897
152 152 0.3704830296261816
153 153 -1.8118815759304194
154 154 2.0284845031172134
155 155 -0.35947825374825637
156 156 -0.7594391078569034
157 157 3.3586511753422252
158 158 0.994119470031265
159 159 -1.3488248887820857
160 160 0.24061084262185872
161 161 3.950323405191038
162 162 -2.095426239795721
163 163 -3.0552137880148083
164 164 -3.2035038192167624
165 165 0.22386621943529939
166 166 2.9571365148653417
167 167 -2.9380989821875847
168 168 1.4644222680293861
169 169 2.034307403829505
170 170 -2.640345857888434
171 171 -3.3927996647789804
172 172 3.346099508104947
173 173 -3.418028206760728
174 174 3.879205220743514
175 175 3.541837148628545
176 176 -2.7011786143059853
177 177 -3.133586989588175
178 178 3.036226503239223
179 179 3.506421185915385
180 180 1.3515107772080261
181 181 0.9475965270339666
182 182 -0.6980703191962787
183 183 1.7067135413346248
184 184 3.4219107110727522
185 185 -2.5339904260484323
186 186 -2.80002490976897
187 187 -1.5155258100033118
188 188 -2.842145925883476
189 189 3.4684093244963243
190 190 -3.9680610653241457
191 191 3.1058321941790306
192 192 -3.443004956973992
193 193 2.776969409417527
194 194 -3.6241095065110223
195 195 -2.5844615111623845
196 196 -2.4764275599106833
197 197 1.650783984493982
198 198 0.3610071495920657
199 199 3.9596502161271996
200 200 -1.6305865640896267
201 201 0.3736021376539149
202 202 -1.9737188069362288
203 203 -0.8507060245132836
204 204 -2.4573199119497033
205 205 -1.653745945731476
206 206 -0.7613985681360376
207 207 2.737449781681848
208 208 0.6687228043871096
209 209 2.4791033265698807
210 210 3.769536142012008
211 211 -1.5316683277598973
212 212 1.7502180297169927
213 213 -1.0955621147799084
214 214 -1.269514153718557
215 215 -0.4897739314980898
216 216 -2.5202929924880912
217 217 -1.7994080698441532
218 218 -0.46774928272733085
219 219 2.8032965864132695
220 220 -3.585528464341066
221 221 2.0392022563162664
222 222 -3.9933795084399275
223 223 1.0931907874901992
224 224 2.814726099999981
225 225 3.0063742228798747
226 226 -3.5378799198202424
227 227 0.18369115676395786
228 228 1.4227843105997353
229 229 -0.6850355243599981
230 230 -3.8766128707460705
231 231 0.19888143275151737
232 232 -3.0057184397680405
233 233 -0.37660792821939104
234 234 0.5277448234079118
235 235 -2.072771037821327
236 236 -2.6265805227601486
237 237 1.3900669573298012
238 238 -3.886015272488133
239 239 -1.8945173473516705
240 240 -0.3833884480410479
241 241 2.074564259056804
242 242 -1.2021229038011194
243 243 -2.5191480729321984
244 244 0.23755407489163094
245 245 1.3243066174168598
246 246 1.0064543029736157
247 247 -0.664190987098678
248 248 -2.6502104065574486
249 249 -1.5205745412891192
250 250 -1.4060059178078568
251 251 0.5923907564438258
252 252 0.1572277368737547
253 253 1.1701618610258473
254 254 -3.8225442777887952
255 255 2.7372347926039557
256 256 1.8536890210628165
257 257 3.7549587521747556
258 258 -2.312441496368386
259 259 -1.4558362134726046
260 260 -0.4518408739335644
261 261 0.7589276640476843
262 262 3.3794026654022966
263 263 -0.45180680655755623
264 264 0.0023250457405650238
265 265 -1.2119728507354397
266 266 1.2986436276807867
267 267 -2.182750982952067
268 268 0.7495127131041963
269 269 -1.646478664723177
270 270 3.2412151973462757
271 271 -3.218661575910473
272 272 -0.9763607851162543
273 273 2.3825239871462127
274 274 -0.21602321619995113
275 275 -1.0029511390487178
276 276 3.331467744257907
277 277 -3.584615863124214
278 278 -0.3142782476057908
279 279 -0.3651100596868
280 280 -2.7073892918629916
281 281 3.2760097029757755
282 282 -2.4096950241771333
7 8 0.1740391028073045
7 10 -0.6990046010098776
7 157 -0.641708520428135
7 160 0.8223543150911699
7 163 -0.23622206017422998
7 166 0.5631854981912146
8 9 0.8950532059301142
8 11 0.26798690369394484
8 193 -0.14449419939933517
8 196 0.964380465017395
8 199 0.1815767901744949
8 202 -0.4993385052697299
9 12 -0.7297093462569073
9 229 0.039508037807670204
9 232 -0.3067384292945441
9 235 -0.15333974648183224
9 238 0.36422843384676296
10 11 0.815241322488651
10 157 0.3664546998899605
10 160 -0.598707668506582
10 163 0.8154880149820651
10 166 -0.6493944713483129
11 12 0.39391389308969726
11 193 -0.5656200620170013
11 196 0.29607282221076847
11 199 -0.5772267841430618
11 202 -0.851253688554237
12 229 -0.38410500426010685
12 232 -0.9873266217376351
12 235 0.15079847490570497
12 238 0.18220635848130629
13 14 0.7865000930786565
13 16 -0.38408450896509705
13 193 0.05881181610042763
13 196 0.23975022715526118
13 199 -0.8627634173357848
13 202 0.20948959141798684
14 15 0.14257532014524021
14 17 0.6038686032283529
14 229 0.9640208477081902
14 232 -0.7756252460959283
14 235 0.6729327226669404
14 238 -0.48035099604015064
15 18 0.9064208951445585
15 265 -0.08254601947914875
15 268 0.8149421779227322
15 271 0.2686699737167022
15 274 -0.19340802161098525
16 17 0.8288356310277172
16 193 -0.5235969486870302
16 196 -0.2504240715121273
16 199 0.8683705002181505
16 202 -0.5558963166467654
17 18 0.7409036409536018
17 229 0.5118329460345155
17 232 0.036133191855178826
17 235 0.5952996955884482
17 238 -0.8938077725225151
18 265 0.6227305055453525
18 268 0.11424761736048072
18 271 -0.3254195673733371
18 274 0.35106835428792804
19 20 0.21345842697777306
19 22 0.9323839083559915
19 181 -0.12383205966646593
19 184 0.017127630066996247
19 187 0.1993551832375744
19 190 0.4078553236506668
19 193 -0.15499334516925067
19 196 0.9684380627890203
19 199 0.9768140195956208
19 202 0.2828119133567395
20 21 0.961135229260673
20 23 -0.13909338790870285
20 217 -0.6948594904631342
20 220 0.7750362039233896
20 223 0.3400133476394551
20 226 0.7210188544769274
20 229 -0.5981991270442923
20 232 -0.1461548193728095
20 235 0.048183942806049096
20 238 -0.08407803255886392
21 24 -0.7920280406562905
21 253 -0.21388101649460012
21 256 0.21323964102940862
21 259 -0.3925143099318129
21 262 0.24312481106015582
21 265 -0.7883034033569143
21 268 0.7613955125260745
21 271 -0.6727781093419307
21 274 0.6372054678551102
22 23 0.2600897017862638
22 181 0.5426607027648851
22 184 0.7535615308766954
22 187 -0.7126937733390022
22 190 0.5511297350528803
22 193 0.48979890966596207
22 196 -0.07847947421698254
22 199 0.7435163783652428
22 202 0.24930463366765743
23 24 -0.6409685644136469
23 217 0.9559910728972314
23 220 0.47346673256707295
23 223 0.7083826787404373
23 226 0.4546157700049145
23 229 0.6109947225332295
23 232 -0.33564590484814616
23 235 -0.2961189701850797
23 238 0.05949178875951722
24 253 -0.8429346899354293
24 256 -0.39421330787574815
24 259 0.6977455526880425
24 262 0.6419838804801914
24 265 0.11321341348273983
24 268 0.007105421933526035
24 271 -0.3131462883304508
24 274 0.6811711304454369
25 26 0.6271656705901363
25 28 0.47892973760140656
25 181 0.22111303329031595
25 184 -0.023486412060202078
25 187 -0.9551382419479544
25 190 0.8182739197241244
25 193 0.32656126125974616
25 196 -0.9352074386566087
25 163 -0.11774344339825538
25 166 0.3688860649680701
26 27 -0.08625078956790388
26 29 -0.2053717086917921
26 217 -0.040545695890174205
26 220 0.03999995365312836
26 223 0.027298163776114492
26 226 -0.5267118376186399
26 229 0.7875993403827903
26 232 -0.48007868397811126
26 199 -0.47263347056144767
26 202 -0.6120987942890568
27 30 0.1551715292640583
27 253 -0.7370626040810149
27 256 -0.5454302686456338
27 259 0.9943731792294046
27 262 -0.5033201151319739
27 265 0.10304132820216982
27 268 0.10997229759865013
27 235 -0.905598898594909
27 238 0.2051789273668474
28 29 -0.8392634370071654
28 181 -0.5163342198049312
28 184 -0.7142451461239656
28 187 0.4403614332676371
28 190 0.9474187213500258
28 193 -0.38644003749807765
28 196 0.4619955682408865
28 163 0.140096212668964
28 166 -0.22039045678223612
29 30 -0.3366261394118488
29 217 0.4418496955801108
29 220 -0.8712829747183597
29 223 -0.28123030321548925
29 226 -0.41436971270625444
29 229 -0.9807957744318037
29 232 -0.30636462614897897
29 199 0.7675791937690064
29 202 -0.544369393393104
30 253 -0.9525251807861592
30 256 -0.29132982795963125
30 259 -0.6490286971871255
30 262 -0.1054863386825613
30 265 -0.48733582945365184
30 268 -0.10856335912013693
30 235 -0.45415733930610536
30 238 -0.9993837701072492
31 32 0.4687991905350115
31 34 -0.6568255726177958
31 181 0.09026074337587753
31 184 0.07362718069114393
31 187 0.22238763415169527
31 190 -0.45613170631513933
31 193 0.9477708037429367
31 196 0.2818044345702666
31 163 -0.917349469415911
31 166 0.04281611708252564
31 169 0.2615229511563437
31 172 0.30532876403686715
31 175 -0.12979389036993583
31 178 0.6430687405951456
32 33 0.7518350609156341
32 35 0.541119297663422
32 217 -0.9092119823101068
32 220 0.06279344289051814
32 223 0.1662908487448853
32 226 0.37539680919311014
32 229 0.6821275350364686
32 232 -0.4602005246617178
32 199 -0.6053047601898329
32 202 0.377609603951498
32 205 -0.20190484601063385
32 208 0.8064469240579553
32 211 -0.23188033680353315
32 214 -0.9688627473977334
33 36 0.10056084131613896
33 253 0.6910977504442619
33 256 -0.5858638710218877
33 259 -0.21288823257641298
33 262 0.07136502890064933
33 265 0.6774471512720386
33 268 -0.4755726672385552
33 235 0.8675558989336603
33 238 -0.03559400275422697
33 241 0.7136670588292859
33 244 -0.5783219576454854
33 247 -0.6991079998134935
33 250 -0.3595761892876801
34 35 -0.4502896486129613
34 181 0.538152613645114
34 184 -0.9111403022107405
34 187 -0.8667929405522747
34 190 0.7157899487326882
34 193 0.36643069926028615
34 196 0.10796995002759746
34 163 0.36579917584720745
34 166 -0.4654143570087821
34 169 -0.6533638941048654
34 172 -0.2215281298503795
34 175 -0.9452710319501862
34 178 0.7361743580374329
35 36 -0.6354976375165711
35 217 0.16463640795529266
35 220 0.11542256140864526
35 223 -0.5667131754118053
35 226 -0.953483662863271
35 229 -0.6826875128409999
35 232 0.6001559602300821
35 199 0.7830059650310741
35 202 -0.38818159070745284
35 205 0.603579378650811
35 208 -0.4990626611580269
35 211 -0.42423062839057013
35 214 -0.5446190860777571
36 253 0.6983831761080079
36 256 -0.012484600067357299
36 259 -0.2505689028987188
36 262 -0.03851955520124717
36 265 0.4444195166932561
36 268 -0.42774773748193007
36 235 0.9317762546234609
36 238 0.16991821309884658
36 241 0.28164601591632765
36 244 0.9041537062051059
36 247 0.5868593298521916
36 250 -0.8755984856638677
37 38 -0.2748689548323979
37 40 -0.2524671633039359
37 181 -0.19340961522688027
37 184 -0.7113759061559273
37 151 -0.7214107006501052
37 154 -0.3088938443153679
37 157 -0.1996495974384931
37 160 0.033852488864657415
37 163 0.00796809779163965
37 166 -0.8885615064398817
37 169 0.9754028941095028
37 172 0.07709204077385912
37 175 0.5350058176684549
37 178 -0.87791768711864
38 39 0.34462646221164883
38 41 0.012153093692082617
38 217 0.8199527304042458
38 220 0.31706037170375456
38 187 -0.25846112729641013
38 190 0.06819301323519533
38 193 -0.4884709494211623
38 196 -0.012650885678037849
38 199 -0.9847010301790937
38 202 -0.399810382993115
38 205 0.9433121688609942
38 208 0.9635670021365261
38 211 -0.11958848892856655
38 214 0.20838298170216696
39 42 0.9068573743545032
39 253 0.6130720173843964
39 256 0.15102725443021292
39 223 0.3850472359156858
39 226 -0.25782321621993964
39 229 0.11237588481631411
39 232 -0.5665501218472189
39 235 -0.6142081029053461
39 238 -0.8633687993050643
39 241 -0.4408235946054826
39 244 0.5314142995866451
39 247 -0.18331209488588507
39 250 -0.23420049049498504
40 41 0.42485891567327694
40 181 0.5818536143560682
40 184 -0.06482606105974575
40 151 -0.2710991564449967
40 154 0.35518107551322897
40 157 0.8152527897815729
40 160 0.12400061829904563
40 163 -0.21879816991221968
40 166 -0.9504953497894755
40 169 -0.9283214052450106
40 172 0.24862745151387933
40 175 0.9996939757471066
40 178 0.448904271157905
41 42 0.5871774051543381
41 217 0.24526841677962152
41 220 0.6745488657950585
41 187 -0.6539212145111075
41 190 0.29172898761451416
41 193 0.28526371212638013
41 196 0.362450247719327
41 199 0.03546977260554218
41 202 0.8822522435844047
41 205 -0.853605508973101
41 208 0.20381227705581484
41 211 0.26297738474319576
41 214 0.21665828712985458
42 253 -0.5014038177177647
42 256 0.282749744957437
42 223 0.3910441433202043
42 226 0.7941606569676647
42 229 0.29751227874253816
42 232 -0.4215381520360475
42 235 0.4494499999979127
42 238 0.9631365449103053
42 241 0.990342889260174
42 244 0.7735237987209682
42 247 -0.9455442905193174
42 250 -0.6429282567082242
43 44 -0.20261411109615235
43 46 -0.8232395502747147
43 181 0.10011929651222684
43 184 0.8576182224902558
43 151 0.6747733050199674
43 154 -0.8877033215144488
43 158 -0.28455384605901846
43 161 -0.38988307248443066
43 164 -0.02099835589757082
43 167 0.11230078496059526
43 169 0.9616283632481106
43 172 -0.3708683961255621
43 175 0.31886061345343775
43 178 0.25639315234410964
44 45 -0.8418659184881505
44 47 -0.4992655047141201
44 217 0.17469922195702203
44 220 0.02659224429034035
44 187 0.7651962082188002
44 190 -0.6373158773698082
44 194 -0.30670815993327083
44 197 -0.5143586670990501
44 200 0.9366179575068168
44 203 0.07405564413452148
44 205 -0.9078641239215768
44 208 -0.35804574489984886
44 211 -0.6457847974285424
44 214 -0.5762702018462089
45 48 0.5383199132516343
45 253 -0.05297465017721992
45 256 -0.09493934259049541
45 223 0.2076785692469456
45 226 0.7180376658981433
45 230 -0.15151545116027476
45 233 0.16038859435468833
45 236 0.02961787010445094
45 239 -0.34344204173490556
45 241 0.380780271658278
45 244 0.055367394426729
45 247 0.3704887682654108
45 250 0.758195885791169
46 47 0.9098899088304935
46 181 -0.12544751468262016
46 184 -0.8456208746174556
46 151 -0.7082919074736707
46 154 0.5423995015822269
46 158 -0.17347284208907854
46 161 -0.5839497646896679
46 164 -0.6028847981765739
46 167 -0.2961747000333099
46 169 -0.2717768770852378
46 172 0.7309989020366545
46 175 0.8738691498983864
46 178 -0.13229028353363592
47 48 -0.313194100910563
47 217 -0.06621212761962791
47 220 -0.10397748562800846
47 187 0.6520511261183461
47 190 0.6635162571375284
47 194 -0.7379463179204842
47 197 -0.6272125855338413
47 200 -0.6434541272733179
47 203 0.184548718406786
47 205 0.3196468194179578
47 208 -0.538055903824264
47 211 -0.027085640016269563
47 214 -0.4666875200615386
48 253 0.8950113694115662
48 256 -0.5204847294210455
48 223 0.33374559862548403
48 226 0.3120172253902891
48 230 0.5294847927301742
48 233 -0.010354114551696103
48 236 -0.5225936339883681
48 239 0.04189746028475749
48 241 0.025570326097663854
48 244 -0.1521326743203364
48 247 -0.49716051884804235
48 250 -0.785242018601892
49 50 0.753337810633286
49 52 0.23943630152985707
49 181 0.3972506718187041
49 184 -0.994621962120632
49 187 0.8740335374803201
49 190 -0.9824629078924259
49 194 0.6410430184596545
49 197 -0.9455496904355931
49 200 -0.19062002429400526
49 203 -0.7293656730933693
49 205 0.021043779646194416
49 208 -0.8345332496621873
49 175 -0.33303565959071824
49 178 0.15039492020354173
50 51 0.38146724060943393
50 53 -0.6051617606943491
50 217 0.0672342418318761
50 220 -0.20346274099619333
50 223 0.24446884082093567
50 226 0.1260512847536266
50 230 0.9785278690168326
50 233 0.9482422156033825
50 236 -0.009403115638313864
50 239 -0.8395943407432556
50 241 0.24840114991362938
50 244 -0.5039111908220462
50 211 -0.9219793856059337
50 214 -0.45302026557082664
51 54 -0.46335769570155794
51 253 -0.42222309474835407
51 256 -0.7856460774266427
51 259 -0.9271235278211158
51 262 -0.21492910027878342
51 266 0.814367341294441
51 269 -0.5489411503855202
51 272 -0.4680933545866024
51 275 -0.7631836328723527
51 277 -0.5458148693319083
51 280 -0.682726275774767
51 247 -0.1154681214409432
51 250 0.04045015776732441
52 53 0.6411096908765073
52 181 0.3511018815135347
52 184 -0.9349357826275166
52 187 0.7849558323702617
52 190 0.6203002312230042
52 194 -0.7564538176065685
52 197 0.8853587666194265
52 200 0.5746639653029406
52 203 -0.5117648032934752
52 205 -0.6977580245811916
52 208 0.7860578703871199
52 175 0.4633509086416081
52 178 -0.3623016163827153
53 54 0.2088628955855063
53 217 -0.6494785201243649
53 220 0.055723467779348335
53 223 0.8680216207377878
53 226 -0.023826498840547883
53 230 0.10488804737099611
53 233 0.7307210159410165
53 236 -0.7608694165371142
53 239 -0.49701402751928603
53 241 0.8317696830051642
53 244 -0.02991385670583968
53 211 0.28127920907291637
53 214 0.2924285765913499
54 253 -0.1511684167379319
54 256 0.6427020554550895
54 259 -0.4597510788453105
54 262 -0.3844853190931776
54 266 0.1460478963166254
54 269 -0.3010037108005761
54 272 -0.26043636397320036
54 275 0.2988205158792179
54 277 0.8638891486121023
54 280 -0.965919229592684
54 247 0.9128104767817935
54 250 -0.5666942409481719
55 56 -0.3096693337050611
55 58 0.780121902366947
55 182 0.5180882038662993
55 185 0.7754827045278565
55 188 -0.9802107353385492
55 191 0.950186109311741
55 194 -0.20313480876195733
55 197 0.034822518864237706
55 200 0.34214166412075353
55 203 0.16963096331755634
55 205 -0.6740186412949434
55 208 0.6632956687101506
55 175 -0.3055922441293579
55 178 -0.46753146040090865
56 57 0.14267610261289843
56 59 -0.6229864232066102
56 218 -0.2900909684342692
56 221 0.6948105451120528
56 224 -0.7428879350637394
56 227 -0.3293345658913418
56 230 0.271014504708756
56 233 0.18441006569686236
56 236 0.1598672804850576
56 239 -0.42631800908362516
56 241 -0.3297140740107334
56 244 0.324911658247494
56 211 0.6206526809337014
56 214 0.20149284235920972
57 60 -0.5407754521179655
57 254 0.6927853537828128
57 257 -0.243890470254007
57 260 0.8332056884881536
57 263 0.00088719327809339
57 266 0.6081381054386956
57 269 0.21250025926904725
57 272 0.6341757898814737
57 275 0.6256942631510123
57 277 -0.8585484612799144
57 280 0.38733195648724794
57 247 -0.3637321910172373
57 250 -0.5712326789513422
58 59 0.7914422819844293
58 182 -0.8387487469111121
58 185 -0.1863871595428781
58 188 0.12019347433025884
58 191 0.740802379514991
58 194 0.390360378796325
58 197 -0.006134005925593655
58 200 -0.5618918911484556
58 203 0.7728877499380358
58 205 0.4941402770435379
58 208 -0.15097810376305154
58 175 0.43177738016330003
58 178 -0.328678971697016
59 60 -0.9609211315918484
59 218 -0.6012365625307277
59 221 0.5438498116726491
59 224 0.22370388471225988
59 227 0.9840037338959788
59 230 -0.5353475591775207
59 233 0.5741393740769609
59 236 0.2561117510535518
59 239 -0.6275760194914441
59 241 0.5995012916953937
59 244 0.9523573883551955
59 211 -0.5548176485164202
59 214 -0.8432566879309933
60 254 -0.444374325224941
60 257 -0.5394339806883952
60 260 -0.046221633691519326
60 263 -0.5362582984178998
60 266 -0.6543380525715283
60 269 0.13329990382091172
60 272 -0.09639773755662207
60 275 -0.5552863240862369
60 277 -0.2859187874344804
60 280 -0.01138023001938615
60 247 0.8702631256494373
60 250 -0.37554200221195133
61 62 0.49227224759890675
61 64 0.9359574896313423
61 182 -0.308840354464615
61 185 -0.5840467757842427
61 188 0.19888210043852528
61 191 -0.3703220087453081
61 194 -0.6737606080965011
61 197 0.8211372494546687
61 164 -0.29815508952756886
61 167 -0.9472778688854524
61 169 -0.9540703733399458
61 172 -0.08503930948247995
61 175 0.8148761057190035
61 178 -0.9925264907910969
62 63 0.009157175813065743
62 65 0.3032407474973735
62 218 -0.143465544510206
62 221 -0.744618751544964
62 224 -0.44835930513629685
62 227 -0.2882233363701001
62 230 0.24984922082904282
62 233 0.5518295991892284
62 200 -0.50434181221986
62 203 0.14309575590765067
62 205 -0.6753990000813626
62 208 -0.06514582931015456
62 211 0.6877951145727728
62 214 0.775646032206466
63 66 -0.38104016902935256
63 254 0.5316444970025038
63 257 -0.19826771636128715
63 260 0.7332882641786818
63 263 -0.8911316356881847
63 266 0.647995343661238
63 269 -0.11841871039627327
63 236 -0.28284534381180615
63 239 0.28781733234157403
63 241 -0.33622372957888813
63 244 0.9976071114753475
63 247 -0.8700371543534937
63 250 0.7641610462593758
64 65 0.13006593002904365
64 182 0.175027070937936
64 185 -0.8741229831407538
64 188 0.10992601966755955
64 191 0.19365018435253023
64 194 0.3368218157374201
64 197 0.6308309793879121
64 164 0.6283516853880111
64 167 0.27383244304932175
64 169 -0.299191766602223
64 172 0.10545520415683551
64 175 -0.8989024622906423
64 178 0.5697693208647963
65 66 -0.06477729267564936
65 218 -0.21173634000619557
65 221 0.42798563075879636
65 224 -0.7348347119604377
65 227 0.5317848540066166
65 230 0.9142854304338506
65 233 0.9141592915284402
65 200 0.5300587540907766
65 203 0.8680133417533367
65 205 -0.633112834611733
65 208 -0.2749933616940188
65 211 0.4706796358010934
65 214 0.2395523240190971
66 254 -0.5557923788273256
66 257 0.8790318475452432
66 260 -0.6166857474429512
66 263 0.9377243129723696
66 266 -0.40093477043220327
66 269 -0.02124729649600532
66 236 0.08412397461149856
66 239 -0.5025531709343491
66 241 -0.8148449763861216
66 244 0.7916199010496534
66 247 -0.2417041854132682
66 250 -0.019191643488792653
67 68 -0.7889263528451023
67 70 0.324024212417495
67 182 -0.41664209316186773
67 185 -0.6084823469468512
67 188 -0.17116594208604408
67 191 0.12852993033726312
67 194 0.41741158113845844
67 197 0.6828355486714841
67 164 0.11446685286614189
67 167 -0.42796048005000364
67 170 -0.34903464976731424
67 173 0.17833266065410736
67 176 0.03676394800718996
67 179 -0.2085917370782051
68 69 0.25261453767759146
68 71 0.39675590727739185
68 218 0.4822193782530271
68 221 0.478913715130701
68 224 -0.3376137559771928
68 227 -0.9729976018809119
68 230 0.7564397783748547
68 233 0.7712149596727795
68 200 -0.8410450486339651
68 203 0.7853127733063443
68 206 -0.15925653474162527
68 209 0.8167548683945622
68 212 0.5452181227213082
68 215 -0.3076446666782633
69 72 0.3671124851912144
69 254 0.43497308291763814
69 257 -0.031591958439193046
69 260 0.15300076788240924
69 263 -0.13473679453996645
69 266 -0.33986852444117677
69 269 0.1868493011299357
69 236 -0.004823443053834753
69 239 0.08928206636328273
69 242 -0.6848508431448368
69 245 0.0784497346695816
69 248 0.03758691058003838
69 251 -0.5870250582395165
70 71 0.2301541307418007
70 182 0.5733601893106557
70 185 0.34023329584487727
70 188 -0.7895812824755764
70 191 -0.4552645334510881
70 194 -0.07951963837214304
70 197 0.8120856249809447
70 164 0.028163367769496794
70 167 0.34246569983898767
70 170 0.5664449797142754
70 173 0.7310686298910138
70 176 -0.5376976987484381
70 179 -0.9469500277355412
71 72 -0.008132364279158644
71 218 0.22622919367786487
71 221 0.4200332279941221
71 224 -0.4062362668285453
71 227 -0.5144765904292397
71 230 -0.22117067491024534
71 233 0.017980029814738563
71 200 -0.6155311224404556
71 203 -0.33127334862661817
71 206 0.004200281478834222
71 209 0.5427837507573527
71 212 0.4438505293914141
71 215 -0.3078226142103262
72 254 0.27381114083019753
72 257 0.7305674597414882
72 260 0.490471807009518
72 263 0.6315233406121397
72 266 -0.6796367707881825
72 269 -0.7021809926665719
72 236 0.9316921353445984
72 239 -0.8259142888029398
72 242 0.04996960882561585
72 245 -0.5786972407216027
72 248 0.03993085595014256
72 251 -0.9460992592398745
73 74 0.647980958808352
73 76 0.5040959674637961
73 182 0.5256097678945713
73 185 0.37687531310937605
73 152 0.4072701668040444
73 155 -0.626055455714275
73 158 0.522410684880418
73 161 0.2536305538610213
73 164 0.1216303324524235
73 167 0.17398843366890193
73 170 -0.8593872218981886
73 173 -0.8419950346084988
73 176 0.9645692397233263
73 179 -0.8453174103893437
74 75 0.2669525766781635
74 77 -0.06202921532675054
74 218 0.17513648189309583
74 221 0.46925502410450304
74 188 0.19153891467407247
74 191 0.42263038709945655
74 194 -0.47307036393581825
74 197 0.6179757646227999
74 200 -0.17447230613420173
74 203 -0.5642054488620134
74 206 -0.6368399976037555
74 209 0.7221221321827289
74 212 -0.6097264411784329
74 215 0.17802566903909378
75 78 -0.3951244727483192
75 254 0.11295476030714346
75 257 -0.6779877148678932
75 224 0.7900732176530485
75 227 0.8768057174831512
75 230 0.6819466388505757
75 233 0.38699249512878664
75 236 -0.059998849063747084
75 239 0.625781289227513
75 242 -0.6541514269935345
75 245 -0.25547478609612484
75 248 0.7815508908451956
75 251 0.799307277476899
76 77 0.8036463594403256
76 182 -0.4925345918831008
76 185 -0.10048233422906017
76 152 0.4661194778967379
76 155 0.5632566344457974
76 158 0.892525280482545
76 161 0.007369545881383388
76 164 -0.15576132953526267
76 167 -0.5776665980046887
76 170 0.4499978272584604
76 173 -0.9873325405720794
76 176 -0.5515867660357407
76 179 -0.3624887660923881
77 78 0.5402140168049918
77 218 0.6980230300712691
77 221 0.13131330252518825
77 188 0.7430968737854975
77 191 -0.5875682963565638
77 194 -0.5662179937051259
77 197 0.7856590374487038
77 200 0.3516055321403848
77 203 0.444547988251466
77 206 -0.3090234670659151
77 209 -0.2894551742852496
77 212 -0.16271219361358402
77 215 -0.9346360782626466
78 254 0.10371087210386931
78 257 -0.9059636990427713
78 224 -0.4986231438976958
78 227 0.724204477055914
78 230 -0.3667536971512786
78 233 -0.12352685549069631
78 236 -0.760463538547897
78 239 -0.007316288964637208
78 242 0.9283419542433182
78 245 0.8895166039344045
78 248 -0.43298174623842844
78 251 0.40125358503468145
79 80 0.3008348213937113
79 82 0.8831376192435685
79 182 -0.13015606692446724
79 185 0.7977261705525545
79 152 0.10220306335134821
79 155 0.17257169944737072
79 159 0.5820909541111885
79 162 -0.10301375076779262
79 165 -0.7131506999944814
79 168 -0.6486311736620527
79 170 0.6482803827755674
79 173 -0.6594815447349665
79 176 0.6459344069824948
79 179 0.5141133613193576
80 81 0.7818011910302491
80 83 -0.15179517165464484
80 218 0.6136091012270581
80 221 -0.13526861841913673
80 188 0.5405215693342176
80 191 0.17673065921488273
80 195 0.04629640992170292
80 198 0.060430049788050555
80 201 -0.19040467862726373
80 204 0.033441418887352414
80 206 -0.4145837999782829
80 209 -0.6793852415816182
80 212 -0.6945188039941164
80 215 -0.25014102331477406
81 84 0.8874582801394766
81 254 0.7102350157243493
81 257 -0.13554406632433746
81 224 -0.12014830295298817
81 227 0.7763710644883524
81 231 -0.3715262024699926
81 234 -0.9981616291248927
81 237 -0.11378686369265822
81 240 0.22064227833683492
81 242 -0.4419688211551438
81 245 0.5541802184762556
81 248 0.32550628806758986
81 251 -0.5543692187309073
82 83 -0.7584446807693777
82 182 0.5066163802454762
82 185 -0.7583256789980235
82 152 -0.9096667093067654
82 155 -0.16927335945890887
82 159 0.9883885578975122
82 162 -0.4969614378387768
82 165 -0.8524342653587809
82 168 -0.30287541819144637
82 170 -0.3419972581841235
82 173 -0.6232627307456784
82 176 -0.968535635707509
82 179 0.3941769503351542
83 84 0.6103719061851065
83 218 0.47369215168958356
83 221 0.9422643568594964
83 188 0.20559960716827663
83 191 0.9500246412450533
83 195 -0.7903065692393969
83 198 0.1467273117244683
83 201 -0.014434357818102095
83 204 0.5664267169074586
83 206 -0.18729737768338794
83 209 -0.5157249208889922
83 212 -0.02699281161007283
83 215 0.7952644977029031
84 254 0.04458367063681057
84 257 0.5310878299754742
84 224 0.14699015484315447
84 227 0.8748748728387454
84 231 0.7618630290783517
84 234 0.9576978890269034
84 237 0.25838338946992323
84 240 0.9817821375708151
84 242 0.07133606433406747
84 245 0.11821575898117453
84 248 -0.7205546551587263
84 251 0.16772880350877784
85 86 0.8591677377999956
85 88 0.5204777506246689
85 182 0.9293574877306481
85 185 0.443142743248383
85 188 -0.8630043579804922
85 191 0.3594160532309647
85 195 0.5185026017475625
85 198 0.5685414047460773
85 201 0.33001653599768677
85 204 0.31807459899652013
85 206 0.5249420498260324
85 209 -0.24651486841377235
85 176 -0.2389827924359571
85 179 -0.9737001694471108
86 87 -0.202330893560841
86 89 0.054520184869249366
86 218 0.5716624576412577
86 221 -0.09809346256914053
86 224 0.4676300670095972
86 227 -0.3254479226978906
86 231 0.830509100000969
86 234 -0.18449339595743042
86 237 0.5323571504619498
86 240 -0.9778801597140818
86 242 -0.942195817986649
86 245 0.39997463030672376
86 212 -0.8223464592701502
86 215 0.6031484598948365
87 90 0.23906354898266557
87 254 -0.5716339713135337
87 257 0.2528047269273792
87 260 -0.9624727838807794
87 263 0.2646346426307389
87 267 -0.6857033858946002
87 270 -0.5385807897669737
87 273 0.765190874653759
87 276 0.39870874494959874
87 278 -0.23118577908076765
87 281 0.23909076377428717
87 248 0.5466676346130108
87 251 -0.5147170751239658
88 89 -0.7163433933810825
88 182 -0.08332649162308825
88 185 0.9676627835172718
88 188 -0.8007286243653091
88 191 -0.8908106575168948
88 195 -0.12348461280515077
88 198 0.09856141763429505
88 201 -0.3477592308144517
88 204 0.6035023187914021
88 206 -0.5602801654198983
88 209 0.8470643000803737
88 176 0.760016849779986
88 179 0.009642580900923736
89 90 0.18005140192290203
89 218 -0.701990089040716
89 221 -0.04024592766882229
89 224 -0.2573385278986049
89 227 0.15260424727330868
89 231 -0.6404631457222512
89 234 -0.3011857820480215
89 237 -0.03397728235817965
89 240 -0.2963744233400454
89 242 -0.6074402503910818
89 245 -0.20261825660320376
89 212 -0.8743158360264249
89 215 0.45805721921309406
90 254 0.9355226403621428
90 257 0.7113887496501248
90 260 -0.06527219887138047
90 263 -0.03048343140115084
90 267 -0.6532322674422333
90 270 -0.13623472730323583
90 273 0.4776279441340874
90 276 -0.3025708511623457
90 278 -0.5608675414335349
90 281 0.914597693507988
90 248 0.7082707986467371
90 251 0.5129223813360175
91 92 0.50928550847124
91 94 0.0555659358296412
91 183 -0.6009123617395384
91 186 -0.8165904662336945
91 189 -0.30383052534998845
91 192 -0.38000825188235887
91 195 -0.2027574164069188
91 198 0.01248761310621882
91 201 -0.08369638991011286
91 204 0.359255844358362
91 206 0.675071818727923
91 209 0.17405434246308515
91 176 -0.4599961514061426
91 179 -0.38586685783370633
92 93 -0.015487084869135304
92 95 -0.7867871006963196
92 219 -0.1714342221499816
92 222 0.5643875867872508
92 225 -0.8566497636108004
92 228 -0.8633769970843113
92 231 0.8730967435833836
92 234 -0.039038455558757734
92 237 -0.9397365525901613
92 240 0.2511431282534584
92 242 -0.43644064985135467
92 245 -0.2136011167178289
92 212 0.2502702981994991
92 215 0.8540655771980612
93 96 0.6427149309976972
93 255 -0.015735760231438523
93 258 -0.7121365336152299
93 261 0.26211395076471855
93 264 -0.8987868785667221
93 267 0.7586775129682501
93 270 -0.7442216641562587
93 273 -0.4906953159171288
93 276 -0.6568881613143691
93 278 -0.4029859339325168
93 281 0.9194038866457088
93 248 0.841019911122141
93 251 0.7979764110300231
94 95 0.9622105479874072
94 183 0.06373586722959623
94 186 -0.33221267055343384
94 189 -0.4878913675718941
94 192 -0.2863291924183309
94 195 0.7959897734285377
94 198 -0.6065874868269325
94 201 0.4287791852890439
94 204 -0.7776782358181018
94 206 -0.04704050106717306
94 209 -0.5660343873647649
94 176 -0.3429164179860038
94 179 -0.9617483112549634
95 96 -0.12544484423416224
95 219 0.9126869220429437
95 222 0.02195784988239957
95 225 0.37138983101691436
95 228 0.7146910898695666
95 231 -0.46662346635337104
95 234 0.3434812557296203
95 237 -0.27986879993257463
95 240 0.7682449101937829
95 242 0.1664051319704436
95 245 -0.43386593924277084
95 212 0.9893214189143247
95 215 -0.040302096519635455
96 255 -0.8015045739863347
96 258 -0.9844957754457568
96 261 0.8282749495522141
96 264 0.9241074855601301
96 267 -0.09382470512132834
96 270 0.630155133335484
96 273 0.7595890459793624
96 276 -0.03621473549943777
96 278 0.618576286956547
96 281 -0.5189338857833221
96 248 -0.7553448852940201
96 251 -0.6093783503990249
97 98 -0.45600614502386905
97 100 -0.42041794508554164
97 183 0.9724308175383212
97 186 0.5585196930044001
97 189 0.3348801215453996
97 192 -0.0200191912822707
97 195 -0.3697259407710132
97 198 -0.4348273237440674
97 165 0.6759178557814596
97 168 -0.715323752065973
97 170 0.5685486708958958
97 173 0.16374211146105355
97 176 -0.9119714385100606
97 179 0.801324020266968
98 99 0.38642238905225
98 101 0.6523726992739689
98 219 -0.563575350586059
98 222 -0.2646565554622524
98 225 0.628403971512151
98 228 -0.2745916999168727
98 231 0.0393083061145405
98 234 -0.09646233512007374
98 201 0.8991662850427418
98 204 -0.05612522913916407
98 206 -0.4966735889689704
98 209 0.9013013479932475
98 212 0.4742369044909982
98 215 0.8841565030512186
99 102 -0.7361248915536751
99 255 0.5858908515271819
99 258 -0.3652054769446995
99 261 0.7919278167657855
99 264 0.858173902530361
99 267 -0.8394578208341181
99 270 0.49006840688954423
99 237 -0.446499811685793
99 240 -0.37403240791904957
99 242 -0.21821933584405606
99 245 -0.46298743747309246
99 248 0.2035752292778643
99 251 -0.11249469772787668
100 101 -0.09689253138529952
100 183 -0.4099981603217997
100 186 -0.17207287356153889
100 189 0.48752730736595384
100 192 -0.18767182392821957
100 195 0.005923619921512024
100 198 -0.06273288137029298
100 165 -0.15197878205228
100 168 -0.11403295763783228
100 170 0.7529558163864134
100 173 0.79658033095829
100 176 -0.0992893299499602
100 179 -0.941353506477401
101 102 0.18556812166096925
101 219 -0.1975010891511777
101 222 -0.6467873819436443
101 225 0.0853942493480897
101 228 0.698978596605943
101 231 -0.5475406677356767
101 234 0.43038059430344044
101 201 0.6537089912257776
101 204 0.513898197415388
101 206 -0.6245417653366456
101 209 0.5741996689014646
101 212 0.39085507036465406
101 215 0.8496454810937164
102 255 -0.5396314282142307
102 258 -0.7711655483368272
102 261 -0.939717760993511
102 264 -0.5342697514572605
102 267 -0.6386341190272824
102 270 -0.34763106523016063
102 237 -0.9666983091990309
102 240 0.15633321721017857
102 242 0.6689359449436443
102 245 -0.21276090594642105
102 248 -0.8803633390688295
102 251 0.48887421847164503
103 104 -0.24076431591932024
103 106 0.059064593897924844
103 183 0.1659179154312833
103 186 0.12284811959523068
103 189 -0.6477536573708458
103 192 -0.20397580741824162
103 195 0.3104891242364487
103 198 -0.4913907866078957
103 165 0.026835997241352993
103 168 0.3588559801593898
103 171 -0.11023678642417467
103 174 -0.9374266771914852
103 177 0.2174098346665283
103 180 0.16641929440522518
104 105 0.04876115334375708
104 107 -0.32798886062059784
104 219 -0.5530470943391144
104 222 -0.5696380317881713
104 225 0.15907650450168442
104 228 0.6491043522483078
104 231 0.15190881940822965
104 234 0.09510811012712894
104 201 0.06519328788913192
104 204 -0.11499481596042127
104 207 -0.2836285589352623
104 210 -0.12364212191148582
104 213 0.3838785617644995
104 216 -0.825712410306491
105 108 0.4438796958786242
105 255 0.4592102082492313
105 258 0.20111947348827797
105 261 -0.856357328185545
105 264 -0.3146401930075857
105 267 0.3810132291256956
105 270 -0.67278127503323
105 237 -0.3899560554108412
105 240 0.7385722252602158
105 243 0.23911721242301076
105 246 -0.5882413896684773
105 249 0.3213424886533347
105 252 -0.20008374023748488
106 107 -0.07487169150394801
106 183 0.7572432444643034
106 186 0.26138522414831344
106 189 0.8811190327186618
106 192 0.8811268185831163
106 195 -0.6398385061191543
106 198 0.25704417666984436
106 165 0.3460263504174623
106 168 -0.6254332012759172
106 171 0.9454050388755157
106 174 -0.06748244107529788
106 177 -0.9016407672285167
106 180 -0.7496837704428287
107 108 0.5750140678816476
107 219 -0.7539475013601469
107 222 -0.5506633770170153
107 225 -0.9032536083938272
107 228 0.3553328638498834
107 231 0.15209037360806188
107 234 0.4278990829232501
107 201 -0.6077808832105158
107 204 0.016381229773064998
107 207 -0.15352074316565134
107 210 0.6773483956229256
107 213 -0.8790941973830657
107 216 0.8493984058399222
108 255 0.6425421912316247
108 258 -0.9416282510326519
108 261 -0.15699364888406175
108 264 -0.8547961727612763
108 267 -0.7582065713079027
108 270 -0.8554003360237641
108 237 -0.7303868902677875
108 240 -0.2701669910067599
108 243 0.8021409777941317
108 246 -0.37993317705501584
108 249 0.34433180468518043
108 252 0.9503627982759753
109 110 -0.21336107606083332
109 112 -0.6646771955230368
109 183 0.8825530633072036
109 186 -0.7198884337538392
109 153 -0.07344897827172514
109 156 0.931473690618611
109 159 -0.5072109773653166
109 162 0.8914835493018487
109 165 0.9286379149733959
109 168 0.4872555272339114
109 171 -0.43779968947272785
109 174 0.6393305439003838
109 177 -0.8591760621283233
109 180 -0.015785051265002403
110 111 0.44127042716330145
110 113 0.8036210565069304
110 219 0.8272605672594515
110 222 0.8842141739650111
110 189 -0.6685061958497251
110 192 0.43665807754793495
110 195 0.6024157738546061
110 198 0.4573495862519028
110 201 0.8430461215787968
110 204 -0.887767219790236
110 207 0.599502762317834
110 210 -0.9890407402483454
110 213 -0.7365206797599058
110 216 0.038639728302415355
111 114 -0.3836222912241105
111 255 0.8990724828681242
111 258 -0.4754099956122759
111 225 0.6998223586301311
111 228 -0.6669380320211449
111 231 0.0407233106167495
111 234 -0.30753036819170787
111 237 0.861090150633762
111 240 -0.7667095260119694
111 243 -0.2508970250880287
111 246 0.9863393615631539
111 249 0.2693983398015696
111 252 0.7874575006053628
112 113 0.011555556974799819
112 183 0.7864300094287697
112 186 0.249916211206189
112 153 0.13980843917485153
112 156 -0.9456738030625711
112 159 -0.5892483002155608
112 162 -0.3817467411390718
112 165 0.27870516994694583
112 168 -0.442438482013795
112 171 0.29956450785188715
112 174 0.3676175834545381
112 177 -0.8947684799852798
112 180 -0.31210428518768163
113 114 -0.5783328007122288
113 219 -0.46890309917122686
113 222 -0.4012805423525443
113 189 -0.7081396362876173
113 192 -0.9523964024119194
113 195 0.5022971996764904
113 198 -0.013924671535289201
113 201 -0.5887544322851836
113 204 -0.5058597828416009
113 207 0.4022400523220748
113 210 -0.7132059158334758
113 213 0.4386987579370629
113 216 -0.11444682618570856
114 255 -0.24727013483482319
114 258 -0.1683520374850389
114 225 -0.9541389293532221
114 228 -0.7081635984729155
114 231 0.6334811542655878
114 234 -0.43758395753073365
114 237 -0.5193886843951041
114 240 -0.027599523947496873
114 243 0.09494616543362522
114 246 -0.6281152192046713
114 249 -0.6802747450718125
114 252 0.4668322064346835
115 116 0.33635233149103927
115 118 0.07765209169131815
115 183 0.7279746154551199
115 186 0.68424176710143
115 153 -0.9269535642445572
115 156 0.9433363783005555
115 171 0.760668117899876
115 174 -0.2005525287062917
115 177 0.5307787370663695
115 180 -0.9363236412494103
116 117 -0.9580820941878812
116 119 0.4416563315034021
116 219 0.04595723251879957
116 222 0.5812902310632395
116 189 -0.4630761834845516
116 192 0.4566358820977925
116 207 0.03188086573807647
116 210 0.19077421141420836
116 213 -0.4692328364562195
116 216 0.3715521647196678
117 120 -0.35517327333755633
117 255 0.8723428842740308
117 258 -0.6034818357373857
117 225 0.08891940002550824
117 228 0.3956475199166103
117 243 0.4852744471276633
117 246 -0.21942232483684765
117 249 -0.2560210408459751
117 252 0.6581023800941006
118 119 0.6416096703097454
118 183 -0.294555785680378
118 186 -0.010477080494616597
118 153 -0.7234020556217842
118 156 0.9423798693571444
118 171 -0.7093980169052059
118 174 -0.8094019531530396
118 177 -0.3663567404243382
118 180 0.1042704990524923
119 120 -0.1760859996806321
119 219 -0.009041384481013548
119 222 0.7514688990049168
119 189 -0.23897940779708038
119 192 -0.9186170306729138
119 207 -0.5596865431197753
119 210 0.02554881882811655
119 213 -0.826866798855415
119 216 -0.8725073193048904
120 255 0.4719606042395723
120 258 0.9621474716227567
120 225 0.21273077671342566
120 228 -0.39647451439461423
120 243 0.32385009025367006
120 246 0.8894846749791803
120 249 0.5267368280213054
120 252 0.1639538842340833
121 122 -0.06866099514323065
121 124 0.64672707874937
121 183 -0.44425775093840114
121 186 0.4948414170649975
121 189 0.5070498244552641
121 192 0.6487652415152625
121 207 -0.9899577316249861
121 210 -0.3425436918448741
121 177 -0.4135294116904209
121 180 0.5373942696887346
122 123 -0.06485407797501819
122 125 0.32454121784003487
122 219 -0.6881239888978394
122 222 0.6948485022495845
122 225 -0.0269981160615258
122 228 -0.24078360385018738
122 243 0.4886631768800216
122 246 -0.08943511889082734
122 213 -0.6276778048634837
122 216 -0.9133002324517847
123 126 0.653396367979731
123 255 0.36058749029007164
123 258 0.10542791782524263
123 261 -0.3378849190852684
123 264 -0.6352842788686668
123 279 0.28296479483399795
123 282 0.317916752888074
123 249 0.32338580375809545
123 252 0.21134925065197097
124 125 -0.6691530633932488
124 183 -0.7724749185997011
124 186 0.5409756116547393
124 189 0.12079063875557972
124 192 0.6082521694115295
124 207 -0.07496148914626533
124 210 0.2212147705976848
124 177 -0.8493193766944565
124 180 0.5528327424779491
125 126 0.12486507514466982
125 219 0.968865199545035
125 222 -0.6234325141783108
125 225 0.2997423651413953
125 228 0.3162102578885482
125 243 0.7092212956633581
125 246 0.5231172588795416
125 213 -0.6000029512597906
125 216 -0.957558964398795
126 255 -0.7518242123557519
126 258 0.4294381940246228
126 261 0.6750880346179682
126 264 0.1740221022356614
126 279 -0.11824917070429186
126 282 0.3903198133627108
126 249 0.057180707089748095
126 252 -0.04767909524908176
127 128 0.8305624136419825
127 130 -0.3059426580277236
127 207 0.6360753324554618
127 210 0.9538388723187317
127 177 -0.41545172025426
127 180 0.17193744075682393
128 129 0.9567566544427206
128 131 -0.8551562132677428
128 243 -0.7451755989358839
128 246 -0.2032187325537913
128 213 0.5754278909081763
128 216 -0.6594880074816061
129 132 -0.2902767659998633
129 279 -0.22377205754132223
129 282 0.33872717140781994
129 249 0.8502936923616555
129 252 -0.9372110545994923
130 131 0.6063342320527969
130 207 0.2359338423832933
130 210 -0.4984075245757127
130 177 -0.24202141847709147
130 180 -0.3776739475600235
131 132 0.05001106632118568
131 243 0.0022297777371498295
131 246 0.5876112466181793
131 213 -0.3738907475604476
131 216 -0.8425747104822161
132 279 -0.8039201402023326
132 282 0.3502817822441666
132 249 -0.5365297530435289
132 252 -0.6273499453771143
133 134 0.5156273122792929
133 136 -0.8490877350921686
133 171 0.23029213368475054
133 174 0.40463641657841243
133 177 0.6580103924805882
133 180 -0.42773068564599037
134 135 -0.0393362198097722
134 137 -0.25035910895913216
134 207 -0.9476489299850157
134 210 -0.9457112904512757
134 213 0.20012095236925131
134 216 0.24423966626718618
135 138 0.9575655627642576
135 243 0.4779363328696309
135 246 -0.9183825071811678
135 249 -0.20667705071829134
135 252 0.9253494415004593
136 137 0.8448556193275354
136 171 0.31780640743196575
136 174 -0.06647914760194151
136 177 0.07187720513574636
136 180 0.4600002659813174
137 138 -0.9957952772700831
137 207 -0.8422535822340036
137 210 0.02607531129822105
137 213 0.6202824998703378
137 216 0.4873943367714162
138 243 0.4507485220793235
138 246 -0.6679744993991228
138 249 0.5053346607426206
138 252 0.713664309653619
151 152 0.22180572641436558
151 154 -0.20387026032968314
152 153 -0.9716626242834565
152 155 0.22087705041656203
153 156 0.43295647094592016
154 155 0.7041404264683386
155 156 0.7699201800555373
157 158 0.5008432079774734
157 160 -0.5377209119136996
158 159 0.3755749719003245
158 161 -0.11329535064957308
159 162 -0.35783369119235253
160 161 0.8387798397792792
161 162 0.8236144926684879
163 164 -0.45187856743129173
163 166 0.08296747425165885
164 165 0.8005229746659768
164 167 -0.31747545295737223
165 168 0.9932618622738156
166 167 -0.2369241806026745
167 168 -0.33272665011203806
169 170 0.9115202438629804
169 172 -0.9735249957869192
170 171 0.4111469327247359
170 173 -0.8692026191937912
171 174 0.06786836939287877
172 173 -0.8640719242294665
173 174 0.7384220130563908
175 176 -0.9070491121272859
175 178 0.1956556361513302
176 177 -0.17154954634080122
176 179 -0.4978914194744932
177 180 0.661841483801803
178 179 0.5792269120518923
179 180 -0.026672983707843434
181 182 -0.564508512270351
181 184 0.38288134436213594
182 183 0.3928592053186857
182 185 0.40833812920175516
183 186 0.9670547968839225
184 185 0.8672715572521428
185 186 0.07475771747634696
187 188 0.08644605096046076
187 190 -0.16988082801411752
188 189 -0.37256207889304216
188 191 -0.18907116322769268
189 192 -0.012378419356592119
190 191 0.6857846261518419
191 192 -0.8583305735169635
193 194 0.847216601485612
193 196 -0.22938789523171432
194 195 0.6915086282291913
194 197 0.9808407678661797
195 198 0.6224147588435327
196 197 0.028556642456776027
197 198 0.18489387984311167
199 200 0.6827556480311143
199 202 -0.8857032202466035
200 201 0.02246356849826303
200 203 -0.8546692186369811
201 204 0.45927936470812103
202 203 0.04280346986108352
203 204 -0.9532127174278049
205 206 0.04307520897476258
205 208 0.43328408704803945
206 207 0.6473688163050078
206 209 -0.940745599898253
207 210 0.014450824499009363
208 209 0.047373143028532017
209 210 -0.19019783159313564
211 212 0.11700507167749818
211 214 0.4422069723761126
212 213 -0.9200125505785832
212 215 -0.674966939995596
213 216 0.8455004751318254
214 215 0.045381346242587606
215 216 0.38257037292493656
217 218 -0.1628023017164193
217 220 -0.9441166918784012
218 219 0.5121767557666501
218 221 -0.5366881342199841
219 222 0.7513517690113407
220 221 0.41863694436581866
221 222 -0.9624024275208243
223 224 0.8836517462090225
223 226 -0.799373644034046
224 225 -0.35655173703546295
224 227 -0.3239864520465332
225 228 0.09424837575830991
226 227 -0.11757851984094048
227 228 0.7167654333539675
229 230 -0.3479420907003685
229 232 -0.6311488109232946
230 231 0.3935837497005781
230 233 -0.33030603255351054
231 234 -0.9716854925918863
232 233 -0.8590327663392163
233 234 0.12535515460059
235 236 0.3438100166825433
235 238 -0.10007168642337394
236 237 0.9174567861858167
236 239 -0.44039602388789034
237 240 -0.8101382307733866
238 239 -0.7563068971142419
239 240 -0.49147298583560284
241 242 0.23383221293863654
241 244 -0.7125512040829667
242 243 0.5087297195045288
242 245 0.6077021265049327
243 246 -0.3984186995539063
244 245 0.6779369760669915
245 246 0.017195675288502965
247 248 -0.11396778367661242
247 250 0.96649698001531
248 249 0.5092136063187733
248 251 0.27680697249974173
249 252 0.4017177226415056
250 251 -0.41258623614612544
251 252 -0.7625647430026927
253 254 -0.8459749250406219
253 256 0.7263043957981559
254 255 0.9156784494971133
254 257 0.5514217890306166
255 258 -0.4751961778292686
256 257 -0.013972210700197829
257 258 -0.552308278878912
259 260 0.9259057601357914
259 262 -0.8246305983660849
260 261 -0.4239820872715776
260 263 -0.8210849600633443
261 264 0.2637183508493448
262 263 -0.7911258253646862
263 264 0.8549166699156223
265 266 0.05631999355145689
265 268 -0.6486715183125624
266 267 -0.3702187447897931
266 269 -0.5009241134129085
267 270 0.1199229379857274
268 269 0.4563640410937402
269 270 0.6631946698173128
271 272 -0.533854457525085
271 274 -0.49277026307564253
272 273 0.8725242659256083
272 275 0.7187246041183051
273 276 -0.8284818391065591
274 275 -0.07503274295929563
275 276 -0.17197411287485243
277 278 0.2238068362073915
277 280 -0.40759069180022856
278 279 0.16422174317126514
278 281 0.33492697195470944
279 282 0.4544136321027301
280 281 0.7985690019140919
281 282 0.40079777410451944
