# 
7 7 3.7305871381132336
8 8 -1.9458853487926397
9 9 -1.1971901460445054
10 10 -3.225805639782151
11 11 2.689442048387421
12 12 -3.549899430671333
13 13 -2.6634197325526685
14 14 3.0592232688215466
15 15 -1.9812148116160015
16 16 -1.4467508277852694
17 17 1.3318417421465147
18 18 -3.443003891627882
19 19 -3.922125031451535
20 20 1.1216890300345224
21 21 -2.4926412946620085
22 22 -1.1451865907411403
23 23 0.006366825804803078
24 24 -1.8211884690937596
25 25 3.5689506233426718
26 26 0.40128655457483475
27 27 -1.016020199419172
28 28 3.171610392136124
29 29 -3.5778995431461897
30 30 2.4762732167709807
31 31 -3.8661473563204014
32 32 3.664143705476034
33 33 1.7046596526127544
34 34 2.052848656346164
35 35 -0.7044453927924712
36 36 -1.3091547237192325
37 37 3.389100576320476
38 38 1.8716904642376795
39 39 3.764274904460808
40 40 2.4579372103650554
41 41 0.3651875846093988
42 42 1.0241283979612614
43 43 1.2865643634311237
44 44 3.082857711022923
45 45 0.23710408998977872
46 46 -3.5428961619490646
47 47 -2.1937187729825114
48 48 -0.8238415375479127
49 49 2.537093134415535
50 50 -2.3932324081749172
51 51 0.015019063871645422
52 52 2.1972623535162104
53 53 -0.9943673983642416
54 54 -1.774548914437628
55 55 -2.9305240680685056
56 56 1.7258278939955032
57 57 -3.3973365871374703
58 58 0.7482283247227741
59 59 1.4504286524983936
60 60 -1.7561499238862686
61 61 3.435499274555413
62 62 -0.09901288791727758
63 63 -2.1466304480618046
64 64 -0.8807690956436742
65 65 -2.649837288177789
66 66 -3.126703316554136
67 67 0.06884587630872296
68 68 0.6216220443928409
69 69 3.690729996348444
70 70 -0.29392387731141323
71 71 1.1713707626109553
72 72 3.5114516765992736
73 73 -1.1320076985249443
74 74 -0.25306426026481343
75 75 -0.625968883422261
76 76 2.013744824923168
77 77 -3.963636530545796
78 78 -1.4553400620798982
79 79 1.3934930438134447
80 80 3.0344475220383345
81 81 -2.7786054089328305
82 82 -1.585907626584948
83 83 3.261484896221442
84 84 3.987044186964728
85 85 -3.6390229048667777
86 86 1.520986368870287
87 87 -0.6053698705521411
88 88 -2.229480069960804
89 89 -3.252282731330265
90 90 -1.0508657774596717
91 91 1.025487005793309
92 92 -1.5731732730776296
93 93 2.0801022626571317
94 94 -3.3038121788984585
95 95 -1.9580817890046927
96 96 -0.46345164870673283
97 97 2.218290441055074
98 98 -3.0468853177886226
99 99 -3.3202386986543324
100 100 -3.4256386759010446
101 101 -1.048663632031455
102 102 -2.756785411790366
103 103 3.287571952678327
104 104 -1.4381812348043645
105 105 -0.6438312965249295
106 106 -3.7012630455864244
107 107 -1.1341533146246334
108 108 0.9401829871702638
109 109 -0.9572794454391147
110 110 2.1842514881041364
111 111 -3.9041940659755703
112 112 1.4163618796321993
113 113 -2.818706881779221
114 114 -3.2341209965921642
115 115 -3.509638573640114
116 116 0.14221488016050365
117 117 0.08435016125980788
118 118 -0.347030192303988
119 119 -3.3371781512593888
120 120 3.5227028354118852
121 121 -3.0589778510013517
122 122 -0.07735452635959028
123 123 1.5747274988035826
124 124 0.5390529123209653
125 125 1.229486373883046
126 126 -0.9451447278474969
127 127 2.404912629401566
128 128 2.8913504388660565
129 129 2.2150624324416324
130 130 -1.342040578215716
131 131 -3.390922362230417
132 132 -3.3435506604097274
133 133 3.6036448052791936
134 134 0.8257338963115508
135 135 -2.795598693173168
136 136 -3.175607706785992
137 137 0.6720853243508946
138 138 -1.7765184436772516
151 151 3.3211022413666687
152 152 -3.7662077414557205
153 153 3.978318698021969
154 154 1.2172232369454328
155 155 2.320410361746581
156 156 -3.174150192735854
157 157 0.4955261528202515
158 158 3.007243398710246
159 159 -0.19125428950643908
160 160 -0.18067815463168557
161 161 -1.2858990686796608
162 162 -1.792363966456045
163 163 -1.4314955262033937
164 164 1.0340278902658282
165 165 2.8090425676195343
166 166 0.1361841988826562
167 167 2.9512589438938672
168 168 -3.818365387231779
169 169 -2.5402032550471523
170 170 1.5011544568263222
171 171 3.789234220309665
172 172 3.974140675825738
173 173 -0.4648090041646835
174 174 3.2642069110629413
175 175 3.4624356394744007
176 176 -2.2093721954476306
177 177 -0.8206683184713306
178 178 -1.3119824147087389
179 179 -1.4827219259232844
180 180 3.812932886500037
181 181 1.5781184430333246
182 182 -1.5577263457274135
183 183 -2.3704435349160367
184 184 3.200057614235644
185 185 3.318010146546091
186 186 3.2259010667600716
187 187 -2.7242458695433056
188 188 2.9776656227998766
189 189 1.3387292748409125
190 190 0.5263372330940204
191 191 3.378246460170443
192 192 3.8837861803944067
193 193 3.8403485159213693
194 194 -3.3556611997054313
195 195 -3.859644915322619
196 196 3.709734938052544
197 197 -3.8592937029417493
198 198 2.7727832935644923
199 199 -1.2300803813224572
200 200 -2.5883323957089788
201 201 3.653652741832423
202 202 -1.501464063901632
203 203 1.4060809566107828
204 204 1.2390115645929844
205 205 2.293630977236708
206 206 1.5972900659202667
207 207 -0.4299362299523599
208 208 1.3150394795704798
209 209 1.9114723556290727
210 210 0.939883929541729
211 211 0.03323905457861098
212 212 0.6495722771607104
213 213 -1.2957221050797072
214 214 1.5551804406235403
215 215 -2.554608935094871
216 216 -0.8811513041580072
217 217 -2.748050617999441
218 218 -2.409419114111415
219 219 -3.658598275810518
220 220 0.8417454083993796
221 221 -3.266510488879014
222 222 3.3748832592797875
223 223 -1.3461705377034319
224 224 -1.5972797698168248
225 225 1.5692149126998993
226 226 1.3340570237804448
227 227 3.6304249974135843
228 228 2.7818137680982273
229 229 -1.7465434418777015
230 230 0.5604654241181013
231 231 3.414590951053988
232 232 1.1976173952776668
233 233 -3.4087530945121696
234 234 2.249286884015177
235 235 -3.2796365352192867
236 236 1.6994025693154295
237 237 0.9939514090525643
238 238 -3.9803696500378587
239 239 -3.817812751029475
240 240 0.6293490514065923
241 241 1.9858289237346476
242 242 3.8938142525095083
243 243 -2.580243870021839
244 244 -0.5454848733756004
245 245 -1.772510896491232
246 246 1.3779529813613998
247 247 3.16552429312351
248 248 -3.647069251505557
249 249 -2.313682227176698
250 250 -1.3535935354146647
251 251 1.4760076398581345
252 252 -1.5241116413389628
253 253 2.8369608381007296
254 254 -2.3545618284407848
255 255 2.489089053409951
256 256 -2.3605956624324236
257 257 -1.005740123044995
258 258 2.999912262654874
259 259 0.09241470927855833
260 260 -2.2726002994180687
261 261 3.045137517311404
262 262 3.02488071795298
263 263 -0.09885676401517518
264 264 -0.06925357456308667
265 265 1.6159537459645401
266 266 0.3760482855224767
267 267 2.350025739164452
268 268 -0.16647674986771666
269 269 0.04372240063521016
270 270 3.052096767233837
271 271 -2.283073798873626
272 272 -3.5939089425800796
273 273 2.0646293867741736
274 274 1.0169298569211742
275 275 0.013354171975317186
276 276 3.5345583488960104
277 277 2.6388149157654563
278 278 0.7929004540788176
279 279 1.184353701570588
280 280 -0.5901899658173297
281 281 -2.974693993814574
282 282 -0.1965716400445734
7 8 0.7576177646979889
7 10 0.08981680534167347
7 157 0.647816749894558
7 160 -0.07571984133574494
7 163 0.9243197395924967
7 166 0.10631179039224659
8 9 -0.631808598639026
8 11 -0.08470587659322337
8 193 0.8316048822759805
8 196 -0.8457706349916745
8 199 0.35282327484626763
8 202 0.1667468428686938
9 12 -0.9550093498320378
9 229 0.33794373265230293
9 232 0.537149552638237
9 235 0.6672968073559555
9 238 0.29448129864167805
10 11 0.5567047746189029
10 157 0.20704675767198122
10 160 0.14879848712215726
10 163 0.46723746402838473
10 166 -0.9869754770416659
11 12 -0.6446575036998534
11 193 0.8002599284589571
11 196 0.7321619997679301
11 199 0.6270238561169796
11 202 -0.24626655177833534
12 229 0.17814723340283534
12 232 -0.7862804531667038
12 235 0.21025235522559882
12 238 -0.5944640963257699
13 14 -0.7183589838947697
13 16 -0.502383464593388
13 193 -0.007575389429778756
13 196 -0.27854355611738524
13 199 0.5978505701807499
13 202 0.8024448250511815
14 15 -0.7681377989426879
14 17 0.14126842159843056
14 229 -0.3387242404894917
14 232 0.013710665695485513
14 235 0.2663542336237654
14 238 0.874520746653906
15 18 -0.5065278233560493
15 265 -0.7842620956592001
15 268 -0.8286349984517751
15 271 -0.1890777588680259
15 274 -0.1272187145884638
16 17 0.6982711538592907
16 193 -0.215110785668583
16 196 0.8866325138116795
16 199 -0.7504431010615695
16 202 0.5285483373897379
17 18 0.06358533544866818
17 229 -0.42616275797297587
17 232 -0.7170183459335306
17 235 0.7147440539659926
17 238 -0.0581610323605799
18 265 0.5212326410828723
18 268 0.1883721240515306
18 271 -0.5431204360772719
18 274 -0.29945852824183805
19 20 -0.9128921134528325
19 22 -0.21403672724930978
19 181 0.9699142274939705
19 184 -0.22949496721049711
19 187 0.20109035227101657
19 190 -0.23261823876343035
19 193 -0.8165752975732603
19 196 -0.2737673562677885
19 199 -0.48459495430792976
19 202 0.17648891607840045
20 21 -0.40810764147367395
20 23 -0.08163670014657542
20 217 0.6778239995800568
20 220 -0.07448151034752604
20 223 -0.13091979364694395
20 226 -0.8064747733444813
20 229 -0.453540932780264
20 232 0.5457341130536417
20 235 0.3232337382242674
20 238 -0.6570388756822803
21 24 0.40647729690636814
21 253 -0.9751988651097527
21 256 -0.9242869265486937
21 259 -0.9163733632000686
21 262 -0.13402463319943103
21 265 -0.5442290648467314
21 268 0.7673123334320135
21 271 -0.3301839189257947
21 274 0.02354676859179583
22 23 -0.001427777273844244
22 181 -0.8540132460961098
22 184 -0.9572939322029606
22 187 -0.9567440970825294
22 190 -0.816039782990849
22 193 0.8982737203213396
22 196 0.16728466011259036
22 199 -0.11378920286379168
22 202 -0.016921225497300574
23 24 -0.2808318159878427
23 217 -0.8549054072777966
23 220 -0.3966907128392121
23 223 -0.1752051371126062
23 226 -0.9864987878306064
23 229 -0.9131308289863995
23 232 -0.4938276875629719
23 235 -0.789283870923847
23 238 -0.8742821707357087
24 253 -0.3672007913469981
24 256 0.7220808550447806
24 259 -0.08994238525721743
24 262 0.3935620315143502
24 265 -0.4394504797068479
24 268 -0.6251302086932993
24 271 0.13692206097691262
24 274 -0.02937621741310914
25 26 -0.7724279481530636
25 28 0.9285851556455833
25 181 -0.8313862868066397
25 184 -0.4714966454128202
25 187 0.573663129975226
25 190 -0.7560083135861531
25 193 -0.3072703608666909
25 196 -0.3921943884765209
25 163 0.5774291194721894
25 166 0.6514689948731294
26 27 0.5223353719303938
26 29 -0.10920237823598145
26 217 -0.4308457927819862
26 220 -0.4953622713555874
26 223 -0.3358499243038213
26 226 0.3708092183059517
26 229 -0.3225221605847779
26 232 0.1561975930133408
26 199 0.09569505722425165
26 202 -0.36301116255407373
27 30 -0.8807514141062751
27 253 -0.7944424893283728
27 256 -0.6246027373848266
27 259 0.07382154650715744
27 262 0.3469653339261447
27 265 0.052129854415335686
27 268 0.8621844345340193
27 235 -0.014405506467040974
27 238 -0.65872911547824
28 29 -0.30400797934248014
28 181 -0.20140978636597118
28 184 0.6076985054903343
28 187 -0.771030705552989
28 190 -0.8131013431755278
28 193 -0.20108724128483013
28 196 0.8856851979849578
28 163 -0.9939189755033935
28 166 -0.019363898331763885
29 30 0.00411844534432082
29 217 -0.2845594144020731
29 220 -0.14219781656533015
29 223 0.6627736935395272
29 226 -0.34490141495375903
29 229 0.6284613671109707
29 232 -0.0024684637248093555
29 199 0.2160267597445511
29 202 0.9053307030352162
30 253 0.8148347760399663
30 256 0.89279835763308
30 259 -0.7107727542799516
30 262 -0.9053531311073033
30 265 0.09194803869214985
30 268 -0.819287278584405
30 235 0.14785031263720372
30 238 0.07295442297010557
31 32 -0.062149239118252764
31 34 0.8090465894047509
31 181 0.40833783202325
31 184 -0.48921228974453634
31 187 -0.5606836879077925
31 190 0.9356116028970132
31 193 0.9647737762057049
31 196 -0.5850720003465393
31 163 -0.4546220263437055
31 166 -0.21330387354534341
31 169 0.2646801613244767
31 172 -0.6405597907242255
31 175 0.13636331238378308
31 178 -0.5184905446889123
32 33 -0.47961117610332726
32 35 0.16946994693051165
32 217 0.5451089745760891
32 220 0.03432881728137627
32 223 -0.20881354717295197
32 226 -0.4283346880173997
32 229 -0.31396659624540413
32 232 -0.9140301737101966
32 199 0.2460055831240886
32 202 -0.06775694075428307
32 205 0.22756532493094817
32 208 0.9845233496133317
32 211 -0.5577169025464777
32 214 -0.809916807075256
33 36 -0.929153961291872
33 253 0.9884000575525251
33 256 0.9372715062122337
33 259 -0.30557180897122493
33 262 -0.3371527939015253
33 265 -0.6339536001761656
33 268 0.7705021798430574
33 235 -0.16674158075441325
33 238 -0.24377010207538108
33 241 0.7636023946993549
33 244 -0.9500958576850695
33 247 0.817706927851344
33 250 0.5660390132916537
34 35 0.7685983668728218
34 181 -0.48175119966671476
34 184 -0.49277651090081265
34 187 -0.039240904487132466
34 190 0.2193781984823664
34 193 0.4737896287864849
34 196 -0.5533425730872934
34 163 0.3610123552651683
34 166 -0.7287721598512868
34 169 0.6088825928470403
34 172 -0.039736176682042545
34 175 0.8931564077512457
34 178 -0.7304666973373592
35 36 0.2311135752532285
35 217 -0.7821472862442675
35 220 -0.47053808445604073
35 223 -0.5892634529302561
35 226 -0.30845318324110327
35 229 0.9620766570183785
35 232 0.2514074210292154
35 199 0.5345582978542107
35 202 -0.508806221606265
35 205 -0.8606995368840966
35 208 -0.8856552341259054
35 211 0.9613425160250069
35 214 -0.7015055555250074
36 253 0.6543334924076638
36 256 0.4897852598378345
36 259 0.8620753307638589
36 262 -0.7343616845170837
36 265 0.15268964434807852
36 268 0.609321995319958
36 235 -0.1706227084287979
36 238 0.27731845762998764
36 241 0.006549773727009711
36 244 0.6307451596388463
36 247 -0.2937363936550481
36 250 0.16355910016842645
37 38 -0.8589780083810228
37 40 0.15221214277961082
37 181 -0.46242404431048856
37 184 -0.4837853320224521
37 151 0.584332876694184
37 154 -0.807564850632589
37 157 0.09717231004534854
37 160 0.4671784036818858
37 163 0.23717343307172367
37 166 -0.3230288754796584
37 169 -0.8293116927185928
37 172 -0.014557127293870709
37 175 -0.46031916842926424
37 178 0.8756353506785555
38 39 -0.7444071557288832
38 41 0.5539528139385685
38 217 -0.6954363238578907
38 220 0.11260478249163564
38 187 -0.029725673404293884
38 190 -0.7997879380369295
38 193 0.21484240935590915
38 196 -0.40978418809622386
38 199 -0.06214860494153296
38 202 -0.8716106078645798
38 205 0.475057072169524
38 208 0.8275262985557379
38 211 -0.8077624304563034
38 214 0.6448084637393376
39 42 0.04496262190324485
39 253 -0.7906687315613599
39 256 -0.687821107424339
39 223 0.5028870044631815
39 226 -0.4216296170960727
39 229 0.6645388865349542
39 232 0.33172301712958063
39 235 -0.04205578838002544
39 238 0.5433774601692163
39 241 0.004785967300406702
39 244 -0.8707913735306925
39 247 -0.06900202142422329
39 250 0.5869457863912229
40 41 -0.6594088063934398
40 181 -0.3139688162041159
40 184 -0.5978822394125773
40 151 0.19545128084258234
40 154 -0.010074610331869183
40 157 0.7510310151002266
40 160 -0.873515121145708
40 163 0.2390906400581645
40 166 0.9509843315326325
40 169 0.15861393050856054
40 172 0.18297084828529697
40 175 0.5170993970112081
40 178 -0.12141717501541494
41 42 0.794762304705005
41 217 0.13093403375421198
41 220 0.12943435357795208
41 187 0.8203358799521794
41 190 -0.01971791187593408
41 193 0.08667888271801427
41 196 0.7340180237375338
41 199 0.7126885246927299
41 202 0.07562443776119987
41 205 -0.9506047877214157
41 208 -0.7922860610381814
41 211 0.8885978576367692
41 214 -0.3450438613240736
42 253 0.37673393759890095
42 256 0.6527189498535824
42 223 0.38173467640432235
42 226 -0.7535421115249326
42 229 -0.1643544051942849
42 232 0.9938627262782618
42 235 -0.22007683592236127
42 238 -0.2759491774581124
42 241 -0.8803942625380758
42 244 -0.573208145652156
42 247 -0.34273629914253334
42 250 -0.34122983851470035
43 44 0.1887216467147126
43 46 -0.45979578634436
43 181 0.17785122362451178
43 184 0.05140627424305766
43 151 0.593833468378079
43 154 0.5764122533907607
43 158 -0.18823253722369704
43 161 -0.9703065515355664
43 164 -0.8852646466365166
43 167 0.8453518970475717
43 169 -0.03819079493250932
43 172 0.3046168109733265
43 175 0.19932359862123228
43 178 0.2391424388017338
44 45 -0.4566930912077882
44 47 -0.5952088300031866
44 217 0.4484181429687739
44 220 -0.8973158504942071
44 187 0.12376704513620318
44 190 -0.7489994143061791
44 194 -0.7026065867083224
44 197 -0.9614909534105693
44 200 -0.3202910171969584
44 203 -0.1138344131627882
44 205 0.8520856067803582
44 208 0.4979176127849252
44 211 0.9536398978981346
44 214 -0.9164705238076669
45 48 -0.12300343206485143
45 253 0.945978757372756
45 256 -0.09521131340039735
45 223 0.031860311547530884
45 226 0.7627708235957313
45 230 0.9599475767272636
45 233 0.10296560878225636
45 236 -0.4542315255577829
45 239 -0.14031220968745917
45 241 0.844243810780742
45 244 0.05650869209000642
45 247 -0.6690924740507309
45 250 0.6787813336859552
46 47 -0.9955797482251076
46 181 0.3945583899426641
46 184 -0.5728825604044103
46 151 0.8623746596875641
46 154 0.3251685108050735
46 158 -0.36104553662636807
46 161 0.8229701958657634
46 164 0.9884811629038477
46 167 0.4485108480338882
46 169 -0.505355676147522
46 172 -0.7841652085996518
46 175 0.37077007136670104
46 178 0.2790612782701489
47 48 -0.16065049745438587
47 217 -0.03572629485168255
47 220 8.583140471940531e-05
47 187 -0.906501770455147
47 190 -0.8914614701865604
47 194 -0.5772313462423599
47 197 0.26749517285758406
47 200 -0.5279904346294506
47 203 -0.7915951688071237
47 205 -0.6684288189846921
47 208 -0.8784838799416201
47 211 -0.7000722927759684
47 214 0.4637701122655813
48 253 0.5376989402505312
48 256 0.6343956073858046
48 223 -0.1720335621207929
48 226 -0.3559393287239174
48 230 -0.6436249350276722
48 233 -0.6680116968685337
48 236 0.44521405265487335
48 239 -0.3073554527840401
48 241 -0.40886559612233264
48 244 -0.26623103367743894
48 247 -0.4971871552973872
48 250 -0.9906061181951531
49 50 -0.6723089665777535
49 52 -0.7777146720930712
49 181 -0.04337656989760341
49 184 -0.39657557458390036
49 187 -0.6317860860643685
49 190 0.06655182185825326
49 194 0.2909013432230212
49 197 0.15218848891792347
49 200 -0.555633382854273
49 203 0.21515312917837703
49 205 0.31896617149885365
49 208 0.15184346796910098
49 175 0.9673352761276997
49 178 -0.22086137210642454
50 51 -0.20729136999655506
50 53 0.6393936167875915
50 217 -0.8795240709508834
50 220 0.17375259668748377
50 223 0.4529756517378414
50 226 0.845885483052311
50 230 -0.48032878896641695
50 233 0.41559345861150354
50 236 -0.09293371516381632
50 239 0.283480006215695
50 241 0.3379195035690754
50 244 0.007880903900728597
50 211 -0.9268048733267178
50 214 0.20663013520091633
51 54 -0.544849106249105
51 253 0.7326508636671119
51 256 -0.6807558577848236
51 259 -0.9084650301826649
51 262 0.5307612355966755
51 266 0.3305795787068555
51 269 -0.9378990921001156
51 272 0.337668212655184
51 275 0.990567096784355
51 277 -0.32911748306980715
51 280 -0.5413334662918383
51 247 -0.5772799405835696
51 250 0.03507877232695167
52 53 -0.5161217326819307
52 181 0.8146582605851456
52 184 -0.7411655226387157
52 187 -0.9534436587538009
52 190 -0.7060932388218144
52 194 -0.21645158168730871
52 197 -0.43136996819888607
52 200 -0.23940722228721611
52 203 -0.9973937685280325
52 205 -0.3460145287921754
52 208 -0.07365088663080699
52 175 0.5026028626791224
52 178 0.18217575227106275
53 54 -0.4824558919221573
53 217 -0.8533550554254603
53 220 -0.34914271087676974
53 223 -0.377937266576468
53 226 -0.9025045736591484
53 230 0.5895321115569239
53 233 0.09755870742432737
53 236 -0.9481784503517905
53 239 -0.7517414477756081
53 241 -0.9099702548300166
53 244 0.8305397302139133
53 211 -0.6548117035993557
53 214 0.38389647600208665
54 253 -0.5484743419565483
54 256 -0.29598905785795715
54 259 -0.8912193967323732
54 262 0.908244333873877
54 266 0.8440402687902977
54 269 0.029807325275574836
54 272 -0.7598585325794542
54 275 0.48006039494315744
54 277 0.1994752725616884
54 280 0.6187945551838461
54 247 -0.3190215922948083
54 250 -0.1924506258941876
55 56 0.14740825327290819
55 58 0.2715913166629269
55 182 0.10734629616025182
55 185 -0.9876451699052131
55 188 -0.862414079351834
55 191 0.09133510564530023
55 194 0.2760116278303977
55 197 -0.5902606012070983
55 200 0.3732310143086661
55 203 -0.4309146016597938
55 205 -0.8730594556352427
55 208 -0.4400790458872943
55 175 -0.8264786306203145
55 178 0.43624543546743233
56 57 -0.17911684544220074
56 59 -0.2697048178147712
56 218 0.04238677334308405
56 221 -0.2776125615900311
56 224 0.3779305885422346
56 227 -0.09208868818282867
56 230 0.1335416038250179
56 233 0.1960475105599806
56 236 0.7762180753011811
56 239 -0.42522010904128904
56 241 0.19172295965935948
56 244 0.09522693992801501
56 211 0.3456942109424612
56 214 -0.7680484808860772
57 60 0.3155869732981256
57 254 0.0715876547016383
57 257 -0.5207706435699049
57 260 0.4974161202540628
57 263 0.16818652733551098
57 266 0.6494664450885519
57 269 0.8713236077238229
57 272 0.6929983395910091
57 275 -0.8141945386067253
57 277 -0.788045492370546
57 280 0.8151972877837872
57 247 0.8958656292319733
57 250 0.30326133684696543
58 59 0.8020074009259848
58 182 0.2780431586233625
58 185 0.22499519921314315
58 188 -0.7384274331425587
58 191 0.2876554677620715
58 194 -0.34410250693062827
58 197 -0.005331500371777764
58 200 -0.05535536530368024
58 203 -0.42686128454850514
58 205 -0.2803149938788083
58 208 0.5270938286538713
58 175 0.7152470766319454
58 178 0.9136840368856747
59 60 0.48349288718175365
59 218 -0.4793298371056187
59 221 -0.8501865033140652
59 224 0.24969938787415824
59 227 -0.036982721789842854
59 230 -0.48504405191604305
59 233 -0.3659474919711607
59 236 -0.5113834874018197
59 239 0.5886907448000884
59 241 0.009304926540902203
59 244 -0.618362364381783
59 211 0.3264468092961421
59 214 -0.480373772657539
60 254 -0.010282974623798458
60 257 -0.9078288171342419
60 260 -0.29416436628376785
60 263 -0.20887341436644125
60 266 -0.3920456975217408
60 269 -0.5885852744882212
60 272 0.4486688397245757
60 275 0.8467416033283308
60 277 -0.7703927426459833
60 280 -0.5141524642743864
60 247 -0.837697384063681
60 250 0.987723719099181
61 62 -0.6566790909955627
61 64 -0.45543719037513464
61 182 -0.7165360135899592
61 185 0.4139373959017758
61 188 -0.7666822440197747
61 191 0.9028914138366992
61 194 -0.7857475804583309
61 197 0.5605075112845002
61 164 0.7511005293581225
61 167 0.9949052227549173
61 169 0.7610540205331295
61 172 0.012739509395160775
61 175 0.8043775879845092
61 178 0.04963269439454643
62 63 0.040002818573426246
62 65 0.5833826904398061
62 218 -0.644307047871638
62 221 -0.9636738218207912
62 224 0.1953484235905989
62 227 -0.9921909689932231
62 230 0.312043630553136
62 233 0.44910144025131427
62 200 0.5922737420107043
62 203 0.0832678715386781
62 205 -0.9377794108425894
62 208 -0.7417555556040243
62 211 -0.53373059966848
62 214 0.549246327119298
63 66 -0.2901792966093353
63 254 -0.0699022281250401
63 257 -0.7853529383242301
63 260 -0.9086969901545707
63 263 0.8443075149384642
63 266 -0.861479819295432
63 269 -0.9301311551006359
63 236 0.03694320403278106
63 239 -0.6453879409219212
63 241 0.7628113908257059
63 244 0.1307422921491701
63 247 0.5791512728055463
63 250 -0.7810861023249418
64 65 0.7855750234183809
64 182 -0.9009258147846757
64 185 0.39007412721172097
64 188 -0.25355449403375396
64 191 0.6987734138771029
64 194 0.24613689766600633
64 197 -0.13056775879100035
64 164 -0.7802085438983946
64 167 0.2126522148286687
64 169 0.2565840197998346
64 172 0.4754289350695735
64 175 0.20931575292057092
64 178 -0.0017023833931164578
65 66 0.7992484917784062
65 218 0.42907427879057525
65 221 -0.8178597690451628
65 224 -0.5016165044212106
65 227 -0.7712148141399253
65 230 0.39547250671377254
65 233 -0.01868960548176135
65 200 -0.47515683832342837
65 203 0.40018593514742773
65 205 0.3593275964624625
65 208 -0.06128802903836261
65 211 -0.2004320704120386
65 214 0.2982117611238404
66 254 -0.7676759842507568
66 257 0.5228618746040252
66 260 0.2151013145711238
66 263 -0.8734151668088721
66 266 0.07218021156031362
66 269 0.5152938731623233
66 236 -0.11466298791616114
66 239 0.9411607901130896
66 241 -0.7585692022899264
66 244 -0.3773585960251824
66 247 0.8908437080537681
66 250 0.31912367710623735
67 68 -0.3788152350412377
67 70 -0.9994936622993034
67 182 0.5636872990442621
67 185 0.1001734905429279
67 188 -0.9637125852816053
67 191 -0.3222573039534633
67 194 0.31289777812332864
67 197 0.6604217543630246
67 164 0.9370772789641637
67 167 -0.8818432953507416
67 170 0.25975458114984584
67 173 -0.09964090515034241
67 176 0.9126589918657158
67 179 -0.021482295203524515
68 69 0.9905469788420318
68 71 -0.7945562118374316
68 218 0.29513420507903043
68 221 0.6739057836665416
68 224 -0.36988856653917224
68 227 0.48518552565887774
68 230 0.19318639164709706
68 233 0.8901421936081486
68 200 -0.04315785902480296
68 203 -0.41652294095450193
68 206 -0.5987473256673321
68 209 -0.6615657121449057
68 212 0.6998142940048337
68 215 0.24300571077154554
69 72 -0.6723279429143008
69 254 -0.3674394836325301
69 257 0.7100449093951058
69 260 0.39245414912693266
69 263 -0.05184909806338345
69 266 -0.4022293131369783
69 269 0.9925756788361582
69 236 -0.29004253054261375
69 239 -0.31186999944745275
69 242 0.6518378584368842
69 245 0.5569526530503923
69 248 -0.4491130740213669
69 251 -0.6849122038698443
70 71 0.6410753785725709
70 182 -0.7001965616495731
70 185 -0.8662536140851453
70 188 0.6646688648480201
70 191 0.9290792400275878
70 194 -0.8776754420057054
70 197 0.6990406897491612
70 164 -0.2738515662437291
70 167 -0.8278086254145174
70 170 0.352273939012512
70 173 -0.8392511688655513
70 176 -0.6250664214163875
70 179 0.08550186521750414
71 72 0.796995539231335
71 218 0.28465971308513627
71 221 -0.06598655660859887
71 224 -0.926139042139636
71 227 0.3763001071495047
71 230 0.9330649497460664
71 233 0.4683744598591706
71 200 0.2651315436764792
71 203 0.7747306436645014
71 206 0.023680216214662098
71 209 -0.40949773942502166
71 212 -0.8862397393244239
71 215 0.30048274878467707
72 254 0.33652417759236
72 257 0.878010289034634
72 260 0.8751859683631182
72 263 0.503002959676706
72 266 0.1503393785112801
72 269 -0.6609297890077559
72 236 0.763147856944421
72 239 0.32497093530102417
72 242 -0.20079006205765904
72 245 -0.8937533903496819
72 248 0.27618650402945555
72 251 0.2265516475749927
73 74 0.47590762142871923
73 76 0.8746470154174528
73 182 0.40756316069688525
73 185 -0.5300013339797254
73 152 0.7471165743863803
73 155 -0.21915003862892823
73 158 0.1073522135066256
73 161 0.8746227927726196
73 164 -0.24061888605984394
73 167 -0.9624682379378453
73 170 -0.14516777939308323
73 173 -0.2215619461132301
73 176 -0.7838512048445228
73 179 0.15233688333654571
74 75 0.5100754991024903
74 77 -0.0528271737885746
74 218 -0.4666071432712562
74 221 -0.43537721521096806
74 188 -0.973727048005788
74 191 -0.36144907887602473
74 194 -0.34262496436868317
74 197 -0.8707308808420595
74 200 -0.8515766404630625
74 203 0.5449323092883969
74 206 0.9358746902248547
74 209 0.6812997450964178
74 212 -0.7376127593734971
74 215 0.3531939588113615
75 78 0.22732622959621662
75 254 0.8646143908750925
75 257 -0.6907689876919012
75 224 0.1263692903123983
75 227 -0.9485436018285369
75 230 -0.35128973265215446
75 233 -0.5516693516654625
75 236 -0.6654483101106736
75 239 -0.16236995522834508
75 242 -0.756415881186645
75 245 -0.12360692758473979
75 248 0.40715391816136526
75 251 -0.48525717400712565
76 77 0.6300378460745883
76 182 -0.5541506937724017
76 185 0.7803623512760995
76 152 0.06796947897159877
76 155 -0.39509397591732176
76 158 -0.27131319424732747
76 161 0.4806389222015275
76 164 -0.7786622622841384
76 167 -0.43223482494302434
76 170 0.9322909749696886
76 173 -0.31085598769564693
76 176 -0.2156857887873762
76 179 -0.718929815225595
77 78 -0.6825932350850925
77 218 0.017597489198502014
77 221 -0.2394727181319689
77 188 -0.7648275823172388
77 191 -0.6864770958773561
77 194 -0.3349465804163885
77 197 -0.4403609687456447
77 200 -0.14640373032625886
77 203 -0.4114864599359642
77 206 0.7860532511733009
77 209 0.357386556844149
77 212 0.6883361942373203
77 215 -0.20407079069777234
78 254 0.07118774717394882
78 257 0.5759945170333813
78 224 0.06754767355316194
78 227 0.7741830159819105
78 230 0.7014959365463749
78 233 0.3167722945918179
78 236 0.3542110988738816
78 239 0.09462764105067478
78 242 0.9750187862243984
78 245 0.014072380472737178
78 248 0.5149011087436961
78 251 -0.2876730856537053
79 80 0.5350029858123324
79 82 -0.8988704641817553
79 182 0.5260054307028896
79 185 -0.08282969487451997
79 152 -0.30996021976140975
79 155 -0.03950063003654014
79 159 -0.6212028640567846
79 162 0.06584296401398859
79 165 0.8232260582208828
79 168 -0.4137167726539752
79 170 0.07712048321911347
79 173 0.0351906444997927
79 176 -0.8354907576206194
79 179 -0.4267283369304029
80 81 0.45143335769258
80 83 -0.9375856192737255
80 218 -0.702762769829768
80 221 0.8645423634946658
80 188 0.07677322325532776
80 191 -0.3376836502750531
80 195 0.4694487270712455
80 198 -0.10867058851237221
80 201 -0.9175343371903517
80 204 0.5987262518809724
80 206 0.10393627927075655
80 209 0.04139453330902465
80 212 -0.21127265897058178
80 215 -0.037786124317055414
81 84 -0.4433755871342724
81 254 -0.8144661815644791
81 257 0.5329855128564496
81 224 -0.5396690313083117
81 227 0.8714224304100295
81 231 0.04797421052544637
81 234 -0.8965446861057844
81 237 -0.8510473632082993
81 240 0.39249980932185347
81 242 -0.9061577386203226
81 245 -0.830483827221675
81 248 0.9422337958140605
81 251 0.07485000374345252
82 83 0.3255327178520273
82 182 -0.3924444741713078
82 185 0.6026953718946428
82 152 0.6909798756526544
82 155 0.4805414769762968
82 159 0.06767582889877577
82 162 0.8654246549209998
82 165 0.9705401991725455
82 168 -0.2050853520775684
82 170 0.867185270617673
82 173 0.05744960402081056
82 176 0.05921533276034374
82 179 -0.7576207124540448
83 84 0.7457417499103582
83 218 -0.7208554633157562
83 221 -0.3376944201658445
83 188 -0.19526624262902503
83 191 -0.5073850162657787
83 195 -0.8753757543003797
83 198 -0.4499070271110086
83 201 -0.20748233919707926
83 204 0.9492335303051309
83 206 -0.026899313160686278
83 209 0.00423080065664827
83 212 0.36122674774454033
83 215 0.34422784279431706
84 254 -0.7823673491040417
84 257 -0.6166034721444285
84 224 0.736272564792279
84 227 0.8280253439113479
84 231 0.11147449372853724
84 234 -0.6741843061258768
84 237 -0.8741399331342241
84 240 0.4355147259982204
84 242 -0.6549298163878117
84 245 0.5030659016255077
84 248 0.9591535284544219
84 251 0.2703468535484759
85 86 0.06295781231709618
85 88 -0.3526886374075422
85 182 -0.2965333727006769
85 185 0.8980138285800305
85 188 0.18674703997424658
85 191 -0.2090215350204201
85 195 0.13307380069260666
85 198 0.6767298879372596
85 201 -0.49815219231923535
85 204 0.874690897517097
85 206 -0.06040915954298165
85 209 -0.8593799761463352
85 176 -0.08765963187590842
85 179 -0.34251352863140627
86 87 -0.6152206923761596
86 89 -0.39050731949264184
86 218 0.08337625746063093
86 221 -0.3793630725328494
86 224 0.8050691689981191
86 227 -0.7620360234672485
86 231 -0.7361247383657012
86 234 -0.8022698503329504
86 237 -0.027358888587442065
86 240 -0.841897610569539
86 242 0.4582574726895765
86 245 -0.9980672783279716
86 212 0.8892313932151119
86 215 0.8277676360012578
87 90 0.6236785134327618
87 254 0.8071862144664361
87 257 0.9491138360519642
87 260 -0.7554886817782502
87 263 0.5285958839633045
87 267 -0.44060292451891425
87 270 -0.022361669333919254
87 273 0.5545610658408127
87 276 0.5995811577981556
87 278 0.4884632623736298
87 281 -0.5533593898498506
87 248 0.23422619903568687
87 251 -0.06278444252992244
88 89 0.1860442624267986
88 182 -0.4643775253779858
88 185 -0.4907447635096065
88 188 -0.6139590153913081
88 191 0.025249997761035203
88 195 0.1832348445485188
88 198 0.2998475957168154
88 201 -0.41492824120567895
88 204 -0.3776006225036792
88 206 0.49752106787223394
88 209 -0.4203330527796505
88 176 0.4519739224067447
88 179 0.330323407376935
89 90 -0.39628300494067115
89 218 0.12801598469611308
89 221 0.29983767449543164
89 224 -0.6207809526962713
89 227 -0.5472282137812123
89 231 -0.4496803863089063
89 234 -0.44365336211113315
89 237 0.5612180327974376
89 240 -0.8455392464561218
89 242 0.015300115729298014
89 245 0.9674842077711432
89 212 0.6394752166523685
89 215 0.8040129135496161
90 254 0.08393296061423117
90 257 0.47686772608391337
90 260 -0.10565890414775292
90 263 0.1586413103027018
90 267 0.002264779081680768
90 270 0.3769291137639168
90 273 0.5121888834684809
90 276 0.3531672650609494
90 278 -0.3424170913278619
90 281 0.5763583812671125
90 248 -0.3817206130654798
90 251 -0.4934637425299824
91 92 -0.40376954923457364
91 94 -0.6455217070333086
91 183 -0.5099315998079621
91 186 -0.5059614614648382
91 189 0.6568124303111396
91 192 -0.9201377503463173
91 195 -0.8944986378625748
91 198 -0.09208432116579979
91 201 -0.7516476489708968
91 204 0.38177475785799975
91 206 -0.06734490804591586
91 209 -0.598175744658425
91 176 0.361587435732561
91 179 -0.8491033733637143
92 93 -0.3679414941726995
92 95 -0.5186595824882492
92 219 0.5589708872549164
92 222 -0.6628158426835011
92 225 -0.09607850074383784
92 228 0.490183878526832
92 231 -0.9769473627862053
92 234 0.011213884991613243
92 237 -0.5293011213591885
92 240 0.3747073322857717
92 242 -0.8446528768621306
92 245 -0.6187375386265979
92 212 0.15839455056955876
92 215 0.06924072486123656
93 96 -0.8968721346074209
93 255 0.7238553399270575
93 258 -0.4185832899338111
93 261 -0.03323851326173899
93 264 -0.5391144181769305
93 267 0.6575505716886849
93 270 0.8537024767295875
93 273 0.6450364486216478
93 276 0.11400385289491366
93 278 -0.9150022511282854
93 281 0.3269667277436432
93 248 -0.9218472276253111
93 251 -0.10420400625833337
94 95 0.3504891413126261
94 183 -0.04814263407971198
94 186 0.5771268186794534
94 189 -0.8091205507187729
94 192 0.9942920291632356
94 195 -0.5675390467493917
94 198 -0.8558088777544979
94 201 0.34828576946433576
94 204 0.5689678547612647
94 206 0.2721037391022647
94 209 -0.5488222203483046
94 176 0.9256073508068008
94 179 0.2866622786795503
95 96 -0.5155956267286097
95 219 0.37191866755113523
95 222 0.3089080744567547
95 225 -0.4567618357684886
95 228 -0.2179225791742716
95 231 -0.0868405904317755
95 234 -0.5675802143576474
95 237 0.5083192780388641
95 240 0.458155426121861
95 242 0.20302642658560743
95 245 0.6144132250657968
95 212 -0.8438135936822375
95 215 -0.5354344304307757
96 255 -0.010533162749690739
96 258 -0.3877499786087528
96 261 0.8168316847338006
96 264 -0.6779096868669401
96 267 0.9531872435495696
96 270 0.6717294194042254
96 273 -0.2649888063280368
96 276 0.5564019004506509
96 278 0.6264467110748371
96 281 -0.026088933596407182
96 248 -0.7871120640473566
96 251 0.6583036897333234
97 98 -0.6304375338317267
97 100 0.5495966177559222
97 183 0.9142374789225822
97 186 0.8497303890076324
97 189 0.05837841141308364
97 192 -0.8184622278842602
97 195 -0.08653946434858062
97 198 -0.2761731987178966
97 165 0.8959801708469182
97 168 -0.1896065354228662
97 170 -0.2127414939619614
97 173 0.5254582144938784
97 176 -0.788858624934285
97 179 -0.3849090099491106
98 99 -0.7414147574432259
98 101 0.4762729407931039
98 219 0.0657040906159545
98 222 -0.25255073919519466
98 225 0.9978375176990106
98 228 0.04995289859302976
98 231 0.8012594273696259
98 234 0.9284220976190047
98 201 0.2891966428116117
98 204 -0.6562536407749608
98 206 0.8685151226172405
98 209 0.6847765299556694
98 212 -0.01801979023709621
98 215 -0.061629187662483265
99 102 0.263686596686008
99 255 0.38027993705900265
99 258 0.27307454669985143
99 261 -0.301095950338619
99 264 -0.9973713387592886
99 267 0.5321038896229751
99 270 -0.8714300780246018
99 237 -0.6270540271214942
99 240 -0.061271083298523266
99 242 0.8876877691116143
99 245 -0.6772721062278
99 248 -0.5586911142610922
99 251 -0.11483888924059138
100 101 -0.25047888882562663
100 183 -0.02231990451645749
100 186 -0.37427590682671386
100 189 0.8926043434541917
100 192 -0.44689060441310935
100 195 0.24061411681004885
100 198 0.46878730956665926
100 165 -0.7487133230424852
100 168 0.15238581349882607
100 170 -0.2313747126831407
100 173 0.19773917291066034
100 176 0.949605261112874
100 179 0.6572015982038804
101 102 0.8075201866233954
101 219 -0.13416048055135255
101 222 -0.679550989531736
101 225 0.8509865619964125
101 228 -0.43904633068305676
101 231 0.8035239777068757
101 234 0.5474282459489379
101 201 0.00820144602860351
101 204 -0.1794858255111509
101 206 0.2848401923350854
101 209 0.3863790974683976
101 212 -0.5229077293487436
101 215 -0.22100254130121355
102 255 -0.009771656627202141
102 258 -0.9475949259854175
102 261 0.8017661908358311
102 264 0.3757657316707472
102 267 0.3683023313851961
102 270 0.8029085724516147
102 237 -0.914899964926966
102 240 -0.7680392457138245
102 242 0.028666808601071958
102 245 -0.7636034807431114
102 248 -0.3524372446689785
102 251 -0.39073736606715603
103 104 0.5497365075566554
103 106 0.49873746896837945
103 183 0.7386771598133774
103 186 -0.8826388721676965
103 189 0.4813186994106755
103 192 0.09196712724564993
103 195 -0.8878237031266709
103 198 -0.9946159615848496
103 165 0.5022188582903802
103 168 0.719799411209689
103 171 -0.10115034778939935
103 174 -0.45964001315005665
103 177 -0.6091639279019794
103 180 -0.08942844111309345
104 105 0.9337244203043205
104 107 -0.04549818732624433
104 219 -0.9403848514672981
104 222 -0.16435372547402838
104 225 0.6739706391019471
104 228 -0.7563989008076499
104 231 -0.5092647885746633
104 234 -0.06060407868022044
104 201 0.7662392375458218
104 204 0.41199553132029876
104 207 -0.8657063218411929
104 210 0.6649433302100689
104 213 -0.626068583877935
104 216 0.703039951464441
105 108 -0.3570392496130117
105 255 0.7674340422606305
105 258 -0.5894383332094932
105 261 0.46254466523469184
105 264 0.7859695612712736
105 267 0.5792444675422941
105 270 -0.37536473722871144
105 237 -0.7668862739602917
105 240 0.8755859090721567
105 243 0.8580901472073075
105 246 -0.6785312756564834
105 249 -0.23040148390777482
105 252 -0.38405569494339065
106 107 0.25220197217554396
106 183 -0.2929166521420967
106 186 0.9832742053794163
106 189 0.07166771794467341
106 192 0.03767375231649006
106 195 0.8562887442072626
106 198 0.36832749612563864
106 165 -0.46623773506645616
106 168 0.6582241295576805
106 171 0.4425303014548281
106 174 0.8241382795237286
106 177 0.037996927610218334
106 180 0.4410669194485888
107 108 0.9879802915607447
107 219 -0.9377467204994869
107 222 -0.8915764990378403
107 225 -0.1564341939717735
107 228 0.6723024627353567
107 231 0.6078834837109619
107 234 -0.983382997820996
107 201 0.07009624832792993
107 204 -0.09660956743693694
107 207 -0.5037426633377051
107 210 -0.9579242229607221
107 213 -0.4288659399538872
107 216 -0.7885227353388271
108 255 0.19333542863919173
108 258 0.7382377691157558
108 261 -0.3956145046610908
108 264 0.642456270122467
108 267 0.10430208181248579
108 270 -0.32565941814259847
108 237 0.5711964372430283
108 240 -0.15058109833997668
108 243 0.004859659765791058
108 246 -0.9606961790714714
108 249 -0.538976379246221
108 252 0.9663676553451501
109 110 0.3722657964279894
109 112 0.39576124986473626
109 183 0.194465182153567
109 186 0.10595846030991662
109 153 -0.9467244132575907
109 156 0.6247868601038402
109 159 0.6970659014225982
109 162 -0.8680412612651947
109 165 -0.3933202679619343
109 168 0.3171350209913675
109 171 0.3887259704594015
109 174 0.7659066395828988
109 177 -0.6869360443108292
109 180 0.045358747019583756
110 111 -0.732048607051629
110 113 0.1360855596611481
110 219 -0.5708163623081208
110 222 0.554379117030332
110 189 -0.9419822308938479
110 192 -0.7428833713900698
110 195 -0.863394460960424
110 198 0.8556849301908591
110 201 0.384732557788684
110 204 0.12552723758663564
110 207 0.7583118602556351
110 210 0.8133142691991095
110 213 -0.8032499840232332
110 216 -0.19243209398616723
111 114 -0.4981861391132192
111 255 0.5067014558799798
111 258 -0.9850119534686941
111 225 -0.8482577819440198
111 228 -0.6008380046116413
111 231 -0.6058337646445497
111 234 0.5324360412998153
111 237 -0.034311634055547824
111 240 -0.7259017001584125
111 243 0.9394395367673751
111 246 0.6117651970603986
111 249 -0.22721526374709256
111 252 -0.756784780680986
112 113 0.4250872562968875
112 183 -0.3076907679079919
112 186 -0.5479430104711236
112 153 0.47014578836677456
112 156 0.5497524011379409
112 159 0.2689452203263123
112 162 -0.1955140238612274
112 165 -0.1695378575073061
112 168 -0.1160294568017608
112 171 0.6175361864812972
112 174 -0.08430977023365904
112 177 0.2885105842623561
112 180 -0.3805254526263373
113 114 0.29847613193998823
113 219 0.7234160023542615
113 222 -0.3421468134544756
113 189 -0.6304621997931517
113 192 0.3157669110708148
113 195 0.784391574333009
113 198 -0.08547598529779288
113 201 0.6519837765653589
113 204 0.519947035591668
113 207 -0.8467476202695383
113 210 0.12705504590109906
113 213 -0.5655139232870954
113 216 0.5245828477969541
114 255 -0.43002367974563227
114 258 0.9050572417636826
114 225 -0.9862709609477502
114 228 -0.7902138253501527
114 231 -0.30989604123486614
114 234 0.11526158260707775
114 237 0.3680339725424906
114 240 0.15403654390235255
114 243 0.44668038177727576
114 246 0.7724133275909131
114 249 0.29408880294134687
114 252 -0.3847098336776178
115 116 -0.4886245727269465
115 118 0.39626771527665205
115 183 0.7711100124728703
115 186 0.5733656732309012
115 153 -0.3351991705824171
115 156 -0.42744466761291444
115 171 -0.30022293174873815
115 174 0.9786801436974704
115 177 0.3297395594788124
115 180 -0.43319647128261884
116 117 -0.8612389172513113
116 119 0.3332345281285747
116 219 0.6363639776912231
116 222 0.22557833139326666
116 189 0.5883052450600188
116 192 0.27463653466767735
116 207 0.3094799885059476
116 210 -0.16476269213002026
116 213 0.49304451836112406
116 216 0.07317774420876977
117 120 0.4177573381414228
117 255 -0.6833040615006221
117 258 -0.5731007892032667
117 225 0.878043295305106
117 228 -0.7226511393359498
117 243 0.6801670195319596
117 246 -0.9013146480416105
117 249 0.9809221912893029
117 252 0.12481907876735887
118 119 -0.34703458829994016
118 183 -0.5314081479612975
118 186 0.21693415233304303
118 153 -0.595232157644852
118 156 -0.1049098823483594
118 171 0.8921146216743334
118 174 0.7187803553731693
118 177 -0.789006647428516
118 180 0.3715321739180284
119 120 0.14039301097982904
119 219 -0.6182852804639842
119 222 0.3583227620060143
119 189 -0.9414451895092859
119 192 -0.4036826740474426
119 207 -0.6628813315901316
119 210 -0.24476999022213297
119 213 0.8136281773418925
119 216 -0.4910309287843302
120 255 -0.6935261201181542
120 258 0.7991577323510897
120 225 -0.594512437095305
120 228 -0.1145437852499247
120 243 0.779134663411776
120 246 -0.5211447661990107
120 249 -0.2004489207390061
120 252 0.42580548616378455
121 122 -0.6450818291836902
121 124 0.5544037183635382
121 183 0.43182819706843234
121 186 -0.08451703671601396
121 189 0.15083847572986486
121 192 -0.6786125442249153
121 207 0.745271884632821
121 210 -0.28006126432565925
121 177 0.6143529760999145
121 180 -0.2998869591308986
122 123 0.3913936068834165
122 125 0.47835796073477943
122 219 -0.3961902887553208
122 222 0.2533311227673132
122 225 0.4188197856035689
122 228 -0.9397091879698003
122 243 0.5687531370093613
122 246 0.647335367095067
122 213 -0.0028645254789798624
122 216 -0.4345049372382739
123 126 0.18214407184180925
123 255 0.43641230820124677
123 258 0.4646084495109146
123 261 0.7715701666064947
123 264 0.07657157519373747
123 279 0.28071009939940295
123 282 0.5030530953861776
123 249 -0.5187794510328425
123 252 -0.21645704760956308
124 125 0.956756419281027
124 183 -0.24364960811797087
124 186 -0.7885756912770345
124 189 -0.14713035879935665
124 192 0.14549460802240044
124 207 0.7994642526565083
124 210 0.4462293738553029
124 177 -0.5458352878862318
124 180 -0.3166932958613353
125 126 0.3480414656047648
125 219 -0.9153285364297736
125 222 0.3196208516494712
125 225 -0.9665229114171279
125 228 0.41063971001369737
125 243 -0.3799610460848213
125 246 -0.579817927349664
125 213 0.7956153212692088
125 216 0.08764473361389724
126 255 0.8962694756132854
126 258 0.9641973440616016
126 261 -0.7963334392625889
126 264 -0.015503889413895466
126 279 -0.018424403174632786
126 282 0.25077549535975674
126 249 -0.3812598756610146
126 252 -0.6319862463725308
127 128 -0.30701687496163443
127 130 0.17121113452815795
127 207 -0.20474448477068674
127 210 0.6893128641308961
127 177 -0.736337059579826
127 180 -0.02200993931541917
128 129 -0.16893681993121468
128 131 0.9751015275136969
128 243 -0.4949555421522418
128 246 -0.7368668301401429
128 213 -0.5586054023383189
128 216 -0.08752631078584971
129 132 -0.4913636889773778
129 279 -0.031494889685832916
129 282 0.29921033837769007
129 249 0.9229830391085927
129 252 0.9047801715820312
130 131 0.16828439548469798
130 207 -0.5791561114360213
130 210 -0.6796731672736418
130 177 0.3949544953536166
130 180 0.2386912913110082
131 132 -0.7987230930609133
131 243 -0.4708284961298428
131 246 -0.6878541197437649
131 213 0.9555144314364914
131 216 0.3195631877442351
132 279 -0.5401303795834567
132 282 -0.25985371879973873
132 249 0.7812536153329503
132 252 0.3538326786158199
133 134 -0.11884060018455034
133 136 0.8465042616012117
133 171 -0.41610538911224326
133 174 0.6587823808916633
133 177 -0.6540132909042686
133 180 0.8258225615513053
134 135 0.23482848486995445
134 137 0.3245336092495279
134 207 0.7062701264726217
134 210 0.2028346265119032
134 213 0.535774768706307
134 216 0.5860347812548772
135 138 -0.6414152396938821
135 243 -0.9120322830536738
135 246 -0.6339607262594036
135 249 -0.8240784801764851
135 252 -0.2708503851768975
136 137 0.26647306194762255
136 171 0.22998281390623232
136 174 -0.25060600795937815
136 177 0.13658714679081396
136 180 0.7563712772605573
137 138 0.5321381219493346
137 207 -0.321409217571186
137 210 -0.8391912761964098
137 213 0.6471933789790745
137 216 -0.6573476180594975
138 243 0.3254971535976863
138 246 -0.9043148966936874
138 249 0.7089610391878209
138 252 -0.11026832775063888
151 152 0.8854575196608685
151 154 -0.11573143533206887
152 153 0.20028714512034007
152 155 -0.9936247218656444
153 156 0.37474929678187574
154 155 0.7827499837365364
155 156 0.6425480633761511
157 158 -0.7141082726221573
157 160 -0.4434716325221544
158 159 -0.7998342215354144
158 161 0.7241616183131967
159 162 0.6837663940258325
160 161 0.25419704482522465
161 162 0.9406430871173204
163 164 0.19842116274990218
163 166 -0.5129468537993611
164 165 0.01991252108805508
164 167 0.08338489065332721
165 168 0.28227759343506764
166 167 -0.5612932103062083
167 168 0.3614874945008215
169 170 -0.9925643019019554
169 172 0.12167482833420573
170 171 -0.5208998897789345
170 173 -0.8482155854016891
171 174 -0.6687984788165078
172 173 -0.9527402432028456
173 174 0.22513321572315714
175 176 -0.4990857587333559
175 178 -0.7222672744257972
176 177 0.5713376387721327
176 179 -0.9767352366081385
177 180 0.4150130313812448
178 179 -0.8181631966916247
179 180 0.4563925191112832
181 182 -0.9062788542847056
181 184 -0.6907622750933118
182 183 -0.8861838711253696
182 185 -0.7344562347888655
183 186 -0.5935996592373849
184 185 0.415794565771584
185 186 0.20512466096030124
187 188 -0.6061639339763523
187 190 0.8557787169198183
188 189 0.7729962167699718
188 191 -0.9083684270857104
189 192 -0.38767582402222533
190 191 -0.882228691070055
191 192 -0.4893264773411865
193 194 -0.04094396380966514
193 196 0.9649606729955551
194 195 -0.9932681195191204
194 197 -0.1849719106759673
195 198 -0.44174460968045515
196 197 -0.58579583610305
197 198 0.288407265366424
199 200 0.29891050749816506
199 202 0.5517225960414647
200 201 0.3492005588348088
200 203 -0.8968417555729882
201 204 0.4930823577948369
202 203 -0.0017068265134871918
203 204 -0.4471179780382395
205 206 0.7564793645573611
205 208 -0.2990048671369856
206 207 -0.8660914999887839
206 209 -0.8030604252390177
207 210 0.182468054929942
208 209 -0.8349128668265529
209 210 -0.551390872650805
211 212 0.7474218657465663
211 214 -0.9783968538597103
212 213 0.9028082607119272
212 215 0.2844193508080626
213 216 0.3330698844023041
214 215 -0.1408291582368999
215 216 0.8006931844698049
217 218 0.5064921441247967
217 220 0.8881760926499138
218 219 -0.8453444877921639
218 221 0.3610498169879608
219 222 0.7006237042785148
220 221 -0.20477340398622257
221 222 0.8588062206497242
223 224 0.486416035505699
223 226 0.30356238379328637
224 225 -0.4839607174192482
224 227 -0.00399199873708711
225 228 0.9884197549888731
226 227 0.5594312328590667
227 228 -0.8274381602494301
229 230 -0.27373756505904456
229 232 -0.3040252186026515
230 231 0.812629354961264
230 233 -0.6420291619042997
231 234 -0.6511560765782853
232 233 0.20327466817845297
233 234 0.7164040302041013
235 236 0.3933631380084466
235 238 -0.8441650206110118
236 237 -0.8689635145138157
236 239 -0.22649258481328904
237 240 -0.8488133862142107
238 239 -0.2283745021463799
239 240 -0.07573145046929253
241 242 -0.9612079150571793
241 244 0.6070785142188313
242 243 0.7187906523860867
242 245 0.21854096348879026
243 246 -0.004830680067944293
244 245 0.18787599400521326
245 246 -0.7981869957011378
247 248 0.2576441420434141
247 250 -0.580066778806964
248 249 -0.704442756669432
248 251 -0.4319475918685636
249 252 0.4003298972996021
250 251 0.27692976696181737
251 252 0.3315219699896077
253 254 -0.18320064584712314
253 256 -0.28968727778055725
254 255 0.277667551116771
254 257 0.583830731223727
255 258 0.3700880198740295
256 257 -0.12556244316203724
257 258 0.31748236928219375
259 260 0.1864638883205565
259 262 0.7537869592921838
260 261 -0.5708018953511282
260 263 -0.8463402498040296
261 264 0.6318578547659277
262 263 0.9342056621770529
263 264 0.27570154655024326
265 266 -0.9165581198155079
265 268 -0.9878096469828062
266 267 0.007180545376611613
266 269 0.4445064161967409
267 270 -0.4846621952727248
268 269 -0.07742935767264147
269 270 0.6430906794812195
271 272 0.848402378637803
271 274 0.8389295578127001
272 273 0.9631950435027343
272 275 -0.0857017152302244
273 276 0.49387376590417076
274 275 0.25127188119852883
275 276 0.26921671127868074
277 278 0.22953343285931838
277 280 -0.8022489274897602
278 279 -0.8444279672713688
278 281 0.8400063903423878
279 282 -0.046499845749684354
280 281 0.03981286867351441
281 282 0.559249209248605
