# 
7 7 -1.1834982504661857
8 8 -2.7929121664585264
9 9 1.3140457193483384
10 10 -0.18724618042495855
11 11 3.8121260143801
12 12 -3.3769278912464635
13 13 3.930281086040316
14 14 -3.069063864955849
15 15 -0.108295120967691
16 16 -3.8817597219605995
17 17 -3.752987115324082
18 18 -3.821785242594726
19 19 -1.5715476808695712
20 20 3.107975237831554
21 21 0.8993227638352419
22 22 3.0197015523748956
23 23 -0.8232999650870658
24 24 -3.8597073548257965
25 25 -0.06911451406897395
26 26 -1.9428260621394493
27 27 -3.5961854209258037
28 28 1.452083066182694
29 29 -0.9803506616986146
30 30 -2.740998575407633
31 31 -1.385907843526291
32 32 -0.8659607616612881
33 33 1.6806700002238903
34 34 -0.10207859382079043
35 35 1.4910950366579305
36 36 -1.9654222979906857
37 37 0.2999954642155158
38 38 2.9703934611448233
39 39 -0.3102195961149734
40 40 1.4183493402391552
41 41 -1.3887915060073155
42 42 -3.49540815652474
43 43 -2.4388231951537866
44 44 -3.9665222002765494
45 45 -0.2485619897847995
46 46 -1.9668388576884395
47 47 -2.30341588610076
48 48 -2.2002987174419637
49 49 -0.6593586229349659
50 50 -1.8051386579596311
51 51 -3.730301318873754
52 52 -0.045590627047293
53 53 -2.0877797872909136
54 54 2.25025604278237
55 55 1.3514336240466314
56 56 -2.445931954359173
57 57 1.7018064133857083
58 58 -2.437906937236119
59 59 -1.0747498063353973
60 60 -3.9349746954893394
61 61 3.1448598091549593
62 62 -0.10712488007114729
63 63 3.7639860858650547
64 64 -0.4327597781421293
65 65 -1.1334712193557248
66 66 -0.1354511298431449
67 67 1.4287875840446294
68 68 0.3762872809059159
69 69 -0.18657023017689855
70 70 -0.05393373734059104
71 71 -0.639380927673816
72 72 -2.6953688329657997
73 73 2.069057040735613
74 74 3.263867838088248
75 75 0.5122432146660687
76 76 2.494884712610234
77 77 -1.6853805076149646
78 78 -3.2126252030484865
79 79 2.189153484954196
80 80 -2.828961290687336
81 81 -1.6599461714796888
82 82 1.0055273179965152
83 83 -3.6773705762745754
84 84 3.0737793414483123
85 85 2.7326547677429582
86 86 0.9823169443704254
87 87 -0.051583658112156705
88 88 1.4482892396987017
89 89 0.05543543295886355
90 90 -1.872485667744435
91 91 -2.730720505220048
92 92 -2.5671847291793446
93 93 -2.515571084516508
94 94 2.2071217011082327
95 95 3.4412520297101254
96 96 1.8596889787151563
97 97 -1.3586191135271202
98 98 0.7798461143238731
99 99 -0.7392645295841538
100 100 -2.360174864832932
101 101 -1.245347007148391
102 102 3.9495676064526073
103 103 -1.7679255935164377
104 104 -0.0624066041741802
105 105 -2.6903654849112133
106 106 -2.598430646091911
107 107 -2.0555346693502203
108 108 -2.6185592697414046
109 109 -1.7190955464563418
110 110 -0.36898723903786745
111 111 1.0140761403674734
112 112 0.011675352517183768
113 113 3.5156517908631884
114 114 -0.6366870214827989
115 115 2.1881199722324114
116 116 -2.3284770017541483
117 117 2.1909667764336946
118 118 -2.509569298664803
119 119 2.153278183221194
120 120 3.1273842684440147
121 121 3.6846721873880863
122 122 -3.9282851230238887
123 123 0.1661826157503299
124 124 -0.6315463448704595
125 125 -1.3705779713417483
126 126 -3.0446951049392794
127 127 -0.8865836956832025
128 128 1.342529413576309
129 129 1.1192909063722034
130 130 1.84118071126571
131 131 -0.34577658212753715
132 132 -3.878612366770369
133 133 3.4624970932615184
134 134 2.038038397033257
135 135 0.6499415269392266
136 136 -2.969622382083408
137 137 0.8497579377313711
138 138 3.280549456714895
151 151 -3.336290736126453
152 152 0.4838791093068133
153 153 -3.968130005779889
154 154 2.124982900298969
155 155 -2.2011716750079273
156 156 -2.7371001922812903
157 157 1.6109585150584183
158 158 3.5358744956490957
159 159 -1.262282206753384
160 160 -2.199540156575158
161 161 2.466108420207843
162 162 -3.4595618944185746
163 163 -1.750161471665522
164 164 0.5168863576168636
165 165 -0.5297394937415154
166 166 -0.8953599095230436
167 167 -3.383507967688314
168 168 -2.879384002056651
169 169 3.326596108645215
170 170 0.29052453609769735
171 171 -2.411203848916255
172 172 -3.140648128703492
173 173 3.6523719596226636
174 174 -1.6949446640876866
175 175 -2.838910771437499
176 176 1.8661354570808228
177 177 3.0825205802235445
178 178 1.1681641212596885
179 179 -3.9432308648865684
180 180 -1.3102247952925161
181 181 -1.2375342781465415
182 182 -0.6450387784554419
183 183 -2.6428241314276875
184 184 0.7531174220152401
185 185 0.5944209037123489
186 186 -0.515130967433648
187 187 1.9585585707360487
188 188 1.1332373659694595
189 189 -3.675566573108169
190 190 1.874525447018394
191 191 -1.480267643746389
192 192 3.884052844166363
193 193 1.9802837490786667
194 194 -2.8257278631367573
195 195 2.0681447674935303
196 196 -0.6355367795077953
197 197 -3.9787555477640453
198 198 -2.661789819518419
199 199 0.8012960731219056
200 200 3.779830920545775
201 201 -0.6782597187064985
202 202 -1.9018784381884393
203 203 2.4110158437249423
204 204 1.214819301409717
205 205 -1.5795217826241563
206 206 -2.542399970932201
207 207 -2.803775052327193
208 208 0.3081723586573215
209 209 -2.517481131685938
210 210 1.898388682453838
211 211 -0.7859485040710483
212 212 1.9885910822315847
213 213 -2.37564381129396
214 214 -1.4389960005941296
215 215 0.6067957892241091
216 216 -1.976825628184641
217 217 -2.736382190828569
218 218 -1.8400228227791908
219 219 3.469191147947006
220 220 -3.474628702861266
221 221 2.82655180648442
222 222 0.5516973466001254
223 223 -1.3460339510870316
224 224 2.3059934213976696
225 225 3.7686943937322077
226 226 1.428072225162106
227 227 3.8689200929997414
228 228 3.812316044822425
229 229 0.40603963372075835
230 230 1.6549729273893785
231 231 2.2256014904563095
232 232 -3.3026847439832663
233 233 -0.5790383039781055
234 234 -0.23458762282866896
235 235 3.4259816217392096
236 236 0.3428225643796541
237 237 -3.7708001096007067
238 238 -0.9874068968494027
239 239 -0.6811941545003073
240 240 -0.27776737656539296
241 241 3.946594420369337
242 242 0.37691597381993436
243 243 -0.05484772337138377
244 244 -1.4379588683043494
245 245 3.5531716616660187
246 246 0.45663841119516047
247 247 3.2673129608596625
248 248 2.1345602772396086
249 249 0.05917617517338414
250 250 1.1587537643767183
251 251 -3.5883971352233823
252 252 -0.12264566564683399
253 253 -1.929050172241002
254 254 3.7477374550963685
255 255 -1.7614821642699967
256 256 -1.6090742491396286
257 257 -2.1598018317922785
258 258 -3.672799613326851
259 259 2.181623823049285
260 260 -2.2565767731648263
261 261 -0.0295272132781772
262 262 -1.920407800217414
263 263 1.7716443564785473
264 264 0.13139719379832826
265 265 -2.2536947108109686
266 266 2.541504643023586
267 267 2.37397874745166
268 268 1.2923898558321785
269 269 -0.6108642243232962
270 270 -2.6512600913240565
271 271 -1.8843794705517372
272 272 1.779052684341936
273 273 -1.4485202138539357
274 274 -3.86898747875375
275 275 -2.945980065877107
276 276 -3.6610292378107427
277 277 -1.171038478890055
278 278 -3.3209604689276704
279 279 1.2142452109849762
280 280 2.4028055491600444
281 281 -1.436515734392911
282 282 2.470903876807096
7 8 0.7914640820931687
7 10 -0.7558422117927615
7 157 -0.93471247080624
7 160 0.5290177770678601
7 163 -0.9583758863342569
7 166 0.8998443775787712
8 9 -0.10530376033556355
8 11 -0.7595808183164203
8 193 -0.8686568958396323
8 196 0.17685022950528073
8 199 -0.558196025497846
8 202 0.8876998287940996
9 12 -0.1097542123224855
9 229 -0.7508147983444509
9 232 -0.9732442330541666
9 235 0.663342006006699
9 238 -0.8842369674280002
10 11 -0.6962775189127692
10 157 0.9277539252007154
10 160 0.9618050452048994
10 163 -0.36580208128381164
10 166 0.10065410713981215
11 12 0.6568920038502504
11 193 -0.015121420340437508
11 196 0.38836826537357694
11 199 0.1454942301261417
11 202 0.9289650349644323
12 229 0.5082030765727101
12 232 0.9444747588351272
12 235 0.34368832841979824
12 238 0.7760745289254587
13 14 -0.7896756056597825
13 16 -0.9056965382372002
13 193 0.8540543444500284
13 196 -0.7079010165671833
13 199 -0.9525164192893456
13 202 -0.7437104446265457
14 15 -0.14870189796212707
14 17 -0.8395798350663852
14 229 -0.9051642822507746
14 232 -0.16455801512059143
14 235 -0.4603514917402389
14 238 -0.6563281570102593
15 18 0.24540867279152923
15 265 0.8676388575907319
15 268 0.56709773126902
15 271 0.10459265224121461
15 274 -0.3751316828921363
16 17 0.48832520039360827
16 193 0.36836861606093674
16 196 0.2557567397502354
16 199 0.2736315674395138
16 202 0.346070059988985
17 18 0.6587415967132595
17 229 -0.07249433956978879
17 232 0.3328276124240832
17 235 0.5173000788208941
17 238 0.027242528929066312
18 265 -0.19379102670692894
18 268 0.08425176170983373
18 271 0.6841656444595425
18 274 -0.9006905101875418
19 20 0.9286562260479052
19 22 0.24370681326898813
19 181 -0.5370793854164799
19 184 0.9050664870907275
19 187 -0.1342991161182785
19 190 0.767872470942704
19 193 -0.422893220729746
19 196 0.7220933925545681
19 199 -0.7894360356327796
19 202 -0.6081808178485726
20 21 0.6815367690322669
20 23 0.940601005270634
20 217 -0.2939158683152894
20 220 0.13002832287255872
20 223 0.12727196844811606
20 226 -0.798002033024344
20 229 0.3481980387071595
20 232 -0.21009679732687658
20 235 -0.3829364837957314
20 238 -0.3984322469763837
21 24 -0.27705063868396396
21 253 0.279637563030958
21 256 0.9670556769981855
21 259 0.961850566352815
21 262 -0.62867648804525
21 265 0.38021116967001745
21 268 -0.9035377497142876
21 271 -0.9147678914311919
21 274 -0.19744337509512677
22 23 -0.8407331060090055
22 181 0.7479043262363312
22 184 -0.7193256793784719
22 187 -0.8488183693762283
22 190 -0.40391942210222487
22 193 -0.35474998610672737
22 196 -0.525538436367303
22 199 0.8495937193861187
22 202 -0.9242471473996425
23 24 0.20947276007806748
23 217 0.2501482671876152
23 220 0.40729294423524665
23 223 0.23936976536207477
23 226 -0.1485148878404703
23 229 -0.6671453170308641
23 232 0.5310600179839602
23 235 0.850288601797764
23 238 -0.8013654457782293
24 253 0.596931290615927
24 256 -0.7335448368685564
24 259 0.14249465461521194
24 262 0.8022417223314804
24 265 -0.9716561770386771
24 268 -0.3927100793180187
24 271 0.19979264434495803
24 274 -0.9609629753269633
25 26 0.1878384999082423
25 28 0.25293065471981735
25 181 0.15684106729017389
25 184 0.9096718061679878
25 187 -0.7363186322029314
25 190 0.5152202945933022
25 193 -0.03255941434682552
25 196 0.09071860795309639
25 163 -0.5405596857108113
25 166 0.7896532035451305
26 27 0.6480262641701762
26 29 -0.17090812180874493
26 217 -0.6983475916036357
26 220 0.17463102164395905
26 223 -0.9546624484090505
26 226 0.6713763544425118
26 229 0.6955065826715348
26 232 -0.8936688931465935
26 199 -0.3838656194885488
26 202 -0.021865313141289366
27 30 0.4529645024914659
27 253 0.5410409022105387
27 256 -0.69684126312569
27 259 0.45606179373304734
27 262 0.9622269933680103
27 265 0.3414869668181648
27 268 -0.2970131812424903
27 235 0.15529444084791666
27 238 -0.049281630596407666
28 29 -0.26890291994851157
28 181 0.5133196346610394
28 184 -0.75880674322376
28 187 -0.4933427825056478
28 190 0.07223648335307731
28 193 -0.9812447984794861
28 196 0.8319776898420201
28 163 0.38625514816111384
28 166 0.22548499445693104
29 30 0.8601563783102764
29 217 0.8619134136300506
29 220 -0.32538194038166957
29 223 -0.2171094567199674
29 226 -0.3204109479403958
29 229 -0.6446666375444794
29 232 0.06563265637345861
29 199 0.8863647895214992
29 202 -0.7867213539662952
30 253 -0.2364038235932302
30 256 0.016869999672863845
30 259 -0.548023189218404
30 262 0.25987573659468444
30 265 -0.9401880448617987
30 268 -0.7431140010698463
30 235 0.04599315455223718
30 238 0.4867831259394244
31 32 -0.354974918469277
31 34 -0.22838322222553065
31 181 0.37119968060185227
31 184 0.896487156541325
31 187 -0.953573989623228
31 190 -0.8037587234568122
31 193 0.275529591826003
31 196 -0.4351293673734933
31 163 -0.03935895897373709
31 166 0.8720766069618837
31 169 0.47673159134863163
31 172 0.2876419834066062
31 175 -0.27408182073329024
31 178 0.962319038816718
32 33 -0.5639268721222288
32 35 -0.9205994158181443
32 217 -0.28977776854144843
32 220 -0.8148963647481073
32 223 -0.9328368686948165
32 226 -0.6689002494950478
32 229 0.8803579131496588
32 232 -0.4133722356672307
32 199 -0.6101586302808084
32 202 -0.21234236339707668
32 205 0.7988658161784934
32 208 -0.07379796483355583
32 211 0.4448611909021538
32 214 0.6714259160653779
33 36 0.36702964414342776
33 253 -0.5129018933780622
33 256 0.7437908426527173
33 259 0.22099169298421595
33 262 -0.7744934026367327
33 265 -0.771519092833614
33 268 0.4892080706215036
33 235 -0.5205403740840338
33 238 -0.6086770597002689
33 241 -0.9333498701483907
33 244 0.2339845104330318
33 247 0.7224053270261235
33 250 -0.5358393936341848
34 35 0.16322387572260566
34 181 0.42539078276110365
34 184 0.7661692151327566
34 187 -0.1298671884528364
34 190 0.3457628188702355
34 193 -0.9712110034074759
34 196 -0.7500973903229888
34 163 0.676162552476893
34 166 -0.634027886772244
34 169 0.6597168562493056
34 172 0.3970537201924238
34 175 0.8475118261745107
34 178 0.6063332921432523
35 36 0.31584829471244213
35 217 0.374724044302565
35 220 -0.09118050382248666
35 223 0.9156081702636789
35 226 -0.021514367346969765
35 229 -0.7901628598060781
35 232 -0.3277087578352622
35 199 -0.3890572576081315
35 202 0.6954889448227966
35 205 -0.5610126908746955
35 208 0.82598688512781
35 211 0.3884728197686007
35 214 0.24293384457126987
36 253 -0.3258342440715001
36 256 -0.4476919152975076
36 259 0.48894455752188426
36 262 -0.05382260544271955
36 265 0.7324732720869918
36 268 0.3685051322987214
36 235 -0.23391495565978637
36 238 -0.29875288770415964
36 241 -0.03092319175364011
36 244 0.5674201271447785
36 247 0.701137894514378
36 250 0.9904117912294563
37 38 0.8448672848758172
37 40 -0.7254310120058289
37 181 -0.6886688641817451
37 184 -0.5231509421136546
37 151 -0.7656368629256112
37 154 -0.7600559215306026
37 157 0.28148143312034457
37 160 0.7832145704734157
37 163 -0.9743112762551946
37 166 -0.5551835783886605
37 169 0.9257358638289008
37 172 0.6524966113404262
37 175 0.7361878949176655
37 178 -0.9872356931653086
38 39 0.6441792721270359
38 41 0.2358529818664612
38 217 0.24763288914350667
38 220 -0.38713585379493787
38 187 0.404050352750549
38 190 0.32867205251820475
38 193 0.37663667965415026
38 196 -0.8634018786664557
38 199 0.9996340073908241
38 202 -0.3904407845259219
38 205 0.005401675496862657
38 208 -0.2325607924387183
38 211 0.1558025187732044
38 214 -0.7042516263669587
39 42 0.5020875965631675
39 253 0.6934315438157903
39 256 0.6147389422739684
39 223 -0.41433611583390095
39 226 -0.10282610248850821
39 229 0.8481641819579475
39 232 0.21818898827036026
39 235 0.8325727592033949
39 238 0.9680265459040691
39 241 0.34779426084332443
39 244 -0.31497418074509786
39 247 0.9423024087353422
39 250 -0.6418429053327057
40 41 -0.026245039388822722
40 181 -0.8023768745943585
40 184 -0.3896668313460545
40 151 0.06075757369589696
40 154 -0.3934223510901298
40 157 -0.9859579042885731
40 160 -0.5652156757194011
40 163 0.7760706029387219
40 166 -0.1300202735239282
40 169 -0.4021486419304705
40 172 0.5412182399484473
40 175 0.5050922282170851
40 178 -0.22846687698224866
41 42 0.9393421701518212
41 217 0.8980144933318792
41 220 0.14380467166779165
41 187 0.045461480462653414
41 190 -0.2508510357390461
41 193 -0.7290422605508422
41 196 -0.6919787571267482
41 199 0.5181553010433515
41 202 0.5517179630210669
41 205 0.9796737847955854
41 208 0.6144978949257787
41 211 -0.4147211186016393
41 214 0.11890024348006634
42 253 0.3364982676778465
42 256 -0.5163302973387756
42 223 0.10398973448530358
42 226 0.33636624705638773
42 229 -0.43497504789007135
42 232 0.5696296909464209
42 235 -0.6330536354326444
42 238 -0.7949025301189401
42 241 0.31837205257512036
42 244 0.12428272706039212
42 247 -0.1014700953305614
42 250 -0.48782355724224624
43 44 -0.7025463128755101
43 46 -0.7259912447046
43 181 -0.6818735335143649
43 184 0.7764204371778574
43 151 -0.9377621277455199
43 154 0.07058188318402303
43 158 -0.6691407942871954
43 161 0.014602387986764054
43 164 -0.9375338068171597
43 167 0.7391300618711316
43 169 -0.9680592648675908
43 172 -0.4439477462436099
43 175 -0.08552061283580858
43 178 -0.6753582981130988
44 45 0.30521174793910055
44 47 0.7796602629938743
44 217 -0.5330206414935401
44 220 0.6244868601326872
44 187 0.9690663404635467
44 190 0.7977506784064856
44 194 -0.544931926965875
44 197 0.31566665489242096
44 200 -0.7459951068434114
44 203 -0.9021319284623401
44 205 -0.7787428891757415
44 208 -0.9893192972668685
44 211 -0.4630039255781824
44 214 0.9434942127893602
45 48 0.6674147200433018
45 253 -0.9956821753873542
45 256 -0.08243192684005751
45 223 0.40627308264782247
45 226 -0.45470655540767924
45 230 0.8606658115313501
45 233 -0.2707851979838998
45 236 -0.8296043585199795
45 239 -0.25364934442593134
45 241 0.5077560144134057
45 244 0.603051143659699
45 247 0.15396816454044937
45 250 0.3481363079303701
46 47 0.9070234813925016
46 181 -0.9098686752766099
46 184 0.2754342442772426
46 151 -0.05122843657915599
46 154 -0.2702727040152251
46 158 -0.8348936776930951
46 161 -0.6424039801827335
46 164 0.2118776696102571
46 167 0.45929245850722467
46 169 0.8530789443414108
46 172 0.2876721419909911
46 175 -0.6214113087746722
46 178 -0.6277287102858422
47 48 0.1846856501993266
47 217 -0.8659814658992768
47 220 0.11214949888869685
47 187 -0.4178649158037373
47 190 0.7212987907030814
47 194 -0.851831855746948
47 197 -0.2183228314210195
47 200 -0.10273035738256686
47 203 0.4396537245866996
47 205 0.7399512982308307
47 208 -0.05471075342974907
47 211 -0.3536270446135912
47 214 0.34431830047547796
48 253 -0.026850658086218893
48 256 -0.24033375757138886
48 223 -0.11737338472142955
48 226 -0.24588858524381974
48 230 -0.7817250733823808
48 233 -0.2907876700201648
48 236 0.20046921072726231
48 239 0.5103659792917714
48 241 -0.3907675349505648
48 244 0.8420072793257793
48 247 -0.9427444068915369
48 250 -0.8186870697542414
49 50 -0.04604465502753863
49 52 -0.8344746485776491
49 181 -0.03591641962279302
49 184 -0.7920039681211721
49 187 -0.34043518355295443
49 190 0.1817254218089419
49 194 0.1958581013120697
49 197 -0.09132807982538038
49 200 0.8316137559898711
49 203 0.186402055607775
49 205 0.23033454127813302
49 208 -0.4772024195801279
49 175 0.12926111376305793
49 178 -0.16112019992550697
50 51 -0.19512555361151906
50 53 0.2104122809294462
50 217 -0.43696271817765786
50 220 -0.6059837070530787
50 223 -0.12663270924802061
50 226 0.3121538617239099
50 230 0.9598472553273387
50 233 -0.3120539890045222
50 236 0.5064110120017005
50 239 -0.11865367891746348
50 241 0.3210637649222212
50 244 -0.6009480140916745
50 211 -0.7051869412580987
50 214 0.8569600607882752
51 54 -0.04911684408322925
51 253 -0.4097698600830162
51 256 -0.8244129059228305
51 259 0.6464003559386966
51 262 0.7169649973339065
51 266 0.965064227629558
51 269 -0.3161869434299154
51 272 0.37276035661522866
51 275 -0.23598875768903116
51 277 0.18838393582442547
51 280 -0.5655245645424556
51 247 0.5537356968491256
51 250 -0.7560422390907919
52 53 -0.23872584321595403
52 181 -0.2576343057981847
52 184 0.7596377832316767
52 187 -0.21401531391420736
52 190 0.7821354313939608
52 194 0.026690599112279667
52 197 -0.1296232248509459
52 200 -0.4480838839182113
52 203 -0.8887636308846962
52 205 -0.06953349083945248
52 208 -0.3952017125586129
52 175 -0.3652889041829277
52 178 0.5884217154947038
53 54 -0.7054092258575402
53 217 0.9364919189516661
53 220 0.6913869361426443
53 223 -0.5019990878514766
53 226 0.2752573952803754
53 230 0.3933261646251214
53 233 -0.42818137349453633
53 236 -0.27254079205243364
53 239 -0.29808467119248716
53 241 0.19127372466771697
53 244 0.5618284133615694
53 211 0.7399471203098387
53 214 0.6443705333192191
54 253 -0.03024136423416368
54 256 -0.5322369502321804
54 259 -0.9650701835010285
54 262 -0.13373003441985598
54 266 0.6668550344139799
54 269 0.8232317451647106
54 272 0.46894111798604476
54 275 0.973049913109078
54 277 -0.37574185408083927
54 280 0.6934629353454524
54 247 -0.0001626575065887259
54 250 0.8181030819083435
55 56 0.2177430177753923
55 58 -0.11634712214501008
55 182 0.5697441496935882
55 185 0.42400950852607555
55 188 0.8749526721506931
55 191 -0.7016819623851123
55 194 -0.4396269626930842
55 197 -0.37814427212825663
55 200 -0.5189522959473172
55 203 -0.12282912945837876
55 205 0.06404186967298875
55 208 -0.6552422350541678
55 175 0.5699525003499919
55 178 -0.8557843918217198
56 57 0.7140376867120601
56 59 -0.6238729943394747
56 218 -0.4825834939658682
56 221 -0.8725226588631165
56 224 -0.7600018059837945
56 227 -0.7540832902279899
56 230 0.15883968877814136
56 233 -0.6285167520025918
56 236 -0.4110996501542368
56 239 0.15105420504168654
56 241 0.1312626992676742
56 244 0.28763814453082315
56 211 -0.7249705387794216
56 214 -0.9135986585211284
57 60 -0.8962838118946848
57 254 -0.3274507962071549
57 257 0.026099123856247575
57 260 -0.6538571870524756
57 263 0.22951034082708
57 266 0.59340604044715
57 269 -0.20877713398129472
57 272 0.5579410854062867
57 275 -0.7235065605166837
57 277 -0.4895124616356932
57 280 -0.3896050478066144
57 247 -0.9851954160277328
57 250 -0.3739085460213576
58 59 0.5272655391467338
58 182 0.37787095856650343
58 185 0.5636113344432161
58 188 -0.29381381892927383
58 191 -0.18785781242917698
58 194 0.8435822044948564
58 197 -0.24594229863644346
58 200 0.3797998031392955
58 203 0.568505937859431
58 205 -0.8160307291763382
58 208 0.5347558552607983
58 175 0.36191051228439286
58 178 0.7175706011874561
59 60 0.8892498537922846
59 218 -0.4943727031653913
59 221 0.2332314039274639
59 224 0.19248093384867837
59 227 0.1589146863720765
59 230 0.9203072305772619
59 233 0.5376167603263682
59 236 0.5290382468238835
59 239 -0.7862669694924214
59 241 -0.7305284000033965
59 244 -0.06754384587106643
59 211 -0.5303782214856676
59 214 0.45662030441794865
60 254 0.6493814453635225
60 257 -0.2192909115169237
60 260 0.37151588742274333
60 263 0.9504640593634999
60 266 0.04714335040287221
60 269 0.770924825410999
60 272 0.11183573303342387
60 275 0.9167739674339408
60 277 -0.519862355902881
60 280 0.3594301650447078
60 247 -0.08579178750071326
60 250 0.5244054740369382
61 62 0.02309809583691047
61 64 0.4812821734625914
61 182 0.6612295161062873
61 185 0.11289716274492867
61 188 0.1791613627820603
61 191 -0.48030680269336634
61 194 -0.5941595235930861
61 197 -0.3966053744936393
61 164 -0.22279859645892874
61 167 0.8601176064273066
61 169 -0.46337427409317344
61 172 0.43121893577617154
61 175 -0.17023490108368078
61 178 -0.09357646660074792
62 63 0.5535744735820078
62 65 -0.41825390325874
62 218 0.610263659745744
62 221 0.3550464191082878
62 224 -0.9034258229453469
62 227 -0.5350292130105723
62 230 0.4791006062470424
62 233 0.13165802753525457
62 200 -0.9022570085518178
62 203 -0.9300985835609432
62 205 -0.9096630562188535
62 208 -0.1393670161793754
62 211 0.771527288775619
62 214 0.6492998573682425
63 66 -0.08170229087613312
63 254 -0.0723093659152807
63 257 -0.7968119276416121
63 260 0.24442064405631125
63 263 0.9721678775500491
63 266 0.6757265084118
63 269 -0.81957530661975
63 236 0.2335843141129208
63 239 0.5333150727093192
63 241 -0.958279693658372
63 244 0.6795324756981367
63 247 -0.6729902383468429
63 250 -0.08018149926584472
64 65 0.5952020839813956
64 182 0.7024676900822817
64 185 0.25064518248318923
64 188 -0.11013846585242959
64 191 -0.39272416864751314
64 194 -0.9831277832844723
64 197 0.876539673700339
64 164 0.3475598383180898
64 167 -0.08424681362642694
64 169 -0.1080232556311338
64 172 0.319023753739359
64 175 0.5987066371521079
64 178 0.024052339480290286
65 66 -0.006596448951488476
65 218 -0.7163697706977306
65 221 0.7555576903943675
65 224 0.8949307039672423
65 227 -0.11258456639286152
65 230 0.6518556500942951
65 233 0.5818576764195136
65 200 -0.6032667488279433
65 203 0.48683703865419714
65 205 0.7586552430347668
65 208 -0.9341711014549123
65 211 -0.7560788254401942
65 214 0.41356958298767355
66 254 0.08169672999479727
66 257 0.5858337765538668
66 260 -0.9265894039030369
66 263 0.39915886085576635
66 266 -0.9274913022288687
66 269 0.6641160430102766
66 236 -0.10207765792793344
66 239 0.12154995277476321
66 241 0.6999789238876559
66 244 -0.9216480443973658
66 247 0.5410970838871085
66 250 0.8905753409656538
67 68 -0.8172998877808555
67 70 0.03575154269071823
67 182 -0.4419343921677368
67 185 -0.8461775008835317
67 188 -0.08062084340395415
67 191 0.09492289324431535
67 194 -0.7288622095395914
67 197 0.4017951898401819
67 164 0.989370149374946
67 167 -0.38731492476050366
67 170 -0.5096331062803963
67 173 -0.970921587745766
67 176 -0.46385145931811955
67 179 -0.9012532658618446
68 69 -0.9233010676796027
68 71 0.7348493615991105
68 218 0.9693629617502018
68 221 0.8491359043471027
68 224 -0.4640651985032571
68 227 -0.5499607085620084
68 230 0.0983642349155136
68 233 0.8661289230396936
68 200 -0.07326371117697605
68 203 -0.6978475303156655
68 206 0.5225126162167888
68 209 0.5309040824968456
68 212 -0.07663049597472216
68 215 0.5036458368856356
69 72 0.977707087701257
69 254 -0.9571038150234847
69 257 -0.6539805617440124
69 260 -0.059880358595066685
69 263 -0.44617163453913666
69 266 -0.10629147686294549
69 269 0.14434326367719574
69 236 -0.4100605292218389
69 239 0.13351292963520112
69 242 0.3485526831098811
69 245 -0.6310404237892413
69 248 -0.5709766734789528
69 251 0.09416308969273324
70 71 -0.53923082932312
70 182 -0.47146570923815245
70 185 0.47698498156839597
70 188 -0.24043355854769177
70 191 0.42119199950882225
70 194 0.888520380921008
70 197 -0.3352323188400297
70 164 0.2530805154477296
70 167 -0.3204109259292913
70 170 -0.37714585488906693
70 173 -0.5802720274660877
70 176 -0.39663037557611935
70 179 -0.9454137176724591
71 72 0.33525090766595667
71 218 -0.3563165717959802
71 221 0.10430908544528172
71 224 -0.24808466473712332
71 227 0.30876002968062455
71 230 0.6117680133692285
71 233 -0.3427032858660606
71 200 0.19598624631281725
71 203 -0.7174828231089405
71 206 0.41374509622561884
71 209 0.3372281351010611
71 212 0.5601797452408244
71 215 0.32478809144985177
72 254 -0.5926573266744579
72 257 -0.9048256992923271
72 260 -0.525966776237774
72 263 -0.208299358321115
72 266 -0.8155147052656522
72 269 -0.17552967149939125
72 236 -0.5889991841219637
72 239 0.18883100982176915
72 242 0.5481921628914688
72 245 0.3638073263937589
72 248 0.011543218381561138
72 251 0.6828034858726437
73 74 0.5649981670759165
73 76 0.8775957531956513
73 182 0.5732748662765157
73 185 0.7696761539809838
73 152 -0.4674867963422116
73 155 0.4824771959508143
73 158 0.22727817049917465
73 161 0.7649553756250356
73 164 0.04026698306478238
73 167 -0.6165071741588921
73 170 0.01220458184558848
73 173 -0.29252247079216853
73 176 -0.28428432032445805
73 179 -0.7959772756333183
74 75 -0.48243853872787823
74 77 0.6862521985993617
74 218 -0.7851504759672574
74 221 -0.02774027988336969
74 188 -0.5719598463844688
74 191 0.06110613460527614
74 194 -0.23593096855508744
74 197 0.2857302767578329
74 200 -0.2484799022421571
74 203 0.8752074933680603
74 206 0.1276598076238995
74 209 -0.14481534849329059
74 212 -0.7125483317618084
74 215 -0.9542174508363779
75 78 0.4425534809646081
75 254 -0.8346870067137777
75 257 0.15801942477460984
75 224 -0.3075167711499678
75 227 -0.36480555556307936
75 230 -0.8030837351169335
75 233 -0.06666382741305932
75 236 0.13399260370110944
75 239 0.11939030168189357
75 242 -0.47802453203314865
75 245 0.8155854394130757
75 248 -0.6246159165225262
75 251 -0.3058814381738675
76 77 -0.0792504423904643
76 182 0.1753450251496511
76 185 0.1232382997070145
76 152 -0.8718408226927787
76 155 -0.8305723872889179
76 158 0.42572541245658635
76 161 0.3584440897624199
76 164 -0.7742267494096127
76 167 -0.05070915427483058
76 170 0.07525586009371099
76 173 -0.22775545021166343
76 176 -0.37915285031147183
76 179 0.6728539638725626
77 78 -0.9077676517585731
77 218 0.9421942240869541
77 221 -0.6649640651594555
77 188 0.1941919400350276
77 191 0.5185927290675492
77 194 0.7072464700096177
77 197 -0.3096508241567062
77 200 -0.883185293092805
77 203 0.7169710399389333
77 206 0.986391294018701
77 209 0.4991887470811165
77 212 -0.05278911483972326
77 215 0.8948782439650227
78 254 -0.5056912913820739
78 257 0.3716016720798614
78 224 0.5161990935115133
78 227 0.040125702176583955
78 230 -0.6872676769423358
78 233 0.7633270852724217
78 236 -0.661422582534803
78 239 0.6580825857531862
78 242 -0.3776776843945908
78 245 0.8557575137508053
78 248 0.5327932910005155
78 251 0.09342782941103356
79 80 0.9699745713890633
79 82 -0.6421797196223666
79 182 0.9221671578237445
79 185 -0.43477877010648447
79 152 0.15986861434141741
79 155 0.5391303357087496
79 159 -0.4826292246972921
79 162 -0.7155075377768878
79 165 -0.2909966410087308
79 168 -0.4679620943765601
79 170 0.6780213311162901
79 173 0.13359970183846848
79 176 -0.4685702956702358
79 179 -0.191249336852374
80 81 0.07522703375821571
80 83 -0.8148387301059503
80 218 0.3467019991083762
80 221 -0.18620243611945742
80 188 0.8760163155082683
80 191 0.9874315969993073
80 195 -0.5205778761897148
80 198 0.18275367009529786
80 201 0.8613229428885818
80 204 0.8868713507135735
80 206 -0.6927724428290243
80 209 0.8392831900615119
80 212 0.539797137300291
80 215 0.8266618836190807
81 84 0.051295703634840484
81 254 0.596762875951605
81 257 -0.28924266913961527
81 224 -0.5862971872664471
81 227 0.08330064748450083
81 231 -0.9644237222125427
81 234 0.18936591603996145
81 237 -0.4857551410415717
81 240 0.663345730432338
81 242 -0.8997689904458546
81 245 0.01684896999195118
81 248 -0.5804687462582103
81 251 -0.6437314904084659
82 83 -0.08445455601699714
82 182 0.7952771181934875
82 185 -0.27889705340200455
82 152 0.17509072575077234
82 155 0.8981951858739137
82 159 -0.8359710218266132
82 162 0.3031187220136462
82 165 -0.11189762845586126
82 168 0.07402484663542497
82 170 -0.1216305404428295
82 173 -0.1205093807291111
82 176 -0.5604832495681737
82 179 -0.4286352722286504
83 84 -0.03647474213735591
83 218 -0.6034533291165751
83 221 0.9121168485592122
83 188 -0.4862933844689432
83 191 -0.6208906103516654
83 195 0.07220597686061136
83 198 -0.8975425689401839
83 201 0.02337321881420995
83 204 -0.6768686825826327
83 206 -0.8112242834947032
83 209 -0.7613498749631189
83 212 -0.7002775067628269
83 215 -0.9104230744410922
84 254 0.4410219862449871
84 257 -0.6291096405307843
84 224 0.5510357049067296
84 227 0.1180352013615582
84 231 0.4219190101792367
84 234 0.7326717498991726
84 237 -0.5647141896509389
84 240 0.5425250481499093
84 242 0.7647892237879903
84 245 -0.6870694953040422
84 248 -0.8833827328551771
84 251 0.8142793033394744
85 86 0.8473679104259921
85 88 -0.6720019199278209
85 182 -0.46141062958451373
85 185 0.9412939362400647
85 188 -0.6881181273297279
85 191 0.9176274613379438
85 195 -0.7436108044411467
85 198 -0.9283470861806484
85 201 -0.5051520243900163
85 204 -0.42046881614428444
85 206 -0.653455580851471
85 209 0.2101740971994559
85 176 0.43553784459622347
85 179 -0.8928797580670949
86 87 -0.20085101134990313
86 89 0.09676138115009825
86 218 -0.6010121152666672
86 221 0.8578017665254307
86 224 0.2274365783748613
86 227 0.3382018805560032
86 231 -0.6042335313168339
86 234 -0.0249929153445827
86 237 0.8633235111618125
86 240 -0.780321913080638
86 242 -0.9378490632528413
86 245 0.4384671155469344
86 212 0.4987469278331218
86 215 -0.9418697057307723
87 90 -0.4409644007422939
87 254 0.31413290310228725
87 257 -0.004920143361752949
87 260 0.09756423900320521
87 263 -0.3552997960777846
87 267 -0.6985650183546483
87 270 -0.9493045155464892
87 273 -0.8128474778323476
87 276 -0.18321896965251105
87 278 0.7582538440227284
87 281 0.7087648530832715
87 248 -0.05016782979022838
87 251 0.12096518494463204
88 89 0.5362311849344386
88 182 -0.9075501664362111
88 185 0.541014316292519
88 188 -0.4911897481111047
88 191 -0.16325371872149352
88 195 -0.3677005175450829
88 198 -0.9376296786762288
88 201 0.36747669619447354
88 204 0.07846541679479513
88 206 -0.1206992129216089
88 209 -0.1105000793407045
88 176 0.2754419073843646
88 179 -0.009191115026115693
89 90 0.5918321818688073
89 218 0.6933814279177581
89 221 0.6699940747601383
89 224 0.6186358633179674
89 227 -0.99470583356572
89 231 -0.5906831615028534
89 234 0.7943984497170635
89 237 -0.006042824753020204
89 240 -0.8245978644259746
89 242 0.18084788417365205
89 245 0.5615066161529425
89 212 0.953228116659504
89 215 -0.681806026966713
90 254 0.1450722391657726
90 257 0.01070885285001233
90 260 -0.6593750034459931
90 263 0.08502355103685999
90 267 0.434351854837818
90 270 0.1837303419613252
90 273 -0.5639651783855997
90 276 -0.6400625435304976
90 278 0.7139064225253975
90 281 -0.6580406056198094
90 248 0.09183021698213323
90 251 -0.48351563156813615
91 92 -0.06610669062787378
91 94 -0.7246378511637204
91 183 -0.89592563896065
91 186 0.7871541735757943
91 189 0.9526124127485458
91 192 -0.24443429849817422
91 195 -0.828558101442318
91 198 -0.09309055907346675
91 201 -0.9176989143489389
91 204 0.7599390659048202
91 206 0.010401620436739645
91 209 -0.6805652744692778
91 176 0.06599970629784147
91 179 -0.662056295396807
92 93 0.49031940472963154
92 95 -0.7804312202531416
92 219 0.15793025033834396
92 222 -0.7208341783731267
92 225 -0.838005036174591
92 228 -0.8548197393845067
92 231 -0.35815811930542707
92 234 0.22042323620006332
92 237 0.17105892168961145
92 240 0.332659411519012
92 242 -0.015465461938443115
92 245 0.3245261617671533
92 212 0.7835342623725403
92 215 -0.3832530599271844
93 96 0.1500679001157672
93 255 -0.4004097312253998
93 258 -0.9541863031808946
93 261 -0.48806041980765213
93 264 0.5001329029901929
93 267 0.570257665754498
93 270 0.5464163488550471
93 273 0.41311429735424565
93 276 0.7843850910487513
93 278 -0.3838601024821806
93 281 0.6187392050050731
93 248 0.5948598657628543
93 251 -0.33629334411023093
94 95 -0.8370729130468848
94 183 -0.41421252615867177
94 186 -0.8426767955402317
94 189 -0.9086956834006221
94 192 0.6430940316560838
94 195 -0.2255539405374014
94 198 -0.5155502764190207
94 201 -0.6833035918469923
94 204 0.6008479659890407
94 206 -0.5569324294652838
94 209 0.3611152609441015
94 176 -0.9469242062010179
94 179 0.584234379501211
95 96 -0.5328091825440902
95 219 0.25680252151419225
95 222 -0.4265903699157889
95 225 -0.10261262005832217
95 228 -0.3784682906960013
95 231 -0.7079828392170042
95 234 -0.9996626129105961
95 237 -0.5193902942993383
95 240 0.44035798993973585
95 242 0.8384217261435307
95 245 0.8977223714375298
95 212 0.43842619458040266
95 215 0.7929405711462914
96 255 -0.3849203176582101
96 258 -0.3650063113224047
96 261 -0.18585964615018913
96 264 -0.7638744732902027
96 267 -0.5039027412597346
96 270 -0.6336346222348817
96 273 -0.09390030943049665
96 276 0.28093244384503047
96 278 0.407204083971493
96 281 0.06568237102367913
96 248 -0.5652589889779782
96 251 0.4314710679760776
97 98 -0.3964693549440177
97 100 -0.626821002187437
97 183 -0.11735151320247472
97 186 -0.43610316576619024
97 189 -0.689800717788712
97 192 -0.33964762190163333
97 195 -0.11784945166040783
97 198 -0.5883966242249823
97 165 -0.7724739791179127
97 168 -0.6047758984411571
97 170 0.346548103457784
97 173 -0.08719073762976559
97 176 -0.30206975952161796
97 179 0.5273138714687415
98 99 0.5418804727937896
98 101 -0.29309555813934907
98 219 0.7149397813120915
98 222 -0.9032143239843113
98 225 0.6701639187288067
98 228 -0.7817094936392961
98 231 0.4474392785852932
98 234 0.07784190620493625
98 201 0.2644182949103109
98 204 0.6999069013110131
98 206 0.06108824658994516
98 209 0.16343084286147413
98 212 -0.17538269176073196
98 215 0.6944829683809943
99 102 0.735736708846982
99 255 0.9412358146186743
99 258 -0.4610551174012083
99 261 -0.7549688070440403
99 264 -0.2679325056104578
99 267 0.4198168663880071
99 270 -0.42025527899738035
99 237 -0.4300491478606083
99 240 0.06584384143798427
99 242 0.7893881270966931
99 245 0.8402464073948503
99 248 0.6883271658986374
99 251 -0.9524219227764488
100 101 -0.6618300284945533
100 183 0.10778816264612012
100 186 -0.39951889354846815
100 189 0.39189358963901877
100 192 0.3602658507934309
100 195 0.651955263104691
100 198 0.5714738585881036
100 165 0.9763930489927299
100 168 0.6613889055002147
100 170 -0.6349506395577473
100 173 0.8831546497567588
100 176 0.1558944614454001
100 179 -0.19656832179379635
101 102 -0.43229308570479597
101 219 -0.31431708258934665
101 222 -0.3484106730443486
101 225 -0.4137552675827971
101 228 0.5451357949708486
101 231 0.7643817464798237
101 234 -0.9801415747107403
101 201 0.7415854204219374
101 204 0.9109693649451174
101 206 -0.7392058283008094
101 209 0.3386380740433341
101 212 0.37300162195958686
101 215 -0.36395220884096924
102 255 -0.4779063495475926
102 258 -0.6611352954735363
102 261 0.8128849225093522
102 264 -0.6534805715478638
102 267 0.7923749895820607
102 270 -0.008289029935348413
102 237 -0.4284342390449465
102 240 0.8927823100309287
102 242 0.5231079710951809
102 245 -0.6130231859422894
102 248 -0.4687550300772385
102 251 -0.8129493960025365
103 104 -0.9722005549453072
103 106 -0.865132493081926
103 183 -0.34137520751979844
103 186 -0.10950189771622254
103 189 -0.6791048704219207
103 192 -0.9674928385557011
103 195 0.5859276454575852
103 198 0.10763140427726214
103 165 -0.3285648850461036
103 168 0.1561810396822021
103 171 -0.827678185936837
103 174 -0.7233613048739747
103 177 -0.7051816431375508
103 180 -0.8469001382270924
104 105 -0.7224636417933361
104 107 -0.0580466586265842
104 219 0.6670537373302712
104 222 0.8872193204777685
104 225 0.14106737916259937
104 228 0.960482999659825
104 231 0.09096366471084805
104 234 -0.6389546898284735
104 201 -0.6929893247264776
104 204 0.34480024529518727
104 207 0.8338890319512329
104 210 0.6201581460362315
104 213 -0.9810651894390325
104 216 -0.7236959168704631
105 108 0.8360264370254551
105 255 0.717949462362889
105 258 -0.12278869924112557
105 261 0.35320576611669097
105 264 0.02346777008851264
105 267 0.34187306884372726
105 270 0.6013420502699711
105 237 -0.28463658291182625
105 240 0.005823625081825545
105 243 0.24799011099200285
105 246 0.02870153910277007
105 249 0.13453994256164892
105 252 -0.43594034843545204
106 107 -0.15733906871197179
106 183 0.30172711963527155
106 186 0.5965762073586682
106 189 -0.4900240180602833
106 192 0.08022675513171662
106 195 -0.7800512386587175
106 198 0.1924234439444401
106 165 0.10978924985740135
106 168 0.7182574362889043
106 171 0.006588904987996136
106 174 0.8175386970639911
106 177 -0.5615422759618358
106 180 -0.5928801096790455
107 108 -0.7042454056242589
107 219 0.7357603808921107
107 222 0.5142617606904882
107 225 -0.633271429691052
107 228 0.7072099321154832
107 231 0.8911167197848553
107 234 -0.2564236492094121
107 201 0.616340314617499
107 204 -0.8033805829935663
107 207 0.7517990426296874
107 210 -0.6105839373552637
107 213 -0.36362264537869504
107 216 -0.9890275963310446
108 255 0.6902953656529247
108 258 -0.055763670295276624
108 261 0.4994310757444307
108 264 -0.4568783934089844
108 267 0.04921936549049999
108 270 -0.2286948521156189
108 237 0.7159060770070056
108 240 0.9629681628978128
108 243 -0.06001411418364766
108 246 0.1615844493493066
108 249 0.7825725317244274
108 252 0.41656451941708617
109 110 -0.005240039903098737
109 112 -0.27977242170869876
109 183 0.8232435295170759
109 186 -0.3122681327238752
109 153 -0.35143543837625746
109 156 0.3372284600787694
109 159 -0.6381610208889603
109 162 0.8362404255991687
109 165 0.5198125404625038
109 168 0.349969754110822
109 171 -0.5738701814087286
109 174 -0.6692221751426524
109 177 -0.4719137015647541
109 180 0.3432337651068358
110 111 0.36357407123373897
110 113 0.7191834210528434
110 219 0.7169328829648138
110 222 -0.0952062514310481
110 189 0.8173391388181039
110 192 0.6616070354285903
110 195 -0.15038580578889849
110 198 -0.594146769219976
110 201 -0.15563525552579427
110 204 -0.7021030949511682
110 207 0.04776092943582544
110 210 0.3307150625544899
110 213 -0.06349494922143428
110 216 -0.7181211412463191
111 114 0.7687885759970685
111 255 -0.27136623813343275
111 258 -0.9014074916105326
111 225 -0.05419938340591002
111 228 -0.8059819159722756
111 231 -0.04522162267916885
111 234 -0.7304802467943576
111 237 -0.022101810141270217
111 240 0.40718162909290645
111 243 0.7980278805029883
111 246 0.46215353734434905
111 249 0.0037632556360669422
111 252 -0.17140196512532757
112 113 0.1851061982210398
112 183 0.4087752085561682
112 186 -0.3944048999211971
112 153 -0.9438807858371898
112 156 -0.4861867053057283
112 159 -0.8180610624958322
112 162 0.6183595676185256
112 165 0.9536756098641119
112 168 0.4789249033691645
112 171 0.4208350892637318
112 174 0.2448502642339141
112 177 -0.6274816994258898
112 180 0.987330380182418
113 114 -0.36365001035801425
113 219 0.6847026482853593
113 222 0.6675728299308268
113 189 -0.31191198489140803
113 192 0.7473436065675789
113 195 0.4865070766331159
113 198 0.44789429454134355
113 201 0.02449472862498525
113 204 0.013560396369648897
113 207 -0.38672472032151806
113 210 0.18828036847708662
113 213 0.7165441651466795
113 216 -0.2232541688119276
114 255 0.15016236357134938
114 258 -0.8028190291236057
114 225 -0.6197980878912577
114 228 0.7656628308552518
114 231 -0.4472845109826813
114 234 0.876313596455081
114 237 -0.704604226213013
114 240 0.18758170833205812
114 243 -0.6311845719285851
114 246 0.29221601182229806
114 249 0.6042646903502764
114 252 0.7859484540226394
115 116 0.3396911695719058
115 118 -0.4278759308950377
115 183 0.9881416260316622
115 186 0.752534261225827
115 153 -0.12039528074713624
115 156 -0.6580621472370083
115 171 0.7172067882087021
115 174 -0.038157665125249984
115 177 0.7804749941594276
115 180 0.47669232923314064
116 117 -0.5634384757421411
116 119 0.2383174746601715
116 219 0.4449471588881042
116 222 0.07913476052168744
116 189 -0.12481446684722286
116 192 0.11267050109209298
116 207 0.31508511352950164
116 210 -0.8974514483065159
116 213 0.8779886457987973
116 216 -0.3220793713240431
117 120 -0.27355756582382207
117 255 0.16160004993078414
117 258 0.2882720541562689
117 225 0.372902413928516
117 228 -0.4412076205517328
117 243 0.7612317413632292
117 246 0.7514594250717166
117 249 0.1187823749770267
117 252 0.3727522579135154
118 119 -0.11161857117333951
118 183 0.7510714949538544
118 186 -0.38036024821225123
118 153 -0.7548959243631146
118 156 0.9591564229986536
118 171 0.5867984168375362
118 174 -0.4060411309738232
118 177 -0.5667828552146692
118 180 0.942228080076764
119 120 0.4454065102871474
119 219 -0.20880399954929407
119 222 0.7623759779242083
119 189 -0.5891038065115635
119 192 0.17211393926353868
119 207 0.01280872992120985
119 210 -0.784705416329414
119 213 0.4368274729090629
119 216 -0.6823533842752947
120 255 0.15738300584013754
120 258 0.5236960255657792
120 225 0.4749066917832736
120 228 -0.9889305103995083
120 243 0.39532352386106173
120 246 0.8274749814216449
120 249 0.16242920277667805
120 252 -0.6048316502673419
121 122 0.08060714481504361
121 124 0.9196630770259915
121 183 0.7186332863845244
121 186 -0.712727717888687
121 189 -0.33558038621758657
121 192 0.8230464243453219
121 207 0.3768300407922254
121 210 0.894121386540849
121 177 0.9185687131812408
121 180 0.8365457725804506
122 123 0.7728622087018415
122 125 -0.6362994072620538
122 219 -0.6015567356722988
122 222 0.5588580374162442
122 225 -0.46005223265427353
122 228 0.08899564739702015
122 243 0.9907603918265
122 246 0.40764224693514284
122 213 0.037351275302895726
122 216 0.2186037733562829
123 126 -0.2367108331805805
123 255 -0.1498302815621544
123 258 -0.7711161954446342
123 261 -0.31973747526305396
123 264 -0.900350951817076
123 279 0.3237568620991942
123 282 0.4718541077711862
123 249 -0.9953031593843971
123 252 0.07999838894870592
124 125 -0.85784644832714
124 183 0.19106292964039384
124 186 0.739000569552972
124 189 0.08738056981767994
124 192 -0.029481955711141428
124 207 -0.9340377135108775
124 210 0.32515971794575105
124 177 -0.08207240597432541
124 180 0.8536358678082241
125 126 -0.11442513857956849
125 219 0.05917214749992272
125 222 -0.5040101860936081
125 225 0.5549849034121219
125 228 -0.08479971223809768
125 243 0.9130974768266233
125 246 -0.949112677264762
125 213 -0.2654838923497276
125 216 -0.8671947613394351
126 255 0.4790904531156246
126 258 -0.10860827622665203
126 261 -0.2821967339296225
126 264 0.8707464859021095
126 279 -0.453016542315958
126 282 0.2630244246017954
126 249 -0.7231635120970434
126 252 -0.6662761980311576
127 128 -0.8499336834108402
127 130 -0.3668524468027652
127 207 0.5206077380342118
127 210 0.24855254589552978
127 177 0.3499490876426887
127 180 0.7846561267958421
128 129 0.3071268629066932
128 131 0.09170143882394077
128 243 0.12093165465193234
128 246 0.17189958255037907
128 213 0.8807303569390683
128 216 0.8918632253618344
129 132 0.2571347504130206
129 279 -0.21105126476297187
129 282 -0.8586670301455557
129 249 -0.7705282003694869
129 252 0.5772188123727242
130 131 -0.6562523483842921
130 207 0.7443074157565206
130 210 -0.8384256204019203
130 177 0.10793880606020223
130 180 -0.7044434423747179
131 132 -0.16741022533120176
131 243 0.823430086603353
131 246 -0.7611297252034581
131 213 0.6623874852475711
131 216 0.4715568052722634
132 279 -0.5067670467888499
132 282 -0.32223588792788904
132 249 -0.004004783128066736
132 252 0.23500965105056149
133 134 0.13201335940817183
133 136 -0.20119854428783168
133 171 -0.4454565322316877
133 174 0.84026795571815
133 177 -0.013324121606380857
133 180 0.12347474993681118
134 135 0.9537103543344778
134 137 -0.3886891192511126
134 207 -0.7717623305043175
134 210 0.7754487571835169
134 213 0.7383709973335648
134 216 -0.4730185218712284
135 138 0.674994927985342
135 243 0.9399804812500308
135 246 -0.7165470296392282
135 249 0.5846659268309102
135 252 -0.03702273274528545
136 137 0.6279211717341873
136 171 -0.03706525577119457
136 174 -0.39748288102761986
136 177 -0.25142155856810455
136 180 -0.01893745938421687
137 138 -0.32004164840106264
137 207 0.7082390293034184
137 210 -0.9039841714254984
137 213 -0.887817775129798
137 216 -0.13595420898203536
138 243 0.4064309873396652
138 246 0.6792492395608487
138 249 0.28032499817318346
138 252 0.8894417851052197
151 152 -0.21545498258370044
151 154 0.15955895289448518
152 153 -0.6986016180747925
152 155 -0.9232905073712647
153 156 -0.9664579958213817
154 155 -0.05432561768002153
155 156 0.15639546649271852
157 158 -0.5758171586333616
157 160 -0.22511717863062608
158 159 -0.7322911844807409
158 161 -0.17188620896426632
159 162 0.34001827201203905
160 161 -0.8890093536266048
161 162 -0.558144159283744
163 164 0.26560285967711894
163 166 -0.3481731601237612
164 165 0.006818695121192597
164 167 -0.42160316537654485
165 168 0.26882454960397206
166 167 -0.02005886346448138
167 168 -0.8066047193692136
169 170 -0.5863112278216804
169 172 -0.8055126764473752
170 171 0.025545655106854692
170 173 0.31796758275250814
171 174 -0.13713589401776383
172 173 0.7864849108221943
173 174 0.24429119014522382
175 176 -0.8811203098265494
175 178 0.6716800860410397
176 177 -0.5025127137117322
176 179 -0.2237748668974735
177 180 0.45200098438972103
178 179 0.4562151644726231
179 180 0.9512720392047134
181 182 0.07285134574858865
181 184 0.9517466285485132
182 183 0.7302309254496391
182 185 -0.9166897492622701
183 186 0.10640696384863269
184 185 0.9832986950195401
185 186 0.08145915501054013
187 188 -0.4495006747137549
187 190 0.5798421409248926
188 189 0.24643565977215975
188 191 0.9922234807167869
189 192 -0.25634345362889555
190 191 0.818737511348189
191 192 0.9557166433987441
193 194 0.6533853889923995
193 196 0.10482251180806146
194 195 -0.6220335643225514
194 197 0.9244494370624003
195 198 0.9434576812904953
196 197 0.3975685550660777
197 198 -0.25792196721546423
199 200 0.24966693359765268
199 202 0.4180620604281362
200 201 -0.6858193517216709
200 203 -0.08408401022041168
201 204 0.5042395972346114
202 203 0.44202217526417065
203 204 0.6124551796756941
205 206 -0.46458800132415146
205 208 0.8935818829797431
206 207 0.5828975294521066
206 209 0.6803862119249355
207 210 -0.17751445646968533
208 209 0.6378578811957767
209 210 -0.11769102317641211
211 212 0.7533333969248857
211 214 -0.29512693661803935
212 213 0.3008063561036005
212 215 -0.23753716567873107
213 216 0.38018833147895736
214 215 0.5552604535877785
215 216 0.6560118290173063
217 218 -0.8609081096181053
217 220 -0.22474971795134469
218 219 0.7350065372306014
218 221 -0.020443843710019838
219 222 0.14313767627753204
220 221 -0.036605899081719295
221 222 0.3014804958100594
223 224 -0.03890412010166555
223 226 -0.4401686221035441
224 225 0.32851518578250305
224 227 -0.6658872839295957
225 228 -0.4927834620419602
226 227 0.351658995031336
227 228 0.4109554777384061
229 230 -0.6389847161741342
229 232 0.035235586737813795
230 231 -0.8817780819998626
230 233 -0.6600688070513496
231 234 -0.5167937083258094
232 233 0.09601710229789528
233 234 -0.43888849007848996
235 236 0.22766539674941066
235 238 0.33833937557271043
236 237 0.959345610665612
236 239 0.7009248999547639
237 240 -0.1599252263959594
238 239 -0.31432006310815197
239 240 -0.36715782239405703
241 242 0.2884732041773266
241 244 0.8855660475620513
242 243 -0.0215412493120668
242 245 -0.2809066654357095
243 246 -0.8869568498288027
244 245 0.4686436291690721
245 246 0.6632399341425506
247 248 0.8440704729573905
247 250 0.006472585101944706
248 249 0.2723184401956642
248 251 -0.19795570482668534
249 252 -0.274545976523344
250 251 0.44396637220067325
251 252 0.8595958540941055
253 254 -0.30985614379573856
253 256 0.6665707176226832
254 255 -0.06911993545139739
254 257 -0.34248692509248313
255 258 0.21986026403379744
256 257 0.5600846005946196
257 258 -0.9375557477551859
259 260 -0.7241441726046254
259 262 -0.9637537012797468
260 261 -0.6197487974098648
260 263 0.8196818127245922
261 264 0.2259772984180619
262 263 -0.7018284817392932
263 264 -0.5298359043704093
265 266 0.7212484662164211
265 268 0.3952526106775054
266 267 -0.45444143699879636
266 269 -0.6779919014223244
267 270 -0.419916889560229
268 269 -0.10619617450488872
269 270 -0.6591212090758942
271 272 -0.006430194295249159
271 274 -0.17113117455656224
272 273 0.8095062647121543
272 275 -0.7182994096454172
273 276 -0.8746585163521512
274 275 -0.28402398224100733
275 276 -0.6988079510541496
277 278 -0.2998684591119014
277 280 -0.27369847584356366
278 279 0.2605740015436413
278 281 -0.9921515683119795
279 282 0.22852132142561765
280 281 -0.9360898260242396
281 282 -0.8781353543146742
