# 
7 7 -3.818291855409564
8 8 -2.7010876453922252
9 9 -0.3503289163111347
10 10 0.9050908382444076
11 11 -0.5118542969098012
12 12 -0.5886948851493603
13 13 -2.259494880850335
14 14 1.6518018781032646
15 15 1.6868943119368884
16 16 -2.574691832107291
17 17 0.9151121498877384
18 18 3.615170817860916
19 19 -3.5429787447849757
20 20 0.8669278316987628
21 21 -0.03978383149843889
22 22 -2.671394220509179
23 23 3.9566362988506585
24 24 1.1575107594327276
25 25 2.2905165663645404
26 26 -1.6865685197015425
27 27 -1.0332130105014397
28 28 3.8144202466231745
29 29 1.152013308427831
30 30 -1.1384812712626706
31 31 -3.873113240982316
32 32 -2.0141855688187533
33 33 -1.78248203561634
34 34 2.340803791685354
35 35 3.414159648030786
36 36 -2.797448819615232
37 37 2.3624385853253367
38 38 0.6418767420324434
39 39 0.8604000405102497
40 40 3.3920113134756464
41 41 0.04568692388177631
42 42 3.9558860402180542
43 43 0.6620873599261303
44 44 -0.11642397502211299
45 45 -0.07109061922473447
46 46 -1.6696556540952647
47 47 -3.4847365407426087
48 48 -3.060095053558334
49 49 -0.9376676928338803
50 50 -1.8999944915590845
51 51 3.5385459036214053
52 52 -1.2652378119631251
53 53 0.7977935594127024
54 54 -1.6041450667552395
55 55 3.0249348065378587
56 56 -0.4176294248893697
57 57 -1.7447100856755116
58 58 -2.5049815955802712
59 59 -2.6854304902929425
60 60 -2.0205834279863844
61 61 -0.42134314521676064
62 62 2.989171749523817
63 63 1.3259909275190056
64 64 3.155972661991072
65 65 3.5962148743637226
66 66 -3.7125301977652194
67 67 -2.999583227816701
68 68 -3.9223705690759623
69 69 0.2633350656324449
70 70 -3.556771308477627
71 71 -0.9060762775936597
72 72 1.3080350367273716
73 73 -3.2731821495675133
74 74 3.782099752811683
75 75 -0.7188094544875474
76 76 3.6663682054721605
77 77 -3.8945541721325254
78 78 -2.2037399095643107
79 79 -0.8058393748942088
80 80 2.3610064120597496
81 81 -3.2163411171033545
82 82 -0.5547134973168255
83 83 1.8748928420038258
84 84 1.693229469613061
85 85 -2.0985028662363154
86 86 -0.6765657771390075
87 87 3.5682341827158544
88 88 1.881377464421318
89 89 -1.044601656520829
90 90 3.336974202074459
91 91 3.9250948769157583
92 92 3.396435984101341
93 93 0.10733419145235423
94 94 -1.91479979645095
95 95 1.498612870573619
96 96 -1.0966212129652346
97 97 1.2771922771881394
98 98 2.271181154349982
99 99 0.885028350992112
100 100 -0.5914982723325055
101 101 3.0126945433116505
102 102 0.7718546478258164
103 103 -3.242219948105025
104 104 3.169182007783543
105 105 -0.5790364259664429
106 106 1.09171274930892
107 107 -3.3358372468048305
108 108 3.4476343801413307
109 109 0.6054465925771897
110 110 0.8193411558657617
111 111 1.4816609628505875
112 112 3.2388384393849554
113 113 0.9894921765604341
114 114 1.9632148415927135
115 115 -0.9342275291286528
116 116 -0.6344600017554844
117 117 -3.668604947653834
118 118 3.896116344147325
119 119 3.6006063581047982
120 120 3.3598450557584956
121 121 -0.12182676511009749
122 122 -0.3037684595711987
123 123 -3.562225273102502
124 124 -0.13527949792211214
125 125 0.16625516071652147
126 126 1.644431328006804
127 127 -3.6076450277906327
128 128 -3.426637769258316
129 129 2.649083998346642
130 130 -0.7156169918199975
131 131 -3.719290267226513
132 132 3.6426481897266383
133 133 1.573052218448348
134 134 3.3454474844135182
135 135 3.1320847358644297
136 136 -3.1499341876465
137 137 3.7293773953940086
138 138 -2.8249879229917836
151 151 -0.06106829227446209
152 152 0.5491451851114002
153 153 -0.7457103997640502
154 154 -2.810225104941205
155 155 3.8220419465371336
156 156 -1.0947295454344248
157 157 -1.651138940470947
158 158 0.15107759405991938
159 159 -0.3140658223380717
160 160 -0.1496767258640066
161 161 -2.256980168967666
162 162 -2.0111614793013475
163 163 -0.41284523241568927
164 164 2.427265430496073
165 165 2.4232675112612556
166 166 -2.276422518200567
167 167 -1.9635544096212003
168 168 -3.485739795328306
169 169 2.869085146535265
170 170 -1.7660344029224024
171 171 3.9125088219014152
172 172 2.1932610339415364
173 173 -3.2346561416277906
174 174 2.6543587491889715
175 175 0.2758393170625082
176 176 -2.9643935658551035
177 177 -2.4130506862439365
178 178 -2.6396968738142172
179 179 -0.15685802114102732
180 180 2.4137578326741664
181 181 3.961672064213139
182 182 2.284746092702549
183 183 -3.6583795000813195
184 184 -3.5331396782807456
185 185 -0.7735685204169611
186 186 3.3074195877959305
187 187 2.432186749983776
188 188 2.4746915894874597
189 189 1.2517009279345075
190 190 2.326674200405842
191 191 0.23655575527025086
192 192 -1.7395459997282794
193 193 3.5816542790443053
194 194 1.1268950887842095
195 195 -3.945646856093573
196 196 0.4326705158304245
197 197 0.9220076332309048
198 198 3.4039121603480327
199 199 2.3261343252843716
200 200 1.5447118867517284
201 201 -0.6482156007456918
202 202 -0.37811423896127305
203 203 0.3223216535216977
204 204 -0.700329125219449
205 205 2.151755320882218
206 206 -1.6685812633612507
207 207 -0.4381098321805039
208 208 1.6758493301290356
209 209 0.4982682014119719
210 210 2.0371972146766177
211 211 3.7522321605825883
212 212 -1.0902027439448352
213 213 -3.441016477342555
214 214 -2.957963120379447
215 215 -3.5797160515735253
216 216 3.6467048031821054
217 217 1.5186493334115783
218 218 2.109312132267558
219 219 -2.062945709591543
220 220 2.9923388313311303
221 221 0.2162378404213312
222 222 -0.567027379677377
223 223 -1.2413754002138342
224 224 -3.9689925512341224
225 225 -3.0261118506887
226 226 3.989914912730244
227 227 0.7420164760588506
228 228 -0.4899413059975908
229 229 2.562231771023032
230 230 -0.4562026447994789
231 231 -1.1493153897423518
232 232 -1.6355424825396145
233 233 1.4373980333625838
234 234 1.945999610122171
235 235 1.7859761858600534
236 236 1.4999276898698746
237 237 1.0872411231093908
238 238 2.3280628087436783
239 239 -0.2002743652063277
240 240 -3.4906739121370576
241 241 -0.02699070946931137
242 242 1.7650027674158384
243 243 -0.9060962399991155
244 244 0.8569970790374546
245 245 3.854856460193284
246 246 2.7685081026822598
247 247 0.3867238034152871
248 248 1.5516323655445712
249 249 0.5806801105721293
250 250 2.0250573767042352
251 251 1.0290857858138471
252 252 3.583676715329645
253 253 3.411630215012302
254 254 -3.083037970281059
255 255 -1.4527969406709529
256 256 -2.7437526132123455
257 257 1.958665994924015
258 258 -3.222424101163318
259 259 -3.3569598654269397
260 260 -0.7352511696989108
261 261 0.2648507400506066
262 262 -3.7382923396597176
263 263 -1.8290586694482505
264 264 3.1079938547869332
265 265 2.966821813090294
266 266 -1.7293335596283121
267 267 -0.8399186701560613
268 268 -0.7395109649605613
269 269 3.123893366096614
270 270 -2.710737540229456
271 271 0.013934594740588224
272 272 2.0241856115089893
273 273 1.0697490338685043
274 274 -0.07539593220682228
275 275 3.707247164067434
276 276 -0.5267513804018522
277 277 0.8137054150944234
278 278 1.0921437647871741
279 279 -0.7806264068571149
280 280 -3.7170308765912283
281 281 -2.7549317744065434
282 282 2.136199480588851
7 8 0.18513292923410996
7 10 -0.7771572570603822
7 157 0.4022268468344583
7 160 0.9690727974228424
7 163 0.20863647314906952
7 166 0.25952328618137166
8 9 0.14420350711468677
8 11 0.22495087502765232
8 193 0.9717333660927729
8 196 0.5186333558325247
8 199 0.49867641763989545
8 202 -0.8584443718839629
9 12 0.6559603366567317
9 229 -0.352014323633691
9 232 0.16906045359838884
9 235 0.32132472623440744
9 238 -0.8900562591495054
10 11 0.10453356911467404
10 157 0.15278424343365482
10 160 -0.1727878005394119
10 163 0.10252839700460292
10 166 -0.5199840221015859
11 12 0.1406782565821274
11 193 -0.1425215985852677
11 196 -0.6691276589662365
11 199 -0.7572429218760632
11 202 -0.33357034309535005
12 229 0.29947584864938515
12 232 -0.8142884548808393
12 235 -0.6340842771359936
12 238 -0.17329226543472842
13 14 0.6266973840007835
13 16 -0.8948349132640054
13 193 0.15639311163388303
13 196 -0.12608923133010408
13 199 -0.03561786310984649
13 202 0.4130523984572987
14 15 -0.7444389101652082
14 17 0.41339856061208113
14 229 0.1354053365342136
14 232 0.746754101148513
14 235 0.9942040240474579
14 238 0.08693777988040163
15 18 -0.6955012370766298
15 265 0.860933874911407
15 268 0.16970626542140832
15 271 -0.0074995473943801905
15 274 -0.38550302691233296
16 17 -0.02471259180675589
16 193 -0.915850971711877
16 196 -0.11758628650916236
16 199 -0.9391539315658517
16 202 0.6227954563278628
17 18 -0.8270116330271555
17 229 -0.14136008808275213
17 232 0.7620013734360551
17 235 0.7916738520223912
17 238 -0.17382126585847968
18 265 0.7929766964476896
18 268 0.5388251281064369
18 271 -0.48680012985082244
18 274 0.884797837339319
19 20 -0.9013102716654215
19 22 -0.05185144506590755
19 181 -0.1281596761848789
19 184 -0.2024896119079933
19 187 0.21082498760808566
19 190 -0.652921093937747
19 193 0.686030714717244
19 196 0.6611160368818048
19 199 0.41100324089184403
19 202 0.39293890585930824
20 21 0.5813511368070265
20 23 -0.6982235125772138
20 217 -0.07345267483370255
20 220 0.925621790826288
20 223 0.8840979717570203
20 226 -0.6499322179292564
20 229 -0.6765010164231224
20 232 0.22622339665076696
20 235 0.17946523742769904
20 238 0.9948139870168502
21 24 0.5196599316188444
21 253 -0.23867490488724608
21 256 -0.2778890968027907
21 259 -0.970612835389786
21 262 0.1892497720796653
21 265 0.978199412452398
21 268 0.6651841387510962
21 271 0.28617326988699765
21 274 -0.4850383301193004
22 23 0.7748232965990671
22 181 0.004685646761067419
22 184 0.4163848451229992
22 187 0.3679337817647905
22 190 -0.45151147048117957
22 193 0.7005095735153317
22 196 0.31816622500737246
22 199 -0.7984966430142741
22 202 -0.14571904679039172
23 24 0.4274295710506124
23 217 -0.47742634322841737
23 220 0.5785303805827988
23 223 -0.658225596734701
23 226 -0.8927285414894077
23 229 0.1710430011580626
23 232 0.5043999552501184
23 235 0.6357629740832176
23 238 0.7605675651470569
24 253 0.9406501182443603
24 256 -0.13065471613489676
24 259 -0.5296117273758187
24 262 0.254742948041758
24 265 0.246101845780891
24 268 -0.5333802258948543
24 271 0.9876206054975081
24 274 0.6394431243890386
25 26 0.9031623955239467
25 28 -0.9232526631357716
25 181 0.80489283261617
25 184 0.15091834677553462
25 187 -0.2556907393173522
25 190 -0.09734824052309832
25 193 -0.5951431630519624
25 196 -0.03698871441442342
25 163 -0.05029851502955229
25 166 -0.4384060788209352
26 27 -0.3568741088260592
26 29 -0.8678547062681417
26 217 0.3770824624287594
26 220 0.48455890919722266
26 223 0.9296615196627045
26 226 -0.2719060182733377
26 229 0.15607278176709283
26 232 0.47054291509683943
26 199 0.6107195201966502
26 202 0.6913755944833857
27 30 0.6609931663428052
27 253 -0.18516516069741562
27 256 -0.2517959282444826
27 259 0.5218730002241603
27 262 -0.5730711555652168
27 265 0.49509945406121614
27 268 0.1413351864246084
27 235 -0.6501693216249858
27 238 0.5550485541506207
28 29 -0.5934862178365965
28 181 -0.300666088583984
28 184 0.26768865241351336
28 187 -0.341592753719153
28 190 -0.541933058887655
28 193 0.10480951203907862
28 196 0.5542314344067514
28 163 0.8388500351955857
28 166 -0.7529575268892854
29 30 0.44196268106099645
29 217 -0.17604065844523675
29 220 0.6710051090005202
29 223 -0.7280329529295855
29 226 -0.5708100687496136
29 229 0.5699040882042614
29 232 -0.5826795246806169
29 199 -0.4240731611759483
29 202 -0.13573637111211867
30 253 -0.8667607487262818
30 256 0.6290421782529301
30 259 -0.8934306619864059
30 262 0.649915985914773
30 265 0.8218801088499148
30 268 0.34851006287272135
30 235 0.15955174709150977
30 238 0.8350983456709729
31 32 0.17464381574374532
31 34 -0.2686335354457132
31 181 -0.9830798929453812
31 184 -0.9347191214129287
31 187 0.29923862153326564
31 190 -0.02096706302051521
31 193 0.37411300579764206
31 196 0.12801455552714436
31 163 -0.06236619050923253
31 166 0.24118804257209003
31 169 -0.13025929119372126
31 172 -0.16345006945006801
31 175 -0.9538432675407105
31 178 0.14032715387095362
32 33 0.005817184566654143
32 35 0.8363102669234324
32 217 0.260089853731456
32 220 0.9681996826835466
32 223 0.2940940670143173
32 226 0.6056885674823704
32 229 0.5546260228094066
32 232 0.1455430073202515
32 199 -0.6896983345281944
32 202 0.7605363017989022
32 205 -0.9589161612522568
32 208 0.4242050407371323
32 211 0.3870066122912441
32 214 -0.3325803723736047
33 36 0.7586181636975122
33 253 -0.8524053527012796
33 256 -0.6504065880575198
33 259 0.11966847886912091
33 262 0.720494840025367
33 265 0.1904836793243876
33 268 -0.3113768787682969
33 235 0.15215734530839353
33 238 -0.3051574354596833
33 241 -0.5333717220222771
33 244 -0.3570861599753983
33 247 -0.05414350836879822
33 250 0.26247688556648097
34 35 0.2547460031926838
34 181 0.6172538787808719
34 184 0.04622231082758499
34 187 -0.23450356517134585
34 190 -0.7947650329032512
34 193 -0.9663001550497132
34 196 0.9820332841233246
34 163 0.6316694548588415
34 166 -0.49033625204215037
34 169 -0.9741419052222533
34 172 -0.20813161846614814
34 175 -0.9066946697034735
34 178 0.7410805122410251
35 36 0.12769572907630233
35 217 -0.6125502400421272
35 220 -0.9045947065266431
35 223 -0.27783018577078655
35 226 -0.500228684350077
35 229 -0.13686664280843197
35 232 -0.30175362827582
35 199 -0.019419513829287416
35 202 -0.8147730940234048
35 205 -0.01878969023038679
35 208 0.0340356822092851
35 211 0.25270568014428507
35 214 0.07500045969820279
36 253 -0.8873843998352244
36 256 -0.5624793648022846
36 259 0.3428312618415108
36 262 -0.5787314745927237
36 265 -0.9629630238143723
36 268 -0.8841078812784586
36 235 -0.439660626981196
36 238 -0.597413207755773
36 241 -0.20494529532971173
36 244 0.297088883706659
36 247 0.4737406572929628
36 250 0.5042478964118966
37 38 -0.18514945195035626
37 40 0.47832697082265563
37 181 0.688877067649893
37 184 -0.08527935060843617
37 151 0.23639242011930306
37 154 0.0318190643863312
37 157 -0.30409518618977804
37 160 -0.40412764425464864
37 163 -0.030024713973526795
37 166 -0.47548066321507654
37 169 -0.02107903965020186
37 172 -0.908961383459792
37 175 0.17643669011697272
37 178 -0.9825063155523226
38 39 0.3627742199473152
38 41 0.8349313979766102
38 217 -0.5835737602392925
38 220 -0.11696816655224263
38 187 -0.5797509061325716
38 190 -0.06992467626937038
38 193 -0.8783873597265337
38 196 0.006534688388506904
38 199 -0.8347909861139982
38 202 -0.34110035656922677
38 205 -0.9476322351459938
38 208 0.8939351115371874
38 211 0.8567420596099249
38 214 0.036138886506987156
39 42 0.5189370092215864
39 253 -0.5600545451105634
39 256 0.46083008921723967
39 223 0.226018996302231
39 226 -0.5499509336813169
39 229 -0.15223013071274516
39 232 0.6832021308738561
39 235 -0.898596633008341
39 238 -0.5195974156237082
39 241 -0.2676585259835018
39 244 0.2506301929288717
39 247 -0.6243847303273535
39 250 0.6828343764986973
40 41 -0.7321227390564657
40 181 0.00789307231177605
40 184 -0.5215357185404701
40 151 0.6197026416208389
40 154 -0.520493119718602
40 157 -0.17277045964554372
40 160 0.43067029402437607
40 163 0.8662503482405262
40 166 0.89387953671462
40 169 -0.05336964996011684
40 172 0.8676195438687153
40 175 -0.593055662181927
40 178 -0.20706292746311683
41 42 -0.5576427820189567
41 217 0.9345833749502335
41 220 -0.6727638557024593
41 187 0.05505170881107846
41 190 -0.9882162813655826
41 193 -0.17176305868520703
41 196 0.20704927751706137
41 199 0.6653474240325781
41 202 -0.5489442560973441
41 205 0.19515689222055466
41 208 0.7466678500039268
41 211 -0.5874187062324068
41 214 -0.9078145407002629
42 253 0.6393747672761754
42 256 -0.8455465172082548
42 223 0.9255433710220189
42 226 -0.8206224687557071
42 229 0.46787945436351186
42 232 -0.6658730836270803
42 235 -0.35912971480636235
42 238 -0.9495652474697256
42 241 -0.22960765959139295
42 244 0.9227121316043003
42 247 0.5260904032747304
42 250 -0.29765796808235856
43 44 -0.47540314873751877
43 46 0.7078637854100212
43 181 0.43690576217538535
43 184 0.4103696921521869
43 151 -0.865655021435279
43 154 0.44310731443060125
43 158 0.948004617687388
43 161 -0.4606980323808756
43 164 0.922955213262056
43 167 -0.47362756369719006
43 169 0.3344002317757093
43 172 -0.2821437215234399
43 175 0.02782880964603085
43 178 -0.07174819212576522
44 45 0.6935382914321826
44 47 -0.5426878166280804
44 217 -0.6446254486850107
44 220 -0.24625465779454858
44 187 0.029017751996361252
44 190 -0.7020030252590177
44 194 -0.09961004997354683
44 197 -0.9630864614527335
44 200 0.10077298398247336
44 203 -0.48600282139269346
44 205 0.6808091440623232
44 208 0.20473205319306564
44 211 -0.3776572528516491
44 214 0.44320787639731307
45 48 -0.805119196033806
45 253 0.4646400224512852
45 256 -0.381877536881166
45 223 0.49091680209976896
45 226 -0.8639712589122304
45 230 0.23308108782129233
45 233 -0.8394271353624019
45 236 -0.08701365930810723
45 239 0.38546506925060364
45 241 0.9589859623092893
45 244 -0.4765628769278736
45 247 0.8493171105856543
45 250 -0.34558888132862076
46 47 -0.7206884807686242
46 181 -0.32328870892260153
46 184 -0.9523873692284495
46 151 -0.7795630407214278
46 154 0.26333527491615527
46 158 0.10949393426022191
46 161 -0.48588547375571634
46 164 -0.5413902781949245
46 167 0.4640577041635745
46 169 -0.30427578397269817
46 172 -0.8638407977766498
46 175 -0.17650230254537824
46 178 -0.12090653476795943
47 48 -0.5353452043192091
47 217 0.20177677993030452
47 220 -0.8835202498642831
47 187 0.6746182222567283
47 190 0.5594664373389808
47 194 -0.9903603904250009
47 197 -0.5572687579026143
47 200 0.9418256539419563
47 203 0.7725447184086054
47 205 0.26761728059986445
47 208 0.8108064615347532
47 211 0.4742885438704567
47 214 -0.7150263666559109
48 253 -0.6636101109280645
48 256 0.39850581743024116
48 223 0.3359073804163457
48 226 -0.9289525051695673
48 230 0.1556041198106719
48 233 0.08704400423832537
48 236 0.2923021992766415
48 239 -0.6268458424741317
48 241 0.4801180069135611
48 244 -0.34870920487060797
48 247 -0.4307342597059116
48 250 0.26160407225605486
49 50 -0.7566780038957033
49 52 0.8409093759294719
49 181 0.9483080052398469
49 184 0.2829259774477175
49 187 0.5910188855798271
49 190 0.025641707953168336
49 194 0.5073220403814163
49 197 -0.2733781606409049
49 200 0.23214444864826933
49 203 -0.16615880738556665
49 205 -0.8597745471828306
49 208 -0.5551571201778245
49 175 0.5322680153695634
49 178 -0.5765276868124163
50 51 -0.6168429174014265
50 53 0.8363475923946049
50 217 -0.6524316090051732
50 220 0.11098287054947886
50 223 0.8172649577768012
50 226 0.6229607105633517
50 230 0.1797075361436491
50 233 0.8694841232150561
50 236 0.616173494007854
50 239 -0.699360417231075
50 241 0.13533769196108758
50 244 0.3115058183137147
50 211 -0.4875001139286985
50 214 -0.9983805091357942
51 54 0.8856171684131227
51 253 -0.8489352721995518
51 256 0.5734424037941717
51 259 0.2174529776016383
51 262 -0.03530499219319472
51 266 -0.20589911436344943
51 269 0.30141467874283023
51 272 0.6773465361461934
51 275 0.17394670559562586
51 277 0.945205853211788
51 280 -0.2574395365768425
51 247 0.16076727937077995
51 250 0.47691980447587934
52 53 0.0553619658449489
52 181 -0.5433998372864111
52 184 0.4874601080643919
52 187 -0.1550446168638051
52 190 0.404267921609635
52 194 -0.6078255120072973
52 197 0.8838630200488691
52 200 -0.2768116537916998
52 203 0.3940995950516595
52 205 -0.7034650974494703
52 208 -0.03682392743809082
52 175 -0.08510728109789789
52 178 -0.5894423242382403
53 54 0.7103954670631294
53 217 -0.5235818905500025
53 220 -0.14457745226894647
53 223 -0.37444060539332913
53 226 -0.3120894692717089
53 230 -0.5304125748958832
53 233 0.8327876267492875
53 236 0.385017980169986
53 239 0.876412884799233
53 241 -0.019211099390709974
53 244 -0.4394987180829104
53 211 -0.48433544226671565
53 214 0.7459530164312576
54 253 0.541167920398455
54 256 -0.5134069465718887
54 259 -0.5308448854299248
54 262 -0.07492092547200024
54 266 -0.8120309921783828
54 269 0.9086768716813618
54 272 0.19613863804506826
54 275 0.24846069072630783
54 277 0.4143569491592227
54 280 0.2984316953212909
54 247 -0.36004906873927633
54 250 0.22872703703785935
55 56 -0.4893638337725552
55 58 -0.11113033967511088
55 182 0.42554643066540443
55 185 -0.6574820308959082
55 188 -0.5382215009009836
55 191 0.5264961780808048
55 194 -0.3736691889916124
55 197 -0.8375068267448971
55 200 -0.9092637090806472
55 203 -0.9591913902445919
55 205 0.9154579268513978
55 208 -0.3138589618713534
55 175 -0.539329184519614
55 178 0.46967273809767573
56 57 0.7422787485364151
56 59 -0.5870347888814458
56 218 -0.2440795023806488
56 221 0.1446024343868375
56 224 -0.7592221289378813
56 227 0.21226281157152393
56 230 -0.25772990425380216
56 233 -0.2780794227920602
56 236 0.4455511352319974
56 239 -0.11696383858107917
56 241 0.874973675189366
56 244 -0.9411253211094683
56 211 0.2247348567506624
56 214 0.457370730699582
57 60 0.45263433736318825
57 254 -0.8654843054863073
57 257 0.5896027129362011
57 260 -0.32094291105159645
57 263 0.3774955648408278
57 266 -0.6974775797788204
57 269 -0.7748552953922352
57 272 0.8042137839802093
57 275 -0.2261770909612313
57 277 0.3573936374992519
57 280 0.6438406821342422
57 247 0.3442519952536405
57 250 0.06262087470786692
58 59 0.27630410661491944
58 182 -0.08525033943912308
58 185 -0.427963939827801
58 188 0.9954601085072328
58 191 0.05483214219128696
58 194 0.28870351542044137
58 197 -0.9458575220543151
58 200 0.13860988914223715
58 203 -0.3403708651316333
58 205 0.7400373584600377
58 208 -0.6710781075962982
58 175 -0.06041300410874961
58 178 -0.8085908886240607
59 60 0.9641990479224942
59 218 0.6395326806149588
59 221 -0.7430785751645788
59 224 -0.7806174164794073
59 227 -0.09685827100433975
59 230 0.3784735289258898
59 233 0.3849251429546834
59 236 0.22531237559677764
59 239 -0.9634030478608351
59 241 -0.6401126901741137
59 244 -0.710496353813965
59 211 -0.5015656623104641
59 214 0.9158812877624718
60 254 -0.07805059566209382
60 257 0.14388401112718752
60 260 -0.12168430775839534
60 263 0.3881405371336908
60 266 0.34167463817203214
60 269 0.08320827103839235
60 272 -0.608551709053335
60 275 0.44865181685189315
60 277 -0.09309860884489018
60 280 0.2945603738465483
60 247 -0.10653836696136776
60 250 -0.08967181067698693
61 62 -0.9930198218064306
61 64 -0.38372749982488585
61 182 -0.1935165463850974
61 185 -0.7314153606127405
61 188 -0.03131026874235299
61 191 -0.4915556481716068
61 194 0.33183505360768595
61 197 -0.6136908412839539
61 164 0.04334930350946875
61 167 0.8724723978710205
61 169 0.8884116466712588
61 172 -0.11996762202283673
61 175 0.21947049409607278
61 178 0.021366958772820244
62 63 -0.9300479435243767
62 65 0.9513335819674478
62 218 -0.8069798188284025
62 221 0.4679558635924408
62 224 0.20104732773247935
62 227 -0.657353268516081
62 230 0.6006249617413766
62 233 -0.6240712521955936
62 200 -0.4820626531333929
62 203 -0.7951150170479917
62 205 0.2037031547828958
62 208 -0.8616183180833792
62 211 -0.7111648451851891
62 214 -0.6871949974101199
63 66 0.138212479439614
63 254 -0.5784941723279988
63 257 -0.09395474185130448
63 260 0.9252873347222028
63 263 -0.3520605020569385
63 266 -0.649285467511256
63 269 -0.3635929442517867
63 236 0.05921269056347911
63 239 -0.19987812824092344
63 241 0.7219528573647909
63 244 0.30082340225311754
63 247 0.23760692305383535
63 250 0.1453185116672604
64 65 0.7087288538539538
64 182 0.3315817051500163
64 185 -0.9172281624260867
64 188 0.6118180539338747
64 191 -0.9524118088051046
64 194 0.618203048728051
64 197 0.3831383255250087
64 164 0.9900981827064803
64 167 0.8247102296266513
64 169 0.5483503373324485
64 172 -0.7444015198719689
64 175 0.25360596259293144
64 178 -0.9403420159652089
65 66 -0.3146515616673311
65 218 0.7872910368859067
65 221 -0.9833627748830229
65 224 0.10720865884810071
65 227 0.1569019507505256
65 230 -0.6061092490658053
65 233 0.38176560092871603
65 200 -0.8864713035646246
65 203 -0.14359424281508937
65 205 0.9056509893393805
65 208 0.4247070627119123
65 211 0.7041652984014812
65 214 0.5118901098061053
66 254 0.9086507118296019
66 257 0.5943447742243
66 260 -0.4518760826606567
66 263 -0.9866689582494421
66 266 -0.2735613018050489
66 269 -0.4810799612789336
66 236 0.0001627796854348773
66 239 -0.6351965320501065
66 241 0.8056218909997332
66 244 -0.7973899733906622
66 247 0.5189062729029095
66 250 0.22214873100242283
67 68 0.3812991795427534
67 70 -0.2918944334758453
67 182 0.553200526997512
67 185 0.04746019869244722
67 188 0.8962837145674947
67 191 0.7317266720790183
67 194 -0.17691174366284335
67 197 -0.04172665298648481
67 164 -0.16344895763359713
67 167 -0.8657063816634236
67 170 -0.05148452808404502
67 173 0.5005935150564778
67 176 -0.5700429637614408
67 179 -0.42762051358935604
68 69 0.2513773301208242
68 71 0.525335519042675
68 218 -0.7685340596359789
68 221 -0.42784147990853616
68 224 0.9524278210641215
68 227 -0.19922620278325254
68 230 0.6623025236699587
68 233 0.6638359167410468
68 200 0.9450821660819841
68 203 0.8307522428779541
68 206 0.4617090382359079
68 209 0.5664022949600322
68 212 0.2836658225647366
68 215 -0.7604948993806053
69 72 -0.5155316385445892
69 254 0.3314189490068953
69 257 0.6486359322603321
69 260 -0.9222822398602415
69 263 0.5137591776649093
69 266 0.5231343967617776
69 269 0.000782596941112379
69 236 0.9981936464818215
69 239 0.6593058795465647
69 242 -0.44469585939355105
69 245 0.18719214517381277
69 248 0.899940890721628
69 251 0.9807336131147457
70 71 0.03729606516719497
70 182 -0.9363062886133464
70 185 0.5995270431330006
70 188 0.28217288762708614
70 191 0.4254414988806663
70 194 0.21023028263845278
70 197 0.32107424934356144
70 164 0.20624750270895276
70 167 0.19129232034200805
70 170 -0.6724351117334091
70 173 -0.26064144817917345
70 176 -0.789274393688177
70 179 0.8593578192631055
71 72 0.19725814972431333
71 218 -0.8368992695038797
71 221 -0.44462369516832356
71 224 0.7241197886963171
71 227 -0.6258507986216575
71 230 -0.20424859998989353
71 233 0.42821737860641673
71 200 0.4170371247902698
71 203 -0.2752054597027731
71 206 -0.2785392463924028
71 209 0.13553492564165404
71 212 0.05442939948947312
71 215 -0.1229693656028088
72 254 0.7614961586111983
72 257 0.7750917187962705
72 260 0.8282655275605995
72 263 -0.666225917166259
72 266 0.05222957131263817
72 269 0.26944178206776837
72 236 0.5374980363026278
72 239 0.25548807009377783
72 242 0.28343817489862433
72 245 0.055517757602860485
72 248 -0.5171746396598844
72 251 -0.9203400056416138
73 74 -0.8496289228093095
73 76 0.3209847489052968
73 182 -0.05342634181603989
73 185 -0.05842520428373743
73 152 0.9529747712099339
73 155 0.30936735314482755
73 158 -0.23349375991923726
73 161 0.11862410152160896
73 164 0.3958799735007883
73 167 -0.7206174662255393
73 170 -0.08474059501888842
73 173 -0.7637630716004069
73 176 0.003751614052760921
73 179 0.025765565913899557
74 75 -0.055892114829035
74 77 0.8209302997237498
74 218 0.4497611034807003
74 221 -0.34104356293227367
74 188 -0.880498414099548
74 191 0.6266346032536168
74 194 -0.8896819574342718
74 197 -0.456332310751409
74 200 -0.491384657017522
74 203 -0.22000870279258433
74 206 0.9154235631759902
74 209 -0.9233493550310719
74 212 0.7738057206680116
74 215 0.6893502333599446
75 78 -0.02365943268145454
75 254 0.43370662632306134
75 257 -0.5867062915807686
75 224 0.3545566980914734
75 227 0.5906414900087158
75 230 -0.9455974077115097
75 233 -0.7243264983937348
75 236 -0.9663552164738773
75 239 0.07744347336254886
75 242 0.6989613919571402
75 245 0.9229462037656406
75 248 0.28605298773852605
75 251 -0.16234974506988364
76 77 -0.6259811825549089
76 182 -0.3743254477869107
76 185 -0.6402425647050776
76 152 -0.5969357044682218
76 155 0.5488809148295586
76 158 -0.169857001150864
76 161 -0.500335338892935
76 164 -0.3793143935553245
76 167 -0.24013268642491092
76 170 0.5720940957923495
76 173 0.3360556351676176
76 176 -0.3140046391584992
76 179 0.725577119839153
77 78 -0.8783515828151087
77 218 -0.08866548746849623
77 221 0.389522464397984
77 188 -0.5896709503487048
77 191 -0.18034184055546087
77 194 -0.4526368227326081
77 197 -0.4401924328226159
77 200 -0.39408308951096727
77 203 -0.627349306561469
77 206 -0.7802219819187295
77 209 0.17346584524301334
77 212 0.10219333104620887
77 215 -0.9230534444238594
78 254 0.05842809402320537
78 257 -0.5872966497859626
78 224 -0.2351674327316704
78 227 0.787052461713732
78 230 -0.2747977038625953
78 233 -0.35459668503129627
78 236 -0.43828530935636234
78 239 0.5013957115500769
78 242 -0.6206238338343961
78 245 0.7016809857445707
78 248 0.4963162030886785
78 251 -0.3385138500966822
79 80 0.1117228659343632
79 82 -0.8677854083017338
79 182 0.0417471060870489
79 185 0.7820947346529394
79 152 0.3623629811062441
79 155 -0.7553112527465156
79 159 0.7105223649608587
79 162 0.9718728878635254
79 165 -0.15385472441938663
79 168 0.47044442175920076
79 170 0.45389791491466225
79 173 -0.9324674695137811
79 176 0.8643121557977249
79 179 0.6044992382844487
80 81 0.3479191734226774
80 83 0.7032338228216546
80 218 -0.6072647473938704
80 221 -0.1623600614803793
80 188 0.7225317646029585
80 191 -0.6324594545214319
80 195 -0.85134297434894
80 198 0.8755448256878251
80 201 0.9044344549707464
80 204 -0.848661907716068
80 206 -0.0945345401008979
80 209 0.5123399212434083
80 212 0.6122091768626559
80 215 -0.7133979543556661
81 84 -0.0026583876554620023
81 254 0.22233786211018391
81 257 0.9026689624830495
81 224 0.5763897812232992
81 227 -0.276260863013718
81 231 -0.46165110770076856
81 234 0.4056220698357942
81 237 -0.11612965068961945
81 240 -0.4584027394237913
81 242 0.3525787665947522
81 245 0.4169081598607258
81 248 -0.18201392868693023
81 251 0.07045806774401697
82 83 0.8218269753939011
82 182 -0.37530095360135585
82 185 0.18638235589277996
82 152 -0.38241648025718233
82 155 0.4250532097608015
82 159 0.2560378546207156
82 162 0.9329887129871792
82 165 -0.9377109610932313
82 168 -0.7257111191897225
82 170 -0.26293036015982385
82 173 0.006372323426451887
82 176 -0.19726701070786667
82 179 0.8290429045092254
83 84 0.023603901706357622
83 218 0.2593430540591648
83 221 -0.3943489717321944
83 188 0.5483297280918009
83 191 0.6570174522713339
83 195 0.815252730225769
83 198 -0.04997909024159464
83 201 0.8492005088405685
83 204 0.6617094311427105
83 206 -0.2474224385160828
83 209 -0.82840252103572
83 212 -0.6628417394844794
83 215 -0.1181112791721548
84 254 -0.5186570156485364
84 257 0.5499170621459293
84 224 -0.916890942618023
84 227 -0.4178752441675553
84 231 -0.8553073757949297
84 234 0.9737521914239238
84 237 -0.30696853071759866
84 240 -0.26376985554679244
84 242 -0.9937244442678435
84 245 -0.7880367286161492
84 248 0.296986518262496
84 251 0.041327098878442214
85 86 -0.18696068069366123
85 88 0.28852196647051787
85 182 -0.852275652299457
85 185 -0.4527907845265602
85 188 0.7300507065649415
85 191 0.37463153224580337
85 195 0.1598764588321835
85 198 0.64262423665798
85 201 0.3733413195177526
85 204 0.18611347872116157
85 206 -0.6528169792706835
85 209 0.03332308709172005
85 176 -0.6649982268557764
85 179 -0.6941477479694027
86 87 0.9806085961121749
86 89 0.7220961113622031
86 218 -0.9979614367102123
86 221 0.7698522101928185
86 224 0.8449233621864276
86 227 0.040251625731073215
86 231 -0.778306360198993
86 234 0.7353809383380943
86 237 -0.41405012358422133
86 240 -0.9553238493426497
86 242 -0.52614163072194
86 245 0.9001918757632779
86 212 -0.050146895529316726
86 215 -0.6348521716058013
87 90 0.9029530580108609
87 254 0.606701162306855
87 257 -0.22483414131592583
87 260 0.07377369993831362
87 263 0.537371174250268
87 267 0.6282342676195407
87 270 -0.24895689282106126
87 273 0.5959745888254786
87 276 0.45376214331703824
87 278 0.6727154479483983
87 281 0.1404274922720743
87 248 -0.03497026947565751
87 251 -0.050993947374649684
88 89 -0.4420217792144192
88 182 0.7943406424299067
88 185 0.023242089962452583
88 188 0.6665958039312745
88 191 0.549373713069939
88 195 -0.863324407058464
88 198 0.8339036890496534
88 201 0.5411715827824244
88 204 0.6936951723417233
88 206 0.8314486610862675
88 209 0.3829920310324624
88 176 0.5279859658527815
88 179 0.05382294602806659
89 90 -0.6832571211332794
89 218 -0.8520662566045771
89 221 0.44650308058418386
89 224 0.5721309678004132
89 227 0.3955710227459557
89 231 -0.06359326620509753
89 234 -0.5221043967767514
89 237 -0.30573245672130134
89 240 -0.8451403969243949
89 242 0.07059269459082862
89 245 -0.20636400705396163
89 212 0.7123194333013287
89 215 0.5344669007898128
90 254 -0.38709778883656587
90 257 0.24129080711479967
90 260 0.7574943345502161
90 263 0.8087137560637498
90 267 0.20070167052016386
90 270 -0.6137127934263782
90 273 -0.7144898962796593
90 276 0.8545278726912413
90 278 0.0829308664184869
90 281 0.8988050518455155
90 248 0.1852595933874852
90 251 0.040589175800243904
91 92 -0.29743514624220313
91 94 0.30773691041972784
91 183 0.4563444530868035
91 186 -0.3613383044864844
91 189 -0.02744486447944694
91 192 -0.4634690554307055
91 195 -0.9629272064353309
91 198 -0.1526030185168683
91 201 -0.8221957088383418
91 204 -0.91956572006305
91 206 0.6913518909593444
91 209 -0.4048645041681973
91 176 0.20889756596551212
91 179 -0.2371021658841317
92 93 -0.5383210126511029
92 95 -0.6267275756785338
92 219 0.5680867420707552
92 222 -0.8148998618701457
92 225 0.963610489893123
92 228 -0.37375111194476607
92 231 0.3473202698946274
92 234 -0.6943587273391829
92 237 -0.07234698056168165
92 240 0.9563204926331101
92 242 -0.08876897264043015
92 245 0.8052675328543273
92 212 -0.6932692807207335
92 215 -0.6427061853021252
93 96 -0.1564622683547534
93 255 -0.40451663816726113
93 258 0.9911770371650395
93 261 -0.28018860181585814
93 264 0.7644339146323025
93 267 0.6326449756616921
93 270 -0.550017975085707
93 273 0.6234595521646362
93 276 0.5370119822785049
93 278 -0.16776344145308264
93 281 -0.8082724640836649
93 248 -0.3649287725830168
93 251 -0.5903765858321102
94 95 -0.567986068715362
94 183 0.17621792646283763
94 186 -0.15126699879806393
94 189 -0.5437086062383292
94 192 0.19832301109899486
94 195 0.8273954130076497
94 198 0.7307140105025371
94 201 -0.42699394624351483
94 204 -0.11801590220172176
94 206 0.178947718426395
94 209 0.1719431011259296
94 176 -0.8697874648870785
94 179 0.9678485839284188
95 96 -0.0837219558801221
95 219 0.33995776371197217
95 222 -0.4660316003079157
95 225 -0.8972880424804557
95 228 -0.724936253700398
95 231 0.6841718053107477
95 234 0.5727612961168957
95 237 0.9997734997614749
95 240 0.14366939035544712
95 242 -0.8511511143374
95 245 -0.3890189963216244
95 212 -0.787744546877146
95 215 0.6583336487523894
96 255 -0.048107416294878025
96 258 -0.1172930303294566
96 261 0.9273984062564511
96 264 -0.4707146489663412
96 267 -0.4002094338957225
96 270 0.4231180666585521
96 273 0.2860398319970612
96 276 -0.8907272296525861
96 278 0.38625982558638117
96 281 -0.9090576665950976
96 248 0.5815438669346715
96 251 -0.1856645040123499
97 98 0.8782134155475925
97 100 -0.48594812626899064
97 183 0.6522864946748748
97 186 0.5444368809095717
97 189 0.9727487228340215
97 192 0.807911028500184
97 195 0.6907663389498642
97 198 -0.7781650159218356
97 165 -0.7570914413915999
97 168 0.39518821760133527
97 170 -0.2543780874632764
97 173 -0.24170252342620735
97 176 -0.9589521139965698
97 179 0.46245890231936637
98 99 -0.44330513981542596
98 101 -0.8910096599497996
98 219 -0.5819755275704221
98 222 -0.3265745877980928
98 225 -0.22116395741355754
98 228 -0.4170820653707852
98 231 0.17593991206208326
98 234 -0.025220405326015216
98 201 0.016101313131620776
98 204 0.09740881972351367
98 206 0.14778405111023218
98 209 0.18672547614076618
98 212 0.22419582556855966
98 215 0.24227944263227008
99 102 -0.023710354653079024
99 255 0.3563670271378492
99 258 0.243000997723114
99 261 -0.02876211023093922
99 264 0.7492359236416071
99 267 -0.22480004840318046
99 270 0.2535984065581798
99 237 0.9420788246277905
99 240 -0.9133370966156913
99 242 0.38762865782901
99 245 0.1578290552610493
99 248 -0.5892858698947785
99 251 0.27092121077566955
100 101 -0.1081929835605755
100 183 -0.14926666170747893
100 186 -0.18465477062443458
100 189 -0.8503730649941945
100 192 -0.8288142471428241
100 195 -0.1349040097658234
100 198 -0.5436527327056511
100 165 0.5493640738222922
100 168 -0.8657939298227402
100 170 -0.17576325741947052
100 173 0.1643219867728487
100 176 -0.580709007265277
100 179 0.03128680872681633
101 102 0.44737804332566067
101 219 -0.7504460063918041
101 222 -0.16359540324744004
101 225 -0.576311901942824
101 228 0.3986599210223205
101 231 0.04262516208709766
101 234 0.707733410084961
101 201 -0.6382045754050403
101 204 -0.36494391251019076
101 206 0.3892317572108943
101 209 0.7946746613564579
101 212 0.68255557356745
101 215 -0.6040607027597162
102 255 0.9371422061312416
102 258 0.4837346747953146
102 261 0.10688745426795765
102 264 -0.6516409333569011
102 267 -0.2761063805469419
102 270 -0.30041526015896647
102 237 0.7104238628588664
102 240 0.8113008356968687
102 242 0.8364611776654554
102 245 -0.25960848387521396
102 248 -0.789961180042732
102 251 -0.19792397378185633
103 104 0.6509652781477608
103 106 -0.03967871792224331
103 183 0.9551054228725258
103 186 -0.07342077400055635
103 189 -0.7328378791339978
103 192 0.1173083710045566
103 195 -0.7441986449837275
103 198 -0.018191479043584202
103 165 -0.6805823130167477
103 168 -0.6225396097691578
103 171 0.5258446122628562
103 174 0.589975150923794
103 177 0.23378721011396286
103 180 0.3027357831774018
104 105 -0.6287354443002897
104 107 0.2992804704872387
104 219 0.43018168597725825
104 222 -0.7070327184897547
104 225 -0.7122186253333889
104 228 -0.023320886212240044
104 231 -0.010984463955729273
104 234 0.5092076215823873
104 201 0.0014275124713845067
104 204 0.5543978201514574
104 207 0.34879185170755256
104 210 -0.9764651011373866
104 213 0.7050141055596943
104 216 -0.21101253951529708
105 108 -0.27810562537638517
105 255 -0.050403686671609105
105 258 -0.05368188593352197
105 261 0.20214719689567273
105 264 -0.39500083166109246
105 267 -0.4571004288928373
105 270 -0.21312003298288307
105 237 -0.8426481985410179
105 240 0.713921490159207
105 243 -0.1691368195290086
105 246 0.4617663084236989
105 249 -0.8296662412678055
105 252 0.34809345398498737
106 107 0.18329231969046278
106 183 -0.20501618463223514
106 186 -0.7060785784926527
106 189 0.22129961283423882
106 192 0.7948893399075025
106 195 0.0969675987917864
106 198 0.19390241295559685
106 165 0.14306375607357635
106 168 -0.037897596011703394
106 171 -0.8591636717771622
106 174 -0.8624816691306816
106 177 0.3009306903489579
106 180 -0.4634440503541186
107 108 0.0016557929211455935
107 219 0.7163976003901671
107 222 0.9091106147238728
107 225 -0.6406654329577697
107 228 0.8923037964276621
107 231 -0.8783017227378664
107 234 0.13025338550154442
107 201 0.30341250850616674
107 204 0.6177429829157735
107 207 0.3485404300042181
107 210 0.23911530522491464
107 213 0.510191411643335
107 216 -0.5137408112926416
108 255 -0.8711732650850812
108 258 0.5158268114720912
108 261 -0.3365090306428049
108 264 0.29093203582762084
108 267 -0.9036878369881058
108 270 0.8450224114430223
108 237 0.003984190624815698
108 240 0.2633482120495032
108 243 0.005943438189559558
108 246 0.5360541778151038
108 249 -0.949753901529089
108 252 -0.07716165474377967
109 110 0.5293313846551164
109 112 -0.518858211038346
109 183 -0.1560394437031274
109 186 0.31857750252893857
109 153 -0.6742339695563271
109 156 0.7113552726922634
109 159 0.7580620845028669
109 162 -0.21029590552737454
109 165 0.9494993784062571
109 168 -0.3795304846609058
109 171 -0.34988719002594193
109 174 -0.2814654143939568
109 177 0.4616502079549838
109 180 0.47518517675027483
110 111 -0.8566462793878491
110 113 -0.08256831010985288
110 219 -0.9776271164267709
110 222 -0.6125054218343675
110 189 0.8491973176124996
110 192 0.8825963631277605
110 195 0.1795930650257722
110 198 0.9858065345020655
110 201 -0.4826513487719659
110 204 -0.5852307183682912
110 207 -0.8642192911637752
110 210 -0.41124405288126464
110 213 0.7315831861559106
110 216 -0.6418663870651418
111 114 0.09014518054859133
111 255 -0.5050305317523822
111 258 0.8579920869125099
111 225 -0.931704415710771
111 228 -0.5628239805498183
111 231 0.6490074993553638
111 234 0.8314418576462679
111 237 0.865672606686047
111 240 -0.23752619204075986
111 243 0.7230481930432653
111 246 -0.6142510692076619
111 249 -0.4598369467012371
111 252 -0.06629962313788096
112 113 -0.7515361114115315
112 183 -0.7998082829633104
112 186 0.3536618522589481
112 153 0.16576972460997386
112 156 -0.827067045131459
112 159 0.06667882461540153
112 162 -0.04461912103075871
112 165 0.34916395925143595
112 168 0.4775428903627421
112 171 -0.28547842389199074
112 174 -0.5422089082435664
112 177 -0.8953663741417894
112 180 -0.4923791301393665
113 114 0.7010643871312243
113 219 0.1333431512034844
113 222 -0.9027810783925585
113 189 -0.48162205738352504
113 192 -0.0031848307863637793
113 195 -0.625219477084541
113 198 -0.3142317446044649
113 201 -0.6711303618894482
113 204 0.4605598681755203
113 207 -0.5681099530207945
113 210 -0.8795901930299135
113 213 -0.06082144895851993
113 216 -0.8080245238083301
114 255 0.1716806720534001
114 258 0.2016682548400499
114 225 -0.9400236578667103
114 228 -0.4542414187461161
114 231 -0.5446000090152179
114 234 -0.8134855510991714
114 237 -0.7387390039466124
114 240 0.7718323499074644
114 243 0.06819479340250667
114 246 0.5548205674825804
114 249 -0.042496902221084154
114 252 0.15222115805262115
115 116 -0.3326116316372236
115 118 -0.5975233968984892
115 183 0.32903479452509
115 186 -0.620173310652115
115 153 0.8830222673392485
115 156 -0.8691708872633139
115 171 0.4989206705973164
115 174 -0.7186954097972937
115 177 0.28129583732255514
115 180 -0.41317634105835355
116 117 0.25981616432474985
116 119 0.11465691871172856
116 219 0.22496745126963935
116 222 0.8513349408969844
116 189 -0.1599614849862676
116 192 0.28719389696195297
116 207 0.3245393309860427
116 210 0.014829479217926878
116 213 -0.4535072634409203
116 216 -0.5911109944673505
117 120 0.3789245398838299
117 255 0.03944331362243969
117 258 -0.44386112340344486
117 225 0.2850785264798914
117 228 0.5751947290990711
117 243 -0.7331535481476934
117 246 0.08784620854307912
117 249 0.5035803338730538
117 252 0.8402235980109796
118 119 0.692930451256857
118 183 -0.5002419245071335
118 186 0.40239665343503384
118 153 0.976776809618483
118 156 -0.436253097685082
118 171 0.5925591479418899
118 174 0.37073477184114356
118 177 -0.8595524711521023
118 180 -0.2699884914822952
119 120 0.48104705243810386
119 219 0.9917657906789374
119 222 0.68054941055504
119 189 0.9922536405393654
119 192 -0.9819899184509018
119 207 -0.6287512270895022
119 210 0.7983974088801116
119 213 -0.3858348792202597
119 216 -0.4647870451111815
120 255 0.900806391835572
120 258 0.6620555136181232
120 225 -0.5495925929199414
120 228 0.642832993204898
120 243 0.41157707787631637
120 246 0.5768111392125874
120 249 0.7692073107575366
120 252 -0.6508649226967802
121 122 -0.34532976835507023
121 124 -0.15137151395882387
121 183 -0.23597630628591526
121 186 -0.5454326187955942
121 189 -0.20614127335386834
121 192 0.06332993566865142
121 207 -0.7119619748346779
121 210 -0.00863138185502299
121 177 0.5715105879634954
121 180 0.34860665410722524
122 123 0.3914274731901142
122 125 -0.5689902111257159
122 219 0.5434557133752789
122 222 -0.5494419471468128
122 225 -0.9702539248389401
122 228 -0.5720079036837877
122 243 0.6517931950050613
122 246 -0.8648560854085792
122 213 -0.1026867436706762
122 216 -0.2243640592411733
123 126 0.14534215307008402
123 255 -0.8536729932467007
123 258 0.49371011538098397
123 261 -0.7299982170840125
123 264 0.8953176208506981
123 279 0.1025494198472181
123 282 -0.7038636761358337
123 249 -0.3047315911179014
123 252 0.6212526029761936
124 125 -0.9374848269146863
124 183 0.2967353632117551
124 186 0.8956222143703261
124 189 0.7506362085878995
124 192 0.3052381554984518
124 207 0.6916991441696803
124 210 -0.8335468258922718
124 177 -0.8758002966322793
124 180 -0.11401139359434431
125 126 -0.3855130705212082
125 219 -0.2789978750284554
125 222 -0.35645294532791194
125 225 0.6911726072665756
125 228 0.6822899419990391
125 243 -0.9237776467247765
125 246 -0.5332834782765032
125 213 0.9367784556000285
125 216 -0.8085505631634862
126 255 -0.00844400262533962
126 258 0.4473749265927238
126 261 -0.20899573201724797
126 264 0.17585980561457926
126 279 -0.16208804046721337
126 282 -0.22194841700530943
126 249 0.8305023745264142
126 252 -0.08458153714904504
127 128 -0.7168775834303933
127 130 -0.9775362807915029
127 207 -0.4904089016525168
127 210 0.16715975051628407
127 177 0.006586074722682911
127 180 0.7082556789790693
128 129 0.42500410731768445
128 131 0.18211447807811232
128 243 0.7362934130813494
128 246 -0.6990721597853067
128 213 -0.2763407038225101
128 216 -0.5719466639622297
129 132 -0.7548778628625712
129 279 -0.5402873837105955
129 282 -0.4247986905087857
129 249 -0.7369048191021339
129 252 0.5742740100636488
130 131 -0.6671496694682935
130 207 0.5930627093848846
130 210 -0.32128791781265487
130 177 0.8299266136634451
130 180 0.23008125822172532
131 132 0.5366861658241846
131 243 0.7152302157572812
131 246 0.5201893503382733
131 213 -0.8470995360765716
131 216 -0.8611925980768567
132 279 0.9093217309302783
132 282 -0.8668257128730537
132 249 0.893952301160694
132 252 0.3403480963775163
133 134 0.7056282138169845
133 136 -0.8122697206516654
133 171 0.3756926823965967
133 174 -0.22438056425050945
133 177 0.5164493108464354
133 180 0.8203360190466829
134 135 0.010914586864866349
134 137 -0.2215058834877881
134 207 0.5466933911904419
134 210 -0.12396570173662513
134 213 -0.9637076526829489
134 216 0.11267613799969034
135 138 0.20694487600921918
135 243 0.24109321295864894
135 246 -0.6827429214664917
135 249 -0.19709500330219232
135 252 -0.36991903804887105
136 137 0.9323133137836335
136 171 0.2080458546132118
136 174 0.1833606748891281
136 177 0.7658650735473673
136 180 0.7302738195905303
137 138 0.22784581181431007
137 207 0.5815994925541259
137 210 -0.7852318210752509
137 213 0.8805748605416033
137 216 0.0305092078070599
138 243 -0.18990748578130345
138 246 -0.354615450001436
138 249 -0.7294210148261848
138 252 -0.1321679273441867
151 152 -0.9874473376841626
151 154 -0.09384049028451158
152 153 -0.9693698757189126
152 155 0.3156672288192395
153 156 0.37872684052857775
154 155 0.38149125219228774
155 156 -0.799034471065446
157 158 0.5135537136041732
157 160 0.49611191528177034
158 159 -0.9388872850502885
158 161 0.8338765447470156
159 162 0.16696526677761003
160 161 -0.7716769836123996
161 162 0.07742746183664151
163 164 -0.8532960866401933
163 166 -0.6684254451120661
164 165 -0.8901660087606802
164 167 -0.13145914253891644
165 168 0.03228059830919183
166 167 -0.949319860444515
167 168 0.3924572240597719
169 170 0.8402477295069479
169 172 -0.8233462062822565
170 171 -0.3607968342042356
170 173 -0.9888325534815305
171 174 0.2954500201227215
172 173 0.6085788416562319
173 174 -0.44133026866930836
175 176 0.8114149094517547
175 178 0.9882819690354208
176 177 -0.7111839785384633
176 179 -0.18091748117611206
177 180 -0.5547828647310842
178 179 -0.23683896105773017
179 180 -0.4974292630776762
181 182 0.2598572827151171
181 184 -0.7654557732840619
182 183 0.3967271492251807
182 185 -0.5010267247195848
183 186 0.6873640743204226
184 185 0.6042222679463845
185 186 -0.13958578148066447
187 188 -0.8606788399656178
187 190 0.5607750724435403
188 189 -0.31359614386192614
188 191 0.8330455487824624
189 192 -0.015196754425482295
190 191 0.7969311649494175
191 192 0.8972984980763863
193 194 0.6214669242617112
193 196 -0.03275180178700787
194 195 0.4182068201157385
194 197 -0.031376126758110745
195 198 0.16452852298262655
196 197 -0.5974302808220109
197 198 -0.5970575293796467
199 200 -0.9675387270254017
199 202 -0.7699405601875964
200 201 0.1353420515877486
200 203 -0.3720095441613547
201 204 0.5474103120496796
202 203 0.3770755404085764
203 204 0.05844117694859308
205 206 -0.9668818426449293
205 208 -0.12387206167644704
206 207 -0.03720090262246867
206 209 0.2906574099653214
207 210 0.14441701122965833
208 209 0.14616401970744364
209 210 -0.4403122426268691
211 212 -0.4046497482113143
211 214 -0.8066087563415687
212 213 -0.4383063937913245
212 215 0.0005092250545721821
213 216 -0.6249144447963972
214 215 0.04638079897922909
215 216 -0.08714244310765484
217 218 0.5098452405254648
217 220 0.9532113181327684
218 219 0.8533621589437244
218 221 0.10527787169888247
219 222 -0.17425058135204874
220 221 0.8692835634761775
221 222 -0.8082622728944464
223 224 0.5393554415486412
223 226 0.4766152880164609
224 225 -0.16406497600502146
224 227 -0.9823958822074403
225 228 -0.1791096927055591
226 227 0.7117819793205948
227 228 0.9731263181945191
229 230 0.5939731548800575
229 232 -0.4293905699192777
230 231 0.25295131296018414
230 233 -0.5811215826076435
231 234 -0.34400292735664983
232 233 -0.31086972773881016
233 234 0.14598950907411923
235 236 0.7481541105536276
235 238 -0.1448487181419993
236 237 0.41316778505349605
236 239 -0.6545272715263373
237 240 -0.6730996725624312
238 239 0.8281035777104389
239 240 0.3574837477368029
241 242 -0.5100953538708295
241 244 0.5553866374478023
242 243 0.7223259773935711
242 245 -0.18637737024231638
243 246 0.9957799022058531
244 245 0.24657540618140872
245 246 0.3743976874945478
247 248 0.6917504081637875
247 250 0.2910926527980253
248 249 0.16939780579554786
248 251 -0.5438748562033733
249 252 -0.4777164985030433
250 251 0.47265561426623326
251 252 -0.7526108165129852
253 254 0.1930653241442264
253 256 -0.981918358605093
254 255 -0.41193683653387336
254 257 0.12148483187673742
255 258 0.3077919871619317
256 257 -0.9568150870012764
257 258 -0.5091572318229658
259 260 -0.48130801112117627
259 262 -0.22817183924669737
260 261 -0.7418802005363756
260 263 -0.7715229454535357
261 264 0.7138436343880037
262 263 -0.5539510441195072
263 264 -0.4031370059205961
265 266 -0.9830675095207961
265 268 0.5494234095344019
266 267 -0.2112973702713663
266 269 0.2899858204643446
267 270 0.1531479190757672
268 269 -0.5096511385484588
269 270 0.443841933356377
271 272 -0.78757915795088
271 274 0.35261082828010415
272 273 -0.5101103017107518
272 275 0.20887824624503182
273 276 0.4298682587936631
274 275 -0.28683727800940195
275 276 -0.24649565381219896
277 278 -0.015441482347249513
277 280 -0.4585350770650569
278 279 0.3772360569969009
278 281 0.49099673667614074
279 282 -0.14163753559659753
280 281 0.1772409613931445
281 282 0.4772300466642332
