# 
7 7 0.8474334551457918
8 8 -3.2994296086576504
9 9 0.3930855104468609
10 10 -0.7737317892896378
11 11 3.3072974755712012
12 12 -2.7028083849635385
13 13 3.088665206253964
14 14 3.134638322493993
15 15 1.4226886204321936
16 16 0.22475582857482568
17 17 -2.3936487489894223
18 18 3.4167404180908862
19 19 1.2408994583346802
20 20 -0.14044672336424568
21 21 3.847402477554688
22 22 3.2140473896815234
23 23 -2.0855988450269747
24 24 -2.6124458858184543
25 25 2.8431124552293303
26 26 -3.578654562117249
27 27 2.026047922353615
28 28 -0.5020913560053479
29 29 -1.7793368250944281
30 30 -0.6600562876107716
31 31 3.6708422353053356
32 32 -2.120838297119332
33 33 -3.783108300683118
34 34 0.21935795065843067
35 35 0.26946795860606976
36 36 3.4204858870281063
37 37 -0.2962742831853644
38 38 -2.7476735216042405
39 39 1.0402742438208161
40 40 0.8142334929383521
41 41 2.166658541334267
42 42 -0.6490577619766835
43 43 -2.933425782642754
44 44 3.170919208750229
45 45 0.7963910243023875
46 46 1.8260308916202472
47 47 -0.4652522346553267
48 48 0.05965281344191098
49 49 0.3789507592749555
50 50 0.13868334378070735
51 51 3.3459204640038873
52 52 0.26306534275928684
53 53 -2.9552291470976586
54 54 3.564024136678679
55 55 -3.238714195304766
56 56 -2.345405783175516
57 57 0.29675898720361804
58 58 -2.19703505273716
59 59 -2.1916228528131656
60 60 -1.2485439911668301
61 61 0.907232139989917
62 62 -3.2983722080974207
63 63 0.26212036428019214
64 64 1.8461944730030675
65 65 2.8315795680604383
66 66 -2.6964366879403583
67 67 -3.1070285765373145
68 68 1.2893566430751138
69 69 2.2542905070672727
70 70 -2.5952837636392028
71 71 -0.8036337790189343
72 72 0.20154652818351249
73 73 0.9352454336376184
74 74 -0.5046266194391382
75 75 0.9931591738762018
76 76 2.556778672576825
77 77 1.3885871185941774
78 78 0.41460709455518785
79 79 2.637082027451588
80 80 -1.2996728418996089
81 81 -3.054516293388388
82 82 1.0386130571267476
83 83 -1.3370759925806182
84 84 -2.1614294535764973
85 85 -0.5306536366937404
86 86 2.7894094179111377
87 87 -3.344207580660945
88 88 -1.8129689458432878
89 89 -0.5405619500770822
90 90 -2.3465024131206027
91 91 2.053365199812988
92 92 -3.7067876244763145
93 93 -3.192472345839307
94 94 3.197525545577685
95 95 -2.7239133303041925
96 96 -3.648175963558308
97 97 2.826464984020877
98 98 0.8119686956915393
99 99 2.9359854362014577
100 100 1.9916371695941981
101 101 -0.4301635130856143
102 102 3.8030469271503042
103 103 2.497609541645863
104 104 3.06331164784787
105 105 0.4775854399652246
106 106 -0.8225705254162179
107 107 -0.602738780327039
108 108 2.5180750450976213
109 109 -0.20420696554292217
110 110 1.8543654567144063
111 111 -3.797580713430416
112 112 2.120863524716615
113 113 -0.23046573134265724
114 114 0.7878766485178792
115 115 -0.3105076247633214
116 116 3.020297984745712
117 117 -3.446314632945251
118 118 -3.9994261561588322
119 119 -0.12883639796123258
120 120 -3.1479553406994
121 121 3.6815443493886235
122 122 0.8880994614630131
123 123 2.640944732858168
124 124 -3.7638153952936353
125 125 3.5029304843121754
126 126 2.348890959580576
127 127 -1.8101246447228743
128 128 -2.8807518017267073
129 129 3.701510219542638
130 130 -3.601131319954047
131 131 1.6413967744835798
132 132 3.597902645858607
133 133 1.6184895327149507
134 134 -1.547537714291142
135 135 1.1725497141961059
136 136 0.9333831063543307
137 137 0.9653657543526908
138 138 -2.9280804671182787
151 151 -0.7124774244382044
152 152 3.5853535926765803
153 153 3.7072611973127936
154 154 -2.1734732473681353
155 155 2.9382115458443554
156 156 -0.007342819548147084
157 157 3.9552901061333605
158 158 -1.594499966519363
159 159 -3.3979345631893008
160 160 -0.9381880175371373
161 161 -1.0793800267205116
162 162 -3.660991250028851
163 163 -1.5523443799455494
164 164 -1.3514460525244765
165 165 -3.0867470216211625
166 166 -3.728792920201756
167 167 1.9239215192345887
168 168 1.0276863369659175
169 169 1.9417870522154814
170 170 -2.2232975768359946
171 171 -2.1220834001455984
172 172 -1.1106381410508863
173 173 2.6959197912994446
174 174 3.506425185415102
175 175 0.833150971415292
176 176 2.6238133776648924
177 177 -2.351490833294899
178 178 -0.3725214885686752
179 179 2.3065600838978613
180 180 -0.17616756106976972
181 181 -2.026043350961573
182 182 -0.2304998758097021
183 183 2.3558309963293986
184 184 -1.4017673612758763
185 185 0.666718192236261
186 186 -2.425788999222376
187 187 2.338841379322136
188 188 -1.6843722175274225
189 189 -0.9913197381555596
190 190 -3.6660732298644874
191 191 2.225009847364034
192 192 0.09693460619173422
193 193 2.8668072549731356
194 194 3.5788371287422533
195 195 1.2364914798587714
196 196 -3.780254110344792
197 197 -0.22642163751851818
198 198 2.251867723625293
199 199 -3.367886683071382
200 200 -3.101263161871774
201 201 -0.3271435594069274
202 202 -1.9120007418224825
203 203 0.7464470733241102
204 204 1.834163182038484
205 205 -2.479630319235344
206 206 -0.056659285598233744
207 207 3.52460832104304
208 208 -0.5512954217504111
209 209 -3.209702390757771
210 210 1.6817839658669147
211 211 1.6843166310116828
212 212 3.8175673670224164
213 213 -3.848227677213523
214 214 1.5297588955481185
215 215 3.008870687787737
216 216 -1.7074666254021746
217 217 2.3210395585170867
218 218 0.4111741173704768
219 219 -3.045681602503576
220 220 1.9273107502019107
221 221 2.193097365988602
222 222 -0.6244312299339247
223 223 -0.591647054803607
224 224 -1.0999924400580303
225 225 -0.8112371322182073
226 226 -3.3899758616263824
227 227 2.5480564620987893
228 228 -1.6214782410396742
229 229 -2.7039877220985353
230 230 3.2349988448552525
231 231 3.778703219221251
232 232 -2.3273716644797497
233 233 3.4198378381163126
234 234 -2.341596842083116
235 235 0.885560231167756
236 236 1.7904655439398294
237 237 2.1951938320340503
238 238 -1.2296370517185213
239 239 1.0952830921877812
240 240 -0.30392906233766226
241 241 2.0523941747410666
242 242 -0.059883530284745135
243 243 -0.7977504640482147
244 244 2.763207955847145
245 245 3.122958783661896
246 246 3.180536236863677
247 247 -0.1632109770979424
248 248 3.7144376673958854
249 249 -2.240791059177565
250 250 -0.7532451333441061
251 251 -1.537032984970784
252 252 0.589050010184792
253 253 3.592412029329328
254 254 -1.0388455147930769
255 255 1.11910928352607
256 256 1.1134014079708612
257 257 -1.1993216495279144
258 258 -0.032569691653839605
259 259 -1.9753081932135883
260 260 -1.9366028608446602
261 261 -2.470341145128213
262 262 3.7717577548731107
263 263 1.8447169951411242
264 264 2.8093147980009654
265 265 2.838264842781723
266 266 1.3694085641798797
267 267 3.4640735414985544
268 268 -2.038266616265126
269 269 1.466370552880158
270 270 2.469159090280967
271 271 0.6325039858870563
272 272 3.6085295513766997
273 273 3.8151320186181854
274 274 0.8034025045282469
275 275 -3.5161568424407754
276 276 3.8168634347608137
277 277 3.928741539486123
278 278 -0.9152139707735021
279 279 3.5611254529319725
280 280 2.468799663690289
281 281 -1.5818838843693621
282 282 3.0491609316628834
7 8 0.5196047973402835
7 10 -0.7011791713002884
7 157 0.7897690202287115
7 160 -0.6760874961963401
7 163 0.8942820722831555
7 166 0.7867608946108775
8 9 -0.8633752502438001
8 11 -0.7201072569378832
8 193 0.9910010171142285
8 196 0.937960387626281
8 199 0.3793200230340259
8 202 -0.3009052504355505
9 12 -0.7087427259663048
9 229 0.8296377448787853
9 232 -0.9322843670411936
9 235 0.25370706196433757
9 238 -0.8600492756941771
10 11 0.958640062811664
10 157 -0.2208890825417924
10 160 -0.12610831147631796
10 163 0.8948788695069054
10 166 -0.045832881994503305
11 12 -0.7514166484957701
11 193 -0.36349565909422377
11 196 0.8670115072682907
11 199 -0.02776503755681281
11 202 -0.1442779881221734
12 229 -0.42827512604311857
12 232 -0.637353914363453
12 235 -0.7879988385413921
12 238 -0.8996383991193859
13 14 -0.8616168877357597
13 16 0.7800780788763613
13 193 -0.2094102845706829
13 196 0.8375955673438036
13 199 -0.6019772006865756
13 202 -0.6836899555228155
14 15 -0.9745910775108466
14 17 0.19322474242877163
14 229 0.5348016682451231
14 232 -0.8460439909380575
14 235 0.09695765730213046
14 238 0.7456739729028745
15 18 0.26275700408429636
15 265 0.9703784304213952
15 268 -0.16693318818071523
15 271 0.5082279981354443
15 274 0.20309677620364153
16 17 -0.40792207894315213
16 193 0.604853309189981
16 196 0.23553031481268305
16 199 0.12616469573764255
16 202 -0.25198251326630516
17 18 -0.2635389472716847
17 229 -0.7964486225116154
17 232 -0.24017582051557995
17 235 -0.759659706619515
17 238 0.5434870177539248
18 265 -0.4278832819817977
18 268 -0.5837840629910604
18 271 -0.7862545015482716
18 274 0.4454628291922509
19 20 0.17801744935822628
19 22 -0.0664017181345018
19 181 -0.9118676341404901
19 184 0.6477227244181953
19 187 0.5224567090359031
19 190 -0.8419506011556299
19 193 0.5824939024935776
19 196 0.5975627241780124
19 199 0.1657828055147168
19 202 -0.4832860428632848
20 21 -0.43579852217782533
20 23 0.17749174259865308
20 217 0.21298764759039046
20 220 0.5346111295128717
20 223 -0.7759632602978923
20 226 -0.8492070674206533
20 229 0.8224588906983994
20 232 -0.8411570775669579
20 235 -0.8711766915730823
20 238 0.9226291696242837
21 24 0.30718488096505947
21 253 0.05344628477382707
21 256 0.3150847021177634
21 259 0.017294153652515076
21 262 0.2712874910403196
21 265 0.2789251502235566
21 268 -0.1867193008665664
21 271 -0.22070744255298735
21 274 -0.9636530380198325
22 23 0.7219924142618426
22 181 -0.9043548462529574
22 184 0.9687010931361184
22 187 0.14160636742862875
22 190 0.5712219095335629
22 193 -0.7001683340190794
22 196 -0.7099986438275783
22 199 0.05546652180026346
22 202 -0.3709426106110998
23 24 0.7196677333990245
23 217 -0.08032472544320668
23 220 -0.7225005457905203
23 223 -0.5566285777893567
23 226 -0.8516302970964149
23 229 0.3694212979160465
23 232 0.7570423677840039
23 235 0.7190266633354045
23 238 0.7249727389699718
24 253 -0.6834218642142109
24 256 0.8755146998977772
24 259 0.4576839584040566
24 262 -0.6239754642779294
24 265 -0.8811863421847441
24 268 -0.8786444498928518
24 271 -0.5304891955353406
24 274 0.9023326161369836
25 26 -0.5188668878819855
25 28 -0.3102822152478597
25 181 0.10686082262008112
25 184 -0.07464157276967898
25 187 0.07978000836731014
25 190 -0.5103167559198076
25 193 -0.5080484823668188
25 196 -0.032681091149013186
25 163 -0.7630983161975009
25 166 -0.509255216540611
26 27 -0.06832491204293234
26 29 0.09643961236123855
26 217 0.8689580430972208
26 220 -0.36147101775753354
26 223 0.8286299876111141
26 226 -0.14809468755350275
26 229 -0.7452809237945188
26 232 0.3483918218447639
26 199 0.408995533222247
26 202 0.646185406636753
27 30 0.34838466147693614
27 253 -0.7558491915815344
27 256 0.6092508937104497
27 259 0.36223887636689733
27 262 -0.5573058268358575
27 265 0.12488831071569817
27 268 0.5365109720349768
27 235 0.36492679060830224
27 238 0.4062618412212109
28 29 -0.38062235483215967
28 181 -0.5396082468720098
28 184 -0.8574326439280926
28 187 -0.8659675734427679
28 190 0.11443451986140896
28 193 -0.24269378649795637
28 196 0.6804810239152823
28 163 0.24035898222814556
28 166 0.7114264997237445
29 30 -0.5321184166280886
29 217 0.7127517449637057
29 220 -0.5776883681319123
29 223 -0.4439364048372494
29 226 0.7363535041296292
29 229 -0.23508370542315093
29 232 0.2681453087446448
29 199 0.07109624907796097
29 202 0.26047809064688177
30 253 0.6666413876359412
30 256 -0.06444743344529225
30 259 0.8433772928496681
30 262 0.4073334195488876
30 265 0.07018354744496347
30 268 0.9465203249343939
30 235 0.9220409023496654
30 238 -0.9429429469212269
31 32 0.07313949270948217
31 34 -0.49063348990256683
31 181 0.28446441542275935
31 184 -0.023300243097841067
31 187 0.9188593455116989
31 190 -0.9578237251722208
31 193 -0.534614109267193
31 196 -0.03608784834790457
31 163 0.28099732004293543
31 166 -0.5447571879099415
31 169 -0.7065564953329548
31 172 0.2881990542237516
31 175 0.5622322083378364
31 178 -0.6905189304545329
32 33 -0.6401577378142296
32 35 0.7735422055745236
32 217 0.7454264967140998
32 220 -0.9565186766946063
32 223 0.08724849353046848
32 226 -0.15381932081717142
32 229 -0.8301527419079373
32 232 -0.3048808424409897
32 199 0.8940999731088282
32 202 0.26709393991447117
32 205 0.8326890178360318
32 208 0.40475439319270845
32 211 0.1750072480644842
32 214 0.4321680044698859
33 36 0.7456768982962447
33 253 0.014295653277536902
33 256 0.8048175383396927
33 259 -0.47174189114818144
33 262 -0.22014536943590834
33 265 -0.24119265569239867
33 268 -0.07938733418970245
33 235 0.889656339186941
33 238 -0.3259979752955806
33 241 -0.9381766122858681
33 244 -0.9044865941998106
33 247 -0.7731049215660046
33 250 -0.3302791697738472
34 35 0.2835396097159484
34 181 -0.07128864689610825
34 184 -0.16427045329044443
34 187 -0.588814343241957
34 190 -0.4042736316754385
34 193 -0.42596051967145865
34 196 -0.43671246749903236
34 163 0.8556241057324308
34 166 -0.44183537655826743
34 169 0.3691455868393909
34 172 0.003997231191198436
34 175 -0.5603593726723628
34 178 -0.8313403913611852
35 36 0.13008055565806798
35 217 -0.5775975598871503
35 220 -0.353641630340628
35 223 -0.21831681444026851
35 226 0.12257092140442483
35 229 -0.032914421222996815
35 232 -0.15449589010513298
35 199 -0.4073619632832637
35 202 0.6671022499783679
35 205 -0.6579121654532314
35 208 -0.16547593394141757
35 211 -0.9784961994619108
35 214 -0.25098545253077154
36 253 0.42799554928058714
36 256 0.2868499219535612
36 259 -0.29218569302982034
36 262 -0.6500560594980855
36 265 -0.2090084800605263
36 268 0.0888849148800488
36 235 -0.9350990282855096
36 238 -0.23535275990946292
36 241 0.27066552368379915
36 244 0.48901948409725726
36 247 -0.8778263989197124
36 250 -0.2614010412020884
37 38 0.2029351501661476
37 40 -0.43585109010227985
37 181 0.29245419028065767
37 184 0.4159862174890592
37 151 -0.3396962912065413
37 154 -0.12033911621700621
37 157 0.0337161589548185
37 160 -0.9785029277846913
37 163 0.16351019327423333
37 166 -0.8818611914177579
37 169 -0.38862940142038505
37 172 0.7316972452136432
37 175 0.4799235871635812
37 178 0.4321692014704075
38 39 -0.03458259746760195
38 41 0.9213020771028404
38 217 0.39069752513801514
38 220 0.07567850351679994
38 187 0.49092693202984616
38 190 -0.24372359988334202
38 193 -0.3708144736254122
38 196 0.3050929991538376
38 199 -0.055731430071731536
38 202 -0.24028208022808606
38 205 0.44350106396099576
38 208 -0.6626009219354851
38 211 -0.5664223833953881
38 214 0.09757008402709166
39 42 -0.27899425260243116
39 253 0.7046763172938124
39 256 0.1209450722875649
39 223 0.26628571243601407
39 226 -0.2865639179619164
39 229 0.4458679670155765
39 232 0.6806492641340918
39 235 -0.4120451951540709
39 238 -0.43073280524745816
39 241 0.2449065663100929
39 244 -0.34791882053634504
39 247 -0.13263233734543478
39 250 0.34057952109322787
40 41 0.09131926104273869
40 181 -0.4531700901423621
40 184 -0.4645064612188574
40 151 0.8910532530609838
40 154 0.4892105469324448
40 157 0.6016860151874472
40 160 0.79960712245044
40 163 -0.05314248240750885
40 166 -0.24551777327554558
40 169 -0.65990982061533
40 172 0.5656850020067805
40 175 -0.12372694306096754
40 178 -0.7612491966600341
41 42 -0.15842129709484065
41 217 -0.10506575818266795
41 220 0.741283450426506
41 187 0.32555867843266584
41 190 -0.24991541919267402
41 193 0.03190516145854394
41 196 -0.6130476609623725
41 199 0.6139120652320855
41 202 0.08166665628693215
41 205 0.2242536650122866
41 208 -0.024128552798498015
41 211 0.936115378211479
41 214 -0.20457378620657996
42 253 0.732185544325306
42 256 -0.9941820641317847
42 223 -0.45224969399077297
42 226 -0.35260735702613855
42 229 -0.3882318287201849
42 232 0.28048467449689385
42 235 -0.15991987022986986
42 238 -0.0013242270321862648
42 241 -0.18771776757701786
42 244 0.7038242027985342
42 247 0.3424817700752867
42 250 -0.6717158836082959
43 44 -0.8155339150175911
43 46 -0.4872923040139574
43 181 -0.4754071399491946
43 184 -0.1313209639535089
43 151 0.42276051259760905
43 154 -0.8598592983854023
43 158 -0.5293982166669293
43 161 0.7864988678628753
43 164 0.566946186437119
43 167 0.027885102531492567
43 169 0.07612228065569204
43 172 0.008499285238179333
43 175 -0.7689262338054168
43 178 -0.786927928479475
44 45 -0.3460980297751517
44 47 0.1582001092114167
44 217 0.9724820025679468
44 220 -0.8577042878790249
44 187 0.4328241359791367
44 190 -0.9664639820070213
44 194 -0.16379636194546965
44 197 -0.30089771886460626
44 200 0.7652767734356181
44 203 -0.5988592453924206
44 205 0.2905342384963012
44 208 -0.8774783093369505
44 211 -0.35578400629712204
44 214 0.05191815324491511
45 48 -0.8095130427741062
45 253 0.45862156055243597
45 256 -0.896289427322958
45 223 -0.36998702463773014
45 226 -0.6429857085164119
45 230 -0.6050860643214515
45 233 -0.9870053389041422
45 236 0.7589517634449869
45 239 0.12224301167916618
45 241 -0.6644608277771802
45 244 -0.9293477373596273
45 247 -0.5554433733864432
45 250 -0.5879561709436463
46 47 0.9287072360926718
46 181 -0.5511204320858005
46 184 -0.8059763034263201
46 151 0.1574912070156771
46 154 -0.8871320314121194
46 158 0.7163616619113706
46 161 -0.3374566378786712
46 164 -0.8820556662845249
46 167 0.18816716272467437
46 169 -0.08038274618162311
46 172 0.7965879898315738
46 175 -0.2840722644022773
46 178 0.3252940136351803
47 48 -0.475408723780818
47 217 0.022648433801111922
47 220 0.6531753933212912
47 187 -0.036729249359253036
47 190 -0.6051438325905889
47 194 0.5854521590064319
47 197 0.7097049796190198
47 200 0.3567238837625084
47 203 0.6444102781213583
47 205 -0.0877436801662499
47 208 0.18954462847971798
47 211 -0.7107677735951086
47 214 -0.20375286959092542
48 253 0.6553681977297543
48 256 0.5246221187090314
48 223 0.8841689535373003
48 226 0.28155135288638555
48 230 0.27427541547922996
48 233 0.12176488826318743
48 236 -0.4922388427533304
48 239 0.332000312407283
48 241 -0.6649352804881277
48 244 0.47402608505681654
48 247 0.9405710230725668
48 250 0.32393383973851764
49 50 0.3587672210939159
49 52 -0.2189158602091712
49 181 -0.8219523191370959
49 184 -0.9273878027827116
49 187 -0.8355176621122327
49 190 -0.6519050290453325
49 194 -0.9745227754052774
49 197 -0.35463380709265424
49 200 0.27627408267458775
49 203 -0.9389547511670426
49 205 0.10033945479945228
49 208 0.6690363466153098
49 175 0.502729895394286
49 178 0.5668691018373531
50 51 0.33579665581427
50 53 -0.3038251289954641
50 217 0.28919944457612434
50 220 -0.13455953657491215
50 223 -0.36824893942451786
50 226 0.39906231870341324
50 230 -0.6077748011581119
50 233 0.9650077407675051
50 236 -0.0582607741379646
50 239 -0.6947753626785964
50 241 -0.24563854072354996
50 244 0.41904552520697647
50 211 0.7534593337931415
50 214 0.7043828613490062
51 54 0.17952924757727273
51 253 0.9395989536624461
51 256 -0.09125647703861706
51 259 0.6581574822681233
51 262 -0.8931034765885562
51 266 0.8003405128881051
51 269 0.16096410905571035
51 272 -0.6381084105573176
51 275 -0.16142892399693043
51 277 0.3795565434921695
51 280 -0.7362589702953939
51 247 0.6495969839520908
51 250 0.8466506814450483
52 53 -0.5309356274655668
52 181 0.7146081444370072
52 184 0.30700655967407053
52 187 -0.9407941777475439
52 190 -0.46123859949720725
52 194 -0.9142791844866018
52 197 -0.5432295286777393
52 200 0.6031930460854649
52 203 -0.6679509199781808
52 205 0.26736763522277407
52 208 0.4950447279175121
52 175 0.13310679737641884
52 178 -0.3385007170625274
53 54 -0.23588539621332294
53 217 0.8954910998088441
53 220 -0.8284248356354129
53 223 -0.9430689777163919
53 226 0.5875416984878665
53 230 -0.6750143079713431
53 233 -0.7462661345163659
53 236 0.8258692225714939
53 239 0.7998025262223882
53 241 0.9437629223678992
53 244 -0.2980563720077831
53 211 0.22773751642670192
53 214 0.4575181683206597
54 253 0.7547343092594818
54 256 -0.7159717423198506
54 259 -0.14494867829307467
54 262 -0.13577508648365
54 266 0.017230826276421807
54 269 0.5934563569487861
54 272 -0.7361945659867699
54 275 0.6390186796079682
54 277 -0.536782835282124
54 280 -0.03540271473720402
54 247 -0.9251072705843162
54 250 -0.8252228407487232
55 56 0.8237530129904163
55 58 0.6076278829005182
55 182 0.2735579310145102
55 185 0.4559663358621744
55 188 -0.3943406878928315
55 191 0.2505401984974449
55 194 0.7471411927076519
55 197 -0.5768876751876271
55 200 -0.4572853749932879
55 203 -0.11862838988428903
55 205 0.807484349295083
55 208 -0.3344381810822046
55 175 -0.4471697046797256
55 178 -0.6881451200640603
56 57 -0.1789024339909786
56 59 -0.27412426742406937
56 218 0.4496300194527527
56 221 0.5144268572152491
56 224 -0.5110934219682179
56 227 -0.46067975617851387
56 230 0.06066339255231368
56 233 -0.06591068199071226
56 236 -0.9517006041611913
56 239 0.35942463185910856
56 241 -0.2604239257600911
56 244 0.22144323394218968
56 211 0.8040053729533303
56 214 -0.740427028193303
57 60 -0.2634309131688699
57 254 0.05381856695408804
57 257 0.38322134792052065
57 260 0.09308998937700586
57 263 -0.33225029160930974
57 266 -0.7967412447696152
57 269 -0.30599511568729665
57 272 0.2701585608876045
57 275 0.06367106564050684
57 277 -0.6566071859470104
57 280 0.3592563197381846
57 247 -0.7536552517931232
57 250 0.02179318508874495
58 59 -0.9027008570569208
58 182 -0.45481846584082497
58 185 0.5428320589604403
58 188 -0.8095756783681578
58 191 -0.9687163433811306
58 194 0.08718518716531265
58 197 -0.38333611792947675
58 200 0.5304067855335395
58 203 0.04632204844047383
58 205 -0.10765208542162452
58 208 0.20284662314995616
58 175 -0.6714151589587429
58 178 0.699570153747898
59 60 -0.8301913518548834
59 218 -0.10415330048443106
59 221 -0.27474086220404104
59 224 -0.82289057135629
59 227 -0.6335868965351157
59 230 -0.47673334850628213
59 233 -0.18150587970057241
59 236 -0.7751925358517431
59 239 -0.46810791841653554
59 241 0.24453090395949362
59 244 -0.8580175494116566
59 211 -0.8444373258575235
59 214 -0.5013588180300619
60 254 0.4526890893436055
60 257 -0.0678123551503893
60 260 0.30881728654532603
60 263 -0.5799677310794853
60 266 -0.20306908970107806
60 269 -0.3305813210562536
60 272 -0.7853251500079614
60 275 -0.8024031922966961
60 277 -0.1191027530332529
60 280 0.135641705980605
60 247 0.2235889805760629
60 250 0.6301805844357216
61 62 0.09955693751464412
61 64 0.45456129694550307
61 182 0.027366500584010245
61 185 0.030837986489239633
61 188 -0.17019269354943756
61 191 0.12013485092432052
61 194 -0.16478451238680902
61 197 0.8838143955676538
61 164 0.47992632902238874
61 167 0.3947197569603007
61 169 -0.6808073029711272
61 172 -0.36895931198438436
61 175 -0.44738799088640757
61 178 0.5602602099973364
62 63 0.01873729509813571
62 65 0.8109372651986919
62 218 -0.20237987148488723
62 221 0.476527812539012
62 224 0.4986866874038445
62 227 -0.3112735326267486
62 230 -0.48343940021144083
62 233 -0.9516059805419725
62 200 -0.4379484220705716
62 203 0.1256295085344148
62 205 -0.13406139504967918
62 208 -0.5605249910006127
62 211 -0.692937607580707
62 214 -0.30445631421483066
63 66 0.03536467059897719
63 254 -0.3543767978727037
63 257 -0.5891074596342256
63 260 -0.8964686938286881
63 263 -0.693141758588202
63 266 -0.5135120799235868
63 269 0.7970308104675969
63 236 -0.26438928798418226
63 239 -0.6404189355096548
63 241 0.12747121814856288
63 244 -0.5641974838975297
63 247 0.8181380107259688
63 250 0.29323294486115237
64 65 0.6836926567474879
64 182 0.936064439419948
64 185 -0.8351181016524492
64 188 0.9842132550437124
64 191 0.808073646396521
64 194 0.5959648686232732
64 197 0.8242674102106415
64 164 0.3654046738985419
64 167 0.09409598471673686
64 169 -0.8966725743215931
64 172 -0.5164634545682272
64 175 -0.42749534626231567
64 178 -0.051855492351013055
65 66 -0.5288734344265089
65 218 -0.0372563996924673
65 221 0.6681988523194613
65 224 -0.47785866254003806
65 227 -0.5066965551439175
65 230 -0.2071515343365331
65 233 0.21301469392249062
65 200 -0.19601449614336164
65 203 -0.6397066727580092
65 205 0.28107233684452493
65 208 0.1898471175511256
65 211 -0.19424700743178147
65 214 -0.9437501510418522
66 254 -0.5008588523090625
66 257 0.8318744683568893
66 260 -0.21768049818761193
66 263 -0.5526338349225606
66 266 0.4815372546706953
66 269 0.10888802809029974
66 236 -0.32678157182394685
66 239 0.06146746674966108
66 241 0.22842140451711934
66 244 -0.7731063683722108
66 247 -0.1266301003097099
66 250 0.03810810546164611
67 68 -0.9346166656088304
67 70 -0.7191289466005426
67 182 0.34376549094155884
67 185 0.982172028266233
67 188 -0.4324722410699011
67 191 -0.6172773769939617
67 194 -0.9901214392587478
67 197 -0.11242795260782823
67 164 -0.45590560635237476
67 167 -0.4049340503103469
67 170 -0.3046867372029385
67 173 0.886787171919555
67 176 -0.044889835140443646
67 179 -0.6393519877951326
68 69 -0.6197490005696582
68 71 -0.86756434324164
68 218 -0.4515376038254544
68 221 0.8208781983463052
68 224 -0.8101120812350462
68 227 0.1262153031271167
68 230 0.7305340985600488
68 233 -0.23473044998824588
68 200 -0.9703503433652925
68 203 0.02911537983729806
68 206 -0.5682926836376239
68 209 -0.7510980358833628
68 212 -0.9360761030564149
68 215 -0.3723255628593338
69 72 -0.31662365952907345
69 254 -0.4612692880167104
69 257 -0.13884822332999547
69 260 0.59761994296742
69 263 -0.15416416036910752
69 266 -0.5511384958413674
69 269 0.39004903748978825
69 236 0.0492378147167023
69 239 0.23270171920377347
69 242 -0.9042538335785915
69 245 0.7258962821284609
69 248 0.9725898231947969
69 251 0.27040482007900213
70 71 -0.5626157965613274
70 182 -0.2647407521749472
70 185 -0.2773091668768173
70 188 0.021244055422092956
70 191 -0.31216585571587574
70 194 -0.5567162634564995
70 197 -0.4908417213221694
70 164 -0.49098085168671335
70 167 0.8445778129104409
70 170 0.16429861852536964
70 173 0.35675312382218016
70 176 -0.886438994848199
70 179 -0.10947102221102245
71 72 -0.8231246753640067
71 218 0.5877695085869012
71 221 0.06112760559935748
71 224 0.3333705924032164
71 227 -0.1353961327255968
71 230 0.29353475832727693
71 233 -0.5633845725994626
71 200 -0.13949941807211874
71 203 0.468221142830207
71 206 0.09712884421833423
71 209 0.10062475033411444
71 212 -0.7263668029971839
71 215 -0.0038951966387403836
72 254 -0.9035162811163744
72 257 -0.8296215831822351
72 260 -0.8952953532783376
72 263 0.17078821426246793
72 266 -0.9224754443554295
72 269 0.572683067954797
72 236 -0.325811662901045
72 239 -0.2329083704853041
72 242 -0.24921123043162585
72 245 0.026285264196152403
72 248 -0.6341412390758603
72 251 -0.1338769982028427
73 74 0.4869588795955191
73 76 0.8702062688457282
73 182 -0.9243995953664996
73 185 -0.13487301015272557
73 152 0.8809553660272049
73 155 0.8792645193788289
73 158 0.8358702094609647
73 161 -0.5465689368457487
73 164 -0.45028799912286743
73 167 0.5182046972499688
73 170 0.1792716979493887
73 173 -0.8712747068197837
73 176 0.982417685833548
73 179 -0.25007093802627867
74 75 -0.8019553497875327
74 77 -0.21089341105988413
74 218 -0.46621882104537016
74 221 0.8128250624782136
74 188 -0.04978261557823038
74 191 0.9491286534576686
74 194 0.12663554789784004
74 197 -0.46914375416531073
74 200 0.5947185912686386
74 203 0.7191005355207216
74 206 0.7463776466051588
74 209 -0.3501345328660401
74 212 0.3806736248543119
74 215 -0.3877542156776739
75 78 0.13110667814975607
75 254 -0.3308186676040148
75 257 0.9553100518210289
75 224 0.548152154740619
75 227 -0.8855419088095384
75 230 0.28929438128971285
75 233 0.566008872885537
75 236 0.41116661211818184
75 239 0.9721663202553052
75 242 -0.32817498738460227
75 245 0.7702062326323023
75 248 -0.765982139705472
75 251 0.501373331440264
76 77 -0.8207068860166351
76 182 -0.2693702724204765
76 185 0.8505544245096819
76 152 -0.5977739957215644
76 155 -0.4361240534687092
76 158 -0.9516775518824168
76 161 0.7811542076965097
76 164 -0.42784533703718974
76 167 -0.022907782226647688
76 170 -0.5678927689871245
76 173 -0.922858882873216
76 176 -0.7056910321571928
76 179 0.14453480198577795
77 78 -0.3935529222134866
77 218 0.6499151479890368
77 221 -0.8583710851805326
77 188 -0.38851357658183816
77 191 -0.8929569843775222
77 194 -0.6490940556795277
77 197 -0.49399159876855214
77 200 -0.8309641005853423
77 203 0.6471583223832333
77 206 -0.5027995690999707
77 209 0.09336818739589159
77 212 -0.7526115564316711
77 215 0.9458918426998428
78 254 -0.04125941718514481
78 257 0.9884448368586134
78 224 -0.5080991891521003
78 227 -0.49497204319186805
78 230 0.37208612764177973
78 233 -0.16368895022687613
78 236 0.144479107348352
78 239 0.7397024334513342
78 242 -0.7719374617805883
78 245 -0.9133452829886051
78 248 0.8356750285696897
78 251 -0.14509361687134792
79 80 0.8735687497673166
79 82 -0.3815622592030701
79 182 -0.12447375957507667
79 185 0.4543937782772738
79 152 0.003397537479672419
79 155 -0.739628471913589
79 159 -0.48019624347467915
79 162 0.4569075648935279
79 165 0.4491673264884919
79 168 -0.31795870397844106
79 170 0.42507720937053195
79 173 -0.5455937311035512
79 176 -0.27414716997787236
79 179 0.9429717469973897
80 81 0.5693162789239701
80 83 0.8931088237786509
80 218 0.5230250476074922
80 221 -0.002748352246589203
80 188 -0.08872075768754195
80 191 -0.052111086769976556
80 195 -0.3342895390072891
80 198 -0.34448927308472665
80 201 0.6678424916397503
80 204 -0.300452078695316
80 206 -0.7998159546432555
80 209 0.8077199884624819
80 212 0.3636368550079234
80 215 0.21277928296459248
81 84 0.839209708284453
81 254 -0.613296076174082
81 257 0.5500611235683022
81 224 0.3884244614002619
81 227 0.8731743131897391
81 231 0.8539329604601968
81 234 -0.74026812700413
81 237 -0.5047741373590797
81 240 0.5950513522650196
81 242 -0.50035186820823
81 245 -0.6366921303847919
81 248 -0.45814067199990594
81 251 -0.2994066313415964
82 83 0.7751514175187171
82 182 0.9710907837174638
82 185 0.06873418759571948
82 152 -0.6581690181009618
82 155 -0.6639540027434674
82 159 -0.08013667407385672
82 162 -0.5144933056315999
82 165 -0.09951253476268507
82 168 -0.7368165993236548
82 170 -0.9425829410903184
82 173 -0.7546855626422035
82 176 -0.5340098518897891
82 179 0.3203691160058362
83 84 0.9078910814759305
83 218 0.21136220015316964
83 221 0.1179091813997113
83 188 0.08495739383977119
83 191 0.08145026281959145
83 195 -0.4136387517023501
83 198 0.9318341712139986
83 201 0.6086007203794508
83 204 -0.9427268478546502
83 206 0.48501991999088534
83 209 -0.6508363195681794
83 212 0.9040543808865762
83 215 0.9902028454522496
84 254 0.7791237881726882
84 257 -0.5340107131212344
84 224 0.48569532580229047
84 227 0.3611017254576341
84 231 -0.27156438462922106
84 234 0.8096395609322322
84 237 0.4158832080311903
84 240 0.8017686180609995
84 242 0.4964214807445948
84 245 -0.09465645469804684
84 248 -0.4221699495177682
84 251 -0.8343603316625237
85 86 0.14293120046570773
85 88 -0.5498438246384438
85 182 -0.7593417334617827
85 185 -0.23012639059737383
85 188 0.3664760412724648
85 191 0.046590591515315305
85 195 0.6495621060621446
85 198 0.40558933318919443
85 201 0.6505638349705312
85 204 0.9255577989696306
85 206 0.38496585977264575
85 209 0.14784344488131462
85 176 0.3508099968724383
85 179 0.5874159128298171
86 87 -0.6897496774693272
86 89 -0.36310367960144485
86 218 0.8236787709614062
86 221 0.536152450362466
86 224 0.7692241645109097
86 227 -0.5948212538457311
86 231 -0.18840636897003993
86 234 0.31687397279554563
86 237 -0.7085648098049218
86 240 -0.6559129746895813
86 242 -0.8683143590235267
86 245 -0.7151799878637521
86 212 -0.7961799953877122
86 215 -0.745089684403488
87 90 0.27311327291569376
87 254 -0.23827821495486545
87 257 0.16121352527578647
87 260 -0.9687747107623645
87 263 -0.33457821724298387
87 267 -0.8981084501918197
87 270 0.3177551064721449
87 273 -0.823555120363888
87 276 0.655643497252377
87 278 -0.9742115004265783
87 281 0.8604432455129558
87 248 -0.5654526617926552
87 251 0.44843239544501823
88 89 -0.05924642910378708
88 182 -0.5023021135836467
88 185 -0.9412514106305787
88 188 0.7618666645243646
88 191 -0.8794113167077857
88 195 -0.7050511222744389
88 198 -0.611371496729467
88 201 -0.9837995776227004
88 204 -0.4208103229251019
88 206 0.9903277998623408
88 209 0.08930875956760942
88 176 -0.3556505928411693
88 179 0.7201684006654558
89 90 -0.29441646356144724
89 218 0.11557315401937229
89 221 0.9470179329719266
89 224 0.12751152133700905
89 227 -0.9391632672461512
89 231 -0.9827159135413897
89 234 0.3369445845770185
89 237 -0.5103794816241376
89 240 0.4613188216424309
89 242 0.4492363066434366
89 245 -0.6466766173428418
89 212 -0.8252553088531394
89 215 0.8714750420076871
90 254 -0.8412526254696513
90 257 0.9744102180780838
90 260 0.9345886046397764
90 263 -0.685517442513708
90 267 -0.42596723317209073
90 270 0.8040503294917629
90 273 -0.2770680148469429
90 276 0.0388639340370891
90 278 -0.006387625497182858
90 281 -0.16026964384752107
90 248 -0.13041311012446943
90 251 -0.6306923604116925
91 92 -0.872152700890598
91 94 0.960713150284946
91 183 0.8928711634395301
91 186 0.4049911230794192
91 189 -0.25493809931524947
91 192 -0.1422543941425547
91 195 0.7778305100477949
91 198 0.5419620954096027
91 201 0.5195716983502228
91 204 -0.3603895562703754
91 206 0.4104120303519796
91 209 -0.34272560196599544
91 176 -0.2409836602022497
91 179 0.1034243668648831
92 93 0.9829545983570667
92 95 0.7729090837311656
92 219 -0.4672030433441572
92 222 -0.8334743575930905
92 225 0.7614638244332692
92 228 -0.8764003226707082
92 231 -0.5748500436417623
92 234 0.7913696364186229
92 237 0.28908621684841007
92 240 -0.5840963257758731
92 242 -0.5976557811114327
92 245 -0.013543018590109757
92 212 0.4730476539470203
92 215 0.22100463051843477
93 96 -0.10006100771652915
93 255 0.44835636920018085
93 258 0.311430693555121
93 261 0.8783117924116495
93 264 0.6955193276286793
93 267 0.998109126773725
93 270 -0.631015328293066
93 273 0.35702275744106426
93 276 -0.10265061891119132
93 278 -0.018877110899242933
93 281 0.23319088738466265
93 248 0.14722520101285452
93 251 0.5785800414509623
94 95 0.05115969819277022
94 183 0.8389798480539772
94 186 0.26126631067776884
94 189 -0.6184417272985705
94 192 0.27845303187207304
94 195 -0.31570729936471364
94 198 -0.4878219540974842
94 201 0.11465241020427519
94 204 0.17223448099758265
94 206 0.2809567844804979
94 209 -0.1307397872028626
94 176 -0.3989605525449387
94 179 0.8911684156858708
95 96 -0.8921864709278229
95 219 -0.8901272220512
95 222 0.49231065826513576
95 225 0.4820517268726727
95 228 0.17323481993171685
95 231 -0.26500175020102956
95 234 -0.9009497041548316
95 237 0.7523915623283479
95 240 -0.44051025022797385
95 242 -0.763566664236341
95 245 0.7827235739645604
95 212 0.7420777732504362
95 215 -0.3956026475571437
96 255 -0.8662449012842692
96 258 -0.850255796564096
96 261 0.39644201159864134
96 264 -0.5284190918619478
96 267 0.03389668385782185
96 270 0.73204958843365
96 273 0.4825930424984042
96 276 0.6359798901777458
96 278 -0.8960895602943579
96 281 -0.3261017072660908
96 248 -0.42413436045094044
96 251 0.3489006778098698
97 98 0.9407987891536493
97 100 -0.6492782141517996
97 183 0.02003272706006687
97 186 -0.1287219395432173
97 189 -0.08233441597629043
97 192 -0.11011065191724478
97 195 -0.0953896967331831
97 198 0.344646346640447
97 165 -0.7068033396101543
97 168 0.583962097765665
97 170 -0.832619414800718
97 173 0.45158343193910766
97 176 0.4269081429769126
97 179 0.503293429553411
98 99 -0.706066812453733
98 101 -0.20524173496956855
98 219 -0.10988366543735295
98 222 -0.5485886098816395
98 225 0.8441849780350226
98 228 0.545642373159178
98 231 -0.7606163195623006
98 234 0.5200198106408798
98 201 0.3784737510255436
98 204 0.11083723873656148
98 206 0.594638491044186
98 209 0.017147464754345698
98 212 -0.9137343155428499
98 215 0.873223205014195
99 102 -0.36951523113621554
99 255 0.05785331223423751
99 258 -0.1983898295799582
99 261 0.48169289726479825
99 264 0.2956949215729483
99 267 -0.6655639050562472
99 270 0.20834465324635265
99 237 0.3536229454172377
99 240 0.40212775250476196
99 242 -0.23329478032139273
99 245 -0.7745637016940361
99 248 -0.370005113442764
99 251 -0.7645408414017985
100 101 0.780508945560294
100 183 -0.16808039668044072
100 186 -0.44012676526349637
100 189 0.36218137661455385
100 192 0.1866651400869075
100 195 -0.7858099005118204
100 198 0.09743280384753228
100 165 -0.265230117661869
100 168 -0.5343498567900165
100 170 -0.8377641570794092
100 173 -0.17544907603165494
100 176 0.5329630994689265
100 179 0.6176653845563225
101 102 -0.6074351678176098
101 219 0.4816818401049232
101 222 -0.14606493563942613
101 225 0.8255189964476444
101 228 0.682030447296124
101 231 -0.7055981883895184
101 234 0.7508196110587666
101 201 0.9580754775308926
101 204 -0.7805754157218978
101 206 -0.6764539799336267
101 209 0.1387041719728601
101 212 -0.15008117230307927
101 215 -0.6033755810203034
102 255 0.7082391069001293
102 258 0.22387328882802926
102 261 -0.5080106769202499
102 264 -0.27110616236643015
102 267 -0.23272820769234648
102 270 -0.47620760376841553
102 237 0.20009397381711547
102 240 0.8258597225591884
102 242 -0.5674082354785057
102 245 -0.18632306010761468
102 248 -0.8446971596497606
102 251 0.8457092471972909
103 104 -0.7827465920497665
103 106 0.8749252429888026
103 183 -0.8519052383892467
103 186 -0.45296792677103515
103 189 0.9088375330139422
103 192 0.5023392535500071
103 195 -0.2055845239774683
103 198 0.14406849877482397
103 165 -0.889210622263696
103 168 0.1470870757585927
103 171 0.21581482593111967
103 174 0.027074300353498337
103 177 0.3737228640215753
103 180 0.5627362490879104
104 105 0.06543428602041668
104 107 -0.5805699254644106
104 219 0.49336834564008614
104 222 0.38216673969640547
104 225 -0.4267177002262881
104 228 0.5558552088778144
104 231 -0.8961671570859371
104 234 -0.1473486036041307
104 201 -0.6317705119224555
104 204 0.6996649002001372
104 207 0.3556461456500004
104 210 -0.3288426510930891
104 213 -0.2469308406854449
104 216 0.5923392285915032
105 108 -0.14882843776753485
105 255 -0.8681129524443629
105 258 0.21920070958146587
105 261 0.2220124154587324
105 264 0.03725745294929861
105 267 0.9362833432251334
105 270 0.16751821712968273
105 237 -0.3598511955051451
105 240 0.35282410722737967
105 243 -0.5976111256333891
105 246 0.5411914329256968
105 249 -0.33138287048849535
105 252 -0.7406032108666818
106 107 0.4537480623621415
106 183 -0.6603234061588497
106 186 0.3257403378170498
106 189 0.32400845035942183
106 192 -0.026861802180377037
106 195 -0.36043011966572847
106 198 -0.23507645894770102
106 165 -0.5423210931801887
106 168 -0.11405839491443692
106 171 -0.31577987417382647
106 174 0.19935490475247453
106 177 0.2811739541802034
106 180 -0.6390814436157373
107 108 0.15358520945447918
107 219 0.8466462479189045
107 222 0.9919444915333775
107 225 0.8662495078073982
107 228 -0.611400806519961
107 231 -0.9604704265679618
107 234 -0.545185134756609
107 201 0.9497805137172612
107 204 -0.5742829303782577
107 207 -0.09671824118924066
107 210 0.41481511000690685
107 213 -0.42053239825517363
107 216 0.846395926938257
108 255 -0.13436350287417054
108 258 -0.05619202860249395
108 261 -0.7122288127500174
108 264 -0.8080113048396225
108 267 0.18989844172676396
108 270 -0.05803930832270354
108 237 -0.07616593047390863
108 240 -0.9928129791085147
108 243 -0.444387825901186
108 246 -0.10647204822773815
108 249 -0.41086887787114046
108 252 0.3800685439788287
109 110 0.8680230371509823
109 112 0.105643398467556
109 183 -0.061286171442930026
109 186 -0.5914516741677491
109 153 -0.7509432963912337
109 156 -0.29705999868646016
109 159 -0.5870486804316561
109 162 0.8294386799205011
109 165 -0.8419522158595423
109 168 0.049668628566920114
109 171 0.7507650964041883
109 174 -0.8132694292193374
109 177 0.35845914050225836
109 180 -0.07432006109201317
110 111 -0.803119064492666
110 113 0.5716985175127771
110 219 0.42734359487457607
110 222 0.7655463914605543
110 189 -0.1246883272958903
110 192 -0.9559077913859224
110 195 0.8848201905699657
110 198 -0.29254174906758745
110 201 0.9553623226514196
110 204 0.5610862284453308
110 207 0.7876988143483048
110 210 0.676766534224567
110 213 0.23937139495987658
110 216 0.08994569288209253
111 114 -0.30341172190229804
111 255 -0.3636837506831858
111 258 -0.9530928778947076
111 225 0.5799400652855184
111 228 0.4540195367857851
111 231 -0.5648663068837694
111 234 0.9335201490327985
111 237 -0.22393189785002843
111 240 -0.07668942727422423
111 243 -0.5540017926176792
111 246 -0.3806081449501133
111 249 0.8291154251334361
111 252 0.4913757487472026
112 113 0.7565528095836511
112 183 0.8598596400741418
112 186 -0.9646475797366876
112 153 -0.5462137943948728
112 156 0.31856318879576095
112 159 0.44461623141510676
112 162 -0.014921601994868583
112 165 -0.2626463159361956
112 168 -0.9994158887149098
112 171 0.29556309110705237
112 174 -0.6565342150057059
112 177 -0.7995256491967611
112 180 -0.454236726229885
113 114 -0.14586284566815588
113 219 0.786143868850044
113 222 0.4413862134796023
113 189 0.4298925248549743
113 192 0.052885236333263475
113 195 0.10989823145157107
113 198 -0.8692791245835954
113 201 -0.9731109367744559
113 204 -0.26839498064709955
113 207 -0.4348110909707761
113 210 0.6645418867096804
113 213 0.08388565035498274
113 216 -0.7849060739691263
114 255 -0.11500635474620413
114 258 0.020345047641874725
114 225 -0.8247906211567593
114 228 -0.13009944976552346
114 231 -0.9905164837296703
114 234 0.42146229035053007
114 237 -0.573918625870913
114 240 -0.6945170225263884
114 243 -0.22826298586272986
114 246 0.3966614724896327
114 249 0.6585623089007202
114 252 -0.25142939153229893
115 116 0.011892046623043218
115 118 -0.03167281699417801
115 183 -0.8206036678951505
115 186 0.9599355017937905
115 153 0.2848757482356721
115 156 0.8045913524039892
115 171 0.7879265003356544
115 174 -0.7253563850185085
115 177 -0.41364360580535386
115 180 0.704086379203716
116 117 0.9008103558436511
116 119 -0.5919155460356089
116 219 -0.9723304374447841
116 222 0.8889198365144282
116 189 0.1612237391945317
116 192 -0.03757226118389556
116 207 0.9513071559057416
116 210 0.08761762294624265
116 213 0.7058367823913345
116 216 0.4216946533702024
117 120 -0.9802953992952157
117 255 0.7620068927223063
117 258 -0.08845672600993937
117 225 0.568269267106549
117 228 0.183023448647871
117 243 -0.5746280103018979
117 246 0.48868166944457925
117 249 0.8058557527810759
117 252 -0.3789489545079361
118 119 0.8911357048125201
118 183 -0.05411965790897222
118 186 -0.9575356318669475
118 153 -0.9808683738290382
118 156 0.7286644359093775
118 171 0.9765221392974974
118 174 0.7107971691384192
118 177 -0.08296725870567423
118 180 0.5038109219802729
119 120 0.6636055181494438
119 219 -0.9706519702794971
119 222 -0.7691381169939753
119 189 0.1516754210339828
119 192 0.6643898540301589
119 207 -0.9107519976514515
119 210 -0.3353255998565903
119 213 0.7697370028096213
119 216 -0.050690677495601966
120 255 -0.31119271924187175
120 258 0.49550017544183045
120 225 -0.4166881614716367
120 228 0.2450391898876627
120 243 -0.050092030383228625
120 246 0.8152609723030555
120 249 0.3273738360435918
120 252 0.03397419008885527
121 122 0.047527750477082575
121 124 -0.5984076991227127
121 183 -0.025848797675904533
121 186 -0.5349607929522
121 189 0.6882838366198443
121 192 -0.8765799690736984
121 207 -0.07788047762019401
121 210 0.5288653864894124
121 177 0.2198245465190829
121 180 -0.815460316722145
122 123 0.805082707151211
122 125 0.2413504818426604
122 219 0.13482813112397163
122 222 0.07164394995073242
122 225 0.7660593533257041
122 228 -0.9235415331689627
122 243 -0.3563943157557947
122 246 -0.7632330415065487
122 213 0.16777368892811317
122 216 -0.2354224481149232
123 126 -0.8811562097739487
123 255 -0.048521469108836035
123 258 0.1740479267708721
123 261 -0.19779983565700787
123 264 0.3413528791908338
123 279 0.6341412680673515
123 282 -0.8911870961129595
123 249 0.7210854426118725
123 252 -0.4527438678623694
124 125 0.09315020904023164
124 183 0.6668647162807892
124 186 -0.1485446067623215
124 189 -0.5662777587339503
124 192 0.7595013019799686
124 207 -0.3792766579569078
124 210 0.7454395196218198
124 177 0.3880533510217947
124 180 -0.33542571118542375
125 126 0.4168258370369222
125 219 0.20231156196029532
125 222 -0.31441146547227605
125 225 -0.5230823494545187
125 228 -0.24656522109490875
125 243 -0.18418339241254778
125 246 -0.1436249879293674
125 213 0.2534339575219735
125 216 -0.9570602580697665
126 255 -0.04454889055696354
126 258 0.06613419459474024
126 261 -0.5981924558773621
126 264 0.38236986195868017
126 279 0.5175527359634828
126 282 -0.48915328648183687
126 249 -0.3870179374086469
126 252 0.6339817386139541
127 128 0.594381483174327
127 130 0.7161064550992255
127 207 0.2672049755131034
127 210 0.2558087407927203
127 177 0.7957300329245531
127 180 -0.39399593035190006
128 129 0.08291620206715544
128 131 0.4867959963395263
128 243 0.06596828405467625
128 246 -0.5309571785485421
128 213 -0.8685800185732366
128 216 -0.9789986925559135
129 132 -0.47674024810744875
129 279 -0.15510762263336608
129 282 0.7109268406432361
129 249 0.9138790222282986
129 252 0.20149159566291908
130 131 -0.560073563693974
130 207 -0.5150356286763405
130 210 0.2656367436248275
130 177 0.4380074555136835
130 180 -0.1615544777908564
131 132 0.31950759107392424
131 243 0.2939080232175819
131 246 0.46153928653761445
131 213 -0.10445502856147315
131 216 0.5732750615091418
132 279 0.14229641561905892
132 282 -0.005069396113641433
132 249 0.9258777817836339
132 252 0.6615342952348462
133 134 -0.892429045240664
133 136 -0.44143119166183986
133 171 -0.28876218086917294
133 174 -0.8522355147071439
133 177 -0.3407453348569067
133 180 0.2678854043119321
134 135 -0.20160370568018005
134 137 -0.04901321295836447
134 207 -0.8222281029349154
134 210 -0.45474077460046236
134 213 0.5412308506825247
134 216 -0.4331392268391958
135 138 0.4957391663186861
135 243 -0.4606413484585119
135 246 -0.517298690097846
135 249 -0.17366919493085065
135 252 0.2685010385908524
136 137 0.7643918582674261
136 171 0.7993761606542122
136 174 -0.765670451232759
136 177 -0.31206078969022166
136 180 0.4610812640689863
137 138 0.6730412890757691
137 207 0.6940075941219241
137 210 0.2848486291656718
137 213 0.31735533804364113
137 216 -0.1804361642961272
138 243 0.01982745706224409
138 246 0.6386149350877961
138 249 -0.3333094744903633
138 252 -0.2762729427828523
151 152 0.28042706958291297
151 154 -0.3342010786575853
152 153 0.008238958706824784
152 155 0.35513119348593736
153 156 -0.5603689672175047
154 155 -0.8969428841994558
155 156 0.09270213666139049
157 158 -0.5270012379989433
157 160 0.9693321128233432
158 159 -0.6230480198821966
158 161 0.955539785865609
159 162 0.43920438991476396
160 161 -0.08197960859638931
161 162 -0.6916364480690005
163 164 -0.44843971524758675
163 166 -0.20612085536109537
164 165 0.32220345768198344
164 167 0.5658736074997359
165 168 0.6757179812268483
166 167 0.5964878959028546
167 168 0.5899343777621158
169 170 -0.04407945101754196
169 172 -0.7753186044337239
170 171 -0.5431222894680583
170 173 -0.29492965928441306
171 174 0.5194876602349576
172 173 -0.13276875751934814
173 174 0.7088149970125179
175 176 0.19160230674857637
175 178 -0.7616059677110818
176 177 -0.44624277601203954
176 179 0.4619759957455971
177 180 -0.35323245845186646
178 179 0.9779572802365133
179 180 0.8328602337136577
181 182 0.7146959390795529
181 184 0.9142883823138845
182 183 0.3044603733094391
182 185 -0.5755263504030432
183 186 -0.20955580828794407
184 185 -0.38757318193230694
185 186 0.48360539780522926
187 188 -0.07960884619851027
187 190 -0.3872308166338232
188 189 -0.9157593029286257
188 191 0.48137940041178284
189 192 0.02315292989512474
190 191 -0.1405950031873464
191 192 -0.11111778662532723
193 194 -0.8694394937383605
193 196 0.3684015637991944
194 195 0.12924880581722498
194 197 0.8624512429733235
195 198 -0.9229634739200976
196 197 0.5387478489815727
197 198 0.527471152089102
199 200 -0.9617544232824804
199 202 0.7371015176269209
200 201 0.40694448487516066
200 203 -0.6116742699391293
201 204 -0.4129327896742545
202 203 0.17429006128920643
203 204 0.8941247903845426
205 206 0.9953723175577358
205 208 -0.21931631105769767
206 207 -0.2346093634582822
206 209 -0.8878149875488182
207 210 -0.09147650609608982
208 209 -0.892637209917805
209 210 0.11153911342084832
211 212 0.1154294685262629
211 214 0.2796269412972756
212 213 0.9008679054536046
212 215 0.19229504052982938
213 216 0.1271592633718306
214 215 0.4665916592441497
215 216 -0.5145170333559255
217 218 -0.9633567498590252
217 220 0.25102514031337697
218 219 0.1069077981905755
218 221 -0.2329878554077358
219 222 -0.1422093538236684
220 221 -0.08509462543644597
221 222 -0.6014838674610017
223 224 -0.39924095733690534
223 226 -0.529994071814837
224 225 -0.24169098589646687
224 227 0.9522094251052529
225 228 0.7208219944791396
226 227 0.8507584901832341
227 228 -0.32919665064912396
229 230 -0.5227004728994975
229 232 0.9287363162277329
230 231 0.8745385779138186
230 233 0.24874514856542262
231 234 -0.21720908897275848
232 233 -0.03716401861473617
233 234 0.5357188980507113
235 236 -0.012402267291210745
235 238 0.8541923381560974
236 237 -0.6338319126560952
236 239 0.4058574718788215
237 240 -0.3306638930400534
238 239 0.12401617273649279
239 240 0.22146351745016646
241 242 -0.8634144430285544
241 244 -0.147425630817545
242 243 -0.478801339089874
242 245 0.7749653606009663
243 246 -0.678665102867426
244 245 -0.3207694497619611
245 246 0.27885278548776693
247 248 0.8742808618889215
247 250 -0.17572599606648587
248 249 -0.21378893892106787
248 251 -0.5000374932891236
249 252 0.23389115546113048
250 251 0.8214670453069954
251 252 -0.2622765187122358
253 254 0.8719562284032589
253 256 0.7154230431411657
254 255 0.9372906844088174
254 257 -0.9174974592344065
255 258 0.3328475166036311
256 257 -0.2967688047660091
257 258 -0.7164739481309188
259 260 -0.4855670502179108
259 262 -0.025734457546339184
260 261 -0.43043045276475755
260 263 0.42757392483326484
261 264 0.7283145093210193
262 263 0.3472963418121875
263 264 0.9096098399976711
265 266 0.3896542815677926
265 268 -0.7795495293949135
266 267 0.8775799239065913
266 269 0.08656037733730826
267 270 -0.13874341805879875
268 269 0.982568589863563
269 270 -0.9183978994551776
271 272 -0.28081095225831065
271 274 -0.6970349054970322
272 273 -0.4836866855467268
272 275 0.7159245296644092
273 276 0.9149557585504611
274 275 -0.7050625542647568
275 276 -0.9378104241759286
277 278 -0.8721658312665761
277 280 -0.8759607305291395
278 279 0.4090468698189005
278 281 -0.5930763850721534
279 282 0.1617540825203161
280 281 0.869440615630086
281 282 0.34982350745730995
