# 
7 7 -0.45102995207154173
8 8 1.2819834678785673
9 9 -0.6880007649579003
10 10 -2.4982157047794846
11 11 -3.7947012132145215
12 12 -3.368080093563816
13 13 -1.464251525897886
14 14 -0.48184833906291313
15 15 -2.9849203532457578
16 16 3.785458167694811
17 17 0.852521469327753
18 18 1.5438404422363314
19 19 -1.3948239824173703
20 20 1.1306219900697236
21 21 0.3364662358187962
22 22 1.3587028574393276
23 23 -0.9830599468206005
24 24 -2.7754397074446757
25 25 1.7523309913169989
26 26 -3.1358030482245454
27 27 -3.78584548116768
28 28 -1.4975245295502342
29 29 -2.607054500734508
30 30 1.499882051153742
31 31 -1.4058847073700473
32 32 -0.18443141712367694
33 33 -2.7960970032102477
34 34 -2.6764180758348743
35 35 3.229678981259501
36 36 -3.44681641450382
37 37 0.10139239795525423
38 38 1.7662068075071966
39 39 -0.6727699860342939
40 40 1.0433986581230483
41 41 0.24123099070909504
42 42 2.84366919029085
43 43 -0.389749083588641
44 44 -3.5272709520300296
45 45 -2.4322379349070165
46 46 1.8208079894207883
47 47 -3.6172671895863564
48 48 -2.391828576095853
49 49 -3.7415945117621208
50 50 -1.7453591120546195
51 51 1.6105153715142189
52 52 0.9684173050554366
53 53 -3.859811091697196
54 54 1.5808984422761405
55 55 3.0336269427957285
56 56 3.7044863247101203
57 57 2.0077848667118348
58 58 0.6279457897106973
59 59 0.9171682740159861
60 60 2.145024049928396
61 61 -2.669670769824088
62 62 3.834960953193651
63 63 -2.702641319649926
64 64 2.5874533306229246
65 65 3.799668636493932
66 66 -2.0948649354381477
67 67 3.88972747946433
68 68 3.739517937301951
69 69 -2.8836233242613325
70 70 -2.8077171597265016
71 71 -1.7099841537001579
72 72 -1.7173750895616982
73 73 0.809948300508772
74 74 2.7107020953043213
75 75 -3.7711911094143478
76 76 0.18602042022264964
77 77 0.8339616226116808
78 78 -3.4357436457880057
79 79 -3.0287092752662454
80 80 2.447984996082803
81 81 1.0859652559229271
82 82 -3.4952506214636205
83 83 1.3904718837573862
84 84 -3.356349205219683
85 85 1.8766248649480968
86 86 0.7292451350372238
87 87 -2.8672049946005824
88 88 -0.6377348326366672
89 89 -3.7130561097053363
90 90 -3.0470324514982945
91 91 -3.811425190374309
92 92 -3.183019128835836
93 93 -3.973508585852316
94 94 1.5192806248840052
95 95 0.29072702006114337
96 96 -3.1539744903979567
97 97 -0.4169058413887061
98 98 0.8357170463745982
99 99 -1.5637589313198452
100 100 0.25105846255861675
101 101 1.6796953361324558
102 102 -1.8267380133590718
103 103 -2.094061065075749
104 104 -3.088144043284636
105 105 3.9807165805353293
106 106 -3.1574912360214276
107 107 -3.4110068472772817
108 108 -3.652660392642747
109 109 1.5025288500280771
110 110 -3.866225870337585
111 111 1.0758661088471806
112 112 -2.397831412924222
113 113 -0.2716635742493061
114 114 1.5278982090600923
115 115 2.7291668197013035
116 116 -0.24192984928545513
117 117 1.682478669587793
118 118 -3.0896157523539722
119 119 2.6794364544013396
120 120 -0.58293530005436
121 121 0.9507545465393035
122 122 1.891544472007502
123 123 -2.168266349439782
124 124 -1.1324935276592143
125 125 0.08945780157245142
126 126 -0.2642547570764959
127 127 -2.4263392838273914
128 128 1.7248470052551532
129 129 1.6378237396405693
130 130 -1.6331350955330706
131 131 -3.92870285917014
132 132 -2.8020994559458243
133 133 -1.7226635339854477
134 134 -2.5257276891263505
135 135 -3.046156413011685
136 136 -1.8787778193912148
137 137 -3.8427041541676994
138 138 -1.946648600466455
151 151 3.363232225118751
152 152 1.5210797009418693
153 153 -1.744773285556727
154 154 2.526844418601268
155 155 1.347137669419899
156 156 3.4429253252320198
157 157 -2.5732332356498944
158 158 1.1476051799735503
159 159 1.9492293944497545
160 160 -2.0680438830020247
161 161 -3.274581378534142
162 162 -2.1978495968658978
163 163 -0.5760148007060719
164 164 0.35734250914199794
165 165 -2.807853966053819
166 166 -3.247989524530757
167 167 -2.167970715860732
168 168 -2.550027598686185
169 169 1.0304685971366139
170 170 3.615503056991966
171 171 2.209880676088937
172 172 0.2156196003624382
173 173 0.47437863688909676
174 174 0.5225075778300541
175 175 1.057937480149401
176 176 -2.982916934603887
177 177 1.3715176509578892
178 178 -2.209665458137427
179 179 3.8788428851177503
180 180 3.1382906052931805
181 181 2.9690523513684495
182 182 1.8420092163405952
183 183 -2.5426372028860165
184 184 -0.6974651582536096
185 185 -2.3401980779780605
186 186 2.194554707632249
187 187 3.1000010708075294
188 188 -3.0016593314435083
189 189 2.684071930168141
190 190 -3.6751756362463315
191 191 -3.658100275297274
192 192 3.893567740756419
193 193 -1.00902938610868
194 194 -3.543590480464033
195 195 3.2652196399078726
196 196 0.9028000818551938
197 197 1.342926701864041
198 198 -0.5324595493774851
199 199 1.644603862406318
200 200 -2.8806758151168683
201 201 0.3377846833327087
202 202 -0.6103803519810143
203 203 2.4729520578691604
204 204 1.5155966231519313
205 205 2.6825334603358755
206 206 3.5432693681677767
207 207 -1.2640854864703943
208 208 1.2641470698328607
209 209 3.187975930152608
210 210 0.14236352093869353
211 211 3.19561986165864
212 212 -2.8889071216734266
213 213 1.7054921288908549
214 214 0.0910414393491692
215 215 1.8633283418975823
216 216 -3.3397408561773174
217 217 3.8458250330303487
218 218 -2.287294123428522
219 219 -3.27920790679838
220 220 1.5193910976219174
221 221 3.5397998264309214
222 222 -3.140044143893734
223 223 -0.28161835876619534
224 224 -0.4200002215244236
225 225 -0.19052526917423318
226 226 -3.4996453868132074
227 227 -0.4759237655782993
228 228 2.1594945672612518
229 229 -3.902450613857159
230 230 -3.599070672310778
231 231 -2.6381550353165872
232 232 3.7410971937403863
233 233 3.5752550391254774
234 234 1.4262880695052447
235 235 0.21457935965543395
236 236 2.219426848853285
237 237 -2.7628352422486957
238 238 -3.8298664699505425
239 239 1.069698651483141
240 240 -3.3509763312196776
241 241 -2.1142324727659885
242 242 -2.7452015600600594
243 243 -0.9799901616086526
244 244 -1.179384146143458
245 245 0.6312805623505522
246 246 -3.694841367321377
247 247 -3.337139221145775
248 248 -0.42071083646680396
249 249 -2.198399696728629
250 250 2.7488858584888636
251 251 0.776622029131012
252 252 0.9729131884132318
253 253 -2.573032179887031
254 254 -3.802955919126836
255 255 -2.1653198953479595
256 256 -0.4328449027918291
257 257 1.8610099894768801
258 258 -0.29598164485844425
259 259 -2.6993294898688873
260 260 2.9073571657187403
261 261 1.09485673476689
262 262 1.4844443814684523
263 263 1.39209453618796
264 264 -1.5117916983493123
265 265 -0.9166830875977121
266 266 0.5604222656399847
267 267 3.9226370130639348
268 268 -3.743213520603823
269 269 -3.7296264373907286
270 270 -0.7044510107072206
271 271 -0.7012878518039463
272 272 -2.967794883994464
273 273 2.852108614415399
274 274 -3.769172432569814
275 275 -0.4935142881665282
276 276 -2.4732441134153005
277 277 0.8126601673937683
278 278 -2.4021564480310147
279 279 2.4856224999428305
280 280 0.8978209639181722
281 281 3.2376601331257566
282 282 -0.4129678637016001
7 8 0.9211005356604405
7 10 -0.8546393438757312
7 157 0.0747145435135168
7 160 -0.3250661128615757
7 163 0.6536815858622749
7 166 -0.09453962961795948
8 9 -0.6266670726669075
8 11 0.5168059435669836
8 193 0.07989139849168958
8 196 -0.9295694959369842
8 199 0.9792225800472594
8 202 0.6901105634789562
9 12 0.9268174793519264
9 229 -0.8615189749309351
9 232 0.5471234963436771
9 235 0.5143797091991638
9 238 -0.45868914083949885
10 11 0.8150223014552773
10 157 0.5118433819764976
10 160 -0.30298849699427466
10 163 0.7223580551522863
10 166 -0.18101801238057735
11 12 0.4385577036445327
11 193 0.8329735671769303
11 196 0.7437038491069601
11 199 -0.5671313750554219
11 202 0.9255140276088711
12 229 -0.9996322641786426
12 232 -0.7863586662966253
12 235 -0.9646323126541956
12 238 0.03054789930956825
13 14 -0.9414488701540904
13 16 0.9171485771765262
13 193 -0.10219271522380757
13 196 0.07277090650995888
13 199 -0.1432961402973869
13 202 -0.41148215102021024
14 15 0.07957869693836317
14 17 -0.3001061448492859
14 229 -0.9328107053382997
14 232 -0.6146396740019202
14 235 0.45819553975581306
14 238 -0.3582115405320625
15 18 -0.8481696990358678
15 265 0.9233380320338047
15 268 0.7102112708377779
15 271 0.7183733295682291
15 274 0.5222682033631354
16 17 0.5454524869955129
16 193 -0.6762570686834364
16 196 -0.9124457134497925
16 199 0.21237152584713992
16 202 0.1987279393808521
17 18 -0.6922266248387234
17 229 -0.3491256224152721
17 232 0.3566822463938173
17 235 -0.03141999318878286
17 238 0.78556523728765
18 265 -0.18340466485328655
18 268 0.19158567647210223
18 271 0.44850883147454756
18 274 -0.6617428865165125
19 20 -0.7962501958773804
19 22 -0.8717706818003483
19 181 0.41437640248274366
19 184 -0.24455017026356507
19 187 -0.2630406204958269
19 190 0.4782159054472632
19 193 -0.4627733054018448
19 196 0.5946129884302047
19 199 -0.9146652781785316
19 202 -0.19491855535547375
20 21 -0.8715807615862532
20 23 -0.07202320422684116
20 217 -0.6766531515363865
20 220 0.9424961415081099
20 223 -0.636750859036266
20 226 0.24992229482169814
20 229 0.8572578897953909
20 232 0.3621103741147813
20 235 0.33360094166921495
20 238 -0.14288101441033874
21 24 -0.4962190720729147
21 253 -0.29475144137160814
21 256 0.3357998238030857
21 259 0.782276177621231
21 262 0.19488813724803378
21 265 0.5667071922891718
21 268 -0.12027594639179351
21 271 -0.09996426697526073
21 274 -0.8387028884173295
22 23 0.2668041303312976
22 181 -0.15117174310355952
22 184 0.27447035517979157
22 187 0.33696453478842625
22 190 -0.0854790232681395
22 193 0.20175132281486796
22 196 0.4540599345686498
22 199 0.6856409959870995
22 202 -0.3264104489761628
23 24 0.19634179745651048
23 217 0.6183539238255251
23 220 0.4583506682904819
23 223 -0.08076083789068766
23 226 -0.36571835162068544
23 229 0.2842684077022275
23 232 -0.3121811827310972
23 235 0.8680131783042275
23 238 -0.061485002892531115
24 253 -0.2876351908225605
24 256 -0.5103188595825086
24 259 -0.41738953318561056
24 262 0.657149279303433
24 265 0.18328452513216176
24 268 0.2743569411890614
24 271 0.9616303550040832
24 274 0.4975601859310401
25 26 -0.8379569703988818
25 28 -0.4472704217029253
25 181 -0.8742950251386483
25 184 0.9634815012133668
25 187 -0.6821617652972904
25 190 0.8824325343134729
25 193 -0.9520932093257592
25 196 -0.21130860473285096
25 163 0.007736994940605868
25 166 0.09455273762683492
26 27 0.6724745054912142
26 29 0.5786246013261074
26 217 0.5018749557279343
26 220 0.6003887846120264
26 223 0.7123897664488557
26 226 -0.43878739056328175
26 229 0.06854846555435667
26 232 -0.31486941705779525
26 199 0.7026845225599432
26 202 0.42167832221826984
27 30 0.8315298903527815
27 253 -0.708886348119734
27 256 0.5602650322793781
27 259 0.4881987618832173
27 262 0.273170595435446
27 265 0.7701983594894992
27 268 -0.4312663821391671
27 235 0.3034700133423778
27 238 0.4075401823581315
28 29 0.5786249499912399
28 181 0.8749788980152802
28 184 -0.6507569123121939
28 187 -0.660127978674492
28 190 -0.44607302148359085
28 193 0.46807826354171844
28 196 0.9792224183139264
28 163 -0.43684892042848
28 166 -0.9378972298260464
29 30 -0.19972524416640614
29 217 -0.4408807445474907
29 220 -0.895736280113804
29 223 0.9925933462842851
29 226 -0.28144321547786055
29 229 0.536549001610036
29 232 -0.1886896256860391
29 199 0.23655412160347922
29 202 -0.5088530800993325
30 253 -0.28436278905066725
30 256 -0.5279066118942681
30 259 -0.3311003032268096
30 262 0.010104368844466638
30 265 0.8709672790209495
30 268 -0.585551378422472
30 235 -0.6918435063775998
30 238 0.35308277269394295
31 32 -0.28582879874922895
31 34 -0.1313367662878584
31 181 0.8031004338553964
31 184 -0.1632954199194656
31 187 -0.04988755578458215
31 190 0.9988536363531744
31 193 0.3049374964799292
31 196 0.6985179365911323
31 163 0.08659010261353184
31 166 0.11636129391120287
31 169 -0.14730843601287003
31 172 0.0443783855933777
31 175 0.5295194758228119
31 178 -0.3540140884103973
32 33 -0.029310256896158515
32 35 -0.7938517182004998
32 217 -0.7244755530584266
32 220 0.6108041946948903
32 223 -0.4988300755502013
32 226 -0.5786860369474731
32 229 -0.09318647012197001
32 232 0.4063965653022985
32 199 -0.6102451095719839
32 202 0.09448604927301929
32 205 -0.5695183385697957
32 208 -0.49276858354267006
32 211 -0.1705196945505698
32 214 0.45319501742217394
33 36 -0.3745898951480833
33 253 0.9543412272037173
33 256 -0.5730646021129244
33 259 -0.7508942326430472
33 262 -0.46273860721115745
33 265 -0.33386245377546353
33 268 -0.0920641316570947
33 235 -0.6144713902112873
33 238 0.7326276783263321
33 241 0.6259718718189833
33 244 -0.9547571341549697
33 247 -0.11549529705072858
33 250 -0.23733283829832952
34 35 0.20774583256361234
34 181 0.4597239094079395
34 184 0.556785764227667
34 187 0.4069915277579643
34 190 0.1981437044735317
34 193 0.007174095047640883
34 196 -0.11138966930070548
34 163 -0.9994674566564827
34 166 0.4680680234557342
34 169 0.5640963343073511
34 172 0.8329968719382055
34 175 -0.38337884741012584
34 178 0.1733804281112854
35 36 -0.7344541029082499
35 217 0.6040786996458993
35 220 0.26228850859346187
35 223 0.3775936129457944
35 226 0.31941032945657755
35 229 -0.6372808167403534
35 232 -0.34037123970400285
35 199 0.11941113235329626
35 202 0.16127334587804332
35 205 0.12104055219207943
35 208 0.4484802943437123
35 211 0.3519879971943187
35 214 -0.5699527173128485
36 253 -0.2245947140505764
36 256 0.25089665875743616
36 259 0.8759822627447025
36 262 -0.571381114794419
36 265 -0.23142384705865382
36 268 0.8580090002892165
36 235 -0.6988917824129797
36 238 -0.5136485929204622
36 241 0.6515594008575178
36 244 0.40769712078915243
36 247 -0.8780584340942919
36 250 0.9955393093708127
37 38 0.09976522955325784
37 40 -0.9721628404269695
37 181 0.6239955379329745
37 184 -0.3243592126577688
37 151 0.8615500645424021
37 154 0.34585900570677164
37 157 -0.5290369918722926
37 160 -0.6969534862865681
37 163 0.6577967643417331
37 166 -0.4740754816063715
37 169 0.619751019352972
37 172 -0.4288677351895849
37 175 0.268629046830976
37 178 0.6886330357235502
38 39 0.16925579146154468
38 41 0.7619365285971287
38 217 0.9099576644341978
38 220 0.33588044725986
38 187 -0.9973563591788479
38 190 0.28016921924610827
38 193 0.1362173292627893
38 196 -0.22932997820210765
38 199 0.603659217663342
38 202 -0.8115516670482648
38 205 0.29898938466931524
38 208 0.27328690867674843
38 211 0.09721205742576
38 214 0.4907200668594751
39 42 0.9060977650158781
39 253 0.8831563356235577
39 256 -0.87194341745924
39 223 0.674953848045097
39 226 0.28403590589915617
39 229 0.38059565527369266
39 232 0.4550801286320483
39 235 -0.7041440022883558
39 238 0.5664656693934023
39 241 -0.1693636940158385
39 244 -0.46825380541466055
39 247 -0.818193981247535
39 250 -0.7739229040086366
40 41 -0.039357992232851746
40 181 -0.9467411052771135
40 184 0.4608894872047409
40 151 -0.39356539923590517
40 154 0.6132125974847702
40 157 0.42361398698437647
40 160 -0.5580500865651452
40 163 -0.8558474350465113
40 166 0.3001881982008905
40 169 0.28701526944054767
40 172 0.24258037181145276
40 175 0.4174828329104179
40 178 -0.3242114767782258
41 42 0.10380440953822445
41 217 -0.7767908924278955
41 220 0.32442854011810374
41 187 0.31929503563917216
41 190 0.32774619338971855
41 193 -0.6024681139028245
41 196 -0.5172621116788916
41 199 -0.22714416977457041
41 202 0.02905904795259362
41 205 -0.3684768924247086
41 208 -0.5052454222837799
41 211 0.8466946613125408
41 214 -0.49101818378121287
42 253 0.20223233269158358
42 256 0.8231658570223013
42 223 0.14853649330367036
42 226 -0.14357816037949767
42 229 0.4946166659940996
42 232 0.8923270423764296
42 235 -0.30206831652481814
42 238 0.40484002222898097
42 241 -0.9031247409751253
42 244 -0.5458193399428917
42 247 -0.6351479656841916
42 250 0.8751549285098215
43 44 -0.12657318752842817
43 46 0.4904797974881143
43 181 -0.8486832327129494
43 184 0.5112431763445227
43 151 0.6578493501993823
43 154 -0.4765067143386992
43 158 0.1568675208274657
43 161 0.7494781268090438
43 164 -0.23686599660080976
43 167 0.1523348806782152
43 169 0.5794478752062366
43 172 -0.8756290846634962
43 175 0.8930527291587853
43 178 -0.7126518068223462
44 45 0.265807370477799
44 47 -0.5417720924833365
44 217 -0.20533527671377505
44 220 -0.8770772640762108
44 187 -0.9251591022666277
44 190 0.5169741213608372
44 194 -0.1717670839376524
44 197 -0.17376056398154516
44 200 0.7754748922554022
44 203 0.3847060580824726
44 205 0.12848913255461158
44 208 0.2538948525671729
44 211 0.26637911916172596
44 214 -0.16390604065073844
45 48 0.7522218864990864
45 253 -0.3753292034066187
45 256 0.42216008734672616
45 223 0.10882938245411755
45 226 0.6776313689377877
45 230 -0.7489994723754543
45 233 -0.21215778789464856
45 236 -0.18781315354936923
45 239 -0.13690442010247317
45 241 0.02859472018184883
45 244 -0.2836684102202729
45 247 -0.5995292892212254
45 250 0.9663103075188066
46 47 0.8185050021698679
46 181 -0.4217469205596074
46 184 -0.5800428048148427
46 151 0.8419965947636154
46 154 0.4842501805407582
46 158 -0.13269509544386993
46 161 0.1961616038482561
46 164 -0.09517559905204842
46 167 -0.6664669208729577
46 169 -0.2196728635577816
46 172 -0.3874536092672449
46 175 -0.1569192193310054
46 178 -0.9181946411275841
47 48 -0.6717152112917475
47 217 0.9548795118094973
47 220 0.31535303407511583
47 187 -0.10535617449905499
47 190 0.6606636083935773
47 194 -0.38204476733722803
47 197 -0.5534056987629885
47 200 -0.566051633977998
47 203 0.9934021508007624
47 205 0.6239019821167988
47 208 -0.9856718251134577
47 211 0.5996247073041121
47 214 0.424314788037788
48 253 0.09475990166588333
48 256 0.3365397149340197
48 223 0.651618328247499
48 226 -0.888026757725745
48 230 -0.37050522495446536
48 233 -0.9232878260714072
48 236 -0.8826342899833772
48 239 -0.3065358581529638
48 241 -0.6595329258329252
48 244 -0.11927991091346257
48 247 -0.2958208784648255
48 250 0.6278898569508626
49 50 -0.6825921434534066
49 52 -0.5776942028903975
49 181 -0.7322324513547691
49 184 -0.20963859302477328
49 187 0.7450162735865045
49 190 -0.9255590003286547
49 194 -0.5214458945101874
49 197 -0.18456217843224865
49 200 -0.9582815522127781
49 203 -0.9939236375155471
49 205 0.4769453095297693
49 208 -0.11488732834169912
49 175 0.1640163621769548
49 178 0.3645501901165116
50 51 0.8184136527416253
50 53 -0.647947725930188
50 217 0.8936896540537678
50 220 0.4945317288604656
50 223 0.39407369034280215
50 226 0.5198773441817588
50 230 -0.8262576356986873
50 233 -0.3466032612610719
50 236 0.9956123674851356
50 239 -0.7885154559434904
50 241 -0.34835480318760137
50 244 -0.4396297894503971
50 211 -0.000695532151286038
50 214 0.13670548929277104
51 54 0.7333027957079343
51 253 -0.9611662417103932
51 256 0.8178660587813555
51 259 -0.11949204295053706
51 262 0.6752267151450613
51 266 0.4491076680747941
51 269 0.3751351444733313
51 272 0.16309916421532744
51 275 -0.25329366814758414
51 277 0.7679871523925801
51 280 0.13391352609372098
51 247 0.5962872161139501
51 250 0.6168341404812103
52 53 -0.7045641648135827
52 181 -0.5866436818943566
52 184 0.8710414252828058
52 187 -0.9056461581221045
52 190 -0.37944401137238026
52 194 0.10416369230160583
52 197 0.2559972593447126
52 200 -0.7090892328352771
52 203 -0.45416967502132266
52 205 0.13622273569233312
52 208 -0.9195312166994054
52 175 0.8149229603860559
52 178 0.33326814094353896
53 54 -0.7591065296595627
53 217 -0.9238537623647989
53 220 0.5099632769598488
53 223 0.150654655647529
53 226 -0.463380512346375
53 230 0.4086743098223322
53 233 0.7714865839975844
53 236 -0.6916944324209875
53 239 0.3641274726742658
53 241 0.029834460290017795
53 244 0.05543969233686119
53 211 -0.8480864867577196
53 214 0.6021845094512361
54 253 -0.4296501795319472
54 256 -0.7472628350056771
54 259 0.11014286835571507
54 262 0.5959835414548476
54 266 0.7639166786984062
54 269 -0.08201811366961809
54 272 0.10711047203922552
54 275 0.6723936812894105
54 277 -0.6804673965961574
54 280 -0.33808726967436753
54 247 -0.006847905859274084
54 250 -0.6799435801086262
55 56 0.1329979630699092
55 58 -0.1603756073998468
55 182 -0.9532171919525523
55 185 0.8082016219091634
55 188 0.3158160066651208
55 191 0.17751688227241602
55 194 -0.9580265451500729
55 197 0.9910383248490353
55 200 0.8808561888366073
55 203 -0.6718339744738435
55 205 0.25244052963310204
55 208 -0.21979671564190473
55 175 0.5928146441510578
55 178 0.9535898469649733
56 57 -0.6812174063837819
56 59 0.024416549713395908
56 218 0.2766640146699728
56 221 -0.04785685994633537
56 224 -0.17207758323203715
56 227 0.9547957390936277
56 230 -0.8208238899910312
56 233 0.6447865852107038
56 236 -0.2333700165671262
56 239 0.710731771027483
56 241 0.2980615102434374
56 244 0.11942531954904112
56 211 0.8549547741488772
56 214 0.4425184356894887
57 60 0.39742081681440533
57 254 -0.49304485717293245
57 257 -0.40329325554529016
57 260 -0.26029460510630287
57 263 0.559655449071131
57 266 0.49944209948361795
57 269 0.22999220687079114
57 272 -0.050812210498663024
57 275 -0.7157953648331381
57 277 -0.15577736698317057
57 280 -0.24670944472924505
57 247 0.8775093875364792
57 250 0.9238875123622854
58 59 0.0410707384698743
58 182 -0.5807857081498284
58 185 0.06772034480696254
58 188 -0.7078173676623494
58 191 0.553161164559351
58 194 0.9639727200368224
58 197 0.877715865979424
58 200 -0.8403189122962655
58 203 0.7128179561041161
58 205 -0.6224840482561409
58 208 0.14423785736362715
58 175 0.8470230716201468
58 178 -0.4977702533359818
59 60 0.7187463478803098
59 218 -0.5324083613533199
59 221 -0.9820642049207371
59 224 -0.5191737168662598
59 227 0.34177641409271464
59 230 0.45403684710603565
59 233 0.9069509532337037
59 236 -0.6126797087185418
59 239 0.16168248163873788
59 241 -0.904400899931457
59 244 -0.15554077734647498
59 211 0.15130204366246902
59 214 -0.4944369846152945
60 254 0.8143418760953205
60 257 0.18634357721946038
60 260 0.997702978667963
60 263 -0.6929029861771947
60 266 0.32397439649969706
60 269 -0.7901699797531405
60 272 0.5172555264172132
60 275 -0.10344078341836793
60 277 -0.2683284141179514
60 280 0.6877135300798216
60 247 -0.2330198084353332
60 250 0.8060977607724193
61 62 -0.33143585832212086
61 64 0.9634562771540907
61 182 -0.7134256425934768
61 185 -0.12037895946613575
61 188 0.41427908602598396
61 191 -0.10456952854613144
61 194 0.5128725672419656
61 197 0.36033480248661287
61 164 -0.6764642750495893
61 167 -0.9294917991168172
61 169 0.048797522785252845
61 172 0.9154252949008146
61 175 -0.2854016493261138
61 178 0.3928568721168699
62 63 0.4976359121233316
62 65 0.24735062969138633
62 218 -0.37401402771821624
62 221 0.5714669308269043
62 224 -0.2500466103507897
62 227 0.2967040644850958
62 230 0.020313526135623095
62 233 -0.5229219419005062
62 200 0.4246425432901766
62 203 -0.03341771385151815
62 205 -0.8906002137133116
62 208 0.43358320514816184
62 211 0.3993130945511669
62 214 0.1267561171968501
63 66 -0.07614159742487647
63 254 -0.3618584229569446
63 257 -0.5002243725862718
63 260 0.39046378907654766
63 263 0.030144005835770482
63 266 -0.9330563325139147
63 269 -0.8070617070024293
63 236 0.8348359722668892
63 239 -0.2917736967754929
63 241 -0.7058485730596096
63 244 0.6516437248100904
63 247 0.9657611666656565
63 250 -0.051484673989134366
64 65 -0.49007799801880236
64 182 0.24620194430584852
64 185 -0.16274754909099443
64 188 0.15644470166566427
64 191 0.007614869285694992
64 194 -0.970922009283449
64 197 0.5101137025993117
64 164 -0.19403035323637519
64 167 -0.34250828348918705
64 169 -0.2412815244731763
64 172 0.5461282168013573
64 175 0.41454147626815896
64 178 -0.1297896548864066
65 66 -0.42841856652852606
65 218 0.2713667819333878
65 221 -0.9038002946348702
65 224 0.3016451496969752
65 227 -0.6096938712396704
65 230 -0.3298873099897326
65 233 0.817828625583894
65 200 0.3000249196402551
65 203 0.4888750922917182
65 205 -0.535341100695919
65 208 0.07957847117245076
65 211 -0.16229383470990633
65 214 0.0489163707807696
66 254 -0.9156040143609709
66 257 0.2763032457089538
66 260 0.76164474002993
66 263 0.41263560416492373
66 266 -0.4193552543026513
66 269 -0.09206303185896547
66 236 0.6097944948418452
66 239 0.6695614413054394
66 241 0.5862777854024299
66 244 -0.4344666858454407
66 247 -0.6974783206776825
66 250 -0.024157521149069883
67 68 -0.33078694643626894
67 70 0.24927640684436603
67 182 0.5391882611783685
67 185 0.08984187299432467
67 188 0.63847847058608
67 191 0.5916400619911257
67 194 0.47669356730965307
67 197 0.8986872831519932
67 164 -0.1833086368419219
67 167 -0.39663711764280096
67 170 0.3136346248376014
67 173 0.7056617609937399
67 176 0.9277928902588164
67 179 -0.9704629364970878
68 69 0.15093447992059872
68 71 0.11603023847424754
68 218 -0.31753522520163013
68 221 -0.42187073043280465
68 224 -0.4584803265963877
68 227 0.6469936469209105
68 230 0.8913016337116537
68 233 0.1776170291968311
68 200 0.2888563364532828
68 203 -0.4043957562585032
68 206 -0.33814732155082305
68 209 -0.8431852047570061
68 212 0.16831501227525125
68 215 -0.7961073951340767
69 72 0.1956019896092578
69 254 -0.6177873394416913
69 257 0.6972596795652632
69 260 -0.05009416250036214
69 263 -0.13776825120606495
69 266 -0.64987260892969
69 269 -0.86387019504449
69 236 0.9539109634877783
69 239 -0.9893109859771847
69 242 0.9718217950539956
69 245 0.2572332661173158
69 248 0.6587987370965789
69 251 -0.2121979578773019
70 71 0.7401300913368101
70 182 0.5205794017626126
70 185 0.24640587628940125
70 188 0.9797643970039507
70 191 0.04110338512701217
70 194 -0.36030987317687924
70 197 -0.26625573844111994
70 164 0.40914380458525357
70 167 -0.12900036011447225
70 170 0.48514858753208134
70 173 0.43027939796722303
70 176 -0.008929110092654735
70 179 -0.011690568541813606
71 72 -0.6124992529327022
71 218 -0.39733653913793465
71 221 0.9385151935816276
71 224 -0.4128114355667667
71 227 -0.20500232854757527
71 230 0.022322358520366015
71 233 0.2622123467449762
71 200 -0.22283867170556193
71 203 -0.4662089008823789
71 206 -0.0020749361819061285
71 209 -0.6272609421620068
71 212 0.03267486493083682
71 215 0.12338054484527672
72 254 0.32873227281401896
72 257 0.9949005851132653
72 260 -0.8176324948581455
72 263 0.21941235244243895
72 266 -0.16952731442202218
72 269 -0.7680573224150309
72 236 -0.786180794379975
72 239 -0.1363675742062631
72 242 -0.998099514392172
72 245 0.0808291615764225
72 248 -0.019368599472587178
72 251 -0.6008690217728934
73 74 -0.9357360436463873
73 76 -0.22203179369419423
73 182 -0.24915887053930463
73 185 -0.8615801149319502
73 152 0.9552809756901237
73 155 -0.8199965844043351
73 158 -0.9620574845452732
73 161 0.8756765232238597
73 164 0.21105847277787415
73 167 -0.9590870974441679
73 170 -0.07322707256177163
73 173 -0.8633556960309532
73 176 0.27494637421763435
73 179 0.8554641790535504
74 75 0.9637906607045998
74 77 -0.05001270255401291
74 218 0.9498951482146138
74 221 -0.18333844589106496
74 188 -0.37903192205074454
74 191 0.30193790982703006
74 194 -0.45892903120401596
74 197 0.22844039161191132
74 200 0.4871002226777308
74 203 0.7121443797339857
74 206 -0.4697321553795384
74 209 -0.41895199979132847
74 212 0.311063049145337
74 215 -0.6686409518815899
75 78 -0.29545826831270383
75 254 0.7752556553506782
75 257 0.7099740385425728
75 224 -0.21144802665602236
75 227 0.43724712250147646
75 230 -0.8589413386814839
75 233 -0.6173409616009293
75 236 -0.37033404723553476
75 239 -0.978490466116559
75 242 -0.30714320545379414
75 245 -0.45590486630605764
75 248 -0.6398752864041721
75 251 -0.36685500624294054
76 77 0.04956050007492152
76 182 0.8176601566374653
76 185 -0.3654125656673586
76 152 0.8318770752554336
76 155 0.8809891500134504
76 158 0.8665759036309479
76 161 -0.6409792694768699
76 164 0.5479526114716067
76 167 0.7602614685983631
76 170 -0.5019615963818906
76 173 0.09694031613370191
76 176 0.5277967193778161
76 179 -0.51099029462615
77 78 -0.8463818108242458
77 218 -0.516962038246382
77 221 -0.920202428338883
77 188 -0.815163412177325
77 191 0.7411424193914085
77 194 0.3175209153645564
77 197 -0.6454687747663932
77 200 0.5293748943605816
77 203 0.6730072857665237
77 206 0.32628919414431623
77 209 -0.3962443884588105
77 212 0.82961755780526
77 215 -0.5165243462164302
78 254 0.28841229969159365
78 257 -0.2537083946188097
78 224 -0.3432150026312297
78 227 0.01379101676678518
78 230 0.6066292582943893
78 233 0.15631218974048977
78 236 -0.16560035693560105
78 239 -0.18574169277108732
78 242 0.5290700897445597
78 245 0.8633445230564099
78 248 0.858886416320191
78 251 0.6066723671262306
79 80 0.3040047571070583
79 82 0.2111477330945768
79 182 0.17791612366442133
79 185 -0.5502936698125873
79 152 -0.14705952534035438
79 155 0.9712448159717009
79 159 0.08396964018771125
79 162 -0.8581539416187192
79 165 0.7786019686150449
79 168 0.7706606731253951
79 170 -0.7393118289237202
79 173 -0.4732338140491301
79 176 0.0671707925458569
79 179 0.48039184438276017
80 81 0.9734604621407419
80 83 -0.49472834910689967
80 218 0.015770957441868738
80 221 0.8775797480736627
80 188 -0.4253312036863579
80 191 -0.9456922097799019
80 195 -0.49814427422683605
80 198 -0.4195637039143132
80 201 -0.2576420312033869
80 204 0.3375469697058413
80 206 -0.8124363389148774
80 209 -0.2770692229059293
80 212 0.21644730067045415
80 215 -0.2743710013477041
81 84 -0.9779984407540152
81 254 0.3591020971681076
81 257 -0.7122859177039023
81 224 -0.3486268695503425
81 227 0.014830492087001934
81 231 -0.4518309477818243
81 234 -0.6479993262579502
81 237 -0.7044683147915647
81 240 0.5750517167112081
81 242 0.9103499072753101
81 245 0.6296489079831391
81 248 -0.8363947090295532
81 251 0.6246008405984866
82 83 0.06673835818788776
82 182 0.2527543957509639
82 185 -0.6607537552081211
82 152 -0.5782621604637628
82 155 -0.7155526278519291
82 159 -0.9648486307541422
82 162 0.37382248821110164
82 165 0.010640512556232773
82 168 0.35882163855473115
82 170 -0.14246433366344213
82 173 -0.6999643749943638
82 176 -0.4069071444769039
82 179 -0.4916222344456951
83 84 -0.32527376035232725
83 218 0.5093880474874661
83 221 0.23143803898062631
83 188 0.4956091676360519
83 191 -0.42098205488537355
83 195 0.27874690419425296
83 198 0.29461323307714316
83 201 -0.15422993371051574
83 204 0.14368246832534726
83 206 0.8182556096347731
83 209 -0.6736784908974573
83 212 0.976635911782646
83 215 -0.8530433013661849
84 254 0.4249346895231365
84 257 -0.5012758872382126
84 224 0.21573775614496715
84 227 -0.9664152502746426
84 231 -0.7077860728249465
84 234 -0.30019476004752166
84 237 -0.003928181058821201
84 240 0.08242166582698851
84 242 0.7834823221575182
84 245 -0.9357054602920261
84 248 0.24682507713900637
84 251 0.3787168790481099
85 86 0.529066030013656
85 88 0.6441079783034276
85 182 -0.44738598684188835
85 185 -0.5585124493937361
85 188 0.5442078514916291
85 191 -0.6795887582628373
85 195 0.9513184680254998
85 198 -0.6633033063350859
85 201 -0.2844489699222976
85 204 0.20213173521174443
85 206 0.49696744967861983
85 209 0.15221808445482332
85 176 0.857358957209154
85 179 0.5185498286647781
86 87 -0.6118209771470744
86 89 0.4471829620020815
86 218 0.8996553874023754
86 221 0.8800985030396187
86 224 -0.10345526463899413
86 227 0.12664635980828942
86 231 0.9653594634252389
86 234 0.8000023454455583
86 237 -0.4000729995414469
86 240 0.809167291096677
86 242 -0.020907809348500228
86 245 0.2383394408683015
86 212 0.8002282640920844
86 215 0.977746194932104
87 90 -0.26904232371196146
87 254 -0.004688848965132664
87 257 -0.8911697277945201
87 260 0.31146073057381085
87 263 -0.30254105274159615
87 267 -0.45413434098152305
87 270 -0.1670682802652843
87 273 -0.19402825146876856
87 276 -0.5757095146556612
87 278 0.6398631313717946
87 281 0.25883859177081203
87 248 0.2966833824547368
87 251 -0.5662927019254189
88 89 0.9944849632377359
88 182 -0.2418402065200982
88 185 0.6484359119384895
88 188 -0.624685711682911
88 191 0.8076937661272656
88 195 -0.9273438378216852
88 198 0.2893069793451002
88 201 -0.6069927853014883
88 204 0.346320838882765
88 206 0.8078572783255811
88 209 -0.0007127413643182035
88 176 0.5800292823116742
88 179 -0.72022745207501
89 90 -0.8910723106783467
89 218 0.1891509874964017
89 221 0.01588092628810256
89 224 -0.221775343357685
89 227 0.877248270659005
89 231 0.8824212726493561
89 234 9.609236481655792e-05
89 237 0.7906078768993106
89 240 0.27790423060180025
89 242 0.4075774131746426
89 245 0.04652512819116961
89 212 0.5986301130195288
89 215 0.368977942964712
90 254 -0.1853569262551149
90 257 -0.5092790921398656
90 260 0.3245834878834588
90 263 0.5081386091215734
90 267 0.062426958186105
90 270 0.2826560340358486
90 273 0.03823480038550775
90 276 0.0005457735243554751
90 278 -0.22429616584410494
90 281 -0.9411100610475152
90 248 -0.5263244101111584
90 251 0.4410517653151256
91 92 0.9211601441230313
91 94 0.9317036336764284
91 183 -0.24960399973812386
91 186 -0.7813096760941609
91 189 0.9025428825882971
91 192 -0.17922417427377035
91 195 0.4152128315565682
91 198 0.487250319951152
91 201 0.30691909551625374
91 204 0.3117843687195563
91 206 -0.775935219018314
91 209 0.9981869316232963
91 176 -0.43298282899563745
91 179 0.47364569802058076
92 93 -0.02510344202033199
92 95 0.542338574098512
92 219 0.7198996648897475
92 222 0.05760915227832952
92 225 -0.693736784169602
92 228 -0.3722059571157519
92 231 0.37388085818655714
92 234 0.3524217054624801
92 237 0.7552522238971853
92 240 -0.7085802451110574
92 242 -0.4425506486263626
92 245 0.40287938779269594
92 212 -0.569739079909521
92 215 0.8227800065625919
93 96 0.9413947690684192
93 255 -0.5085071340436602
93 258 -0.7871905375282067
93 261 0.2524522835238494
93 264 -0.5840913443880704
93 267 0.7064336257527719
93 270 -0.22430228303315514
93 273 -0.3301174158089366
93 276 -0.4059930104586651
93 278 0.3184076660542605
93 281 -0.35983331859162804
93 248 0.20815257373591267
93 251 0.07889939122333112
94 95 0.7129900764648052
94 183 0.22411782430264027
94 186 0.8939499857811355
94 189 0.7501519325252988
94 192 -0.44315998095752107
94 195 -0.16661344755119045
94 198 0.7384058277358716
94 201 -0.829099071984456
94 204 -0.2520870907280788
94 206 0.6247726541289955
94 209 0.954531901613257
94 176 -0.8894290848811197
94 179 -0.6025078875949612
95 96 0.7022232006842315
95 219 0.476120444782435
95 222 0.6210775861851139
95 225 0.30446795125745285
95 228 -0.7611360645812311
95 231 0.8460957562170768
95 234 -0.43479813903588194
95 237 -0.3787442384014861
95 240 -0.1152614924854165
95 242 0.8197852892705855
95 245 -0.16593083069188608
95 212 0.4460419727725373
95 215 -0.7260737330366172
96 255 0.4091969795984476
96 258 0.9979497782798687
96 261 -0.3892330426729871
96 264 -0.5697188475126305
96 267 0.136941747964608
96 270 0.08506525521117392
96 273 -0.29553932656412374
96 276 0.24707836162803565
96 278 -0.8563371736513004
96 281 0.3881141643234878
96 248 -0.10568611207373824
96 251 -0.4532876603501095
97 98 0.017975451049000668
97 100 -0.8317023787591482
97 183 0.787160726449019
97 186 0.9817667650596789
97 189 -0.8593592042013636
97 192 0.3938597481027666
97 195 0.1377805634496263
97 198 -0.3153003668708865
97 165 -0.2284074149883728
97 168 0.5886043340152924
97 170 -0.6321995207129412
97 173 0.9151660929056107
97 176 -0.41907343018922427
97 179 -0.14825915773513265
98 99 0.23694497216760335
98 101 -0.9280294891188066
98 219 0.539219431722203
98 222 0.6244487647227552
98 225 -0.32535577138673655
98 228 -0.31644567286865555
98 231 0.10844610866903182
98 234 0.9538732424274701
98 201 -0.34457611208790007
98 204 -0.19191486217256992
98 206 -0.9905862238130998
98 209 0.9142929958213522
98 212 -0.6003164820249705
98 215 0.8665923750518039
99 102 -0.4129788978084936
99 255 -0.9915847045077482
99 258 0.543798223948144
99 261 0.5900008082878303
99 264 -0.15737270606333298
99 267 0.6670089009085416
99 270 -0.13821011463212818
99 237 0.989736978344351
99 240 0.1462992334594082
99 242 -0.8608940071489615
99 245 0.6498016337525521
99 248 0.7966071504775545
99 251 0.15129987278777324
100 101 0.7871124755404766
100 183 0.9858414456046263
100 186 -0.671118915153917
100 189 -0.9400010968122006
100 192 -0.776224957276787
100 195 -0.6819956600580177
100 198 -0.6607421057067295
100 165 -0.4370241560418222
100 168 0.4159411296407658
100 170 -0.9670910872853946
100 173 -0.7766568210736882
100 176 0.8712869715639175
100 179 -0.7763349832621411
101 102 0.617233183170778
101 219 0.12435954046782216
101 222 -0.24432439866511002
101 225 0.1895996672745195
101 228 -0.15822187925988018
101 231 -0.3074173714639181
101 234 -0.9669640458331399
101 201 -0.3271252819547017
101 204 -0.5208413075968836
101 206 0.868532722259032
101 209 -0.21217810612750476
101 212 0.2666146429938816
101 215 0.35610753463024913
102 255 -0.22559570252388528
102 258 0.7541741148551999
102 261 -0.30199483646243364
102 264 -0.1973097877591774
102 267 0.011485428543695608
102 270 0.9215455116764733
102 237 -0.13615223247849584
102 240 0.24231420271053383
102 242 0.13699986129911879
102 245 -0.03268527049487302
102 248 -0.36412211401530126
102 251 -0.7854854928335888
103 104 -0.9550032011265233
103 106 0.4625477729842884
103 183 -0.4245654524985243
103 186 -0.7625325421413918
103 189 0.39671572647379305
103 192 0.8223258448651942
103 195 -0.15283600914772033
103 198 0.02019124917907078
103 165 -0.581380001586318
103 168 -0.46942324205793295
103 171 -0.49340781285253565
103 174 -0.5747080301314718
103 177 -0.12180146453410812
103 180 -0.24366456555543348
104 105 -0.6164781727859048
104 107 -0.4627175568090163
104 219 -0.46429721790041256
104 222 -0.7234633629728124
104 225 0.08287608516139078
104 228 -0.5586501061371314
104 231 0.5306015606144021
104 234 0.4236826440604988
104 201 0.5533783040018281
104 204 -0.5011889858985745
104 207 0.7839638777417803
104 210 -0.08001640782814579
104 213 -0.9649319640281306
104 216 0.6192750373421279
105 108 0.1822783200856124
105 255 -0.648001835089103
105 258 0.13467564223638306
105 261 0.5459783162632874
105 264 0.6968845105213495
105 267 -0.33641510085880144
105 270 -0.38394019981781913
105 237 0.3494343124169501
105 240 0.36381307064359225
105 243 -0.7739696183268923
105 246 -0.17768247598703657
105 249 -0.4964182867471558
105 252 -0.6519948460016616
106 107 0.2159071179076142
106 183 -0.1570171769631803
106 186 -0.20439451452492774
106 189 0.8992546404613488
106 192 -0.9286364651497718
106 195 0.49805350002177073
106 198 0.6201851062642629
106 165 -0.015570787622912974
106 168 -0.1965826846775669
106 171 0.0899418026095089
106 174 0.976009500139879
106 177 0.6820739256466952
106 180 -0.4602879354437184
107 108 -0.10323677673845566
107 219 -0.8542597465099959
107 222 -0.7474921918066157
107 225 0.30283001763010886
107 228 -0.5296698482938462
107 231 -0.4920496356012971
107 234 -0.4140097466516648
107 201 0.62963536475932
107 204 -0.5444471303425171
107 207 -0.3581103253664284
107 210 0.8965668008743091
107 213 0.6598837436146616
107 216 0.08733732577029452
108 255 0.3962030850758813
108 258 0.9862336736801778
108 261 -0.32718960615907866
108 264 0.5231190489570781
108 267 -0.42693106154996685
108 270 -0.30544121317976924
108 237 -0.20142818558764297
108 240 -0.028002047500793825
108 243 -0.09922588339325156
108 246 -0.5644510468839379
108 249 0.9699919512951662
108 252 -0.9902110090259226
109 110 -0.08272486640871701
109 112 0.083172073434719
109 183 0.44286793710822314
109 186 -0.7998824108828384
109 153 -0.22903156478179132
109 156 -0.9864503831016227
109 159 -0.8059644716771976
109 162 -0.9975383740719692
109 165 -0.30790666693965263
109 168 0.8608757014761332
109 171 0.20381328299149026
109 174 0.5121731905059712
109 177 -0.2874345607343496
109 180 0.6928405468956031
110 111 -0.25643328608448646
110 113 -0.5361183743297313
110 219 -0.40799707225139614
110 222 -0.29365465696867066
110 189 -0.3468427121575497
110 192 0.3846502426143117
110 195 -0.7621100551640898
110 198 -0.6584024261520183
110 201 -0.45091816480491254
110 204 -0.613886942433644
110 207 -0.8765865632214767
110 210 -0.3209085103929923
110 213 -0.9470443825047687
110 216 -0.27263247085223563
111 114 0.005560589505794633
111 255 0.36524880394401826
111 258 -0.10507253227196145
111 225 -0.40021715173331773
111 228 0.8808361313791551
111 231 0.4491774789434462
111 234 0.16292049177795076
111 237 0.3740863079712058
111 240 0.23309310040330944
111 243 0.7616363853727455
111 246 -0.5196734613914717
111 249 0.7804330243384341
111 252 -0.5062213989517357
112 113 -0.8235463278960429
112 183 -0.7080080591582039
112 186 -0.4393373042242188
112 153 0.43544398390901473
112 156 0.8553388538433229
112 159 -0.5667100591270655
112 162 0.8949000531728342
112 165 0.36374977236187833
112 168 -0.9389468032349411
112 171 -0.3694650720699213
112 174 0.2899409082424744
112 177 0.13814149712249946
112 180 -0.26950309525961913
113 114 -0.39827887806254947
113 219 0.14744954976139235
113 222 -0.7489015146152425
113 189 0.6323115374548185
113 192 0.3898868030172502
113 195 -0.287364728392816
113 198 -0.3725886378843135
113 201 0.8580444799515716
113 204 0.7888374097162771
113 207 0.6123274845809201
113 210 0.5843085353343063
113 213 0.17751230546813668
113 216 0.34681885568833115
114 255 0.8939127792319617
114 258 -0.809653086454577
114 225 -0.006898668367508076
114 228 0.3260841323246251
114 231 -0.14554884773552668
114 234 -0.7193769224458351
114 237 0.5697597034129922
114 240 -0.55831845283002
114 243 -0.7606344333251851
114 246 -0.9112437997484839
114 249 0.35100899566797983
114 252 -0.8612765541325713
115 116 -0.9308854729548124
115 118 0.3521435503826629
115 183 0.819992170314974
115 186 -0.6741385249468919
115 153 -0.9479516812424675
115 156 0.5878173607466848
115 171 0.6874271642287648
115 174 0.4845560337482331
115 177 0.904122259532278
115 180 0.9284647729734514
116 117 -0.24426849376753945
116 119 -0.047816154519532805
116 219 0.7010645508840041
116 222 -0.8445203555701939
116 189 0.6675930057693575
116 192 0.4879046222665544
116 207 0.9485694803376181
116 210 0.9718818735267407
116 213 -0.2594818908146874
116 216 -0.23183273173610774
117 120 0.7186866376876813
117 255 -0.1783814616348518
117 258 0.6918213230887678
117 225 0.7131996257916349
117 228 0.12442124924082187
117 243 0.9671636219020925
117 246 -0.35322212872752723
117 249 -0.7775511346135733
117 252 0.09673732686220005
118 119 0.571516254486909
118 183 -0.08038345346561093
118 186 -0.9022985983738241
118 153 -0.13436619974576147
118 156 -0.7017423298870866
118 171 0.9347072128362612
118 174 0.6780073321771038
118 177 0.14017648036198294
118 180 -0.94234798721498
119 120 -0.0033569242471733762
119 219 0.9861315296937154
119 222 -0.355588973951924
119 189 -0.4542208570291224
119 192 -0.1783869111795151
119 207 0.6340471204624747
119 210 -0.8921832134433199
119 213 -0.46853160673583094
119 216 0.7329969827264917
120 255 -0.679033284229102
120 258 0.9558191666207672
120 225 -0.972913186875465
120 228 -0.46049140892018303
120 243 -0.36077427922982386
120 246 0.7968978974751291
120 249 0.7825647925158055
120 252 0.8843424761120178
121 122 -0.9944502375651287
121 124 -0.4950065752339785
121 183 0.3383115279311011
121 186 0.8041766411037565
121 189 0.2675045604570976
121 192 -0.7077000499177561
121 207 -0.5111636182468773
121 210 0.44401742911538
121 177 -0.5995596711406166
121 180 0.3582407143162498
122 123 0.2899027268898948
122 125 0.9590130509176946
122 219 0.22221138867877377
122 222 0.837142406393286
122 225 0.25274480921205855
122 228 0.7195807699850247
122 243 -0.5166581946092048
122 246 0.27808836062832154
122 213 -0.15816506573301825
122 216 0.640504591753577
123 126 0.3713260224785768
123 255 0.2722312727032914
123 258 -0.3500711548848807
123 261 -0.6397365916786708
123 264 -0.6147814206274422
123 279 0.09745491417669871
123 282 -0.3708584756919806
123 249 -0.6023035660678628
123 252 0.76144396937685
124 125 0.6491758809044335
124 183 0.4800489999701305
124 186 0.37957979229649097
124 189 -0.3133749121906275
124 192 0.769589199577214
124 207 -0.2743215652420792
124 210 -0.25509802639405343
124 177 0.907322287622851
124 180 -0.2905105690940992
125 126 -0.7188327008711808
125 219 -0.44132115766953195
125 222 0.3512473936187388
125 225 0.15695670098073733
125 228 -0.5903267890311859
125 243 -0.33487038224350574
125 246 -0.7453411758097215
125 213 -0.5100180677900945
125 216 0.3080084081820298
126 255 0.4808522498815171
126 258 -0.8824786310274979
126 261 0.6038885041519442
126 264 0.18319432811489822
126 279 0.17082595180634175
126 282 -0.14328700228232805
126 249 -0.15975984709187996
126 252 0.3836947968906683
127 128 -0.20823865232324024
127 130 -0.12925606728714945
127 207 0.1538896358959625
127 210 -0.5547468988012227
127 177 0.5865466697940647
127 180 -0.11793567356479695
128 129 -0.03217971123867902
128 131 0.3555455124152276
128 243 -0.2766341903755356
128 246 0.48188450653229475
128 213 -0.9150111405419885
128 216 0.9114341289912096
129 132 0.835415026051106
129 279 -0.5609084176875434
129 282 -0.31605606101113826
129 249 -0.6086597495612174
129 252 0.571830474640667
130 131 0.7717378273374689
130 207 -0.8041262989189459
130 210 0.9988451863487673
130 177 -0.1414029097924121
130 180 -0.10185873242657917
131 132 0.483513224518185
131 243 0.007115104335438938
131 246 0.932396982294214
131 213 -0.7588603342555442
131 216 -0.8053844576529885
132 279 -0.6660242893788781
132 282 -0.7511725061761203
132 249 -0.843498898276789
132 252 -0.44705216556818494
133 134 0.3994445626887826
133 136 0.9720533277390806
133 171 -0.9231356061838423
133 174 -0.5912581129176353
133 177 -0.5797009733201883
133 180 -0.028469632139848766
134 135 -0.17693910514311506
134 137 0.11250039804059253
134 207 -0.7890506476399621
134 210 0.10823611922084808
134 213 0.3503255704880035
134 216 -0.712622405378198
135 138 0.9299156316201784
135 243 0.26289662795435564
135 246 0.18278547966667902
135 249 -0.5642004645040215
135 252 0.4260208649801218
136 137 0.9079989798609418
136 171 0.04671891906912995
136 174 -0.0703890090318342
136 177 0.7642374834722812
136 180 -0.43363397505695866
137 138 0.12587847176782563
137 207 -0.43229406424270933
137 210 0.18319444437149657
137 213 0.743007557780706
137 216 0.9070179745063718
138 243 0.20696922772218085
138 246 -0.5853752856315588
138 249 0.4289648932254857
138 252 -0.507244280244185
151 152 0.0074552398746203785
151 154 0.5171982966266242
152 153 -0.662260083723019
152 155 -0.3092457264066695
153 156 -0.7345468285753991
154 155 -0.20335364562140223
155 156 -0.6118005503676776
157 158 -0.8890058334788118
157 160 0.6731887250831396
158 159 -0.5458303641306619
158 161 0.2942861836524202
159 162 0.5510156988837216
160 161 -0.547357166371266
161 162 0.6973221413232324
163 164 0.7259735159084602
163 166 -0.17647391756597308
164 165 -0.3881788850480845
164 167 -0.163715407432951
165 168 0.09733088085220687
166 167 -0.46028191762614035
167 168 0.7261226296401153
169 170 -0.28538400512340933
169 172 0.17884490348044224
170 171 -0.8108479778331787
170 173 -0.8166215162950956
171 174 -0.2138686445895932
172 173 -0.3714322627393636
173 174 -0.22846646788403135
175 176 0.4328481606118575
175 178 0.05261800528389049
176 177 0.36803434150533376
176 179 -0.34758503064956603
177 180 0.28081452574482335
178 179 -0.7439571309811543
179 180 -0.10111454199260006
181 182 -0.843309561942386
181 184 0.9287839068236474
182 183 0.3743650791612665
182 185 -0.24050087931943476
183 186 -0.02698292540342373
184 185 -0.7551177331271182
185 186 0.635758788739673
187 188 0.14025659316411554
187 190 -0.5330090794581568
188 189 -0.7803142282795805
188 191 0.37273538972887477
189 192 -0.5568487961805415
190 191 0.10814276277952084
191 192 -0.3424664206822452
193 194 0.5556223842296439
193 196 0.4384015729255304
194 195 -0.7757086578963626
194 197 -0.2466889607871403
195 198 0.12084676534091865
196 197 -0.3770902454470071
197 198 0.9000832607786846
199 200 0.6363099295967323
199 202 0.9135296540134341
200 201 -0.5982200601725574
200 203 0.6516279028178267
201 204 -0.867819497688354
202 203 0.26305219056605456
203 204 0.7524228693836743
205 206 -0.08532040075605107
205 208 -0.626185934486615
206 207 -0.6139276044678843
206 209 0.3757008876352881
207 210 -0.6330968620618256
208 209 0.801603875479346
209 210 0.5468475096974543
211 212 -0.53682606541849
211 214 -0.918724001642043
212 213 0.9706545179013517
212 215 -0.6571922437272553
213 216 -0.9552598121122096
214 215 -0.8236231106365528
215 216 -0.14091319446256456
217 218 -0.5149744444917763
217 220 0.3785656767647918
218 219 -0.7437432536771673
218 221 0.29484241304166914
219 222 -0.017492819834571627
220 221 0.3906246634041117
221 222 -0.13691715167854346
223 224 -0.7776243920646675
223 226 0.814521061794302
224 225 0.26940741496579945
224 227 -0.5880847961282623
225 228 0.7543798728469284
226 227 -0.7587582196486689
227 228 0.8412436487257651
229 230 0.6567301626154791
229 232 -0.5087932758311382
230 231 0.2799010054573805
230 233 0.8166778557080232
231 234 -0.08570876332483213
232 233 0.4823404790393382
233 234 -0.49609094007109045
235 236 0.42500337100541663
235 238 -0.2791959952533867
236 237 -0.4450021881661561
236 239 0.8922858496374166
237 240 -0.3965798163955059
238 239 -0.8673306181150688
239 240 0.7290996252894375
241 242 -0.39718162562486947
241 244 0.8332989155303085
242 243 0.1663710839472088
242 245 0.2772809774266496
243 246 0.5451759613619616
244 245 0.6942257322045511
245 246 -0.1148605579301516
247 248 -0.6037918865498682
247 250 -0.6786116091124179
248 249 -0.42933830199934464
248 251 0.7614762073186179
249 252 -0.004116784547234298
250 251 0.9934406714741537
251 252 0.001405642755986758
253 254 -0.28061217014409867
253 256 -0.9263918557568422
254 255 -0.7664465916862229
254 257 0.7854396984881375
255 258 -0.2697213071559281
256 257 -0.2781881896536922
257 258 0.04338271313707365
259 260 0.5749713417670748
259 262 -0.39700974048444193
260 261 0.09992946958257831
260 263 -0.980884477743478
261 264 0.6286486600856684
262 263 0.4014720860785972
263 264 0.1434978357295822
265 266 0.1320434331010183
265 268 0.7113816613025226
266 267 -0.028947689107599928
266 269 0.33464780383120174
267 270 -0.39851824483128095
268 269 -0.8967961089039491
269 270 0.6988487783512607
271 272 0.22106166273074912
271 274 -0.5949542853189849
272 273 0.9623058315753958
272 275 -0.1595597080142741
273 276 -0.9019833721686672
274 275 0.5894057845775722
275 276 -0.5922612392457403
277 278 -0.10127309067296997
277 280 0.27353288544228893
278 279 -0.2592489459469458
278 281 0.2921716279839808
279 282 -0.47933826117857214
280 281 -0.6458166723122793
281 282 0.19601647020146284
