# 
7 7 -1.442311157723478
8 8 -3.798696879485229
9 9 -3.0251230211840863
10 10 -1.732236399545667
11 11 2.683652886913614
12 12 -1.8219132797153827
13 13 3.6202733734315267
14 14 -0.6511661884899995
15 15 0.4890189131629805
16 16 2.1646352049398168
17 17 1.8539488767346306
18 18 -1.126394516033277
19 19 -2.747877200354968
20 20 1.0951105961532006
21 21 3.375766439619855
22 22 3.2760126720709577
23 23 3.3468865445325813
24 24 -3.8875611385138003
25 25 -3.2447236400021513
26 26 -1.360031276351692
27 27 3.2579051184561028
28 28 -0.7675850796583035
29 29 1.802810145576248
30 30 -0.4109868750471053
31 31 0.5888556663205211
32 32 2.3500387543333012
33 33 3.4450995761984187
34 34 1.7296085507086172
35 35 -2.724543161278679
36 36 0.8725973871215089
37 37 -3.6902796181651274
38 38 -3.2832849605276184
39 39 -3.390994695477797
40 40 -2.198912113161115
41 41 0.5332348675950227
42 42 -3.883919454340923
43 43 -2.028067214370502
44 44 -3.5583987912063533
45 45 1.9733658429022913
46 46 -2.599352539365783
47 47 3.841522398268892
48 48 3.8358384529230047
49 49 -1.4328139257743162
50 50 -0.5356907623096951
51 51 3.25707848383617
52 52 3.494338443403035
53 53 -0.10592629639881856
54 54 1.1642288797268563
55 55 -3.742763358077223
56 56 -1.6166340956263863
57 57 -1.4185796776729944
58 58 -2.430315499466949
59 59 -3.9002262248608552
60 60 2.1916696878863577
61 61 0.7352410859112872
62 62 -3.697886041243354
63 63 -3.0497986181459638
64 64 -1.7134794329425471
65 65 3.8030616509265247
66 66 2.958324840836342
67 67 1.3184727302017807
68 68 1.0755700298271202
69 69 -3.4467835376542464
70 70 3.806083861043456
71 71 1.53029612474855
72 72 0.8438168436749276
73 73 -2.878078467833916
74 74 1.0629913192557057
75 75 -0.26711664838072924
76 76 -2.4357827215167207
77 77 -1.8405380460735374
78 78 -0.718242683381269
79 79 3.705663841228076
80 80 -3.474464270056015
81 81 -0.8542975815436495
82 82 3.54817389424585
83 83 2.57601092084679
84 84 -0.02316997478409455
85 85 2.4453916745509403
86 86 -2.152714884270936
87 87 1.444172629614413
88 88 3.9800151097784706
89 89 -1.116618963284365
90 90 -1.3378525459948172
91 91 -1.8534043717671
92 92 3.929614955634099
93 93 -0.7320059676277211
94 94 -1.0471281709244549
95 95 -0.8536105244946866
96 96 0.31485253476254016
97 97 -3.8200195641084624
98 98 0.8590777157571718
99 99 1.8100072538153764
100 100 -3.4547935184018783
101 101 2.8556007609129788
102 102 -0.3644260449551222
103 103 -1.4883571036570675
104 104 -1.6588772447210065
105 105 -3.8209789116711352
106 106 -0.9380365048336632
107 107 0.5036974520642117
108 108 -0.17565698672694907
109 109 1.0618367870779375
110 110 -1.853543796294156
111 111 -1.6956889044415737
112 112 -0.13651111956210205
113 113 -2.1713018053207103
114 114 -1.3458929236638975
115 115 3.7333323628920434
116 116 2.0618713979475904
117 117 -0.6968517643861114
118 118 1.4419039588243647
119 119 -1.3573547431789184
120 120 -3.315698305286663
121 121 1.2983492947360284
122 122 -2.403102891039583
123 123 -1.0138051649094946
124 124 3.837560380148769
125 125 -3.054372119420946
126 126 -2.5305194595368707
127 127 -0.9598456172362981
128 128 2.700495313479995
129 129 -0.9302770646014311
130 130 3.217303332915817
131 131 1.4762822187328384
132 132 -3.0865527045503436
133 133 0.9067578706139106
134 134 1.977119057841061
135 135 1.053181202952878
136 136 -0.5314805889301892
137 137 -0.21776697586243365
138 138 0.8802602617197772
151 151 3.009368056037963
152 152 -1.460924016277839
153 153 1.6747524976586154
154 154 2.1386409271539017
155 155 0.26856128840518334
156 156 1.0316627760606591
157 157 -1.9878651834056864
158 158 3.648180921840366
159 159 -0.718541425825113
160 160 -3.783712193875756
161 161 -1.448264258797976
162 162 -0.20962111760010949
163 163 0.9813018271123326
164 164 -2.198711909101694
165 165 -2.5484745813890246
166 166 -1.2323447002170447
167 167 3.548667194426577
168 168 -2.7496762278527607
169 169 3.1064590302253947
170 170 1.1241376294772785
171 171 -2.075636191036226
172 172 0.26218106392277374
173 173 -1.4985502413810945
174 174 1.849641337178232
175 175 -2.50778929071489
176 176 0.8172967375162212
177 177 -0.9516044600169016
178 178 -1.2457591667550059
179 179 -1.934452112491976
180 180 2.53819013415389
181 181 -3.2046054241365987
182 182 -3.8048880551364297
183 183 0.5890081918757062
184 184 0.6208842658774314
185 185 -1.7371477944051845
186 186 2.4281237710830803
187 187 1.6098939989405716
188 188 0.8704500807651998
189 189 -3.034265857203647
190 190 2.968724019517853
191 191 2.0179474450790256
192 192 3.7900861338346985
193 193 -0.4338100304258772
194 194 1.1499882715731866
195 195 -2.057649134675354
196 196 -1.5926620315161086
197 197 -2.761649624891626
198 198 -1.5296712990314099
199 199 2.0610209279525087
200 200 0.6611443047308079
201 201 0.7538649364327954
202 202 -3.575400526960829
203 203 2.9769435742980956
204 204 -1.5263396427038085
205 205 1.9707450238302222
206 206 -2.9703535145511397
207 207 -3.592414896443392
208 208 1.8161816842669536
209 209 1.7119285522649088
210 210 -2.7774244306179536
211 211 2.6374134727833507
212 212 1.9608089215081623
213 213 2.7207713652468666
214 214 -3.5798028363619627
215 215 -1.245253853283172
216 216 -3.5137680131521645
217 217 -0.8328923737251195
218 218 1.5847331520075354
219 219 -1.2377906763428346
220 220 0.7669236467601888
221 221 -1.4703449844319962
222 222 -3.124148940714237
223 223 -3.98452730130101
224 224 2.6837365922068273
225 225 -3.891891741453448
226 226 -2.014074447100727
227 227 -1.273674002415814
228 228 3.2000615796844913
229 229 3.6799530200745867
230 230 0.48053492291015854
231 231 -1.7305552197016585
232 232 0.40986977977115036
233 233 -1.3621826244493374
234 234 2.9214578870902104
235 235 0.935831662245409
236 236 1.4928195503054642
237 237 1.9339121190953898
238 238 3.313837725116013
239 239 -3.6414208757463955
240 240 1.031595493392822
241 241 1.5780259551562281
242 242 -0.5002121929188483
243 243 1.641011469663816
244 244 1.3832878540698452
245 245 -3.18538260269628
246 246 0.9927613853189419
247 247 -2.263528498628168
248 248 1.8481168809887736
249 249 2.072751196427232
250 250 1.9711006609355275
251 251 0.43970556532922256
252 252 1.0654939641742773
253 253 1.0027816799353024
254 254 -3.7545290521034627
255 255 -0.3492132449511116
256 256 -3.5728434111460237
257 257 -3.703087390421289
258 258 3.53346947588752
259 259 -1.7013174457247535
260 260 0.9004627479891676
261 261 1.8013612346505123
262 262 0.6521626818805473
263 263 1.597436821092879
264 264 0.8140739100930947
265 265 2.350095437919811
266 266 -0.18886727031431505
267 267 -1.918263437809304
268 268 -2.8373556453822504
269 269 2.780430785236538
270 270 -3.9128955894353776
271 271 -0.5245838877299525
272 272 0.1417565036592503
273 273 -0.030635041346180003
274 274 0.8164324140275845
275 275 -1.772390299118034
276 276 3.1101168073130934
277 277 3.1884068203447624
278 278 -1.9748717246851628
279 279 -2.9845231074201743
280 280 -1.8264248596777852
281 281 2.1800923564613104
282 282 -0.7273863703271708
7 8 0.24077545567012737
7 10 0.7623137535154465
7 157 0.02579529206231035
7 160 -0.24712058380437818
7 163 -0.5252374264926185
7 166 0.031289124974089644
8 9 0.41067013269138464
8 11 0.768074109000753
8 193 0.9541545819411057
8 196 0.1302754418892449
8 199 0.04767695265173044
8 202 -0.4954643865011603
9 12 -0.2843494266258817
9 229 -0.6269527412524851
9 232 0.331943368444666
9 235 -0.9268131233284818
9 238 -0.26641720788248113
10 11 -0.9062122949385918
10 157 0.6877433035615443
10 160 0.10851209793979377
10 163 0.9483428716532074
10 166 -0.9793636214750172
11 12 0.34520715047313466
11 193 -0.9723762707132988
11 196 -0.17807425544178734
11 199 0.5766086572901441
11 202 0.4300903466438597
12 229 0.5366342816521965
12 232 0.8275020801574229
12 235 -0.8850643509191167
12 238 0.22357620697915448
13 14 0.9728385349581772
13 16 -0.4421917521134364
13 193 -0.3369315353842499
13 196 0.5881322711091592
13 199 0.785598387877809
13 202 -0.46003462204613643
14 15 0.685216326540177
14 17 0.2824938325753077
14 229 -0.6245734536571697
14 232 0.07336820453168569
14 235 0.07618694004904802
14 238 -0.334766685652113
15 18 0.2595533831079957
15 265 0.5922675662588435
15 268 0.3032731071603465
15 271 0.8288250979592382
15 274 -0.5525779407865892
16 17 0.052839978615430105
16 193 0.8353752406846084
16 196 0.7192232667565763
16 199 -0.917484762291346
16 202 -0.6964276831569396
17 18 0.3814045715735672
17 229 -0.39476768577163557
17 232 -0.5420206499708293
17 235 0.1306660842499512
17 238 0.8878800095512394
18 265 0.3672148481547264
18 268 -0.3522029703620051
18 271 0.030492398864445214
18 274 -0.37256757124101236
19 20 -0.7669724013693691
19 22 -0.3826118812220667
19 181 0.8675225363180685
19 184 -0.9858356508661898
19 187 -0.20186340694983684
19 190 0.4611573830547153
19 193 -0.7331091997833472
19 196 -0.08594158660136064
19 199 0.28302369259121396
19 202 -0.9505452185547774
20 21 0.9717323679230314
20 23 -0.010400356607405792
20 217 -0.3025595154306244
20 220 -0.3615417216916126
20 223 0.9318508395857221
20 226 -0.8271557954338404
20 229 -0.19586929414075205
20 232 -0.34810989914390644
20 235 -0.7194845418617537
20 238 0.24574055944173323
21 24 -0.43537593832069077
21 253 0.15255318475625002
21 256 -0.2311117930496649
21 259 -0.15469287911881469
21 262 -0.35988907452246366
21 265 0.6956483938041207
21 268 0.5631868018140713
21 271 -0.6505581935734432
21 274 0.6197769029371238
22 23 0.7394517336828845
22 181 0.7620042306559256
22 184 -0.8672368744086059
22 187 -0.516634366251133
22 190 -0.20984342959565572
22 193 -0.05515355623519769
22 196 -0.04722766181149174
22 199 0.9397446019001281
22 202 0.7550986570997957
23 24 0.621067397548964
23 217 0.5972525592137568
23 220 0.12311530865645315
23 223 -0.7240544299900689
23 226 -0.882056027660127
23 229 0.16768322846153616
23 232 0.9138089748779008
23 235 -0.8094835377663081
23 238 0.7142608780551325
24 253 -0.4422040292099403
24 256 -0.40168069432129916
24 259 -0.0538135290016053
24 262 -0.9840051824397114
24 265 -0.9211329666716277
24 268 0.33691913666130424
24 271 -0.004801716995161742
24 274 0.42251638747563036
25 26 -0.09295308262234991
25 28 -0.6017279360534458
25 181 -0.3546742898762212
25 184 0.6693183039209312
25 187 -0.11256957308425752
25 190 0.8503211762080005
25 193 -0.37710453586182147
25 196 0.6480416122836807
25 163 -0.2917734932864622
25 166 -0.14211960926852485
26 27 -0.7192636845040778
26 29 -0.6703433032913535
26 217 -0.8076908053816871
26 220 -0.30473225183586594
26 223 -0.983494919119934
26 226 -0.2518283038677256
26 229 0.971958982489421
26 232 -0.7598341390696788
26 199 -0.915042022267841
26 202 -0.48730940787127275
27 30 -0.3435263126156549
27 253 -0.9930586584316166
27 256 -0.4173362048826106
27 259 0.5380823980779128
27 262 -0.03455565897577495
27 265 0.6098340493586476
27 268 -0.1823999222277044
27 235 0.3562508416212582
27 238 0.2983464495596251
28 29 0.07504617307252204
28 181 -0.351111876289228
28 184 0.6232950113112521
28 187 0.4836959422699958
28 190 0.08803041482299356
28 193 0.0582650667538982
28 196 -0.17049969026889067
28 163 -0.7504643768837411
28 166 -0.176933761362986
29 30 0.3229872816682229
29 217 -0.2821030395121178
29 220 0.856204553400312
29 223 0.1206953618593507
29 226 -0.20480177030146618
29 229 -0.24156294164388137
29 232 -0.6440626866704482
29 199 -0.44818775846193737
29 202 -0.5186813829408385
30 253 0.8068669850759902
30 256 -0.9568851386312871
30 259 0.9678301210127298
30 262 0.5728242598499362
30 265 0.5376229111947972
30 268 0.27859999668775215
30 235 -0.4894439816318179
30 238 0.8908762855013865
31 32 -0.6619927292337271
31 34 -0.49803358850851365
31 181 0.06438445311523844
31 184 -0.20354481052733453
31 187 0.6788542065234584
31 190 -0.3252389758185221
31 193 0.6269235782019309
31 196 0.6410432773136674
31 163 0.9529292237071803
31 166 0.8675795094625041
31 169 -0.42907002856988785
31 172 -0.3870116988530492
31 175 -0.1772007909795219
31 178 -0.32496237827777597
32 33 0.6915601533709026
32 35 0.768527583656593
32 217 -0.5726611648979096
32 220 -0.7829816774656684
32 223 0.5042463273127686
32 226 -0.5864062935377206
32 229 0.4480949067029427
32 232 0.8017509489116388
32 199 0.48645879598779995
32 202 0.9715278723943119
32 205 0.4339815685263322
32 208 0.07810244919551157
32 211 -0.49216022054434294
32 214 -0.9922242093864817
33 36 0.7648035727137987
33 253 -0.8761600251042503
33 256 -0.19735642257279418
33 259 -0.9845945359726223
33 262 0.24070215975482334
33 265 -0.24149910966341492
33 268 0.4240951252688374
33 235 0.2332425450856419
33 238 -0.15233631396356162
33 241 0.8389537625047769
33 244 -0.02976970232327325
33 247 0.5366546412046189
33 250 0.8521696809136912
34 35 0.9482675513166272
34 181 -0.35065177556680016
34 184 0.9829657670935001
34 187 0.6240187258244645
34 190 0.007640910758409225
34 193 -0.19862274971744287
34 196 0.5450696546423199
34 163 0.8859723731908098
34 166 -0.868841863483188
34 169 0.403369763546523
34 172 0.9884045996266322
34 175 -0.2904267693759752
34 178 -0.8276160183553416
35 36 -0.7602984363013938
35 217 -0.9190315269509273
35 220 0.6098488900766816
35 223 0.13579929732350093
35 226 -0.06438719464000142
35 229 -0.39338268091872375
35 232 0.8578901624100004
35 199 -0.5442851721803077
35 202 -0.493009518563418
35 205 0.6968819596372624
35 208 0.3641944147683489
35 211 0.5863956574010718
35 214 -0.6564758341250083
36 253 -0.2810827197904151
36 256 0.16165192224029057
36 259 0.009664314802511287
36 262 -0.8308721453794083
36 265 0.0551064087094606
36 268 0.5590724841187711
36 235 0.32272170768162756
36 238 -0.987342765590199
36 241 -0.04818535514279887
36 244 -0.3075230579295736
36 247 0.3560407139476893
36 250 -0.6850112992332962
37 38 0.8911189165889588
37 40 -0.4912930243388014
37 181 0.4680288903566838
37 184 0.912325156339223
37 151 0.19028924949226145
37 154 -0.39299294835878396
37 157 -0.4058541656444632
37 160 0.5643440843011107
37 163 0.9861695528830634
37 166 -0.6716155056040176
37 169 -0.3911636749039318
37 172 0.08118332133692174
37 175 -0.9709450202880794
37 178 -0.41432054043050326
38 39 -0.10524014420391792
38 41 0.21864210209849566
38 217 -0.009509410596814094
38 220 -0.2558262782538048
38 187 0.06642846917199474
38 190 -0.5769889199134461
38 193 0.6159345198064103
38 196 -0.20228746764857308
38 199 -0.5060288678998452
38 202 0.6992445346473308
38 205 0.5807478660127243
38 208 0.5210982311605836
38 211 -0.6026368499437549
38 214 0.5986415841155837
39 42 -0.1355754609892823
39 253 -0.9462564104755344
39 256 0.6422342068161471
39 223 -0.12748185924662603
39 226 0.37111589311536486
39 229 -0.8773121506383879
39 232 0.1304744685260646
39 235 0.7185031683486929
39 238 0.6042279567879112
39 241 -0.3020797729003839
39 244 0.2892356969647052
39 247 0.9125285092665025
39 250 -0.9234616473627959
40 41 -0.855507973221139
40 181 -0.184464205997958
40 184 -0.6045386929303396
40 151 -0.6803433105996175
40 154 0.4924027830161848
40 157 -0.8637849099808472
40 160 0.3978864255985113
40 163 0.682437861562631
40 166 0.9981772569379161
40 169 0.28305153807322303
40 172 -0.8898955435911544
40 175 -0.2581046285053741
40 178 0.29528563960296483
41 42 -0.1703172813796432
41 217 -0.26987670175961176
41 220 0.4982397336997111
41 187 0.49194954708352623
41 190 0.7602545102898726
41 193 0.9302123987365019
41 196 -0.3736178551874052
41 199 0.7511639337997469
41 202 0.14689459197127297
41 205 0.9393600778844335
41 208 -0.0012669153039199799
41 211 0.3839745679076847
41 214 -0.366203844228016
42 253 0.45849693456738283
42 256 -0.8975327898068737
42 223 -0.7366768216194401
42 226 0.7809340311613555
42 229 0.5746227322384494
42 232 -0.918027513742457
42 235 -0.3376036194003955
42 238 -0.32796381162584987
42 241 0.910611084655542
42 244 0.1662325115227865
42 247 0.1501136550385147
42 250 -0.10419388513093875
43 44 -0.9485406648772365
43 46 0.7910620709233336
43 181 -0.6325297937494654
43 184 -0.7231228333771649
43 151 -0.4186034091485067
43 154 0.8460156643727221
43 158 0.7598380784798144
43 161 0.4914901058742829
43 164 0.5610980457310619
43 167 -0.2929729443804179
43 169 0.3194911967666745
43 172 0.049028941391803915
43 175 0.3942785220636156
43 178 -0.9963379168998663
44 45 -0.26425147355963685
44 47 -0.25399691064397123
44 217 -0.2254910446197298
44 220 0.473497297024398
44 187 -0.984852857595484
44 190 0.6905807910421744
44 194 -0.8539891353699809
44 197 -0.09434350381301337
44 200 0.5119569936699762
44 203 0.9095174400184647
44 205 0.3397327490034283
44 208 -0.9870481835429816
44 211 -0.6098745621254125
44 214 0.9152402414343632
45 48 -0.29426893498589424
45 253 0.1915398972434985
45 256 0.7153081937337675
45 223 -0.8245201582934629
45 226 -0.4091604408498688
45 230 -0.7175883572231803
45 233 -0.9082998307348202
45 236 -0.617950268314881
45 239 0.31957017269303667
45 241 -0.8375386135188951
45 244 0.877639085847892
45 247 -0.5630908835985002
45 250 -0.8988161254427682
46 47 0.20247184437483634
46 181 0.5883379790508321
46 184 -0.08236962254229652
46 151 -0.40119656305681417
46 154 -0.023360211651701546
46 158 0.25213377127602676
46 161 -0.24352315525431156
46 164 -0.839272076372402
46 167 0.8779131831230802
46 169 -0.38985155863018317
46 172 0.5398578514589321
46 175 -0.5000092597032861
46 178 0.7873091393289364
47 48 0.0006546430926208657
47 217 0.7261072569541032
47 220 -0.02489029686338351
47 187 0.9808194932822494
47 190 0.7661900177363243
47 194 0.3403345565672633
47 197 0.05555369825898038
47 200 -0.28718787366721865
47 203 -0.5893878748632322
47 205 0.2042472375699489
47 208 0.06444555098821514
47 211 -0.9164089975218379
47 214 0.12271359351803923
48 253 0.5844054643456962
48 256 0.15138460586814761
48 223 -0.8628922664781635
48 226 -0.6790173269010127
48 230 -0.9052201616835485
48 233 0.18050949928713278
48 236 0.04651288401234566
48 239 0.45689130301741576
48 241 -0.37322984119119784
48 244 0.5598908520852668
48 247 -0.7610065808781574
48 250 -0.9811390808470943
49 50 -0.1777825935188304
49 52 0.04457581868289573
49 181 -0.9300450244824825
49 184 0.5721999188989311
49 187 0.3722518528169374
49 190 -0.9743639338988279
49 194 -0.7258049817247387
49 197 0.5420039637610063
49 200 0.847407244305443
49 203 -0.1437650685037002
49 205 -0.3366929847646303
49 208 -0.5033305074293506
49 175 0.36547224360017383
49 178 -0.1680055103998086
50 51 0.1423574799501881
50 53 0.7079599248191131
50 217 0.2818526617373551
50 220 0.5487669388198824
50 223 0.791566789324021
50 226 -0.9046836198732182
50 230 -0.8563968336048489
50 233 0.5008145327321294
50 236 0.3053394422591136
50 239 0.46047931645669915
50 241 0.8932418165689782
50 244 -0.31994811969179016
50 211 0.3065238105055679
50 214 0.8720277026946857
51 54 0.5432988741590024
51 253 0.8180522878260388
51 256 -0.21854898793332067
51 259 0.3223596416665657
51 262 0.4168825995887666
51 266 0.9825057986098256
51 269 0.9941491699129805
51 272 -0.1530685403542118
51 275 -0.09651568677315248
51 277 0.39372290449978187
51 280 0.1668564796494365
51 247 0.6976841153268536
51 250 -0.8337027708781832
52 53 -0.8037469792401379
52 181 -0.3580867848368021
52 184 0.6774112006475053
52 187 0.3797048610437952
52 190 -0.9638992422177783
52 194 -0.5502188747098931
52 197 -0.3856014450945997
52 200 0.46370941856689796
52 203 -0.030027579342035926
52 205 0.8299036281423755
52 208 0.9169824968851117
52 175 -0.6974409206669749
52 178 0.9588198751062111
53 54 0.07299426152720678
53 217 0.47953650162725325
53 220 -0.8538119596676472
53 223 -0.16145897967943634
53 226 -0.012742168187838354
53 230 -0.05155318910521345
53 233 0.20030560806123998
53 236 0.9925531779600745
53 239 -0.0985149139175312
53 241 0.3949105392416259
53 244 0.6239083775463397
53 211 -0.381952544930904
53 214 -0.6207669615340294
54 253 0.10158679348991595
54 256 0.11169431269511731
54 259 0.878041976594963
54 262 -0.9011029728632198
54 266 -0.26152117313013745
54 269 0.3547604193621532
54 272 -0.4232070498028959
54 275 0.3032400274022129
54 277 0.35774746758531295
54 280 -0.9954314482319608
54 247 -0.44297411555791033
54 250 -0.902437612604976
55 56 -0.6805993474034715
55 58 0.5491022789799351
55 182 0.6660614241209255
55 185 0.11713293897744603
55 188 0.23368281186199646
55 191 -0.07452396685434026
55 194 0.39445647398515415
55 197 0.07046084033821787
55 200 0.7792115868476153
55 203 -0.7837370053681452
55 205 -0.8932863624434477
55 208 0.10363607203089398
55 175 0.280949379689158
55 178 0.14539246291122887
56 57 -0.48900264778415736
56 59 0.7370836283542728
56 218 -0.5657038424570724
56 221 0.2397320446021003
56 224 0.2114740888626323
56 227 0.890993582959211
56 230 -0.7986897068249581
56 233 -0.024030427450082437
56 236 0.07547554671014933
56 239 -0.7193625138910396
56 241 0.3808313797750187
56 244 0.3781816798770581
56 211 -0.05549454123193853
56 214 0.9365359207361936
57 60 -0.5143073348644904
57 254 -0.4647502129655683
57 257 0.09031325527190703
57 260 -0.9663592892869817
57 263 0.8162789184347332
57 266 -0.8169130777665607
57 269 0.5409705208243119
57 272 -0.34067667195948825
57 275 0.7886979786918764
57 277 -0.7010289893681978
57 280 -0.7158193380232134
57 247 0.5201459909776345
57 250 0.9724332424069622
58 59 0.5230708233746966
58 182 -0.10445835634867673
58 185 0.37980415920966903
58 188 0.9162749599461024
58 191 0.5405595982968623
58 194 -0.31669002446021666
58 197 0.8206317023138718
58 200 0.05401711727753589
58 203 0.9096235508480606
58 205 0.4226531563522964
58 208 0.8952313607156628
58 175 0.134027598587229
58 178 0.9353219365235728
59 60 -0.2523957527362455
59 218 0.42094025959527026
59 221 0.5171038958716232
59 224 -0.5831922425176899
59 227 -0.34469932497834477
59 230 0.008059672110898752
59 233 -0.7216698230671412
59 236 0.3544322532026771
59 239 -0.7404891002788438
59 241 -0.3951592006370912
59 244 -0.34197278753889226
59 211 0.40236950049243636
59 214 0.7002254348092198
60 254 0.7221723121162176
60 257 -0.4549220885853307
60 260 -0.060875209566350064
60 263 -0.8914978231506383
60 266 -0.04021363346987128
60 269 0.1470733805536153
60 272 -0.7408108223628673
60 275 0.6946801082230849
60 277 -0.9661870346038421
60 280 0.8731557482980683
60 247 -0.4004842345188999
60 250 -0.9482291147667903
61 62 -0.12379660327815789
61 64 0.23416390261993603
61 182 -0.021652441767013197
61 185 -0.8690019754548932
61 188 -0.2690424109922267
61 191 0.50337453893417
61 194 -0.678572382868917
61 197 -0.5445580091068156
61 164 -0.48958453211862274
61 167 -0.16858724397324476
61 169 -0.041752472183997025
61 172 -0.5018663056069139
61 175 0.46444529446417726
61 178 0.5999006187742426
62 63 -0.033966429561384404
62 65 -0.8481830784689353
62 218 0.5573743978656449
62 221 -0.13676842912346943
62 224 -0.7838812993578326
62 227 0.7607512465890531
62 230 0.21833025974536824
62 233 0.7222238008007458
62 200 0.2487994815276846
62 203 -0.42634820857487243
62 205 -0.7233266170068133
62 208 -0.3633077427332678
62 211 0.665070743310094
62 214 0.19783506634826087
63 66 -0.218190622463742
63 254 -0.1952987170127909
63 257 0.6739629014291104
63 260 0.5382214190236971
63 263 0.6492831689360992
63 266 -0.08822665572372257
63 269 -0.03838810857833841
63 236 -0.26638111190890923
63 239 -0.11396963054557796
63 241 0.048933004481313436
63 244 -0.4550855419548723
63 247 -0.930202482103637
63 250 -0.3150341739573168
64 65 0.9147300554054332
64 182 0.11178922925332846
64 185 -0.8358235806317404
64 188 -0.06086564659748639
64 191 -0.178600751955023
64 194 0.08497492991701394
64 197 -0.26012009328345065
64 164 0.6779604553972816
64 167 0.5383592316703734
64 169 0.2067752102812186
64 172 0.21727927830987914
64 175 -0.640820526820495
64 178 0.546679791713556
65 66 -0.3590998965521912
65 218 0.5119379951480552
65 221 -0.6504697188401123
65 224 0.38378248072723253
65 227 -0.24022627472147629
65 230 0.02119301629020831
65 233 -0.12072958337785633
65 200 -0.6666909644803571
65 203 0.28424471903525195
65 205 -0.7733232058824153
65 208 -0.7602740437307391
65 211 -0.4051508031234079
65 214 -0.9013755973630233
66 254 0.5067046128759944
66 257 0.12734798312833884
66 260 -0.12707525812813114
66 263 -0.959674520832734
66 266 -0.16649773149137004
66 269 -0.4831902087232389
66 236 -0.42719677274507695
66 239 -0.29176810563007716
66 241 -0.5355905188259011
66 244 0.5985630496297745
66 247 -0.10923403590300129
66 250 -0.30087500616886875
67 68 0.7097934137798079
67 70 -0.6020271720664232
67 182 -0.20393336119714855
67 185 -0.8739841195359095
67 188 0.4630220678020669
67 191 -0.9469049726916936
67 194 -0.3062155650437852
67 197 0.7792973895635851
67 164 -0.9993021557179171
67 167 0.2397002185695729
67 170 0.4176050694231148
67 173 -0.7225898332073284
67 176 0.08784209329577064
67 179 -0.25168361166990505
68 69 0.1624811340350769
68 71 -0.6818565291048977
68 218 -0.22623221110351044
68 221 -0.3700878841129358
68 224 0.3298881485716805
68 227 0.052647836957395056
68 230 -0.7380494866819756
68 233 -0.7180511809309311
68 200 -0.6110948184692975
68 203 -0.7976882415177184
68 206 0.9266547249795041
68 209 -0.6053513811820286
68 212 -0.9152322380665432
68 215 -0.933716863018158
69 72 0.747621242696298
69 254 -0.19961114713698436
69 257 -0.7130523929122208
69 260 -0.7198450587698269
69 263 -0.4988179412248368
69 266 0.699522536104517
69 269 0.32765264521093673
69 236 -0.8459885921454413
69 239 -0.6757669273900735
69 242 -0.060645903104172616
69 245 -0.3880207466419552
69 248 -0.26199696296550345
69 251 -0.04353128769651016
70 71 0.5909614433714487
70 182 0.6513954442737011
70 185 0.9672464826035867
70 188 -0.13194982003129208
70 191 -0.8403030621423169
70 194 -0.8355428867656016
70 197 -0.6856932115816634
70 164 -0.33119596302559784
70 167 0.3321953674136957
70 170 0.16630465303120134
70 173 0.7426949065561972
70 176 0.533188193891595
70 179 -0.9840336802050249
71 72 -0.5525594006121421
71 218 -0.10125603831760888
71 221 -0.09304330569239183
71 224 0.12857855795667983
71 227 -0.6412454637274125
71 230 -0.043086058791589554
71 233 0.7714885407880157
71 200 -0.8668220709144239
71 203 0.5035777111758077
71 206 0.12362351411935801
71 209 0.19173501187923359
71 212 -0.8986783657486348
71 215 -0.1004656661796759
72 254 -0.6705316534564434
72 257 -0.7104929059721679
72 260 -0.3076934997091143
72 263 -0.045976497144529116
72 266 0.29900872897641295
72 269 -0.9133810495449135
72 236 -0.5448487879768384
72 239 -0.8722146235384489
72 242 0.09188215860771431
72 245 -0.4794985832497243
72 248 0.33992756608894736
72 251 0.7078519854116225
73 74 -0.2234106851929234
73 76 0.941887461873417
73 182 -0.13980367916094116
73 185 -0.751277680492731
73 152 0.8254468360638543
73 155 -0.7609181217265628
73 158 -0.2548807174570018
73 161 -0.4986645000391432
73 164 0.48746967101304706
73 167 0.4223601396778476
73 170 -0.7726728594247116
73 173 0.982266030501681
73 176 -0.7240283576775328
73 179 -0.05073657119567798
74 75 0.38742390020074957
74 77 0.09207567456143351
74 218 0.9804613266191595
74 221 0.8385328734551325
74 188 0.8798648845569956
74 191 0.3388483878255364
74 194 -0.7918985437677826
74 197 0.13027647650960494
74 200 -0.9737498812134444
74 203 -0.34343335101694206
74 206 0.8288329216139163
74 209 -0.7196397116287321
74 212 0.5112362996589055
74 215 0.7251417123069781
75 78 0.1520087938250747
75 254 0.9176114688793038
75 257 -0.2744490978045113
75 224 -0.6969447160783755
75 227 -0.49315547731386733
75 230 -0.2729943522592746
75 233 0.9293107320096892
75 236 -0.3393767653539903
75 239 0.1607538452131667
75 242 0.4186296955032496
75 245 0.8002488949161688
75 248 0.6189874698868427
75 251 -0.40047849780625944
76 77 0.36538107185116564
76 182 0.6920992236524821
76 185 -0.24306247292905048
76 152 -0.9554913230485087
76 155 0.30374042489113795
76 158 0.20380477945786235
76 161 0.12747804240452254
76 164 0.8234377303110152
76 167 -0.6321967666697759
76 170 -0.9823210973138328
76 173 -0.13964839828250475
76 176 0.8156346025294163
76 179 0.7391038321407584
77 78 0.5990062163691654
77 218 0.5208986557206794
77 221 -0.8980179228847871
77 188 0.5133411505389305
77 191 0.7389006243955316
77 194 -0.2602828571410072
77 197 0.1399541729129008
77 200 0.5845798990139945
77 203 -0.9840964904169542
77 206 0.30651464735546696
77 209 0.2709951910013215
77 212 0.17376570548488157
77 215 0.20487330015029892
78 254 0.7821790844205196
78 257 -0.04032448412162948
78 224 -0.19469750479705894
78 227 0.5881227720938154
78 230 -0.7883606602065134
78 233 0.30972808217151404
78 236 -0.2789039153212727
78 239 0.44867596613340144
78 242 -0.47248965736203874
78 245 -0.6442086195546461
78 248 -0.5990325218107375
78 251 -0.03671500162411667
79 80 0.8534055418084106
79 82 -0.8615477682749177
79 182 0.8353552238016384
79 185 -0.9376898360361949
79 152 0.14486531914647838
79 155 -0.31723650584349117
79 159 -0.3576873512005674
79 162 0.7203310169316643
79 165 -0.6996255357195393
79 168 -0.18798173210034896
79 170 0.26727866316379045
79 173 -0.8163313034006277
79 176 -0.6461076417136964
79 179 -0.7641371191871638
80 81 0.8081915477806823
80 83 0.664686875505629
80 218 -0.9903951191495477
80 221 0.8425954301407652
80 188 0.20757772608099057
80 191 -0.0946668911520212
80 195 0.9319850701749153
80 198 0.8676382626779369
80 201 -0.34159121192922615
80 204 -0.08255620281640041
80 206 0.33721774591135256
80 209 0.8409024059076611
80 212 0.6252677620074152
80 215 0.5338058234092
81 84 0.1309415713406894
81 254 -0.3344928628592292
81 257 0.8508859895825633
81 224 0.8719966286407643
81 227 -0.5331828783744248
81 231 -0.09169070115543287
81 234 0.5814499615880602
81 237 0.6798207968912395
81 240 0.6378526111380318
81 242 -0.5548800119205382
81 245 -0.9988363103596758
81 248 0.7043881978703175
81 251 0.15201149397742486
82 83 0.6639124289373963
82 182 -0.32091554908074693
82 185 0.4768722301827779
82 152 0.4110782628493679
82 155 0.7381042768676163
82 159 0.270850633493257
82 162 -0.7138955572246031
82 165 0.9667023746361556
82 168 -0.4628250507064875
82 170 -0.020128396075415722
82 173 0.15402344186730899
82 176 0.1391173811535582
82 179 0.4170264682283171
83 84 0.8014581831983643
83 218 -0.45785281062299954
83 221 -0.2360460279675407
83 188 0.06387792548637039
83 191 0.6964895933604343
83 195 -0.8071680481002994
83 198 0.9941956697227101
83 201 -0.4841240052736797
83 204 0.29250829977183357
83 206 -0.22381580971591464
83 209 0.2933214801758275
83 212 0.5305051368542271
83 215 0.22145933985778177
84 254 0.14080901917849054
84 257 0.3762943569965871
84 224 0.7520403082602165
84 227 -0.8791567507518094
84 231 -0.41168888301270234
84 234 -0.5826694581172036
84 237 0.7454952597697659
84 240 -0.1144189703958991
84 242 -0.37546081817284827
84 245 0.6263515498776362
84 248 0.3534820150180511
84 251 0.20530819699066138
85 86 -0.899839248364132
85 88 0.39541664348318406
85 182 -0.3809585313033643
85 185 0.9929510418067626
85 188 -0.17125361869699596
85 191 0.416408227867759
85 195 -0.6757919943631716
85 198 0.17312835478581734
85 201 -0.9254891742307059
85 204 0.5251081220915947
85 206 0.39036439657688304
85 209 -0.6695103548998165
85 176 0.12521582890367133
85 179 -0.24573447393030867
86 87 0.9166847169823351
86 89 0.7394324001212462
86 218 0.6825134666070141
86 221 -0.2010047150606158
86 224 -0.9891182882280205
86 227 -0.39768368459980197
86 231 0.560102509542139
86 234 -0.6395120990902079
86 237 0.36760245630891286
86 240 -0.20798874433400738
86 242 -0.6326384028875291
86 245 0.3391800372030507
86 212 0.8989087144673362
86 215 -0.8694657645041626
87 90 -0.14796268043044547
87 254 -0.1922571558991284
87 257 0.42159630707715223
87 260 -0.580595816271072
87 263 0.4853072055837149
87 267 0.20497036723698536
87 270 0.6461914217738651
87 273 0.2391196465379377
87 276 0.14774048187167388
87 278 0.37406246270629095
87 281 0.8721739618671045
87 248 0.25854298706290635
87 251 -0.4652026903772013
88 89 0.7552409658668005
88 182 -0.08387160265878735
88 185 -0.08194881017562827
88 188 -0.7151388497603428
88 191 0.7310182789123953
88 195 -0.13093576099944793
88 198 0.5475832943264771
88 201 -0.8795312106525732
88 204 0.9765380280710614
88 206 -0.7770529683664145
88 209 0.24236098120917338
88 176 -0.12250089749762227
88 179 -0.8470110772260246
89 90 -0.9724779415399889
89 218 0.38382798197845935
89 221 -0.9387985044336384
89 224 0.8918873814375887
89 227 0.9392165620286594
89 231 0.900537452163799
89 234 0.6651462871214611
89 237 0.8762491883310481
89 240 0.7452165965253597
89 242 0.549873503288284
89 245 -0.46922017251283266
89 212 -0.6529484124761853
89 215 -0.12530179113496942
90 254 -0.6797238348312833
90 257 0.6089943546601513
90 260 -0.5809325688561191
90 263 -0.5390941251149206
90 267 -0.9086787231271118
90 270 -0.7603981276233236
90 273 -0.30489884445286997
90 276 -0.36884141115071656
90 278 0.7946165019525213
90 281 0.30682115792744336
90 248 -0.1732076446295836
90 251 0.031461230350287916
91 92 0.21546346582873555
91 94 0.7262793500137694
91 183 0.8977113702491502
91 186 0.14250948873444802
91 189 -0.1535384464509464
91 192 -0.3815569997634669
91 195 0.4412535672801601
91 198 -0.24666979852212867
91 201 -0.6642361197581899
91 204 -0.9003125065419524
91 206 0.9740704283275103
91 209 0.015265757770304367
91 176 0.8094476498973902
91 179 -0.9485968598530765
92 93 -0.7031604646492238
92 95 0.8591048514303266
92 219 0.2266253536502263
92 222 0.8005016975675185
92 225 -0.09455824403844915
92 228 0.2933623775273779
92 231 -0.7784699292656052
92 234 -0.4760597396991386
92 237 -0.5212543919040926
92 240 -0.829936017871479
92 242 -0.9305875126749537
92 245 -0.487918464650025
92 212 -0.6309050438194757
92 215 0.7461913566973368
93 96 0.1751258492103831
93 255 0.9714695373916324
93 258 0.903790255361181
93 261 -0.9186784054705983
93 264 -0.1403548916910875
93 267 -0.7041833253366401
93 270 -0.6166518523761804
93 273 -0.12204504147825657
93 276 0.12005716958525148
93 278 -0.21711981838466765
93 281 0.2691170892560668
93 248 -0.7935786163812455
93 251 -0.1823070784413443
94 95 -0.73907097290192
94 183 0.17886012017989272
94 186 0.7214633323452397
94 189 -0.1877784779950349
94 192 -0.09555405472262501
94 195 -0.6963028338360218
94 198 -0.872176952960876
94 201 0.5282772776939524
94 204 -0.2736396330606854
94 206 0.644018457805982
94 209 -0.12194000722591669
94 176 0.5513511098240436
94 179 -0.884853687618943
95 96 0.2459303366904937
95 219 -0.6617393773306026
95 222 -0.8222567243390175
95 225 -0.31438129588309915
95 228 -0.13773209872751302
95 231 0.6545984295742726
95 234 -0.09316433115539446
95 237 -0.3380371455313298
95 240 -0.3393596735090132
95 242 0.4880405402516268
95 245 0.9956940642841297
95 212 -0.16515661284381755
95 215 -0.9422819948742214
96 255 0.12029593558208829
96 258 0.6067766902165188
96 261 -0.5202200173531915
96 264 -0.12532974041106515
96 267 0.47523727683565187
96 270 0.29167857549836884
96 273 -0.7372657248083445
96 276 -0.6019945464624896
96 278 0.1312174055212827
96 281 -0.24545413549219064
96 248 0.4377304268074209
96 251 -0.02786209661670158
97 98 0.700813328796791
97 100 -0.24781340241420002
97 183 0.15712026300029236
97 186 0.27987188039777267
97 189 -0.30218969284398267
97 192 -0.7470402241542564
97 195 -0.5354299780326417
97 198 -0.7481174492993914
97 165 -0.5513489179615052
97 168 0.9040234062606978
97 170 -0.33065981691855306
97 173 0.2350577913852656
97 176 0.07439138860094441
97 179 -0.6191936409119061
98 99 -0.4065063352731362
98 101 -0.09597278373228302
98 219 0.5107644096532096
98 222 0.8100460121763491
98 225 0.465518063334728
98 228 0.9012765825859643
98 231 0.9060399276057625
98 234 -0.3286116469346452
98 201 0.34400179895302285
98 204 0.16326355450498387
98 206 -0.5037324394804594
98 209 -0.4929750878401864
98 212 -0.631906982745337
98 215 0.41656008495926744
99 102 -0.34762958793725707
99 255 -0.9814028237265988
99 258 -0.4218626581584708
99 261 -0.8370184568003989
99 264 -0.10172482145164463
99 267 0.5299600369800117
99 270 -0.6454107436210916
99 237 0.6150740700199828
99 240 0.5034874966762817
99 242 0.32741167293940365
99 245 0.7879737556875939
99 248 0.6165928610824496
99 251 -0.3779214028590989
100 101 0.8383574106817111
100 183 -0.16709883954995775
100 186 -0.40828941504135763
100 189 0.6434438302131313
100 192 -0.05648578725201703
100 195 -0.44845903851548785
100 198 -0.7643674153052422
100 165 -0.8849937571078368
100 168 0.2510782845213322
100 170 -0.19717315542390623
100 173 0.7058773484051009
100 176 -0.24668909117625004
100 179 0.6543082301705443
101 102 0.5884124557491277
101 219 0.23592894650717056
101 222 0.28098949237997695
101 225 0.8288927613356196
101 228 0.711144635458465
101 231 0.23997021437355404
101 234 0.4846441884180861
101 201 -0.6265953008322755
101 204 0.2321101472619469
101 206 -0.9217599588417646
101 209 0.04793822058469077
101 212 -0.6870933931627325
101 215 0.4780187022738034
102 255 -0.6884070447531188
102 258 -0.41991949055960576
102 261 -0.49669572111272653
102 264 -0.21330244244195873
102 267 0.28841645928011417
102 270 0.47663948228071895
102 237 -0.28858428216001397
102 240 0.9793630083865623
102 242 0.7531495433738937
102 245 0.9451881264106232
102 248 -0.7359353349875342
102 251 0.017781134071094717
103 104 0.5989296199577865
103 106 -0.774894490608786
103 183 0.5077294302253608
103 186 0.8117262831190419
103 189 0.5574331215492552
103 192 0.8192756863605002
103 195 0.7679111774602647
103 198 0.7454543678443204
103 165 -0.530421222834975
103 168 -0.9317418817765912
103 171 0.97646328603307
103 174 0.44777107325252663
103 177 0.9670491645539299
103 180 0.8423658788342674
104 105 -0.4025759122581576
104 107 -0.046380197350330166
104 219 -0.2580265044559753
104 222 0.6332097813981754
104 225 -0.9347038812916002
104 228 0.9031103741589543
104 231 0.5406454298427639
104 234 0.24932497107671825
104 201 0.9570341534368021
104 204 -0.153736657242457
104 207 -0.3502743269834796
104 210 -0.8421400527140355
104 213 -0.9976277403574865
104 216 0.5930330437950924
105 108 -0.00021453675836857755
105 255 0.03687407900260342
105 258 -0.6119935348240977
105 261 0.22121765088294953
105 264 0.08494770151739872
105 267 -0.10435437173395812
105 270 -0.6983711254978484
105 237 -0.6005998623290267
105 240 -0.7176788414857367
105 243 -0.007826846890578665
105 246 -0.6326807843453581
105 249 0.5355152412656403
105 252 0.9889939370406033
106 107 0.5354272281480581
106 183 0.3404305539857708
106 186 0.9455709895772533
106 189 0.5383742037727186
106 192 -0.655705839175555
106 195 -0.40505977132268267
106 198 0.6205353774509477
106 165 0.22403745909670114
106 168 -0.7286140867416202
106 171 0.6533182026111657
106 174 -0.7851738696053401
106 177 0.10701393271456672
106 180 0.6243545823067156
107 108 -0.6558227773340359
107 219 0.3144755331794631
107 222 -0.22004327050385397
107 225 -0.2638116226780378
107 228 -0.29268230297184394
107 231 -0.0027890853945322647
107 234 0.4651960065045633
107 201 0.45326378293268244
107 204 0.7299319643013795
107 207 -0.7624774658041038
107 210 -0.9203926636013418
107 213 0.8951103079564136
107 216 -0.7055672899609224
108 255 0.8292392900887386
108 258 0.7201425234945367
108 261 -0.6770898167063057
108 264 -0.687948984381042
108 267 0.4450549664847654
108 270 -0.865839760352878
108 237 0.9317707797849082
108 240 0.5735648668231361
108 243 -0.029792234295825448
108 246 0.2559088495800641
108 249 -0.06855527883724855
108 252 -0.8148261780633932
109 110 0.04011718778152429
109 112 0.2708013691212008
109 183 0.8073914117388403
109 186 -0.7013663828341463
109 153 -0.9494212303942726
109 156 -0.6854975710218894
109 159 0.7848238163835042
109 162 0.32811253017625863
109 165 0.7487183723327053
109 168 -0.16601712173335992
109 171 0.9889644633996661
109 174 0.8439569977060515
109 177 0.7794026564954171
109 180 -0.8879947138031412
110 111 0.9797075716555572
110 113 -0.8650245397087555
110 219 -0.4863695971489679
110 222 -0.8791853846208921
110 189 -0.2650425721975065
110 192 0.1767439156957724
110 195 0.37467364101751177
110 198 0.4542816099815363
110 201 -0.2582412898124804
110 204 0.8851640542002097
110 207 -0.8764213815154522
110 210 -0.6653371694513226
110 213 0.03667213059923613
110 216 -0.0518915563104847
111 114 -0.1912948580707199
111 255 0.4134544567133711
111 258 0.049211857629928524
111 225 0.7681610862874173
111 228 0.9920334323797289
111 231 -0.5472163101715808
111 234 0.16712124451702604
111 237 0.9482270901879766
111 240 -0.4308605201133813
111 243 -0.23524272574351013
111 246 -0.0318273546182386
111 249 -0.0661834820747722
111 252 -0.9182402485645185
112 113 -0.5276755511499329
112 183 -0.10117871765848396
112 186 0.8953352144393107
112 153 0.6195987947321948
112 156 -0.707129443303723
112 159 0.5527179174256749
112 162 -0.1348918316667278
112 165 0.1294320541114129
112 168 0.15164826942355392
112 171 -0.2819893367834285
112 174 0.2628650028357993
112 177 0.9762063198828883
112 180 -0.8042576408715312
113 114 -0.052119357290981494
113 219 0.40471318282518665
113 222 -0.6840048017922629
113 189 -0.9468398092878678
113 192 -0.683669398152567
113 195 0.9982140965746773
113 198 -0.06732940178250502
113 201 0.8810464086674563
113 204 0.3039298253162952
113 207 0.04570837472507128
113 210 -0.8317971199168248
113 213 0.5012930554880919
113 216 0.0765419575719044
114 255 -0.6143987021226682
114 258 0.36043894514646335
114 225 0.6815637610723027
114 228 -0.29639977742446866
114 231 -0.522327547129894
114 234 -0.5979425504216245
114 237 0.30603886597945285
114 240 -0.7112057012605086
114 243 -0.04084226335996166
114 246 0.2187198506043262
114 249 0.5315734769773897
114 252 0.2265603787291337
115 116 0.5267388627582801
115 118 0.8540801876683679
115 183 -0.37484426360612755
115 186 0.7527450589192592
115 153 -0.17885835599035982
115 156 0.4698475394150534
115 171 -0.09814792054709276
115 174 -0.9552954867496615
115 177 0.4123657247584134
115 180 0.7853961957548299
116 117 -0.9539909194328933
116 119 -0.23781063746808662
116 219 -0.11119547386254891
116 222 0.8786938309341998
116 189 0.39970258337353504
116 192 -0.8614543790655791
116 207 0.4228331938482821
116 210 0.7710569218197723
116 213 -0.8385768379342089
116 216 -0.9894740974192782
117 120 0.5150022571582389
117 255 -0.9795566723541678
117 258 -0.5287373706297811
117 225 0.04591804806960953
117 228 0.9888605632026786
117 243 -0.1951524110722025
117 246 -0.8616600559087366
117 249 -0.6102203974179456
117 252 0.4652417360745149
118 119 0.554845603864855
118 183 0.44112017927182
118 186 0.23318664383002052
118 153 0.5872243635914238
118 156 -0.6008641639563514
118 171 0.10000806229054904
118 174 -0.3764270681522299
118 177 0.20215784800594228
118 180 0.8246545364226316
119 120 -0.8498677222241005
119 219 0.0013667013117464322
119 222 0.25746030348216475
119 189 0.6846253379177696
119 192 -0.677620502466902
119 207 0.1307910880903398
119 210 -0.28709556528780533
119 213 -0.07307734685920364
119 216 -0.5930316015893851
120 255 0.07131484068253213
120 258 0.9979733343557189
120 225 0.7923557323019677
120 228 0.9945753415421308
120 243 -0.4650195508631749
120 246 0.7513799214151566
120 249 -0.1723767467597972
120 252 -0.216427247630133
121 122 -0.5543258053798688
121 124 -0.8583356090562739
121 183 -0.1804622264782838
121 186 -0.8203399645438965
121 189 0.04569688180625486
121 192 -0.9170675276225875
121 207 -0.12648111454241295
121 210 -0.2744286881567741
121 177 0.3846503570182178
121 180 -0.2613175664616516
122 123 0.027540897908692852
122 125 0.8905284096080741
122 219 -0.12810820842367732
122 222 0.08796159040868234
122 225 -0.613772992713401
122 228 0.11029346046076971
122 243 0.8847287728095976
122 246 -0.7084158906428035
122 213 -0.7150600783772645
122 216 0.5852529521301881
123 126 -0.20641792144420323
123 255 -0.44871902417810783
123 258 0.1049778391604288
123 261 -0.24112803894123158
123 264 0.014283440497876887
123 279 -0.01155259828818389
123 282 0.7974600472601154
123 249 -0.4842819587525684
123 252 0.5672503368139539
124 125 0.5960021132183084
124 183 0.27232860720746865
124 186 0.06631424438262035
124 189 -0.3033066335034609
124 192 0.839584226024277
124 207 0.6551549163892985
124 210 0.916661720647125
124 177 0.3547488882850591
124 180 -0.7776974188716508
125 126 0.7314761734570432
125 219 0.7564094382184301
125 222 0.38194987115198886
125 225 -0.5120133181756721
125 228 0.9723845234191388
125 243 -0.5649750616059297
125 246 -0.3671615568065456
125 213 -0.4315256409834842
125 216 0.0744969088139289
126 255 -0.6683054855918535
126 258 -0.8130148246904778
126 261 -0.8794484475055733
126 264 0.785261472428491
126 279 0.013932462246755817
126 282 0.04451450964560988
126 249 -0.19888953701533407
126 252 -0.47050544849947507
127 128 -0.8162898684941018
127 130 0.6587640553694656
127 207 0.009046875928598652
127 210 -0.19719580202593123
127 177 0.8599426224502327
127 180 -0.9463548659857373
128 129 0.6539781449309556
128 131 0.756399295069881
128 243 -0.3129253644516172
128 246 0.3113997760336418
128 213 -0.37045005593254654
128 216 -0.8907991797374646
129 132 0.12225674592547686
129 279 -0.9834747698339286
129 282 0.18584356412704017
129 249 -0.09542725705463906
129 252 -0.22710208165280132
130 131 -0.09470401225384051
130 207 -0.14827470960478917
130 210 0.8814319472185645
130 177 0.22087318273408418
130 180 0.8974853805701333
131 132 -0.27913853122442056
131 243 -0.1368807739480531
131 246 -0.13616490397192904
131 213 -0.5476678450165275
131 216 -0.7369044354302545
132 279 0.13337766633721215
132 282 0.7618761057721624
132 249 0.7883449143319876
132 252 0.10667090287075975
133 134 -0.5852455503617644
133 136 0.8034505915943091
133 171 -0.19148721230915955
133 174 -0.5569436988507299
133 177 -0.045490862407118415
133 180 0.952446898517133
134 135 0.2641641702936135
134 137 0.536755153151558
134 207 0.7842399216499107
134 210 0.43337625505274424
134 213 0.6193853362517079
134 216 -0.09680934335863411
135 138 -0.9238421508636376
135 243 0.9841018392265937
135 246 0.2911864800550914
135 249 -0.2208103170441187
135 252 -0.3611376994883684
136 137 0.7933994564076463
136 171 0.7815245869594714
136 174 -0.6053727142108347
136 177 -0.741565729358163
136 180 -0.9844455148518971
137 138 0.5968125551382508
137 207 -0.5501326011876115
137 210 -0.46792108788222087
137 213 -0.9607498237969989
137 216 0.6875993561171723
138 243 -0.20984917907635148
138 246 -0.6238236016156438
138 249 0.6927390369016395
138 252 -0.6828952414342482
151 152 -0.9117559550263055
151 154 -0.5474623730455124
152 153 -0.15711638400839512
152 155 -0.31732366704626713
153 156 -0.5201838162092327
154 155 -0.6836461712332773
155 156 0.9606740099158091
157 158 0.5756111915890041
157 160 -0.8661602903180896
158 159 0.35801799269399237
158 161 -0.46268688932370705
159 162 -0.9190413377129154
160 161 -0.939533975729024
161 162 0.30314943307036923
163 164 0.7474378466716369
163 166 -0.9096406667751702
164 165 -0.010492133331298614
164 167 -0.049181354985063264
165 168 -0.14016969761837106
166 167 0.258322376336076
167 168 0.290313271101464
169 170 0.3322155438625869
169 172 -0.346106156212046
170 171 0.22733613762957305
170 173 0.42529002109270087
171 174 0.1832790566860858
172 173 -0.457937031005063
173 174 -0.5760619482404101
175 176 0.8343972041924526
175 178 -0.9263024613486
176 177 0.4365005871033689
176 179 0.10146297853487463
177 180 0.758386014728383
178 179 -0.2786849986165598
179 180 0.7656035894084545
181 182 0.48539387351762264
181 184 -0.14687977025388044
182 183 0.697203664921682
182 185 -0.11164450916293478
183 186 0.9448968495804815
184 185 -0.5515021249537233
185 186 -0.2054716718466889
187 188 -0.640595885420937
187 190 0.4055145245752467
188 189 0.9637737944980074
188 191 0.525224883036246
189 192 0.4169948740340019
190 191 -0.6734683089228937
191 192 -0.8873032552155882
193 194 0.017654078650064298
193 196 -0.32279215399173466
194 195 -0.5765816778212205
194 197 0.8441828036816992
195 198 0.14260183182199548
196 197 0.36863047668422544
197 198 -0.5016600826254458
199 200 -0.3592199412576804
199 202 0.20002593128680268
200 201 0.6887108570492324
200 203 -0.7828285623950579
201 204 0.18479252471600272
202 203 0.09427283004274534
203 204 -0.5485565781707886
205 206 0.7302617158908276
205 208 -0.5778661675859349
206 207 0.27552118387496516
206 209 -0.48779131343631654
207 210 0.7001571094909249
208 209 -0.9608860486927531
209 210 -0.816809169525154
211 212 0.09695374683426405
211 214 -0.6105579649807351
212 213 0.648922514455365
212 215 0.6616556738608399
213 216 0.10701589600792372
214 215 0.8509445278295416
215 216 -0.2650312200636913
217 218 0.9140891493832632
217 220 0.7864715245143268
218 219 0.7645319792455811
218 221 0.6306018418632409
219 222 0.5906118486967376
220 221 0.4092400376328882
221 222 -0.9824083091295381
223 224 -0.07670097661789943
223 226 0.48919336755058285
224 225 0.2822815900638638
224 227 0.770174651973591
225 228 -0.055788386706389304
226 227 0.1291021882053911
227 228 0.936157857426634
229 230 0.7126158952829762
229 232 0.6834279714528195
230 231 -0.27228681085238926
230 233 -0.027717609155601952
231 234 -0.9475458719340892
232 233 0.7820731863991022
233 234 -0.9609641407075955
235 236 0.906797678161408
235 238 -0.879923200464297
236 237 -0.46790868971346855
236 239 0.34500608875388883
237 240 0.5017950749310089
238 239 -0.6992275967134916
239 240 0.617646690781205
241 242 -0.17466665702040318
241 244 -0.5795613730138693
242 243 -0.24166868389984186
242 245 -0.6681344040040664
243 246 0.7028707837251364
244 245 -0.806824382695355
245 246 -0.8236873209678965
247 248 0.5740982635418017
247 250 0.7397326729880067
248 249 0.13179530225494918
248 251 0.393879569914076
249 252 -0.7674984352434087
250 251 -0.6186764422146114
251 252 0.7891422525651279
253 254 -0.3407498916363578
253 256 0.5253841819301399
254 255 0.5965490566320824
254 257 0.16731466848076426
255 258 -0.6057620037777365
256 257 -0.5843751457596837
257 258 -0.34370082294082893
259 260 -0.6683098044623559
259 262 0.01900961453429173
260 261 0.4446155822873685
260 263 0.1780320554406174
261 264 -0.12670802061002284
262 263 0.8520761377639425
263 264 0.11388399225058543
265 266 0.2628649954383935
265 268 -0.7325097216335097
266 267 -0.1745241849467194
266 269 -0.6668578682002839
267 270 0.6447834368294352
268 269 -0.2894926487159004
269 270 0.2593918250123266
271 272 -0.2622771473005241
271 274 0.9357910888897623
272 273 0.607806043554767
272 275 -0.6621345665011029
273 276 -0.5765666640194722
274 275 -0.5958727082318138
275 276 0.543816191747877
277 278 -0.15673681319167154
277 280 0.7952723575758611
278 279 -0.6408907600705926
278 281 -0.2920214442096578
279 282 -0.3553559911569335
280 281 0.1963085739097361
281 282 0.3739502154820096
