# 
7 7 1.6750629781182864
8 8 3.3046208935423387
9 9 -0.7825567088632628
10 10 -0.8529471491310012
11 11 3.9828534490876724
12 12 -3.585520950972919
13 13 -2.3033334703380577
14 14 -0.7711655521590135
15 15 1.7931236127661352
16 16 0.948487012900161
17 17 3.252917012599359
18 18 -0.16790933873568648
19 19 -3.736044956330126
20 20 2.1193809833223414
21 21 -0.961369664973807
22 22 -2.7543293134518176
23 23 3.9112386085809794
24 24 3.209902957427455
25 25 -2.5466251512825515
26 26 -0.08914987080752645
27 27 -1.7567633023322635
28 28 -1.5685171909053466
29 29 -3.8078865415323637
30 30 3.9557848793355808
31 31 2.71794136214484
32 32 1.4758271848651017
33 33 2.1341513947910142
34 34 1.8243335909008138
35 35 -2.216663830706504
36 36 0.5071949497709438
37 37 -1.5513189084269463
38 38 -2.2251421398512834
39 39 0.8642184466344514
40 40 -0.6359856762434752
41 41 -3.227825614745786
42 42 -1.811388909659791
43 43 0.12678768798867068
44 44 1.6598555764237801
45 45 1.2948802859612165
46 46 2.887563323322989
47 47 3.5248292346823655
48 48 -2.4572789551679426
49 49 3.045531580817965
50 50 -1.1884398595432932
51 51 -3.6478456507204244
52 52 0.6327520003670761
53 53 0.6426040284403758
54 54 -2.561603600975981
55 55 3.163776671072827
56 56 2.08851877803634
57 57 -0.7537008413476212
58 58 -2.3266769635117566
59 59 -1.5461995762413245
60 60 -3.292233207513001
61 61 1.7188219933718711
62 62 -1.4257884795843605
63 63 3.677175018603582
64 64 0.25999671796562307
65 65 -0.5780348073544861
66 66 -1.6328140891063834
67 67 3.7664986626031896
68 68 -3.624684054268257
69 69 3.657771572020854
70 70 -3.238936919479433
71 71 -0.2406665746771699
72 72 0.7894955226632501
73 73 -3.8526096717490264
74 74 -3.7174483824810913
75 75 1.290292162558976
76 76 -2.4230465238653753
77 77 3.6232290492989456
78 78 -0.9966606082506555
79 79 -2.0930561892303814
80 80 -3.407496941345072
81 81 -1.5543895400193053
82 82 0.34527788537721715
83 83 2.1546699277859975
84 84 3.9703747764529993
85 85 -3.5009640661537196
86 86 -1.4169718712284158
87 87 -3.7472467985587983
88 88 0.8501002755104654
89 89 -1.9860198064639905
90 90 1.9634042860316177
91 91 -0.250464423020226
92 92 -3.679652076551317
93 93 1.9990454401512894
94 94 1.0279158630825282
95 95 -0.9248943290834433
96 96 -0.3195854822247153
97 97 -0.037282024518010104
98 98 -3.072645166787022
99 99 -3.174931734394459
100 100 -0.6782443168432959
101 101 -1.1701715015248881
102 102 -1.336106185258033
103 103 -0.35287517230875576
104 104 0.4474569295635389
105 105 -0.07491829857307586
106 106 2.8380298249838045
107 107 -1.0981131443981962
108 108 1.2699119155716172
109 109 -1.2300762219016903
110 110 -2.3430279196618686
111 111 3.8738298562430256
112 112 -0.28544103055076864
113 113 0.9486234194811862
114 114 0.06658376729837467
115 115 -2.996352179190194
116 116 -2.146179795831441
117 117 1.3914158479609018
118 118 2.8817734056355073
119 119 3.0316145545314592
120 120 -1.885765153374809
121 121 1.69431791956492
122 122 3.150150264585527
123 123 -1.4440052457174826
124 124 0.3595538767184854
125 125 -2.210351104868759
126 126 -3.368206952930451
127 127 0.9450337483623423
128 128 -3.666441872278356
129 129 -0.8027436322797756
130 130 -0.36966283159443947
131 131 -0.4248995311453685
132 132 -1.0042211275627464
133 133 -0.4138745013895182
134 134 -1.0922263528247784
135 135 2.9688963164134323
136 136 -1.8364302791692442
137 137 3.029136059290816
138 138 2.294828659349456
151 151 -0.5609563338086145
152 152 0.8457747543307033
153 153 -2.002042018477523
154 154 0.9647187935710271
155 155 1.385195123905686
156 156 -2.302252539814341
157 157 -1.4875645086342209
158 158 -3.8522596419260475
159 159 2.4564558864466424
160 160 -1.8409257632143055
161 161 -3.382883677264058
162 162 -2.633582697683618
163 163 1.3374092418113621
164 164 -0.9160859756389907
165 165 2.168401792665353
166 166 -0.7173356752186901
167 167 2.6555005770068476
168 168 -3.1235335735813727
169 169 2.547063571706067
170 170 -0.23122135872808602
171 171 -2.6676471788037546
172 172 -3.622336775602226
173 173 1.7573298558134836
174 174 -2.2112014013389976
175 175 -1.636617467752929
176 176 0.596133179947814
177 177 -0.055609314552071964
178 178 3.7380420283996507
179 179 0.6015178314663077
180 180 2.497989428082602
181 181 0.17527011379737
182 182 0.8531245018749489
183 183 2.4634896467267104
184 184 -3.6151039281076365
185 185 0.2807194085709437
186 186 3.709394392283208
187 187 -2.057097123560763
188 188 2.4340751622495995
189 189 -0.3777244315052428
190 190 1.448763620936484
191 191 0.0038032665841667423
192 192 -3.4124227332129653
193 193 3.308047087965485
194 194 -3.473960101394675
195 195 3.240967352972813
196 196 2.1745412900906897
197 197 -1.0827457272234176
198 198 -2.528060432812187
199 199 -1.758395959592045
200 200 0.00019975716951403655
201 201 2.8617078474533484
202 202 2.4854318237820427
203 203 -0.8439529161884574
204 204 0.7703691504763004
205 205 -3.000174585986426
206 206 1.425052645056331
207 207 2.508556767990415
208 208 -2.3720010925587003
209 209 1.4301201908524837
210 210 2.697648881523727
211 211 2.4801137241215905
212 212 -3.6114629650666723
213 213 0.45584606950310924
214 214 0.09277485512756023
215 215 -1.3020064993012923
216 216 0.4579237089956596
217 217 -3.808801238639991
218 218 -0.819766857825063
219 219 3.6440585267002135
220 220 2.412666507239403
221 221 2.1794500585688876
222 222 0.4573084371002132
223 223 1.681922614076866
224 224 -2.4069493830424733
225 225 -2.49466568188308
226 226 3.7681010735187277
227 227 -1.938284060306164
228 228 -2.77640200324785
229 229 -3.0062432900652265
230 230 1.7629586444343035
231 231 -3.39306394623312
232 232 -0.47091947072651763
233 233 -3.4493261516226905
234 234 -1.3101468031732937
235 235 3.5895836020475347
236 236 2.94890589569689
237 237 3.943831866579818
238 238 0.023252120041627578
239 239 -0.9196362903747799
240 240 3.7071566019892073
241 241 -3.274770721947215
242 242 -1.3187349129943886
243 243 2.129367044401989
244 244 -3.4817787429853135
245 245 -2.492577241677192
246 246 2.159541441364789
247 247 1.886388474942815
248 248 0.2689244365519867
249 249 3.5622822294446
250 250 -0.30149709719487383
251 251 -1.499883926836464
252 252 -2.4431500929226324
253 253 2.8109960135346173
254 254 3.9044357337542905
255 255 0.9050859116812786
256 256 -1.5721101240582964
257 257 0.7547417765925459
258 258 3.274301826838977
259 259 -3.979723209041425
260 260 1.699940907281114
261 261 3.343882363192998
262 262 3.425731374280928
263 263 1.2404217778903979
264 264 -1.9166332441887537
265 265 -3.4268625500039533
266 266 -0.24741869246109882
267 267 3.7562493500404317
268 268 0.6289779132605942
269 269 -3.7786448931190098
270 270 -1.2662004581985133
271 271 -0.8898983686255733
272 272 1.479427057529672
273 273 0.7373213664526244
274 274 -3.8994827271033605
275 275 3.659002996895989
276 276 -2.8210744895200524
277 277 -1.4961875552851742
278 278 -3.138778189539023
279 279 1.1842010584909968
280 280 -0.3014288853792291
281 281 -3.4690166421763964
282 282 2.203177953020467
7 8 -0.4046558561381195
7 10 -0.587492055248046
7 157 -0.04433875491718897
7 160 0.8857485567997598
7 163 0.447347744804095
7 166 0.256797428312487
8 9 -0.38292114243007713
8 11 -0.10646352937217962
8 193 -0.4138908096212224
8 196 -0.05534259020742471
8 199 0.021090366261270255
8 202 -0.49253513617889366
9 12 -0.9080073594402704
9 229 -0.20650293370302353
9 232 -0.012523710178533154
9 235 -0.025742467932627022
9 238 0.7185086548758217
10 11 0.9049653888487157
10 157 0.5818459478179656
10 160 0.2978437272709533
10 163 -0.5395134361122267
10 166 -0.9251914861918094
11 12 -0.5045993049870423
11 193 -0.44134367948151754
11 196 -0.31092985552737695
11 199 -0.4918433899607646
11 202 -0.14275408340206952
12 229 -0.10563512401537967
12 232 0.466087377901101
12 235 0.030751469583267133
12 238 0.3576940608175696
13 14 0.0718320946250719
13 16 0.1272429388287153
13 193 -0.3733338168064817
13 196 0.5062871122052837
13 199 -0.1943132423767442
13 202 -0.9449457133415167
14 15 0.4268944946514399
14 17 -0.15598583549956313
14 229 -0.032928537587399775
14 232 -0.5910723420065298
14 235 -0.8728320147555293
14 238 0.18846258922809134
15 18 0.8247995967160324
15 265 -0.22366396520878973
15 268 0.3445791989358167
15 271 -0.06198684230189877
15 274 -0.08308919310391216
16 17 0.13680896305552248
16 193 0.5162808504301917
16 196 -0.07958657434367122
16 199 -0.4131000730574643
16 202 -0.48172587290960833
17 18 -0.9789671135915423
17 229 0.9081100307386485
17 232 0.9102675693129703
17 235 0.613861952566894
17 238 -0.7756761358810755
18 265 -0.11264939404401941
18 268 -0.4610839585989992
18 271 -0.5898146881966473
18 274 -0.36279825012027866
19 20 -0.14006732947455092
19 22 -0.215248130455844
19 181 -0.4760284335702576
19 184 0.6223719529502425
19 187 -0.8887690446102807
19 190 0.10810768703568452
19 193 0.0040329725363599245
19 196 0.24742332531474864
19 199 0.9890206948536147
19 202 -0.07420140243144835
20 21 0.31799633181240905
20 23 -0.9287024528441894
20 217 0.42617011187079634
20 220 -0.39212771347858766
20 223 -0.9391002059862414
20 226 0.9667445349602175
20 229 0.8692357010077238
20 232 0.03227591452476086
20 235 -0.15839328422939492
20 238 0.09854382460008426
21 24 -0.183901289265904
21 253 -0.08130453879677368
21 256 -0.7002323012567975
21 259 -0.29291699529629267
21 262 -0.8042398655370142
21 265 -0.3347276240128918
21 268 -0.37054273408442606
21 271 -0.05013780022443104
21 274 -0.6607289613058658
22 23 0.9236032467741933
22 181 0.5846108201999156
22 184 -0.9037926605609794
22 187 -0.7786124684027256
22 190 0.7148617469151171
22 193 -0.2838134676093822
22 196 0.932976062120791
22 199 0.7051619179198914
22 202 0.12561987002235364
23 24 -0.4936091950906001
23 217 -0.18378809397950024
23 220 0.8362418114973331
23 223 0.1178604225006541
23 226 -0.8551447883063314
23 229 -0.30709138455671603
23 232 -0.05637775184285765
23 235 0.0843001920280031
23 238 0.7983887752936201
24 253 0.28458183697336703
24 256 0.22577736301189377
24 259 -0.9643351921835104
24 262 -0.9677180505827834
24 265 0.866969306097217
24 268 -0.6890221595887065
24 271 0.09372919823444237
24 274 -0.49773717047436117
25 26 -0.7337653866120244
25 28 0.9041222759550527
25 181 0.41353786950622395
25 184 -0.26003701412766533
25 187 -0.4709624591564654
25 190 -0.6648352522410677
25 193 -0.5568525404032576
25 196 0.5006367000812111
25 163 0.4211247410963852
25 166 -0.4381242926222144
26 27 0.20046194476876056
26 29 0.5036947224024309
26 217 -0.4809885005691805
26 220 0.4959510190433347
26 223 -0.40023254640837935
26 226 -0.6401764362839906
26 229 0.9346604447785218
26 232 -0.4323156693724124
26 199 0.31775753442552745
26 202 0.33327136050849204
27 30 0.202377978088641
27 253 -0.20747305489761492
27 256 0.5655145364997345
27 259 -0.39095862225192146
27 262 -0.49586717064167596
27 265 -0.9431999990547528
27 268 -0.3267534779711172
27 235 0.6328022063240135
27 238 -0.14246101807065825
28 29 0.7501581093066216
28 181 0.461153559760481
28 184 0.6938262120778196
28 187 -0.30171781182912016
28 190 -0.6570896611939119
28 193 0.6743722300902377
28 196 -0.9598698358838142
28 163 -0.4463370841098313
28 166 -0.019669498053820567
29 30 -0.7845879193400176
29 217 0.8435794846016211
29 220 -0.9625462315643325
29 223 0.8748683686911829
29 226 -0.8922198972051829
29 229 0.2871150021106996
29 232 -0.8581895897385623
29 199 0.6611016852461822
29 202 -0.7856328951248877
30 253 -0.7968670093342312
30 256 0.9660712740548911
30 259 -0.18750013211871308
30 262 -0.13238900812019083
30 265 -0.40906654689256583
30 268 0.002584811827264444
30 235 -0.8091390629147943
30 238 -0.44292829358146824
31 32 0.16715227298101132
31 34 0.9437850773415088
31 181 -0.38415873102618203
31 184 0.5768289439658167
31 187 -0.7064165549111259
31 190 0.04823591265708416
31 193 0.5508504543038426
31 196 0.5045606882592879
31 163 0.09506494552064271
31 166 -0.13355828626796828
31 169 0.6987358244715338
31 172 -0.83618806833088
31 175 -0.9004249771075081
31 178 -0.9313752613241049
32 33 -0.8290466014075819
32 35 -0.882140025596172
32 217 -0.34772617054542554
32 220 -0.10238405710580034
32 223 -0.8845467157141347
32 226 0.5745350080225147
32 229 0.9409215090309568
32 232 -0.7398459541648079
32 199 -0.5629114880880093
32 202 0.8874935365595868
32 205 -0.610563981626606
32 208 -0.7955720310730414
32 211 0.2090526113459943
32 214 0.6718311266087391
33 36 -0.23445293115965837
33 253 -0.6959816736671691
33 256 0.19817711002286265
33 259 -0.9640603234759335
33 262 -0.09042070591253171
33 265 -0.11394809860281141
33 268 0.30346399650265865
33 235 0.5670368942019037
33 238 -0.9715016237501486
33 241 -0.5290866452212575
33 244 -0.14521411526234895
33 247 -0.22826652439428985
33 250 0.6024345613162689
34 35 -0.4123296857311356
34 181 -0.9697083087513632
34 184 -0.09191913079604985
34 187 -0.35446983574997804
34 190 0.05996413232698039
34 193 0.09846029151204805
34 196 -0.7773501967116578
34 163 0.618611840870549
34 166 0.01245808122546821
34 169 0.6803511724392002
34 172 -0.4134694829160941
34 175 0.3718227226300419
34 178 -0.282068057803293
35 36 -0.4205789510276685
35 217 0.5205121286134664
35 220 0.40107778511790104
35 223 -0.28134274685099814
35 226 -0.6487914946373332
35 229 -0.7417735647963735
35 232 -0.2236252614114853
35 199 -0.7782549434998887
35 202 0.07887593145744765
35 205 -0.7523130208872135
35 208 0.12837520000392622
35 211 -0.6708270331030082
35 214 -0.6536517132362181
36 253 -0.20177733063879622
36 256 -0.8105008094559176
36 259 -0.7467453546814133
36 262 -0.3407283930140026
36 265 -0.674528873213629
36 268 -0.24645114862568263
36 235 0.7553791328624493
36 238 0.6426410475000253
36 241 -0.14622470108733698
36 244 0.9047790803124207
36 247 0.44121431097179675
36 250 0.7218588246961823
37 38 0.6140452920446509
37 40 0.17666321367974902
37 181 -0.5416602085596027
37 184 0.7824633636194489
37 151 0.7850949464560091
37 154 0.758475207181414
37 157 0.721199843810719
37 160 0.7512200374457088
37 163 -0.9094044108473971
37 166 0.7482240703433103
37 169 0.025280931627743808
37 172 0.05443028771373104
37 175 0.1439991300139356
37 178 -0.3606977280963546
38 39 0.9712978526520561
38 41 -0.09988431331126613
38 217 -0.12667005834953304
38 220 -0.6613602728309036
38 187 0.3017104535677111
38 190 -0.47782296967645776
38 193 -0.9892964249357472
38 196 0.8906479857975345
38 199 0.7877204802176523
38 202 -0.15150555106529295
38 205 -0.7794190647327088
38 208 -0.7122077389791048
38 211 -0.4556159807573097
38 214 -0.10584376747211088
39 42 -0.20904474412049145
39 253 0.8747905895459229
39 256 -0.09694937759864009
39 223 0.9693006710912502
39 226 0.8039531142405292
39 229 -0.1655816515462778
39 232 0.6392622833226298
39 235 -0.6399507481498623
39 238 -0.9221397784380372
39 241 0.03675995525160425
39 244 0.2570723119284559
39 247 -0.681000408383091
39 250 0.30083254252758174
40 41 0.10418938862728955
40 181 0.1325788812647759
40 184 -0.8309069088598893
40 151 -0.9120344374593148
40 154 -0.9492911266693156
40 157 -0.3566029555726602
40 160 0.8052058433270914
40 163 -0.4056408855662452
40 166 -0.6436460511658078
40 169 0.7059501014224989
40 172 0.8476432261409792
40 175 0.8072316505695785
40 178 -0.1494019617471285
41 42 -0.5975401649119296
41 217 0.6778906760599044
41 220 0.38665902002482344
41 187 -0.46808420766231684
41 190 -0.22411628768807912
41 193 0.05530163011055911
41 196 -0.3849745977029737
41 199 0.39932907082059566
41 202 0.04966534951222079
41 205 -0.6368960895306366
41 208 0.044357459811710465
41 211 -0.7837826317328875
41 214 0.25189079091781386
42 253 -0.9971879787255429
42 256 0.4319965415769236
42 223 -0.4036248893736347
42 226 0.9367273288974127
42 229 0.18989599398916202
42 232 -0.16523411287340273
42 235 -0.6228530872756741
42 238 0.402290277123871
42 241 0.42159152953092716
42 244 0.04875559321757028
42 247 0.6826779578963691
42 250 0.5747310349093251
43 44 -0.8821159635131164
43 46 -0.8367348289210133
43 181 0.14590676501889077
43 184 0.44487513880346086
43 151 -0.8238591800794142
43 154 0.8699025810442664
43 158 -0.5021372544067229
43 161 0.46284408562366686
43 164 0.6407742605780025
43 167 -0.5952596433180313
43 169 0.18515933557164987
43 172 -0.6206112638140533
43 175 0.29819211479901164
43 178 -0.32290862311522495
44 45 -0.7357344909349683
44 47 0.4535198815127899
44 217 -0.2717506296676586
44 220 0.7666577762803448
44 187 0.8575994522750692
44 190 0.6260249682546142
44 194 -0.4092474343952126
44 197 0.20163269976953369
44 200 -0.0239252856504224
44 203 -0.7650835472427433
44 205 -0.5623438265603624
44 208 0.30175925069940823
44 211 -0.11455955968846898
44 214 0.252934567442211
45 48 0.22246437719407774
45 253 -0.6874126565311014
45 256 0.5800248609253702
45 223 -0.4269235888452314
45 226 -0.4842538196875834
45 230 0.9395545797551803
45 233 0.5347560585236975
45 236 -0.2750747754989018
45 239 0.15901501316864586
45 241 -0.09977692097034341
45 244 -0.936982147641588
45 247 -0.630252285089618
45 250 -0.006007764898856571
46 47 -0.7960409160935844
46 181 0.6749981418819246
46 184 -0.4174650872823791
46 151 0.7595597750587846
46 154 0.6274141611375654
46 158 -0.21305887970819692
46 161 0.4489896318765356
46 164 0.7644197082290058
46 167 0.04468456108326824
46 169 0.014868177532286087
46 172 0.8219042144837201
46 175 -0.40273802789491
46 178 -0.9481796210910653
47 48 -0.41702390898450603
47 217 0.9805833329902067
47 220 -0.5046958963208721
47 187 0.42369887150997676
47 190 0.8116092703120341
47 194 0.2529567164675841
47 197 -0.0712736878919833
47 200 0.8920019294028554
47 203 0.9838591037393896
47 205 -0.27911943960105745
47 208 -0.5181627418664749
47 211 -0.10811876254175679
47 214 0.4009504636964534
48 253 0.7516272016452115
48 256 0.6720201525897795
48 223 -0.9817318123164092
48 226 -0.12451356227224064
48 230 0.481076673922199
48 233 0.6863434538537134
48 236 -0.9627653816710815
48 239 0.8851762605312534
48 241 0.26100306417439856
48 244 -0.893209991508614
48 247 -0.6548383402564297
48 250 -0.22244678278161922
49 50 0.08493611024212844
49 52 -0.5481097234709307
49 181 -0.011721643459736253
49 184 0.23152943824137928
49 187 -0.19361355765083887
49 190 -0.7280449161698681
49 194 -0.6311628351351177
49 197 -0.8423686004437596
49 200 0.11180460923446112
49 203 0.7172032950792966
49 205 -0.8300499608172613
49 208 -0.35459047472436045
49 175 -0.8204812442905762
49 178 -0.40747659555776883
50 51 0.10616734753419044
50 53 -0.6799952098230684
50 217 0.9144619696461003
50 220 -0.0915187119286176
50 223 0.5898992480441774
50 226 0.6086005141019699
50 230 0.13650024211209089
50 233 0.34473946826730617
50 236 -0.6028719977479327
50 239 0.4015793923306872
50 241 0.35416020175320306
50 244 0.5352806439509634
50 211 0.3102656743783736
50 214 -0.9899332589816741
51 54 0.2730711681699576
51 253 -0.009530739328978077
51 256 -0.5775058150782393
51 259 -0.7226630560879093
51 262 0.0943386825956758
51 266 0.8582320504443637
51 269 -0.7720140810062366
51 272 0.1126090379440341
51 275 -0.9078090231684897
51 277 0.7145741405107495
51 280 0.7275152632426654
51 247 0.6351506252170396
51 250 0.5682961375222737
52 53 0.7933732274735448
52 181 0.34703816794346887
52 184 -0.5424643077130582
52 187 -0.16890013147405902
52 190 -0.9521216698544808
52 194 -0.18216886330066506
52 197 0.7561668711083176
52 200 0.08866825080714458
52 203 -0.30643723791602717
52 205 0.813033976474973
52 208 -0.9756761534501059
52 175 0.5627399640540991
52 178 -0.7936093020650312
53 54 0.4138812027546517
53 217 0.6440554687234008
53 220 -0.3958568822774011
53 223 0.3438497554667881
53 226 -0.8720553272999525
53 230 0.2201952827543423
53 233 0.6442074244800866
53 236 0.007553202277300386
53 239 0.21616047934393223
53 241 -0.9120439906270192
53 244 0.7483656541982708
53 211 -0.4247175334125428
53 214 0.8877595728050389
54 253 0.06847205591342953
54 256 0.39916025165748237
54 259 0.5404576628550644
54 262 0.3591162734298896
54 266 -0.42450510684239684
54 269 -0.7344163937709312
54 272 0.8059327362704707
54 275 -0.265224649144544
54 277 0.3923964922373562
54 280 -0.5768275262041274
54 247 0.540594076695986
54 250 -0.6795109429107222
55 56 0.15053918023378787
55 58 -0.6091142588794336
55 182 -0.05596765269204207
55 185 0.8762103709388032
55 188 -0.15330011615118022
55 191 0.20968770833208028
55 194 0.457728342559768
55 197 -0.9609326617701981
55 200 -0.2535548422866163
55 203 0.44713002867141793
55 205 0.6898938253824582
55 208 -0.9574061116909411
55 175 0.9561490931086047
55 178 0.9050832644285081
56 57 0.9848670441154337
56 59 0.4362189550326734
56 218 -0.508844033958147
56 221 -0.10026543494965301
56 224 0.9800464326319274
56 227 0.15063509973604527
56 230 -0.560959085762242
56 233 -0.39265608337689284
56 236 -0.6102777730018623
56 239 0.15363166491982727
56 241 -0.2390286515374651
56 244 0.4059530889216094
56 211 0.5198219482338429
56 214 0.2721411512769545
57 60 0.6172845553828179
57 254 0.025331283361853973
57 257 -0.7505986071314217
57 260 -0.19556408687737203
57 263 0.3175330749993537
57 266 -0.17459549690543463
57 269 -0.11374308084545248
57 272 -0.41731322615829836
57 275 0.19402818260465238
57 277 -0.9513336875939293
57 280 -0.8323708969322445
57 247 -0.37263540178287924
57 250 0.43774188935205305
58 59 0.05505187080791418
58 182 0.7520968095934024
58 185 -0.09259967814782
58 188 0.8037168890943627
58 191 0.3982268112907814
58 194 0.2492618320612514
58 197 0.9649786320504259
58 200 -0.8487161688961855
58 203 0.8970199452872147
58 205 0.6421207777516158
58 208 0.8300484971213373
58 175 -0.06921594438034573
58 178 -0.9203697608044596
59 60 0.9407564855019892
59 218 0.5416133180980318
59 221 0.3730247433979781
59 224 -0.9567613435479796
59 227 0.3774862417096483
59 230 0.9451161217606949
59 233 -0.9627760926978566
59 236 -0.06553033275061138
59 239 0.5698861379508253
59 241 -0.23168988593122664
59 244 0.9035834902282056
59 211 -0.5466696481216307
59 214 -0.7096527634329359
60 254 -0.8273647815030833
60 257 -0.3136730012876583
60 260 0.06319229170447671
60 263 -0.40692381485192497
60 266 -0.47137780746434665
60 269 0.9980359781375063
60 272 -0.404454554332522
60 275 0.23417392893013367
60 277 0.5172973503698914
60 280 0.006712681892182992
60 247 0.11692601195334196
60 250 -0.6050785540202523
61 62 -0.530844817802671
61 64 -0.10444878677282565
61 182 -0.24786628567278846
61 185 0.2664788482410452
61 188 0.3893136059509483
61 191 0.7117399245553413
61 194 0.5629337202659341
61 197 0.8458202596621831
61 164 0.6862487748523662
61 167 0.31623629351887983
61 169 0.6691946477093851
61 172 0.817703175159689
61 175 -0.4030434945728205
61 178 -0.2553830742301717
62 63 0.3500248561277939
62 65 -0.961465904556416
62 218 -0.3640984404220766
62 221 0.8871561791350902
62 224 -0.01463115795674863
62 227 0.544490916632516
62 230 0.08757420329288057
62 233 0.5418723533096144
62 200 0.8470957322978501
62 203 0.8285916679817176
62 205 0.20072238763879158
62 208 0.2560113956495691
62 211 -0.42475827442636627
62 214 0.35361316716315905
63 66 0.7205180632714414
63 254 0.543484553335694
63 257 0.21170909394940995
63 260 0.9996610144796789
63 263 -0.938187605906331
63 266 0.5304558582242167
63 269 0.38292887920994323
63 236 0.6818671428645815
63 239 0.4411269636597248
63 241 0.941829110474609
63 244 0.571730928119885
63 247 0.61736751791861
63 250 0.29445958706972597
64 65 0.009281797735588349
64 182 0.10448742967936364
64 185 -0.4780090520723832
64 188 -0.12158645303096138
64 191 0.31877157213667306
64 194 0.06005882699841858
64 197 -0.15009922206100246
64 164 -0.27111760161473697
64 167 -0.3560912640673881
64 169 0.011522537020218993
64 172 0.9541142228698998
64 175 0.9787971545128231
64 178 -0.8013371765604764
65 66 -0.7779563785835182
65 218 0.8241472385451494
65 221 -0.41359835905619957
65 224 -0.8539249468640411
65 227 0.4586028975854799
65 230 0.34187466669119626
65 233 0.3387222180788445
65 200 0.0864762755521935
65 203 0.3113376795378522
65 205 0.9136936084375649
65 208 -0.05540551143757777
65 211 -0.13118655017249092
65 214 0.17678307980041308
66 254 0.8523940784606288
66 257 -0.8490773161287823
66 260 0.23895835594945924
66 263 -0.6729717633849719
66 266 0.055518858658782255
66 269 0.43313136313213496
66 236 -0.9523833125252348
66 239 0.07358696558284494
66 241 -0.015059150975343938
66 244 -0.4399218256140047
66 247 0.8721060624971091
66 250 0.8300413806941447
67 68 0.5256988919679926
67 70 -0.37308910564534936
67 182 -0.7949242306814475
67 185 -0.7262591089697592
67 188 -0.3572728316555285
67 191 0.37715848299906596
67 194 -0.4440746282540129
67 197 0.7845088495195556
67 164 0.07206121156454026
67 167 -0.4996747846923575
67 170 -0.34024166752661333
67 173 0.6306707563186875
67 176 0.4673759139539373
67 179 0.4230194979745774
68 69 0.428794497088137
68 71 -0.18894514906621218
68 218 0.1120537976000422
68 221 0.8421446806756268
68 224 -0.13074807187735038
68 227 0.3768257607405152
68 230 -0.3782173454390696
68 233 -0.3683261230495236
68 200 -0.20374124678087258
68 203 0.24192286465401924
68 206 0.4311829142936925
68 209 -0.2800522549196831
68 212 0.2866361499408081
68 215 -0.6068760668753121
69 72 0.4933228462067458
69 254 0.2957324075873822
69 257 -0.2977605495411093
69 260 0.016310570213667663
69 263 -0.5959219624366563
69 266 -0.5266338654864848
69 269 -0.817772239476892
69 236 0.6362321767568528
69 239 -0.8300081478726242
69 242 -0.28251736504072755
69 245 0.2637632886387551
69 248 -0.9010034078222331
69 251 0.9834234035891194
70 71 -0.49093813735298863
70 182 -0.9929219041566113
70 185 0.5301997315556513
70 188 0.2656789168875995
70 191 -0.8625733057923393
70 194 -0.373149691839622
70 197 -0.027456422503653544
70 164 -0.1592947842628989
70 167 0.9204744559439049
70 170 0.15697135602317802
70 173 0.5966628883559397
70 176 -0.16103154924362317
70 179 0.7088595389186403
71 72 -0.9499181258726019
71 218 0.41487156117251467
71 221 -0.5691700789795411
71 224 -0.46695142925184685
71 227 0.1000509180118132
71 230 0.2266812227498911
71 233 -0.18074433519766986
71 200 0.35234618737130763
71 203 -0.8512290175590613
71 206 -0.3652635080086222
71 209 -0.40663990053043286
71 212 0.5477875074080818
71 215 -0.615988814674592
72 254 -0.5067351294297284
72 257 0.3004170423003125
72 260 -0.3008423222885086
72 263 -0.11493377722013132
72 266 0.4832457911222803
72 269 0.7276606481087651
72 236 -0.30367573607906007
72 239 0.5428716834327052
72 242 0.8608976124442269
72 245 -0.38847097083870596
72 248 -0.335470181332566
72 251 0.4706932360128051
73 74 -0.4254144486495266
73 76 0.9695945977561105
73 182 0.12837494285896178
73 185 -0.03461589756409289
73 152 -0.15379879620620462
73 155 0.11291843016592473
73 158 0.2548309246746854
73 161 0.27252880372414534
73 164 -0.5105887116876693
73 167 0.5528472052621862
73 170 0.7772676302143782
73 173 -0.33723299870894374
73 176 -0.2618870344496742
73 179 0.17008569686178343
74 75 0.18361328713183966
74 77 -0.22296119377547163
74 218 -0.10648151039441567
74 221 0.5148364960609055
74 188 0.9489019629237785
74 191 0.6417879449005448
74 194 -0.22962717654099207
74 197 -0.5455891255069611
74 200 0.8470752566295658
74 203 -0.24436856268018725
74 206 -0.39839916745685766
74 209 0.9413288423916399
74 212 0.905834944822159
74 215 0.16708271543105635
75 78 -0.9849697285482237
75 254 0.059807305777834774
75 257 0.7189758433342175
75 224 -0.6647511677282623
75 227 0.6455615307748128
75 230 -0.26851390327693325
75 233 0.9878515475841119
75 236 -0.045237547891875174
75 239 -0.7142919699452035
75 242 0.183725959043183
75 245 -0.6450081307219957
75 248 -0.7842302763625018
75 251 0.9289168852901901
76 77 0.3423765487375383
76 182 -0.432859001433334
76 185 0.8305587086315771
76 152 0.4727692464439772
76 155 -0.711636299290701
76 158 0.7675778473933315
76 161 0.7833448149875457
76 164 -0.8856569588279384
76 167 0.4123862679593089
76 170 -0.33625210783556225
76 173 0.04043973773351017
76 176 -0.16175752648243935
76 179 -0.10405498528062829
77 78 0.3112438686597465
77 218 -0.6494276211885537
77 221 0.9319725269415906
77 188 -0.7684079344008778
77 191 0.07084913269565396
77 194 -0.8103881970476523
77 197 -0.7085252635970414
77 200 0.7131828616157132
77 203 0.5208825853083803
77 206 -0.07544316650311989
77 209 0.4402261255336366
77 212 -0.5652765521795449
77 215 0.30843980552164885
78 254 0.589406414593239
78 257 -0.936308354155301
78 224 0.10824954901142636
78 227 -0.8442964634549304
78 230 -0.8187964767173923
78 233 -0.8032453667943331
78 236 0.18032379094332263
78 239 0.4593459568479181
78 242 -0.9628645233436302
78 245 -0.9743293775821735
78 248 -0.8899003596789008
78 251 0.8764763260123145
79 80 -0.38915906821422963
79 82 -0.2758873678075442
79 182 -0.6368787088735404
79 185 -0.5881149304095445
79 152 -0.61515773845582
79 155 -0.1228895409454771
79 159 0.6664971193648459
79 162 -0.7087866049251497
79 165 -0.008988731388615223
79 168 -0.48964544677567257
79 170 0.8573519743989491
79 173 0.8054123083843419
79 176 0.3021761137926686
79 179 0.602051092259859
80 81 0.49794036644352
80 83 0.4562495956723296
80 218 -0.6508321051743824
80 221 -0.6391645287381669
80 188 0.7390061382521182
80 191 -0.1672475405349778
80 195 -0.4206479764762341
80 198 0.8327995725110686
80 201 0.9634215460406725
80 204 -0.8836875652074874
80 206 -0.7756484207664991
80 209 0.3783071733901673
80 212 0.2964895730756154
80 215 -0.8404997819159508
81 84 -0.8622948220563635
81 254 0.6921644088161634
81 257 0.7476569234761665
81 224 -0.8799232494239813
81 227 -0.10308685512095872
81 231 -0.9429505998370067
81 234 0.5601212114999492
81 237 0.6610363133884021
81 240 0.5345120584011247
81 242 -0.1824290146397458
81 245 -0.287813586765175
81 248 0.39005090575241774
81 251 0.688888026743534
82 83 0.6169246584373147
82 182 -0.712248078734437
82 185 -0.18037777157985002
82 152 0.9361673683930338
82 155 0.7409898632235665
82 159 0.16604423364846843
82 162 0.21090513161900026
82 165 0.8860544609352734
82 168 -0.22228892137309808
82 170 0.6446808822738752
82 173 0.7854986666618649
82 176 0.2903387974294118
82 179 -0.5390299672727712
83 84 -0.2304137265954731
83 218 -0.6747241386055356
83 221 0.060774065719228165
83 188 -0.2124387091147113
83 191 -0.8221716752674839
83 195 0.4706320554969161
83 198 0.8588817411316183
83 201 -0.9791446044758452
83 204 -0.20014850480101054
83 206 -0.07583627808092319
83 209 -0.1320917225751601
83 212 -0.3690278735620862
83 215 0.6468040482438147
84 254 -0.5902250038719608
84 257 -0.17910153771251958
84 224 -0.3040563039271378
84 227 0.5967125037989949
84 231 -0.4827822791205223
84 234 -0.690705616303638
84 237 -0.5622957011639866
84 240 -0.3331478427841481
84 242 -0.6238494697217503
84 245 0.2719975001859689
84 248 0.6914084074773883
84 251 0.798687482430479
85 86 -0.1090043073429936
85 88 0.27914714443884736
85 182 0.943234902764045
85 185 -0.6196894564150741
85 188 -0.700980511629417
85 191 -0.07027476482191886
85 195 -0.044350418467414165
85 198 0.35056072197115284
85 201 0.2073795475224185
85 204 -0.6900327923556724
85 206 0.7829089655084294
85 209 0.9388758738504053
85 176 0.9352395815839125
85 179 0.17413971395358896
86 87 0.1036449739626355
86 89 0.5555411585358461
86 218 0.6828663120055374
86 221 -0.43740498448240794
86 224 0.42877459503691573
86 227 -0.17266376668893435
86 231 0.178755078327949
86 234 0.7188446745682582
86 237 -0.11238773969845473
86 240 -0.8917370636349848
86 242 0.6880701251918415
86 245 0.5806520423806472
86 212 -0.40951753359591936
86 215 -0.54390136432377
87 90 -0.5861263634289631
87 254 -0.4502852956751682
87 257 0.10583258010633978
87 260 -0.9268777257601022
87 263 0.9703994191616212
87 267 0.5825690295935153
87 270 0.012395309857696102
87 273 0.25373484455063844
87 276 0.6698804598729102
87 278 -0.97318886885604
87 281 0.28557881736976043
87 248 -0.8942082435429812
87 251 -0.17525255741626244
88 89 0.4534237710901532
88 182 -0.7963385407483086
88 185 0.9775482081830458
88 188 -0.8859126503759331
88 191 0.23305789763187357
88 195 0.46019690589157025
88 198 -0.9253093791588414
88 201 -0.703097626357825
88 204 0.9485915480661105
88 206 0.8269582781836375
88 209 -0.1643828146458075
88 176 0.8535659462528709
88 179 -0.884201840787352
89 90 0.49345579625935065
89 218 -0.10497929567624875
89 221 -0.7320331002691547
89 224 0.4355341963984689
89 227 0.5420939478718503
89 231 0.11829241726219464
89 234 0.3249842855031153
89 237 0.7822416507140308
89 240 0.11664146419211918
89 242 0.4810870873940991
89 245 -0.5863173726928261
89 212 0.7991438944431934
89 215 -0.4221406235972063
90 254 -0.10857526448237187
90 257 -0.5445767439463429
90 260 0.9729779418631903
90 263 -0.9364862267135006
90 267 0.03015158398624207
90 270 0.8497717919401406
90 273 -0.10592941229264463
90 276 0.7996022541933003
90 278 0.9897069118058011
90 281 -0.19692177838477187
90 248 -0.24147444397194673
90 251 0.17082101312574816
91 92 -0.39112630417717753
91 94 -0.24358226541185557
91 183 -0.31117247155325356
91 186 0.8446497444375605
91 189 0.2785035670635887
91 192 -0.03371053911542288
91 195 -0.638727639943478
91 198 0.48841831853678586
91 201 -0.9309874647386147
91 204 -0.042993305306280094
91 206 0.9828363959385287
91 209 -0.1493551420033754
91 176 0.6845864502746273
91 179 0.6825737789651034
92 93 0.4214216876716619
92 95 -0.41631571920778265
92 219 0.35629254894040385
92 222 -0.10569134865016316
92 225 -0.032233630917489986
92 228 0.5602489209312638
92 231 -0.3252004707307883
92 234 -0.1643193961486371
92 237 -0.17179804419416023
92 240 0.74280903922001
92 242 0.2571480029706792
92 245 0.055465943066236756
92 212 -0.13563005396619787
92 215 -0.4672977538125025
93 96 0.4848937452657105
93 255 0.06929164371369567
93 258 0.7042949370596829
93 261 -0.5194689571317859
93 264 -0.01675537223893575
93 267 -0.47230191486725914
93 270 -0.07062646827311747
93 273 0.8295114996466904
93 276 0.23358917978619553
93 278 -0.5665384164784562
93 281 0.06714644662795966
93 248 0.8629391627437253
93 251 -0.09210797680011118
94 95 -0.4774696508116174
94 183 0.09368830124666827
94 186 0.8725821816520973
94 189 -0.14252439889133206
94 192 0.31681593361704374
94 195 -0.5459517032601102
94 198 -0.9060587372023878
94 201 0.7975980645912626
94 204 0.37314206815584217
94 206 -0.39175481054501726
94 209 0.6257390638701834
94 176 0.4660586348278497
94 179 0.6183357743642797
95 96 0.0787950471634713
95 219 0.9920915456816775
95 222 0.7812772394850473
95 225 0.8737904908279339
95 228 -0.18107744451259955
95 231 0.8922632431288198
95 234 0.05185120057468984
95 237 0.9530588157595983
95 240 0.3206260335259796
95 242 -0.42950172848003976
95 245 -0.5686223411056062
95 212 0.5436542341989623
95 215 0.348965614485085
96 255 -0.896295476461856
96 258 0.6660846164232075
96 261 -0.6715410400814488
96 264 -0.07546482101964358
96 267 -0.7723812960422347
96 270 0.4058132983923337
96 273 -0.16088771680236102
96 276 0.023028350067511694
96 278 -0.9706871362896679
96 281 -0.32122198387251144
96 248 0.5286899008457859
96 251 -0.16598713684584565
97 98 0.11543161138148395
97 100 0.9478636325530376
97 183 -0.4110789659102434
97 186 0.7289236441346025
97 189 -0.2983638995774667
97 192 0.15658685308562648
97 195 0.960992316006529
97 198 -0.008529733658174221
97 165 0.9619035632895694
97 168 -0.705013782258473
97 170 -0.8697484986316293
97 173 0.5069318630172699
97 176 0.8234398462279491
97 179 -0.6480051382482479
98 99 0.6040920070190705
98 101 -0.17914203209181578
98 219 -0.4188766925514411
98 222 -0.42391204439814967
98 225 -0.2785262922130003
98 228 0.4262922773405644
98 231 -0.11314958315576451
98 234 0.3971880661216167
98 201 -0.1374649859335717
98 204 -0.9577293881737414
98 206 -0.4468371184851261
98 209 -0.9880114728147447
98 212 0.10149781376012323
98 215 0.2696098463768475
99 102 -0.1327175000294365
99 255 -0.6207091909532814
99 258 -0.07880138400099912
99 261 0.34219918739736754
99 264 0.1367957490092111
99 267 -0.1132720406410761
99 270 -0.3652415529417208
99 237 0.5583645436546687
99 240 -0.41040094855075426
99 242 0.9105807302541526
99 245 0.24786224347008812
99 248 0.26822860785399016
99 251 -0.7551509797456835
100 101 -0.11331317499479021
100 183 -0.8261719782962973
100 186 -0.7899156235558933
100 189 0.3406972564902715
100 192 -0.7638965890247618
100 195 0.25233945021223936
100 198 -0.918473168587508
100 165 -0.8477209596752973
100 168 0.11650014424768518
100 170 0.08095762119105676
100 173 -0.8450861845021898
100 176 0.4838060332128584
100 179 -0.041026771608358104
101 102 -0.34769223351623557
101 219 0.13896426162555642
101 222 0.4954286300717192
101 225 -0.009867296080722232
101 228 0.34234097995405643
101 231 0.8384796613456555
101 234 0.8966431655240106
101 201 -0.016566967574640934
101 204 -0.9535644575592217
101 206 0.8799187188422009
101 209 -0.6723884000867566
101 212 0.955187265134473
101 215 0.5888603940012793
102 255 0.11595697009786377
102 258 -0.7441567976006511
102 261 0.35531631050137524
102 264 0.6628507889931681
102 267 -0.10895994065201764
102 270 0.459212380886344
102 237 -0.8310211975782626
102 240 -0.49487679444042865
102 242 0.427497636493662
102 245 0.08046212676618159
102 248 0.9933162667019093
102 251 0.14285151658785966
103 104 -0.20544064929689476
103 106 0.23909706268403186
103 183 0.8706853041887661
103 186 0.7757416817458895
103 189 0.7472468256421265
103 192 0.14856618621990814
103 195 -0.5355503795857528
103 198 -0.013039271671066777
103 165 0.33953551603365795
103 168 -0.5954450606813528
103 171 -0.23745154409962987
103 174 0.2899801623059788
103 177 -0.2133427513046937
103 180 0.13533226188881997
104 105 -0.25776420132765065
104 107 -0.5495839528945416
104 219 -0.6867788946534947
104 222 -0.7313551071834554
104 225 -0.07437894905561682
104 228 0.4276648116592914
104 231 0.9501858958426757
104 234 0.1931726223706698
104 201 0.898369703218658
104 204 -0.3904576527953132
104 207 -0.9711226258429975
104 210 0.5904687688229717
104 213 0.0042846647129306525
104 216 -0.060203300578967944
105 108 -0.5380117648426228
105 255 -0.6258789240372074
105 258 -0.04708139291628899
105 261 0.16817083769876096
105 264 -0.8076400293335313
105 267 -0.062392331027222525
105 270 0.1782782989744065
105 237 0.00636765262279293
105 240 -0.4972556618440471
105 243 0.7215121945810639
105 246 -0.5202837749496516
105 249 0.02724560400510323
105 252 -0.4050481521237552
106 107 0.43271301121099515
106 183 0.5170926872071662
106 186 0.3298669486049215
106 189 -0.28184074769658074
106 192 -0.5572413191526153
106 195 -0.5656899009636753
106 198 0.9616783848108656
106 165 0.7524496374890028
106 168 -0.04552443032416864
106 171 0.9781705236975313
106 174 -0.6146276369656385
106 177 -0.6887931242578864
106 180 0.6552744837570956
107 108 0.1983686087959049
107 219 0.022052530259408343
107 222 -0.695078303389006
107 225 0.20441537866486903
107 228 -0.466050085346972
107 231 0.4796743618368893
107 234 -0.1399276390946007
107 201 0.014068612086468368
107 204 0.10722083378655367
107 207 -0.08757636286192283
107 210 -0.6564177871793764
107 213 -0.995664474894651
107 216 0.6017190015933229
108 255 0.23113888192128806
108 258 0.058112870897872204
108 261 0.23363154315112244
108 264 -0.5646739161175172
108 267 -0.5892107491091416
108 270 -0.9750472629567231
108 237 -0.7730621408106779
108 240 0.5650812546324488
108 243 0.980699741194901
108 246 -0.652206272603779
108 249 -0.04181093165567007
108 252 0.6389150633614553
109 110 -0.11943733165130599
109 112 0.38385963133752177
109 183 -0.4175813635584755
109 186 -0.06705013007736826
109 153 -0.07163256639094917
109 156 -0.063039145839344
109 159 0.8056201682278488
109 162 -0.9767570707131585
109 165 -0.32036950121212193
109 168 0.6875760707796614
109 171 0.5666118206168151
109 174 -0.4609156797140268
109 177 0.05375599732029901
109 180 -0.12561956660129558
110 111 -0.9035564661832138
110 113 0.17989993967081164
110 219 -0.38036637258743267
110 222 -0.39948775830042416
110 189 -0.4936179649772796
110 192 -0.6056784607655064
110 195 -0.6808205656293207
110 198 0.49029958190940737
110 201 -0.06999496254108872
110 204 -0.9668663259076924
110 207 -0.7967673836015585
110 210 0.8287902806816394
110 213 0.22815946111128893
110 216 -0.02107486188832053
111 114 -0.335142657621186
111 255 0.2427052462694319
111 258 -0.2785331016751451
111 225 0.019382977365422605
111 228 -0.5150830370093096
111 231 0.12991646573404547
111 234 -0.8768316032451782
111 237 -0.10561793410621712
111 240 0.41519810225272846
111 243 0.14718992955914278
111 246 -0.48982734813994844
111 249 -0.7014855258265698
111 252 -0.6326134854666472
112 113 -0.9132599281468385
112 183 -0.9466452950311139
112 186 -0.9194068929798846
112 153 -0.33692365897579357
112 156 0.7042089590912648
112 159 0.5574440818937947
112 162 0.9067455439286407
112 165 -0.2668082593210439
112 168 0.9717540343915196
112 171 0.672634639687486
112 174 0.5555492854161346
112 177 0.27067253911160005
112 180 0.49346280795188613
113 114 0.6281999085658831
113 219 0.5555226032758807
113 222 0.13421403502203044
113 189 -0.5390704624724791
113 192 0.42588542558286613
113 195 -0.8344156610123343
113 198 0.06709038193442285
113 201 -0.5261012810875976
113 204 -0.45807431862271697
113 207 -0.13136173841435284
113 210 -0.16076949594476786
113 213 -0.5130285949931612
113 216 -0.1649141296338983
114 255 -0.04985995524353659
114 258 -0.21569360852140762
114 225 0.10931846587274552
114 228 -0.9101308275839073
114 231 -0.13649618668092445
114 234 -0.7028006304367718
114 237 0.5839411208341934
114 240 -0.6619598812249745
114 243 0.46747834456490645
114 246 0.1382397397138797
114 249 -0.8447238848127718
114 252 -0.7015000908035836
115 116 -0.5021767269048492
115 118 -0.22159032190591232
115 183 0.595322062424001
115 186 -0.07637402400576487
115 153 0.10166921894941239
115 156 -0.749587941452261
115 171 -0.13263696169190897
115 174 -0.7688436908267857
115 177 -0.31783218077455033
115 180 0.6076877748335521
116 117 -0.01709241471783196
116 119 0.17170232980539324
116 219 0.6458147982280089
116 222 -0.2791491301112037
116 189 -0.8361989687737652
116 192 0.37352823927199474
116 207 0.9761112268591157
116 210 0.311469961757717
116 213 0.47749055846755906
116 216 -0.23516319160524146
117 120 -0.011759261061440318
117 255 -0.8374830021325366
117 258 -0.8308897277212086
117 225 -0.4263338462030881
117 228 0.07162383405462847
117 243 -0.22319154993841095
117 246 0.6712561285416478
117 249 -0.12012321037000095
117 252 0.2056851140328444
118 119 0.029618883762700943
118 183 -0.41133609736230703
118 186 0.4316015673532363
118 153 0.6861198511171496
118 156 0.8696046764631546
118 171 -0.7178062544517265
118 174 0.7489736822287119
118 177 0.4032316095836026
118 180 -0.6840092825915569
119 120 0.39834153400562444
119 219 0.36870660577133085
119 222 -0.495183016035166
119 189 -0.6676490887931104
119 192 0.34539962655778633
119 207 -0.3161428613095312
119 210 -0.740838215784376
119 213 0.026187999271511497
119 216 0.517545860466371
120 255 0.7821037365919528
120 258 -0.20068517524324392
120 225 0.23973733918835527
120 228 0.18689385662307223
120 243 0.09929998929916817
120 246 -0.8216888585131887
120 249 -0.3539800055969391
120 252 -0.8085987637124046
121 122 -0.49154111448333815
121 124 -0.2889429466024671
121 183 0.5118520607023966
121 186 -0.720709709613216
121 189 -0.1202902741592562
121 192 -0.13698112352055714
121 207 0.9713490101473805
121 210 -0.43341700046068854
121 177 0.6697913543256595
121 180 -0.6975179428250768
122 123 0.9668529534852202
122 125 -0.4881787001775433
122 219 0.4651055437869547
122 222 -0.8776089091179649
122 225 0.22414729150237278
122 228 0.17395029186010702
122 243 -0.6274607981310791
122 246 0.13162019282010573
122 213 0.5062482096132117
122 216 -0.17575685241480254
123 126 0.9793429704359333
123 255 0.6589353710350454
123 258 -0.12452659719617132
123 261 0.4116138856643925
123 264 0.4387860205219467
123 279 -0.9043879399158317
123 282 -0.9994966266019414
123 249 -0.8956893760710078
123 252 -0.636093318200371
124 125 -0.637896528015315
124 183 0.4283313248249778
124 186 0.6925594438567488
124 189 0.741199152215573
124 192 -0.13498848890479298
124 207 -0.701300594831973
124 210 -0.9463282782735094
124 177 0.8181186210520404
124 180 0.979269240008706
125 126 -0.5101724013507425
125 219 0.059258594367213036
125 222 -0.40901052407210114
125 225 0.7660543643366966
125 228 -0.5529951854619086
125 243 0.37326669289672054
125 246 -0.08266906234798843
125 213 -0.588123555873024
125 216 -0.975072660096233
126 255 -0.48558211246677807
126 258 -0.43185848130064564
126 261 0.16003397512582174
126 264 -0.7705964802190173
126 279 -0.5491369443008363
126 282 0.27272739806894886
126 249 -0.6740775703250135
126 252 0.9383181682093025
127 128 0.045893075604718
127 130 -0.16923550779804053
127 207 -0.5479764084299767
127 210 -0.32863460225535635
127 177 0.9642483012887313
127 180 0.28678623891960564
128 129 0.9219059053150134
128 131 -0.13059499222883453
128 243 -0.02185750870411618
128 246 0.2570266537455743
128 213 -0.33433230617525345
128 216 0.8226059989079255
129 132 -0.5675358193123252
129 279 -0.6346381704632824
129 282 0.8605634930259256
129 249 0.2961077227054687
129 252 -0.9613322803004494
130 131 -0.5411634835140113
130 207 -0.6811201384917209
130 210 0.6949469237484154
130 177 -0.6895991012001434
130 180 -0.20136731012482323
131 132 -0.6911130984713798
131 243 0.7030222072008931
131 246 -0.6273347241934366
131 213 -0.7557660866665759
131 216 0.7853667275491667
132 279 0.6001650438099655
132 282 0.527150474340049
132 249 0.33300660649149316
132 252 -0.17129418873124536
133 134 0.8147256041570021
133 136 0.2919552060430888
133 171 0.9080176769674824
133 174 -0.9610685630063776
133 177 0.18736451018692102
133 180 0.8089806997771332
134 135 0.7088805022102096
134 137 -0.31126344537673756
134 207 -0.024081376312316438
134 210 0.9127125028269318
134 213 0.27532550175114134
134 216 0.8808696559253202
135 138 -0.25414751888585063
135 243 -0.20890634386175888
135 246 0.9648196080013125
135 249 0.33377543303444424
135 252 -0.08401493773614743
136 137 0.6041491636052123
136 171 -0.6247929574089774
136 174 0.15927828925091747
136 177 -0.003387042099005644
136 180 0.9348666004851738
137 138 -0.902845912624674
137 207 -0.4251505489823171
137 210 -0.2740606359005857
137 213 -0.7763815004448738
137 216 -0.9930171570165733
138 243 0.7320697190913974
138 246 -0.6109878922117948
138 249 0.8596383035785407
138 252 0.5739552505355583
151 152 -0.582017555062587
151 154 0.9824499434190408
152 153 0.4021845210293209
152 155 0.9653623668690363
153 156 -0.7946294893579084
154 155 0.6012308171598781
155 156 0.06691990736010811
157 158 -0.06428122314333096
157 160 0.06274290273303107
158 159 0.06052455808969537
158 161 -0.8259092107856512
159 162 -0.8596005576834349
160 161 -0.106087746875549
161 162 0.7458329984149805
163 164 0.6250325112383206
163 166 -0.3370437377835509
164 165 0.8396564293676574
164 167 0.5946951881686049
165 168 0.7414020176484708
166 167 0.5598606434962972
167 168 0.5823050179801368
169 170 0.7904900037841305
169 172 0.8091495359760477
170 171 0.15595568212632172
170 173 0.7340790004287863
171 174 0.43196216132478327
172 173 -0.19826165555265796
173 174 0.57317082501541
175 176 -0.3076504088937764
175 178 0.05730862702904993
176 177 0.0111245493747123
176 179 0.2733268374541329
177 180 -0.8433934739401745
178 179 0.46900419979394314
179 180 0.5604995716623717
181 182 -0.7676724051874502
181 184 0.6071244325683234
182 183 0.19840090237642438
182 185 -0.22740242225153318
183 186 0.8546341287164996
184 185 0.04798550639972765
185 186 0.7991982559556956
187 188 0.2718767043043129
187 190 -0.15678937548396887
188 189 0.4967425873893294
188 191 -0.37861518070980504
189 192 -0.7404454018846429
190 191 -0.5641175039902504
191 192 -0.13427231133167017
193 194 -0.21934232157593625
193 196 0.4330326312639803
194 195 -0.39875182742814785
194 197 -0.43443775790437966
195 198 -0.966230302728224
196 197 -0.42934130518992575
197 198 0.4482109628559987
199 200 -0.7390421576603012
199 202 0.722842297455172
200 201 -0.636192513821334
200 203 0.5434652279635928
201 204 0.5061474299757269
202 203 0.43591747824767046
203 204 -0.7833845484849786
205 206 -0.8125656453808718
205 208 0.9917820620153734
206 207 -0.43626496619166266
206 209 0.7104040160540894
207 210 0.017093954958155244
208 209 -0.8492262922994647
209 210 0.22376809239576323
211 212 0.1424761344703267
211 214 0.6724764022848257
212 213 -0.846296595625101
212 215 0.9305779044310378
213 216 -0.34291850131289636
214 215 0.5861899243829685
215 216 -0.16980955864140457
217 218 -0.3960374111068843
217 220 -0.3200589539445544
218 219 0.35762610699114705
218 221 0.8557871580908911
219 222 -0.4995380853565814
220 221 -0.8696478098495786
221 222 -0.7136581570708023
223 224 -0.6654917662776081
223 226 0.10059591413760494
224 225 -0.27477795534816374
224 227 -0.005358848831882312
225 228 0.8728110412616916
226 227 -0.7843842096912386
227 228 0.09425202480693273
229 230 -0.13030209997417574
229 232 0.47225974432869067
230 231 0.9036289952119392
230 233 -0.3266050291147462
231 234 -0.8441502126956812
232 233 -0.037342669678839036
233 234 0.6555353915191491
235 236 -0.7439023729688383
235 238 0.3155604865958137
236 237 0.38679179521479456
236 239 0.6355595848021791
237 240 0.29435550262463206
238 239 -0.6999814013158094
239 240 -0.27533897466609547
241 242 -0.19311435694103496
241 244 -0.5823827594991715
242 243 -0.43404582468315356
242 245 0.6018762887217726
243 246 0.5409123973597287
244 245 0.9965331783745002
245 246 -0.7552776172841542
247 248 -0.9205424294761728
247 250 -0.1446330579802082
248 249 0.23338168509914037
248 251 -0.02816594150331131
249 252 -0.13733521851898067
250 251 0.8645524332465777
251 252 0.7764446540885348
253 254 -0.6332212881826194
253 256 0.04651610687796981
254 255 0.3433587196822532
254 257 0.2679199303411619
255 258 -0.8404861247212936
256 257 0.6535892445222502
257 258 0.7290860281982521
259 260 -0.01027179109663967
259 262 -0.2930346958369632
260 261 -0.0740653389257031
260 263 -0.03671771542806579
261 264 -0.48684936849994753
262 263 -0.13541012081592307
263 264 0.591262364825955
265 266 0.8388641719349366
265 268 -0.044169576532761434
266 267 0.8794423422981139
266 269 -0.4111939272094969
267 270 0.8495379335676472
268 269 -0.21128192347717767
269 270 0.8044839127694783
271 272 -0.4116309788686474
271 274 0.14954870950798593
272 273 0.1530922660722207
272 275 0.0540347798701164
273 276 -0.5041464095109365
274 275 -0.7997879784243405
275 276 0.4836472369387006
277 278 0.4825179924978722
277 280 0.700008629871224
278 279 -0.9548031664950571
278 281 0.05585652688501175
279 282 -0.5078938620831528
280 281 0.41209114764692467
281 282 0.08089651174063661
