# 
7 7 -0.7772204894262389
8 8 -3.6758683394344756
9 9 3.499482733982677
10 10 3.1457816418191484
11 11 -1.5914049045540484
12 12 2.7141188881824165
13 13 -3.0386831699633667
14 14 3.65378856227927
15 15 -1.7774491629202975
16 16 -1.70640156424792
17 17 -3.4362542465364623
18 18 1.4660495653917733
19 19 -2.3652593986310038
20 20 -1.3945702170703953
21 21 -2.1294669640255437
22 22 -0.2065021839989214
23 23 -0.399587383000779
24 24 -1.4754897761455608
25 25 2.473293698880876
26 26 -3.6812838260978866
27 27 -3.699671467088794
28 28 -2.289163357988901
29 29 0.8507063049898695
30 30 -3.8039109486842317
31 31 0.7575786190665612
32 32 -1.22123507688263
33 33 -2.256171282086715
34 34 0.7904972053860346
35 35 -2.994423472385055
36 36 -0.5657298025168727
37 37 -2.8244688105336673
38 38 -1.833322673131419
39 39 0.5326136886132984
40 40 1.361278471831401
41 41 -1.7739795933112736
42 42 3.758147063752041
43 43 -2.2433219461081055
44 44 -0.3622061229080389
45 45 2.8599274427382024
46 46 -1.4566561980618093
47 47 -0.06906517560449377
48 48 -3.144253357756063
49 49 0.5787147754308419
50 50 -1.4549487214264536
51 51 1.5948020458035934
52 52 -3.4475211604369846
53 53 -0.3215064249213908
54 54 -3.576888822419133
55 55 -0.5145149809585936
56 56 2.0369366066252104
57 57 -1.2212044677603515
58 58 0.9906894860665831
59 59 -3.630893607939038
60 60 -0.6415354198331107
61 61 -2.2343383177624423
62 62 -0.1514172314308766
63 63 1.3579036461506657
64 64 0.897760918202466
65 65 -3.619383672015708
66 66 -2.344692760140104
67 67 -2.2780756885198183
68 68 -0.149714592181601
69 69 -1.5970144115901617
70 70 3.125713618724075
71 71 -0.6384813805111786
72 72 -1.4129677312938647
73 73 -1.8526805380357878
74 74 -2.3274063715345292
75 75 1.6060388313335183
76 76 3.444376693202984
77 77 1.80117692930036
78 78 0.22334189973942564
79 79 -1.9431233471446774
80 80 -3.946130766632134
81 81 -2.5108319932756196
82 82 -0.9206003363452204
83 83 3.313588109700367
84 84 0.11153687700695958
85 85 -0.42171251172915714
86 86 0.2242928375307578
87 87 -0.9257417428797927
88 88 -1.9925183305951357
89 89 3.021754991408674
90 90 0.4648233844510825
91 91 0.428160025108685
92 92 2.7555471416164066
93 93 1.1249058891862953
94 94 -3.3557299693811586
95 95 1.174524637919407
96 96 -2.372337767449485
97 97 -0.7126082311598765
98 98 2.5771254866273674
99 99 -3.573668210213116
100 100 -0.03893215297671038
101 101 3.0854512985408924
102 102 -1.5548557135410999
103 103 2.6159817567784014
104 104 -1.3099111160547947
105 105 0.34321624857430777
106 106 -2.2712730376621346
107 107 -2.1604210713498224
108 108 1.2467179571921436
109 109 1.1036297041261633
110 110 -2.493758305149517
111 111 1.0096614024683666
112 112 -3.108379512876467
113 113 0.8116384995045411
114 114 1.070416386276964
115 115 -3.446010866068556
116 116 -3.046324718285603
117 117 1.6712591498531655
118 118 1.4435327364188097
119 119 -1.969121036199593
120 120 -1.2716402632484805
121 121 -0.5417147714110824
122 122 3.7153865845616307
123 123 -2.605882421859059
124 124 -3.568528098706124
125 125 0.052895012344567505
126 126 2.578800159374028
127 127 -2.466100756931798
128 128 -2.742382634984054
129 129 -1.9029566356790077
130 130 1.1749426934267762
131 131 2.9235366073438085
132 132 2.2080974016069614
133 133 3.504855713767874
134 134 0.8471400366227506
135 135 -1.6977076104387798
136 136 -2.1143285798885056
137 137 0.0531128905504783
138 138 3.5774557109666496
151 151 -0.7157257033737299
152 152 1.7791567668464827
153 153 0.8837798339338017
154 154 -2.0012163325240167
155 155 -0.6629600486910725
156 156 -1.3643109800255537
157 157 -2.8169270321259674
158 158 3.875022196659067
159 159 1.7164398709182276
160 160 -3.233512927618559
161 161 3.391375157161148
162 162 -1.349134299611296
163 163 -3.0834069866463576
164 164 -3.610407222955927
165 165 -0.7556572221893605
166 166 2.6392814197256156
167 167 3.3757939148596314
168 168 -2.581511459745763
169 169 -2.512340959279558
170 170 0.5784243068385528
171 171 -3.1774466898967404
172 172 -1.7947513106279684
173 173 -3.908916038060446
174 174 -1.1150633377573484
175 175 -3.5483641193513806
176 176 -3.467723468901333
177 177 -2.127548350911103
178 178 3.9332012969301484
179 179 -3.25225932272152
180 180 -3.9570538858936475
181 181 2.1225044491466605
182 182 0.28076527273250473
183 183 -3.55204157315989
184 184 1.6946430282099652
185 185 1.9649998190200266
186 186 -3.412903716596178
187 187 3.045551097384762
188 188 -2.8809450082537422
189 189 -3.8679544846946747
190 190 -0.5145088298250036
191 191 -3.4281035889493108
192 192 2.5631652304384076
193 193 0.7103183718632788
194 194 3.283803629084793
195 195 2.4952324604582534
196 196 -3.098414976069299
197 197 0.8687112367544847
198 198 2.5118618535720936
199 199 -1.8907036119035157
200 200 -3.803409463415803
201 201 0.36897561787928534
202 202 2.8006058056282432
203 203 3.703155616561041
204 204 2.1606408400515926
205 205 0.2657485988372894
206 206 -3.670685927972446
207 207 0.41890514517428645
208 208 -0.7709782671820804
209 209 -0.8291904130090844
210 210 -2.3782868616918904
211 211 0.41419902652720175
212 212 0.13864395251911787
213 213 -2.8048696215509707
214 214 1.5973930115584452
215 215 0.852490208862192
216 216 3.947888824842159
217 217 3.307349387614236
218 218 3.0220679330276097
219 219 3.9735784767851845
220 220 3.4379629149193534
221 221 -1.7657468482267937
222 222 2.00827588056523
223 223 0.29269804901853913
224 224 -2.9908857299029377
225 225 -0.9035896921029112
226 226 -3.4208670302581936
227 227 0.3192703187961552
228 228 0.9685634949701223
229 229 1.1884456282011637
230 230 -3.1598536911343285
231 231 -3.0008092390235532
232 232 -3.4638702307541793
233 233 3.9532468421229003
234 234 1.8709221124530941
235 235 -1.0151565961019102
236 236 -0.07330908715430695
237 237 1.0625644684939495
238 238 -0.9093370265909364
239 239 -1.2232106050506744
240 240 2.231882360547382
241 241 0.7884591603484106
242 242 3.458238075125613
243 243 -3.6781247390118583
244 244 -0.065162967399373
245 245 3.1464202961723595
246 246 1.1505307361530503
247 247 0.48819690438623553
248 248 -2.760212033008827
249 249 -0.2535428828094215
250 250 -1.7769877374355358
251 251 1.9948789215256113
252 252 1.0980773595008202
253 253 -0.19296292974846985
254 254 -2.4695930244269846
255 255 2.0495204729517145
256 256 -1.493170765588367
257 257 0.36613385797449816
258 258 1.2449268515048146
259 259 -0.8867455133577229
260 260 3.9648954045116556
261 261 -2.303292571170185
262 262 3.64459510489311
263 263 0.6894240277965258
264 264 -3.029142297936697
265 265 -2.982538187710704
266 266 3.1400331901134253
267 267 -1.1079328318990385
268 268 0.9815616806513061
269 269 -0.6368304844481161
270 270 1.6847094459903724
271 271 1.1936970038221046
272 272 -1.1109695313299621
273 273 1.0639010050990665
274 274 -3.9874065736914233
275 275 -3.6374062729751753
276 276 0.1832862502236008
277 277 -1.9187944271848982
278 278 1.3622396869906002
279 279 2.8384283004723647
280 280 -0.974985017727656
281 281 -1.6999984420151968
282 282 -3.139897050687158
7 8 0.6621831986410331
7 10 -0.22372937290424555
7 157 -0.3595965226315525
7 160 -0.35809544733367127
7 163 -0.5825676442905363
7 166 -0.6481239713246234
8 9 0.9292071114028588
8 11 -0.9263360196065702
8 193 -0.9654614181132031
8 196 0.8583169585068495
8 199 0.6034752464576241
8 202 0.26872091446087065
9 12 -0.2677369397822884
9 229 -0.7922924465014916
9 232 0.23744342809734742
9 235 0.7740976736849725
9 238 0.10555039222892781
10 11 -0.22162164215444213
10 157 -0.3209407260651225
10 160 0.8493127616843497
10 163 -0.04454455300009075
10 166 0.15419157711916998
11 12 0.35662048296965887
11 193 -0.47923989173061665
11 196 -0.4747386592031224
11 199 0.39726423541820366
11 202 -0.004080945338743369
12 229 -0.5717045069610134
12 232 0.8229397568306887
12 235 -0.226935091787825
12 238 0.14412906259273273
13 14 0.4994400804087704
13 16 -0.5103576748672785
13 193 -0.6612277709369878
13 196 0.3468484544440995
13 199 -0.8940816471130348
13 202 -0.7199314073173164
14 15 0.005772393039984447
14 17 0.09434585490073988
14 229 -0.9505706743807187
14 232 0.11143388515778763
14 235 0.37797073812422166
14 238 -0.20509950081899353
15 18 0.9398199002578727
15 265 -0.47334799623355295
15 268 0.014884239284979506
15 271 -0.9227651629494751
15 274 0.7047945715813113
16 17 -0.21430173633153005
16 193 0.5543717853828827
16 196 0.2014498587500988
16 199 0.7882023286850193
16 202 -0.5610771075636265
17 18 0.4085721301748406
17 229 0.48074423124450405
17 232 0.9866666747754655
17 235 0.6069907219585091
17 238 -0.5736009275401184
18 265 -0.7674450588526407
18 268 0.6565735033701443
18 271 -0.2742044892752491
18 274 -0.9076322014634566
19 20 -0.7965811884191829
19 22 -0.4474314468950935
19 181 0.26104308371499507
19 184 -0.8199372614038418
19 187 0.6137993804531565
19 190 0.229053062151382
19 193 0.41519014615694005
19 196 -0.29873843030907477
19 199 -0.8295637486943761
19 202 0.7346349697758556
20 21 0.5761800175004652
20 23 -0.047722773466609913
20 217 0.3265503382103263
20 220 0.31214161215907055
20 223 0.9599158688619509
20 226 0.5944859577610895
20 229 -0.024043232094332012
20 232 0.958560723393246
20 235 0.8567087269624056
20 238 0.17400107761591932
21 24 0.766974702747512
21 253 0.6967521395722607
21 256 -0.26433798792448737
21 259 0.7126386834528677
21 262 -0.7132081686128775
21 265 0.01730422459067671
21 268 -0.6681979042948869
21 271 0.04665050441694918
21 274 0.47211423517042017
22 23 0.6415799421037094
22 181 0.009102099625790006
22 184 0.8201073049346033
22 187 0.12400721000570725
22 190 -0.4775610341187133
22 193 0.16623413072789717
22 196 -0.12419992083518161
22 199 -0.8025968822099214
22 202 -0.15973431305523467
23 24 -0.00033661766329617926
23 217 0.3673360438723108
23 220 -0.20005985959561556
23 223 0.7898234150924861
23 226 -0.7820772505501732
23 229 -0.5191048957637945
23 232 -0.08432600368809307
23 235 -0.8415627671032695
23 238 -0.9596536355047465
24 253 0.09137748878306073
24 256 -0.5027109404058552
24 259 -0.7676348631032059
24 262 -0.5863804846369141
24 265 0.7374682094803029
24 268 -0.28749704845414925
24 271 -0.18982482403339884
24 274 -0.045057225531486056
25 26 0.1341555314849454
25 28 -0.4661941563513716
25 181 0.016455267822776953
25 184 -0.05348842810484089
25 187 0.9696642691449917
25 190 0.3697636551740999
25 193 -0.9630203406277738
25 196 -0.20077454931984984
25 163 -0.03660643674089892
25 166 0.3480692229066966
26 27 0.3209695958884913
26 29 0.7402342687224637
26 217 -0.9366749027315227
26 220 0.06661018611193303
26 223 -0.42285860866629643
26 226 0.30682548947468224
26 229 -0.18690571291725644
26 232 0.0974150737481132
26 199 -0.9592839360676846
26 202 0.8813964921936619
27 30 -0.9639451415965419
27 253 0.8743400035708506
27 256 0.17249516481321003
27 259 -0.8897840558323353
27 262 0.5732004416923593
27 265 -0.7410496154116719
27 268 -0.7039804856953025
27 235 -0.990220833542355
27 238 -0.9971337760733177
28 29 -0.718702758664129
28 181 -0.9639652734375679
28 184 0.9863384908129949
28 187 0.9037702999474253
28 190 -0.23981231575378992
28 193 -0.7530769203668723
28 196 0.613612012866553
28 163 -0.832735831079723
28 166 0.6232228561682454
29 30 0.7906898441599557
29 217 -0.776092452367172
29 220 -0.6409129948035217
29 223 -0.5519910016805485
29 226 -0.11405832858712905
29 229 0.7156476488403891
29 232 -0.8029229839440302
29 199 0.549130213131158
29 202 0.41331596007120397
30 253 -0.06915232932952176
30 256 -0.02548901250780422
30 259 -0.18390171089165608
30 262 0.29586997754776334
30 265 0.6307937547404912
30 268 0.8223074584156447
30 235 -0.4231894881492164
30 238 0.9248324543704916
31 32 0.46626604829859875
31 34 -0.19686727348080835
31 181 -0.13720059209534785
31 184 -0.538348002806023
31 187 0.6399894222260836
31 190 -0.35894729819540916
31 193 -0.19826107706999707
31 196 -0.009010395090152112
31 163 0.24815355603307232
31 166 -0.37664262109876834
31 169 0.4941291629096862
31 172 0.9267553889972697
31 175 0.4378014516144966
31 178 0.2580069051383367
32 33 -0.5947214470089985
32 35 0.9032052670369077
32 217 0.5628181267076855
32 220 0.6907075002992495
32 223 0.9485613681732785
32 226 -0.4910173532399893
32 229 -0.05457803652390725
32 232 -0.2121259654534402
32 199 -0.9104791803914174
32 202 -0.4408212520004464
32 205 0.4177369150978949
32 208 0.3988987412209326
32 211 0.12453111302462205
32 214 0.07757108593006024
33 36 0.05274437896258388
33 253 -0.45337181754580547
33 256 0.5476044784961085
33 259 0.7414783626016728
33 262 0.960296101336678
33 265 0.024792099603162088
33 268 0.9166400926312626
33 235 -0.8162891432436514
33 238 -0.8258634106511538
33 241 -0.6765215453725719
33 244 0.4718886241125242
33 247 0.7858613925679063
33 250 0.8917978807195943
34 35 0.8163004444915134
34 181 -0.1348053869380057
34 184 -0.7556379799009318
34 187 -0.03761221319087382
34 190 0.42795809006616015
34 193 0.10689793891596944
34 196 -0.3735637335984976
34 163 0.46050260303311563
34 166 0.13679574326300914
34 169 -0.7286694215643208
34 172 -0.24038801971903645
34 175 0.3433261224264421
34 178 -0.8665728896747911
35 36 0.6526512136808329
35 217 -0.164760321227569
35 220 -0.013825772607629627
35 223 0.8237945088241359
35 226 0.6836678251212223
35 229 0.7936582971212465
35 232 0.44330873290907746
35 199 -0.2943777199876325
35 202 -0.14177034366218422
35 205 -0.04566863603043081
35 208 0.11572019566749248
35 211 -0.567838383927364
35 214 -0.2161084533790809
36 253 -0.5379552928939366
36 256 -0.5130203048630169
36 259 0.9736226699825983
36 262 -0.009716027333853017
36 265 0.711163616572843
36 268 0.32923683346781174
36 235 -0.9696565724857351
36 238 -0.24527421264656524
36 241 0.07478984598263216
36 244 -0.11310391433207645
36 247 0.38435773821525965
36 250 -0.631435913355995
37 38 -0.09060152498958551
37 40 0.846185304277947
37 181 -0.802357391005025
37 184 0.14955976964932138
37 151 -0.18402361464748007
37 154 0.7924529371017623
37 157 -0.0745454784001629
37 160 0.1228840028514735
37 163 -0.5333509863814407
37 166 0.040897210037308396
37 169 -0.6099505652610702
37 172 0.7591008569816131
37 175 0.3235629226542327
37 178 -0.8344833275502777
38 39 0.5281343005255428
38 41 0.362908153563265
38 217 -0.6463177253004748
38 220 0.6242565423985347
38 187 0.12290726400971441
38 190 0.7016458943618786
38 193 -0.38262865579024297
38 196 0.4899570407592946
38 199 -0.264140439129825
38 202 0.7423525252205698
38 205 -0.04092610858740198
38 208 -0.29582375140478856
38 211 0.29887944305196945
38 214 0.669498716118057
39 42 0.23196950590866328
39 253 0.5440161906416521
39 256 0.88106387040423
39 223 -0.6444232085344803
39 226 0.31709966019591107
39 229 0.9857348070546974
39 232 0.45073742367701697
39 235 -0.38490932234772957
39 238 -0.7352800421165675
39 241 -0.6142686609644794
39 244 -0.36328259476712477
39 247 -0.4083122765030567
39 250 -0.18098222698774924
40 41 0.43302560065430984
40 181 -0.46211072521830965
40 184 0.6605230526657233
40 151 -0.1489710305038785
40 154 0.018389234721845504
40 157 -0.14666355922773633
40 160 0.7298967883596783
40 163 -0.4318625508703977
40 166 0.30610523145131463
40 169 -0.4664378955078854
40 172 0.21471120581723135
40 175 -0.7978569796380686
40 178 -0.2318393100466205
41 42 0.3739254955357043
41 217 0.5905403517011358
41 220 0.6469063280383773
41 187 -0.18186835958964176
41 190 0.29402452365200626
41 193 -0.7242916447588443
41 196 0.12557948569114186
41 199 0.3673966544018499
41 202 -0.09944093105784524
41 205 -0.2475539422738089
41 208 -0.8097290848253105
41 211 0.1922405876847182
41 214 0.5481702384550693
42 253 -0.435149381695348
42 256 -0.5913955883405433
42 223 -0.680588906700814
42 226 0.22789084178818575
42 229 0.3629401671403978
42 232 0.6277273310292868
42 235 0.49455770127411935
42 238 0.4246683010285013
42 241 0.42912252419950536
42 244 -0.16094306650153856
42 247 0.3373498457257693
42 250 0.08532476004549072
43 44 0.6300211093405534
43 46 -0.6908897829945937
43 181 -0.7554557455800961
43 184 -0.6505525421213596
43 151 0.6537755918090478
43 154 -0.16436229641310662
43 158 0.19184759805404372
43 161 0.008583678875610623
43 164 0.8099042636110003
43 167 -0.9082263248588538
43 169 -0.9043646510768284
43 172 0.5191678057653937
43 175 -0.37817790658871053
43 178 0.6638692162898836
44 45 -0.03827031258302527
44 47 0.255863978945605
44 217 0.46550338048086126
44 220 -0.7882422452000895
44 187 0.11351246258839764
44 190 -0.08927928452838052
44 194 -0.4548525803434973
44 197 -0.24007077535963472
44 200 0.10247518609087836
44 203 -0.43079136322423617
44 205 -0.514598724768264
44 208 -0.8471491639848099
44 211 -0.9419647764249757
44 214 0.900109096630415
45 48 0.6488512861004443
45 253 0.06258720448401012
45 256 0.3851778977527551
45 223 -0.6884910567754874
45 226 -0.11673985354312277
45 230 0.32762329966161885
45 233 -0.3650372174092327
45 236 0.5183861747352774
45 239 0.4954698243314384
45 241 0.4018440859069923
45 244 -0.49496426117815373
45 247 -0.6622484503937225
45 250 0.6510437963413087
46 47 -0.11275411342723496
46 181 0.22935006509615907
46 184 -0.11173953435088912
46 151 -0.20733178028371513
46 154 0.9982496988894032
46 158 0.1528648172333984
46 161 0.9186072634814764
46 164 0.027305557912449485
46 167 0.10410173544774137
46 169 -0.7433941299663429
46 172 0.7366981024052319
46 175 0.9135353701280522
46 178 0.751283598231197
47 48 0.49656581883443796
47 217 -0.7692117361599753
47 220 -0.8442788402616572
47 187 0.8365455253803515
47 190 -0.8398543098673399
47 194 -0.9080524423239262
47 197 -0.5678837988803749
47 200 -0.7420026892852614
47 203 -0.8241902246324309
47 205 0.2712504812747616
47 208 -0.6508416993780508
47 211 -0.21224796135743418
47 214 0.7866363010760775
48 253 -0.12970035146006453
48 256 -0.6461754244195259
48 223 -0.1444782122170576
48 226 -0.6630862396602779
48 230 -0.4987506880861765
48 233 0.7956930663857407
48 236 0.8221076704290968
48 239 -0.8575625075964401
48 241 -0.30493633056567404
48 244 0.00201966308663426
48 247 -0.8191955046292216
48 250 -0.5180794860228852
49 50 -0.527728802373572
49 52 -0.19041505429869932
49 181 -0.32429314192435377
49 184 -0.9045906559849572
49 187 -0.1305050305885902
49 190 0.637132638986728
49 194 0.04764704083707927
49 197 0.5655090301493804
49 200 0.9364116958886606
49 203 0.18439290674444053
49 205 0.8103496031256308
49 208 0.0880744307702852
49 175 -0.6893700680759363
49 178 0.6201691046388151
50 51 0.2503053241961961
50 53 -0.8842538693305908
50 217 0.1947970282779079
50 220 -0.38837957115187094
50 223 -0.7617568691642675
50 226 0.6358541976595324
50 230 0.7132789249707794
50 233 0.14888153814312388
50 236 -0.15848275888350605
50 239 0.6989973849733007
50 241 0.7373568771919254
50 244 0.6245359264948995
50 211 -0.3117044015339374
50 214 0.22982920965308096
51 54 0.9972647510996913
51 253 -0.9590421259860411
51 256 0.06936834199711184
51 259 0.48753440035436424
51 262 -0.5109986559878577
51 266 -0.45087663994769955
51 269 -0.0005319236775787051
51 272 -0.22915027350358663
51 275 -0.0672949865941388
51 277 -0.521528438754036
51 280 0.9757213652068848
51 247 -0.5244491939562732
51 250 0.510544705788148
52 53 -0.24803856149353076
52 181 -0.41430963883586824
52 184 -0.5906842460110324
52 187 -0.9468303531391757
52 190 -0.13021517579465058
52 194 -0.9906167305865845
52 197 -0.143699001172916
52 200 0.545958506762245
52 203 0.7988841941841605
52 205 -0.9737033010459017
52 208 -0.4507610495831509
52 175 -0.3725164658181732
52 178 -0.08745814329346713
53 54 -0.8626526797809031
53 217 0.02038271541845882
53 220 0.5538408688415561
53 223 0.7183374370329523
53 226 0.3661526931084498
53 230 0.03875427923626251
53 233 -0.8493321799977187
53 236 0.5889146717928211
53 239 -0.8252070401878817
53 241 -0.9652790088175243
53 244 -0.5537085045503611
53 211 -0.22393136190801544
53 214 -0.4784083010922946
54 253 -0.020754381607398953
54 256 -0.44673341078305673
54 259 0.9993658378386712
54 262 0.8067739403035221
54 266 0.44394630726530315
54 269 0.40340905911294
54 272 -0.9338719994064544
54 275 -0.07158789787375719
54 277 -0.8858984499462184
54 280 0.5954369257274743
54 247 0.36625151289552993
54 250 -0.5738231506353721
55 56 -0.06229291864743636
55 58 -0.22269244914113728
55 182 0.9273598704924564
55 185 -0.36079792399554367
55 188 0.6359380815784228
55 191 -0.4206466903872572
55 194 0.46359034125862597
55 197 0.24283875597249205
55 200 0.5110188084689953
55 203 0.8270414066252787
55 205 0.7927171064258882
55 208 0.27149851046138074
55 175 -0.4498658887501745
55 178 0.8679132529712266
56 57 0.7254142108474948
56 59 0.02439268384650628
56 218 -0.5003335289525768
56 221 0.7185509387738775
56 224 -0.5216401317412918
56 227 0.023939054647402536
56 230 -0.2105296171137656
56 233 0.5064451268913217
56 236 0.04467616402705743
56 239 0.36000447071449493
56 241 0.49432387008176826
56 244 -0.609660021539217
56 211 0.10732450905758739
56 214 0.4905752629219293
57 60 0.4699408823156528
57 254 0.8783735541259998
57 257 -0.9272379223476066
57 260 -0.16679373782373186
57 263 0.6223090327320073
57 266 0.7802866536756077
57 269 -0.2974778526175659
57 272 0.22160913358829948
57 275 0.14339712139940275
57 277 -0.583302765734522
57 280 -0.7874774410954679
57 247 0.17976609970333857
57 250 0.452121300638338
58 59 -0.8030226382547683
58 182 -0.4474577634632715
58 185 0.5556954379426331
58 188 0.6511605482345579
58 191 -0.9906442351121707
58 194 0.6905109842178532
58 197 -0.8157099006817912
58 200 0.8055787715930129
58 203 0.6592470906664538
58 205 -0.18262671807518704
58 208 -0.1556661196761462
58 175 0.6868018425312481
58 178 -0.6781758732878027
59 60 -0.9748756958075011
59 218 -0.6310803496843103
59 221 -0.09723474687816247
59 224 -0.3123477030012094
59 227 -0.23872286510507323
59 230 -0.4365267582632193
59 233 -0.8082763254387748
59 236 0.07537700260680413
59 239 0.36140817299741923
59 241 0.9339966152295271
59 244 0.877094814576947
59 211 0.08484238832584867
59 214 0.4094533938473133
60 254 -0.5962056864822665
60 257 -0.6787168792376663
60 260 0.4574200892454243
60 263 0.5513483505917287
60 266 0.13410272993075179
60 269 0.033911603541433744
60 272 0.29469463130347395
60 275 0.9821753070505399
60 277 -0.23529036145424875
60 280 0.5807706271490582
60 247 0.04721194298564635
60 250 0.9771863992984813
61 62 0.8295761909620547
61 64 0.5013354771761853
61 182 -0.49798170362674643
61 185 -0.306306371008068
61 188 0.457171000262947
61 191 0.47749097602380797
61 194 0.034493875235996896
61 197 -0.3620251134061401
61 164 -0.2233801200783101
61 167 0.2956034695927581
61 169 0.48026343342861577
61 172 -0.261306568970157
61 175 -0.3293048739421809
61 178 -0.491180380367888
62 63 0.005711067927700375
62 65 -0.614310224135932
62 218 -0.7654054702927691
62 221 -0.7037158808247115
62 224 -0.2526843242423258
62 227 0.8320683615911588
62 230 0.3534935158237773
62 233 -0.9101467410741408
62 200 -0.28835802376121156
62 203 -0.9773478657113774
62 205 0.08477005997952447
62 208 -0.5658877180159971
62 211 -0.14028475121404993
62 214 0.3632362471926136
63 66 -0.08038478477326017
63 254 0.3496523081208285
63 257 -0.20026132647964978
63 260 -0.15966533333215893
63 263 -0.06159400651255753
63 266 0.9960082291322796
63 269 -0.43130984130843286
63 236 0.9620241932097928
63 239 0.7602806516746472
63 241 0.9558094866123554
63 244 0.4215332839845751
63 247 0.3615978412301255
63 250 -0.4174432622564146
64 65 -0.720973458372298
64 182 -0.9781131061981303
64 185 -0.7916218858941253
64 188 0.0892575708867629
64 191 -0.9090841373462544
64 194 -0.9452172787274198
64 197 0.9201797584940141
64 164 0.9872157274327706
64 167 -0.9021215650798216
64 169 -0.4785556033179428
64 172 -0.37164151977648574
64 175 -0.9663394231494973
64 178 -0.467231208921733
65 66 0.47805781616599874
65 218 -0.6344661156342448
65 221 0.6466399743337159
65 224 -0.9647970420042664
65 227 0.1631356027312434
65 230 -0.16023897658516217
65 233 0.16386215935222737
65 200 -0.16753949422090564
65 203 -0.8880987165679246
65 205 -0.6525765629399012
65 208 -0.16181138727377875
65 211 -0.4808272343396649
65 214 0.8040061907716605
66 254 -0.1452774747627379
66 257 0.2671813343540457
66 260 0.18295836207161975
66 263 -0.39478277726130817
66 266 0.4135237558625178
66 269 0.26548581963650175
66 236 -0.49554348443872964
66 239 -0.5551670948382881
66 241 -0.7851004850550494
66 244 0.1446112134866353
66 247 -0.6568832762401662
66 250 -0.6379582805799937
67 68 -0.37404925206023076
67 70 0.36796966128297126
67 182 0.675964941261826
67 185 0.1817533011364072
67 188 0.3252739960699489
67 191 -0.10723481983738647
67 194 -0.3400426852182019
67 197 -0.356863879205354
67 164 -0.806576107770427
67 167 -0.8956078670535423
67 170 -0.8453786347494809
67 173 -0.1662789102222213
67 176 0.19651058023148282
67 179 0.4201440459027854
68 69 0.029126595278833323
68 71 -0.8315738419241121
68 218 0.18874819802597265
68 221 0.008391484639313829
68 224 -0.9378740881977596
68 227 -0.7138181905021794
68 230 0.241895970927829
68 233 -0.22678651451534626
68 200 -0.5760679915593845
68 203 0.9186390811144041
68 206 -0.2884734564005367
68 209 -0.4876362307752382
68 212 -0.9500136576851341
68 215 0.34608639786821427
69 72 0.20603560739984772
69 254 -0.04529298853296604
69 257 -0.7798039467913822
69 260 0.40637634021187585
69 263 0.08495306989103701
69 266 -0.8164336147444113
69 269 -0.12720028109994064
69 236 -0.6714747219821826
69 239 -0.2615462668753903
69 242 -0.38476465317417086
69 245 -0.1889205348337757
69 248 0.47390926951137446
69 251 0.14786859885068093
70 71 -0.8828894194788652
70 182 -0.9194533391948074
70 185 0.09120764667618331
70 188 0.6372553896025428
70 191 -0.7701208518562577
70 194 -0.16474135574087745
70 197 -0.46465164881036425
70 164 -0.4146978189167203
70 167 0.5431226603460582
70 170 0.996337610630107
70 173 -0.3480408137395399
70 176 0.5953299119813669
70 179 0.8536420958967901
71 72 -0.2992274121359404
71 218 0.7484289932350319
71 221 -0.3798935143609401
71 224 0.3548960418231122
71 227 -0.7679699282730721
71 230 0.11362358528065841
71 233 0.3945325936634516
71 200 0.7411879161973618
71 203 -0.19167309386504683
71 206 0.29158903783837875
71 209 0.9925571126010104
71 212 0.6128059930706626
71 215 -0.6412351261554039
72 254 -0.487534174377098
72 257 -0.76426145722716
72 260 0.6352072047484267
72 263 -0.9216641320004417
72 266 0.13368224672280138
72 269 0.5794653242467898
72 236 0.9293524105248487
72 239 0.034415240396768576
72 242 0.7400557544705126
72 245 0.30231327798750196
72 248 -0.8854786316388323
72 251 0.4054870226376799
73 74 0.5719333998772762
73 76 -0.59270954040087
73 182 0.9121288176569449
73 185 -0.6992352963556252
73 152 0.015105820357067978
73 155 0.6834026647191676
73 158 0.7895862619846359
73 161 -0.38575696619945643
73 164 -0.007251752702540859
73 167 -0.5873894230472443
73 170 -0.9056597134675051
73 173 -0.26890125111491314
73 176 -0.7185811855530033
73 179 -0.8350962533406872
74 75 -0.2643328600019048
74 77 0.2514308761328168
74 218 0.22205254455784185
74 221 -0.6829689211510415
74 188 -0.17321493774774321
74 191 0.043185859468547694
74 194 -0.5864944235577145
74 197 0.9127199135993684
74 200 0.6663008126007721
74 203 0.31888197329026413
74 206 0.47979790573232717
74 209 -0.9085884889848375
74 212 -0.5625912543074325
74 215 -0.6450495683941555
75 78 -0.017215141862497285
75 254 -0.5392663022681929
75 257 0.0013416692589021117
75 224 0.4489725148210011
75 227 -0.12482523815327218
75 230 0.19153385030766823
75 233 0.3344356835045257
75 236 0.261765859413017
75 239 -0.5374888675606766
75 242 -0.04498313818204669
75 245 0.08931291170528777
75 248 0.11282265125996638
75 251 -0.5904998872778746
76 77 0.8151022115397915
76 182 0.08061019363198763
76 185 -0.04301510946768339
76 152 -0.4743226686793043
76 155 0.5039366443177573
76 158 -0.48174207248088785
76 161 0.05518143701128109
76 164 0.09252682848325833
76 167 -0.9494398576719336
76 170 0.473577644192654
76 173 0.7193447294700226
76 176 -0.8257648830409308
76 179 -0.6318464722970927
77 78 -0.9852916491624477
77 218 -0.5408779104262169
77 221 0.14321658520933012
77 188 -0.9006779407122196
77 191 -0.0541189747400217
77 194 -0.22227558605105502
77 197 0.17843922559811176
77 200 -0.2172027235970757
77 203 0.5252478255168309
77 206 -0.6700408294623443
77 209 -0.024201038460528457
77 212 0.07620572646898616
77 215 0.2186950358900266
78 254 -0.5612788930243835
78 257 -0.3697066923111587
78 224 0.9657800515235935
78 227 -0.9523267407351446
78 230 0.4109841267318539
78 233 -0.5040764370507862
78 236 0.19996680695519298
78 239 -0.30254054281175535
78 242 -0.40267799055148035
78 245 0.6903810047658754
78 248 -0.14977345415124876
78 251 -0.8309964402080319
79 80 -0.2695644776193178
79 82 0.12848018257053284
79 182 -0.43331707975646583
79 185 0.2096067090386704
79 152 -0.5628686410482533
79 155 -0.21431610645614185
79 159 -0.04867855172675384
79 162 -0.7159263525348738
79 165 0.17564787503223456
79 168 -0.07776021447281689
79 170 -0.5248851165230293
79 173 -0.2261265756683437
79 176 -0.3529254838201692
79 179 0.015858386394184354
80 81 -0.9398869503201956
80 83 -0.6736376096402337
80 218 -0.27579671168131914
80 221 0.659058840892994
80 188 0.5625642148854373
80 191 0.7238622258705278
80 195 -0.3141684178532991
80 198 -0.33910052891380316
80 201 0.08539415754203605
80 204 -0.48003437718223885
80 206 -0.8765720328586426
80 209 0.9871137983465323
80 212 0.5370171511592212
80 215 -0.8980709648694931
81 84 -0.11895278409228904
81 254 -0.7051161606963217
81 257 -0.6311724500017744
81 224 0.4034986034892698
81 227 0.5202220736962215
81 231 0.10752769885114977
81 234 0.8583948203507556
81 237 -0.23440043664733023
81 240 -0.4147070742324568
81 242 -0.9343591124188644
81 245 0.17285384246318958
81 248 -0.6019824023410159
81 251 0.6869430355502553
82 83 0.7486354962870301
82 182 0.4596402596216671
82 185 -0.21519931515531154
82 152 0.2682025067867877
82 155 -0.2569142474773658
82 159 0.4393913466496464
82 162 -0.06669792260394858
82 165 0.7173362775454712
82 168 -0.8230333834100729
82 170 0.5544992373994062
82 173 0.9402611225985062
82 176 -0.6892177559250081
82 179 -0.39683760820303204
83 84 0.16059435182043647
83 218 -0.04778702355662312
83 221 -0.07360342294485234
83 188 0.2209114831434822
83 191 -0.35998348141128234
83 195 -0.8232190360767313
83 198 0.37366079463443214
83 201 -0.6722666774632919
83 204 0.11647398066432402
83 206 0.5330582774447346
83 209 0.2828050846262502
83 212 -0.8462123610094359
83 215 0.9958768117362673
84 254 0.8422198502399387
84 257 -0.11756864830827296
84 224 0.2622594574306285
84 227 0.7590228165020418
84 231 0.7817557912611919
84 234 0.753144786255493
84 237 -0.3693546707384514
84 240 -0.9520779724382349
84 242 -0.19849641445966126
84 245 0.6966146134627753
84 248 0.8128398276804103
84 251 0.24150707881743183
85 86 0.09000115020692712
85 88 0.948404993536921
85 182 0.9791877240236284
85 185 0.954838838101659
85 188 0.8995977450589687
85 191 0.4315999409761815
85 195 -0.4651404084642248
85 198 -0.41421750799986423
85 201 0.05785211963719661
85 204 -0.5509376575445135
85 206 -0.8476099845245499
85 209 0.48964756541023013
85 176 -0.9134042860366378
85 179 0.3021373848794948
86 87 -0.699157192386447
86 89 -0.7043455021821192
86 218 0.1580892224280288
86 221 -0.7675044938695919
86 224 -0.5294599648483533
86 227 -0.8236815298662725
86 231 -0.0570030697598678
86 234 0.5700998325093662
86 237 0.15127843161933208
86 240 0.3646080887247585
86 242 0.9196262300881319
86 245 -0.9342492608767836
86 212 0.9323459305118273
86 215 -0.7192332523672689
87 90 0.9133666787500156
87 254 0.18197582295477788
87 257 0.5653631425758752
87 260 0.12084695723766803
87 263 0.6435140030639392
87 267 0.11266991662866177
87 270 0.3814033446612266
87 273 -0.8094325246446199
87 276 -0.7065984974074426
87 278 -0.19692721614602782
87 281 -0.08699292324595032
87 248 0.244279316680311
87 251 0.017615514855561898
88 89 0.30807033643084347
88 182 -0.7111902701470021
88 185 0.3987259346485381
88 188 -0.1603902290145378
88 191 -0.8259036164784332
88 195 -0.30471347954063654
88 198 0.44339800464880397
88 201 0.8150321555962221
88 204 -0.45641202374150813
88 206 0.6441556073531887
88 209 -0.9526031843560105
88 176 0.14593103599393253
88 179 0.2355114834414871
89 90 0.08767613436752097
89 218 0.32811481504856355
89 221 0.9709082850019484
89 224 -0.06974094096656969
89 227 0.6489683487711166
89 231 0.3114682916176794
89 234 0.8635509223714972
89 237 0.30398636143985924
89 240 -0.4853283986787764
89 242 -0.9346803460062765
89 245 0.43405287569821804
89 212 0.8865182477521676
89 215 -0.4198332270625309
90 254 0.69987885212909
90 257 -0.8115224510939332
90 260 -0.650411020172559
90 263 0.749066997609952
90 267 0.5990266337763179
90 270 0.13972143521104474
90 273 -0.7638639401304603
90 276 0.8461682165731135
90 278 -0.6615408315303521
90 281 -0.8674211450295173
90 248 0.4717956013620803
90 251 0.29547816298259866
91 92 0.5082075409530884
91 94 -0.4525981577601179
91 183 -0.2888801882963796
91 186 -0.25621156253050903
91 189 0.6049375562993216
91 192 0.47579465535185994
91 195 0.8744883735685729
91 198 0.9996284225480536
91 201 -0.8849529796167581
91 204 -0.29129400520120297
91 206 -0.9787362805411848
91 209 0.16575468987876119
91 176 0.15203709776329677
91 179 0.6933593309685664
92 93 0.45780383554268766
92 95 -0.9057535457611174
92 219 0.09892898430515995
92 222 -0.7231655723482864
92 225 0.5973965487842796
92 228 -0.496089937759578
92 231 -0.05933610292636238
92 234 0.8632422748227799
92 237 -0.3991610780627921
92 240 -0.4127752627326571
92 242 -0.5931311561421975
92 245 0.10393848911820025
92 212 -0.27906640367045066
92 215 -0.3054276514063672
93 96 -0.08495707920636719
93 255 -0.8189316619387474
93 258 -0.0993913593101241
93 261 -0.4913577167422978
93 264 -0.37746930053871375
93 267 -0.1968300429497558
93 270 0.8680854081795673
93 273 -0.32136925329337696
93 276 0.3417981097389726
93 278 -0.6416883138291942
93 281 0.5063747793489233
93 248 -0.577908916350337
93 251 -0.4746895195681444
94 95 -0.24346310315849995
94 183 0.07577966685331727
94 186 -0.34578700721878497
94 189 0.4389913793019027
94 192 -0.13223030843587047
94 195 -0.04460534368597702
94 198 0.8105953885540531
94 201 0.675392340218371
94 204 -0.3913697047980864
94 206 -0.7778710601776317
94 209 -0.8398795094834228
94 176 0.8599279348133353
94 179 -0.6633435395695741
95 96 -0.1483494823656646
95 219 -0.5361159428077491
95 222 -0.9859573867850024
95 225 0.3843456172110631
95 228 -0.8002771178940968
95 231 -0.781792804748362
95 234 -0.5770769473520978
95 237 0.028341394500380312
95 240 -0.5274633224923388
95 242 -0.22733019180169678
95 245 0.6776523734774911
95 212 0.11438553164565657
95 215 -0.5335383443850117
96 255 0.716264455351795
96 258 -0.9608561165050018
96 261 -0.43765532438321775
96 264 0.9264476605884768
96 267 0.9139046172385505
96 270 -0.5158118680344421
96 273 0.6127913236214653
96 276 0.14219706829917556
96 278 0.5753961374831658
96 281 -0.3400708759198672
96 248 -0.03662435760976823
96 251 -0.6942045402487549
97 98 -0.5173480441189451
97 100 -0.19847839459080818
97 183 0.5422287804886821
97 186 0.8970405511591857
97 189 0.14548012657421205
97 192 0.058814192386880126
97 195 -0.25603871387421684
97 198 0.6253796608943611
97 165 -0.15131283706765242
97 168 -0.5438427222672699
97 170 0.805169185921708
97 173 -0.8861120402498199
97 176 0.9304477014686137
97 179 0.9047839762137502
98 99 0.6754876734080182
98 101 0.05528622422907126
98 219 -0.8292282790211212
98 222 -0.2084938158084768
98 225 0.055318743947678994
98 228 0.9892752806911009
98 231 0.7111578795750246
98 234 0.39778448600835414
98 201 0.9886077302999188
98 204 -0.5716312516619395
98 206 -0.5020203245390653
98 209 -0.18668708333158102
98 212 0.3777356788109505
98 215 -0.9410315022615456
99 102 -0.09469372134032294
99 255 -0.34004818124840797
99 258 0.11051859388698682
99 261 -0.8549236877269475
99 264 -0.13055018578173305
99 267 -0.2966093713362741
99 270 0.004397699153082746
99 237 -0.6233940348432894
99 240 0.0098460504965725
99 242 0.26012127503211446
99 245 -0.033871830387912194
99 248 -0.3291366693804243
99 251 0.14495680241131992
100 101 -0.9935788719636667
100 183 0.6897863468611045
100 186 -0.7011563947909343
100 189 0.13840631945790371
100 192 -0.561188965553558
100 195 0.6062123536814148
100 198 -0.19031755893053393
100 165 -0.9953642976794672
100 168 -0.9176378289024516
100 170 -0.47643004967125235
100 173 0.4824013066423676
100 176 0.2788656065907542
100 179 -0.4502649158641965
101 102 0.3445464905507991
101 219 0.7124767174729585
101 222 -0.08834973894245812
101 225 0.12638256889172905
101 228 -0.5026016856918136
101 231 0.07605754020700983
101 234 0.7227248620339737
101 201 0.519310035651539
101 204 -0.7787810223974925
101 206 0.34996676225957546
101 209 0.5370293821716863
101 212 0.6467615854108413
101 215 -0.732755457257485
102 255 -0.8563218089538505
102 258 -0.9131160765526123
102 261 0.40276385326364506
102 264 -0.00703141742721769
102 267 0.03566353197231931
102 270 0.11439406362677684
102 237 -0.3666089767913132
102 240 0.07079259635139401
102 242 0.9445232726954991
102 245 -0.28359633411654217
102 248 -0.4113321302478157
102 251 0.5392954988690493
103 104 -0.7794788641885237
103 106 -0.750682447230945
103 183 0.5125713019493798
103 186 -0.5173805331348069
103 189 -0.7110692085492338
103 192 -0.5971746946786942
103 195 0.4975120972279843
103 198 -0.5214054784376283
103 165 -0.14600228169694884
103 168 -0.3023729084986013
103 171 -0.7742161466973221
103 174 0.7135500989276844
103 177 0.8054905586371968
103 180 0.06367044418440226
104 105 0.6589563842084225
104 107 -0.1564600576330053
104 219 0.047751398596481254
104 222 0.5721863289743241
104 225 -0.5945971190108572
104 228 -0.7219913280958303
104 231 0.8654818287202082
104 234 -0.4062539007537971
104 201 0.7489309515187954
104 204 -0.6003226818613918
104 207 0.013554126868907002
104 210 0.6633035018055098
104 213 -0.9048147515646416
104 216 -0.4378019543848293
105 108 0.2968199895183843
105 255 0.26169944100719356
105 258 0.9154143961224874
105 261 0.5704003560766591
105 264 0.9506152816504052
105 267 -0.5651446570536582
105 270 0.35620567579826656
105 237 0.2545320927143908
105 240 -0.09970360892920271
105 243 -0.7362444203411516
105 246 0.8537505058607846
105 249 0.7683965354411371
105 252 0.3430579907764233
106 107 0.7023942009570812
106 183 -0.8807863244543501
106 186 0.41154365804531
106 189 0.9477498127224881
106 192 0.251664275849971
106 195 0.2337090851070105
106 198 -0.5627137886478364
106 165 0.9948654571899094
106 168 -0.5620565270756965
106 171 -0.47691779412236124
106 174 -0.8461134012572029
106 177 -0.30765235774662636
106 180 -0.841378493575081
107 108 -0.5487193158502941
107 219 0.5280890086632191
107 222 0.6433853626751382
107 225 -0.9860337860406305
107 228 0.2533675796605759
107 231 0.29644617709579446
107 234 -0.19660221589165494
107 201 0.2786093424477043
107 204 0.4969920849472691
107 207 -0.9568100544579925
107 210 0.19534541460285992
107 213 0.6276410576476303
107 216 0.001783800078771991
108 255 -0.30466086572436146
108 258 0.6382206738097498
108 261 0.04214749497502024
108 264 0.9523658617941184
108 267 0.24368989576719957
108 270 -0.5026687323727772
108 237 -0.028105386985761704
108 240 -0.794431226224479
108 243 -0.19191566373659974
108 246 0.7421604333733449
108 249 0.6017635366301162
108 252 -0.5500110307735313
109 110 0.5744395214161742
109 112 -0.8445160663647144
109 183 -0.24994963876991627
109 186 0.9968741697187884
109 153 0.28696945859188094
109 156 0.588410032385728
109 159 0.45555173053664944
109 162 0.14939240397376974
109 165 0.5967845129217759
109 168 -0.9601723445648729
109 171 0.7058409180518528
109 174 0.03606006908328485
109 177 0.02134157839842188
109 180 -0.3889310640433348
110 111 -0.11945283687617492
110 113 0.13210307933693288
110 219 -0.6527484345315626
110 222 0.5516795601834183
110 189 -0.897807938919472
110 192 -0.5927945515588757
110 195 -0.9530727141099877
110 198 -0.9249944926674727
110 201 -0.6881293090190863
110 204 0.5204455722210877
110 207 -0.22200943425403974
110 210 -0.7112732563906281
110 213 -0.616981058425494
110 216 0.3843195248947442
111 114 -0.6672283071061693
111 255 -0.026714630656191174
111 258 -0.47853805266062244
111 225 -0.4850909038180806
111 228 0.9307718172459856
111 231 -0.15689756574487035
111 234 0.9905024375446567
111 237 0.541346223725119
111 240 0.9990224457874497
111 243 -0.012896715733218045
111 246 -0.6062538745235757
111 249 0.9714184838820599
111 252 -0.4042709333078225
112 113 0.6923703192648696
112 183 0.8732871913250468
112 186 0.7889088666747148
112 153 -0.4340846338975335
112 156 -0.8992255969753424
112 159 0.055623399781016936
112 162 -0.8278692086552117
112 165 -0.12927788205098079
112 168 0.4320932365977612
112 171 -0.6887085134093462
112 174 0.7628831232689208
112 177 -0.4824811707916419
112 180 -0.7685831506904308
113 114 -0.17327594107897593
113 219 0.21887456208255762
113 222 -0.7993447380626855
113 189 0.055790206606315174
113 192 -0.661035652767596
113 195 -0.4451082800585642
113 198 -0.999184992705658
113 201 -0.06287184008782831
113 204 -0.527564962726399
113 207 -0.5488298017379656
113 210 0.3742660735870016
113 213 -0.3899159227318034
113 216 -0.7819110177717914
114 255 -0.25149066798818187
114 258 -0.8920946882075962
114 225 -0.8078922409077425
114 228 -0.002431916753678376
114 231 0.3804579868597282
114 234 -0.7423817686404515
114 237 0.5535995051210871
114 240 -0.7351877815115648
114 243 0.5632030448896927
114 246 -0.4580750551134867
114 249 -0.4382338489595823
114 252 -0.25588930724998016
115 116 -0.4902595667642604
115 118 -0.9345754473461461
115 183 0.18040130769745577
115 186 -0.5151743593408871
115 153 0.6768600248155152
115 156 0.3504205989183855
115 171 0.19309561454839197
115 174 -0.19082136625270452
115 177 0.5274604143267625
115 180 0.3062498792247115
116 117 0.5190429311399496
116 119 0.8183021399802395
116 219 -0.7617222281575826
116 222 -0.007993471036860322
116 189 0.6888630619331158
116 192 -0.601313069578153
116 207 -0.1328401636408718
116 210 0.09750254962880689
116 213 -0.7931158625946806
116 216 -0.3683802168139174
117 120 -0.06579715651662887
117 255 -0.4109506918260972
117 258 -0.6185046205582105
117 225 -0.8892729247150886
117 228 0.06265506819322852
117 243 0.014451611496776096
117 246 0.9951592940028358
117 249 0.2627612620589139
117 252 0.7091467043534754
118 119 -0.30681041544890686
118 183 -0.6220352026831781
118 186 0.8052330240248551
118 153 0.7256586555143201
118 156 0.4080361922715219
118 171 -0.2384349488154971
118 174 0.6659801806755086
118 177 -0.5401568849559364
118 180 0.6438739592263183
119 120 0.13965691478489095
119 219 0.2465738860087947
119 222 0.13474845214673148
119 189 -0.8503598007045732
119 192 0.9216768489543536
119 207 -0.5220500786247093
119 210 0.7344537197079419
119 213 -0.691032686772366
119 216 -0.17629240365261567
120 255 0.8659175220193853
120 258 0.6355817455051054
120 225 0.35338171789467054
120 228 0.7091892789881564
120 243 -0.6364803305273674
120 246 -0.338225061921567
120 249 -0.0036179856593359094
120 252 -0.2736318519592864
121 122 -0.1361850610251607
121 124 -0.0448485987364724
121 183 -0.1868572258213892
121 186 0.26353033268392956
121 189 0.15322612254509704
121 192 -0.8596906190725582
121 207 -0.36936207669336274
121 210 0.24340902037403733
121 177 -0.7917616407794039
121 180 0.5813556485631415
122 123 0.20119231147107053
122 125 -0.7276697109227213
122 219 0.22194918325555046
122 222 0.2794480665917145
122 225 0.5717124717599718
122 228 0.17561239074277402
122 243 0.19787684405931594
122 246 0.32074200945094744
122 213 -0.6008008511012193
122 216 0.03688013294148673
123 126 0.2241675485750334
123 255 0.9839649469125287
123 258 -0.467536912512186
123 261 -0.08433274700533588
123 264 0.9159033348928529
123 279 0.15206179238912187
123 282 -0.40805370567137156
123 249 -0.9292083150552004
123 252 0.827424690076421
124 125 0.49469218702921913
124 183 0.18243465757402033
124 186 -0.2666986565668965
124 189 -0.6355567027618949
124 192 0.7136057466176977
124 207 0.5773389652326901
124 210 -0.9608221374873087
124 177 -0.13731489829573595
124 180 -0.39551988439884544
125 126 -0.0212239761249422
125 219 -0.75323256808086
125 222 0.7933057125120275
125 225 -0.5283558950031855
125 228 -0.40402992651092995
125 243 -0.9753232505679426
125 246 -0.8185086012254932
125 213 -0.8319973860344982
125 216 0.24276425754563125
126 255 0.02405310666369731
126 258 -0.6606602297299302
126 261 -0.651843691666939
126 264 0.7252698497251888
126 279 -0.7866761375164821
126 282 -0.9306289892937003
126 249 0.3872891937225842
126 252 -0.051658174606065366
127 128 -0.5876552406373643
127 130 -0.6237022184314993
127 207 0.5246660869408075
127 210 0.3917011623035733
127 177 0.39151878152375574
127 180 -0.3303709364189087
128 129 0.802924108116041
128 131 -0.584958186852738
128 243 -0.13178878908983482
128 246 0.43667630590382234
128 213 -0.43106994410097
128 216 -0.6825056577715352
129 132 0.8282641425038524
129 279 -0.258211881600086
129 282 0.9743033748360659
129 249 0.28462039841888487
129 252 -0.1582001432469442
130 131 -0.7089594406864137
130 207 0.6985018156433549
130 210 0.5704439402660728
130 177 0.31699335338753
130 180 -0.09059672311265565
131 132 -0.7559811396492198
131 243 0.8894295569738602
131 246 0.45460249130706565
131 213 0.10687537211907516
131 216 -0.0798746990231829
132 279 -0.049669576263262405
132 282 -0.7823704887182339
132 249 0.3986041318016882
132 252 0.05694663089928498
133 134 0.400672697191115
133 136 0.8507021637985164
133 171 0.9852693582061434
133 174 0.8023903908627976
133 177 -0.4429818464249784
133 180 -0.40190590448548513
134 135 -0.023267416046925504
134 137 0.948376880054367
134 207 0.7747232251357763
134 210 -0.6569354136913774
134 213 0.3503537180053391
134 216 -0.0137876866904314
135 138 -0.015068093380035341
135 243 -0.8449939543327227
135 246 0.5108283143977872
135 249 0.7472234405287199
135 252 0.3151085501488211
136 137 0.518887289236464
136 171 0.6874807018414872
136 174 -0.4928934111049954
136 177 0.42133053106194174
136 180 -0.9763140404910322
137 138 -0.42355395779131344
137 207 -0.37909795134194146
137 210 -0.6506048515452749
137 213 -0.8354245141304673
137 216 -0.24612975672090753
138 243 -0.5256474451379729
138 246 0.8263007691739939
138 249 0.7087208949595662
138 252 -0.22989839948383795
151 152 0.5163471884120892
151 154 -0.24181319754479547
152 153 0.4307676440195205
152 155 -0.6717929702702703
153 156 0.6365552848866671
154 155 0.9873432790924632
155 156 0.706050434357923
157 158 0.4402398039104536
157 160 0.08818250758642288
158 159 0.7103181155187397
158 161 0.6675181273086637
159 162 0.5985963150274567
160 161 0.9589742134143944
161 162 0.729666960955162
163 164 -0.20826946956542924
163 166 -0.3373044675173771
164 165 0.9532501959611608
164 167 -0.41429499146883364
165 168 -0.15769787507274002
166 167 -0.01926943760744826
167 168 -0.47129851865749606
169 170 0.5794016307911936
169 172 0.22193368284230908
170 171 -0.2153358042006066
170 173 0.9891538480206115
171 174 -0.20148712095566101
172 173 -0.13039049212024234
173 174 -0.7107933196494525
175 176 0.07402797588903187
175 178 0.9362462606043156
176 177 -0.9378389151490281
176 179 0.8352759529313039
177 180 -0.6321334900654272
178 179 0.2677406521894008
179 180 0.7715907071519816
181 182 0.7346972627080668
181 184 -0.5641120350456492
182 183 -0.051233923215726396
182 185 0.8488669240634783
183 186 0.004963814485681173
184 185 0.41145949845323915
185 186 -0.6915167303387308
187 188 0.6413078092814553
187 190 0.10418617332651436
188 189 0.08673811032092393
188 191 0.6682235578430451
189 192 0.5001617946719226
190 191 0.984336086389078
191 192 -0.5116406096882022
193 194 0.9122564374613304
193 196 -0.7210932056639965
194 195 0.14479627198582024
194 197 0.9881038530629371
195 198 -0.1726205287754683
196 197 -0.1343192104651909
197 198 -0.38137970768279406
199 200 -0.3101854073156467
199 202 0.6951424009547205
200 201 0.3880371483487406
200 203 0.6358802122053704
201 204 -0.5501137435062726
202 203 0.2730665803121277
203 204 -0.8747686749742152
205 206 -0.8955352411009794
205 208 -0.496525956279503
206 207 -0.809640772868419
206 209 -0.7834704389722105
207 210 -0.7689164844287286
208 209 -0.5971567143100467
209 210 -0.6277799433750191
211 212 -0.2019495050799276
211 214 0.6781785809697853
212 213 -0.9228769439468105
212 215 -0.8052514281793042
213 216 0.1211025578615017
214 215 -0.9063665458386887
215 216 -0.20914943093210026
217 218 -0.6529399720694722
217 220 -0.4786467489243549
218 219 0.49041158666333606
218 221 -0.8753834072106874
219 222 -0.24040886448548648
220 221 -0.9137216405857449
221 222 0.008664638257129598
223 224 0.9401121521182774
223 226 0.3068443846067015
224 225 -0.0030411574635427208
224 227 0.027289531497199704
225 228 -0.10426270711599028
226 227 -0.6503888450206712
227 228 0.266175846222225
229 230 -0.24517204498453604
229 232 0.5938718058126355
230 231 0.7910564012015762
230 233 -0.5745941382181703
231 234 0.4237285082386588
232 233 0.6570599599989921
233 234 0.8232156304396936
235 236 -0.11659176827091389
235 238 -0.5758699952599273
236 237 0.19374599084484045
236 239 0.6791788744284541
237 240 0.6708771188148563
238 239 -0.16532456723012667
239 240 -0.013201318336635737
241 242 -0.576359018031426
241 244 0.3833058242157512
242 243 -0.05945273703207277
242 245 -0.7790423590315241
243 246 -0.18098014741380797
244 245 0.7541757894678136
245 246 -0.14731978857681516
247 248 -0.05515216680713264
247 250 -0.20777812237998727
248 249 0.7200191022302864
248 251 -0.8506819427315497
249 252 0.17062725523183664
250 251 -0.16340861382606597
251 252 -0.20064581990379704
253 254 -0.00755361767509366
253 256 -0.8660375215354685
254 255 0.3469101448689256
254 257 0.9194630507823969
255 258 0.09936982481037493
256 257 0.8100342480222649
257 258 0.17180651101251687
259 260 0.2989438765721808
259 262 -0.284765292903701
260 261 -0.3825029776843363
260 263 0.06264910902702181
261 264 0.8229855386559501
262 263 -0.09570686113659699
263 264 -0.04299130823964892
265 266 0.754468776771863
265 268 0.4230845211578793
266 267 -0.27966266556636343
266 269 0.45624686978617435
267 270 -0.6360154774215909
268 269 0.4630797535807285
269 270 -0.8842153757983309
271 272 0.4554177913312569
271 274 0.7626672520505946
272 273 0.005104690267690115
272 275 -0.9539505317215289
273 276 -0.8069526621388186
274 275 0.9898980999787912
275 276 -0.19558117822373888
277 278 -0.7111373911855112
277 280 -0.359754426027443
278 279 -0.7839907458815405
278 281 -0.5395692684214819
279 282 0.2488417301564705
280 281 0.7610541644099331
281 282 -0.45261151466188676
