# 
7 7 0.7958380181086664
8 8 -0.19447283286040573
9 9 2.0337023340285265
10 10 -0.6596238119625495
11 11 -1.5165834342708697
12 12 -2.895112523932095
13 13 0.9025264350567817
14 14 -3.9152028259438234
15 15 0.73670088738168
16 16 -3.499592762113509
17 17 -2.537182217937273
18 18 0.0955920194981763
19 19 3.870137640399088
20 20 -1.625517578834148
21 21 3.6534192149264086
22 22 2.676177927385636
23 23 -1.0698187216544355
24 24 0.844325641216888
25 25 3.888495362743069
26 26 -3.294729973277799
27 27 1.3199974033843676
28 28 -0.28114853946715446
29 29 -1.4537698231362857
30 30 -3.901558836680157
31 31 -0.29455442549223143
32 32 -3.1854524249167326
33 33 3.912770030757933
34 34 -2.2587875080971864
35 35 -1.5198007717409885
36 36 -3.2839029458189586
37 37 -0.9083575625809326
38 38 -3.037965199852029
39 39 3.3432983834558723
40 40 1.421348578422104
41 41 -2.614438219914259
42 42 0.24117333157482257
43 43 -3.053192011150413
44 44 2.709160374827264
45 45 -2.330643585872714
46 46 -3.725868486039672
47 47 1.6050276316868883
48 48 -0.06808195404169837
49 49 -0.2732083794062934
50 50 -1.1299601487163784
51 51 3.394999350147783
52 52 -1.1247150358984097
53 53 1.524474697944994
54 54 1.3919733809946448
55 55 3.367652954159098
56 56 -0.40602068839947236
57 57 0.623423000005852
58 58 -0.41613673402107665
59 59 -3.459981150638992
60 60 1.551674734365898
61 61 -0.19327180705631974
62 62 1.0185424189997612
63 63 -1.6815175418866666
64 64 -2.7085456380238737
65 65 1.6985331083877293
66 66 1.3018699343077627
67 67 -0.48694903337242845
68 68 0.5426360807138559
69 69 -3.002264960562722
70 70 1.7365647063099328
71 71 -3.494861046076619
72 72 -3.231908442170135
73 73 -2.6409610850622567
74 74 2.0803831241310977
75 75 -2.7405518786462
76 76 -1.5375982796392647
77 77 2.7552640650444067
78 78 2.5364045867209617
79 79 -2.806462471719837
80 80 -2.1294126424215376
81 81 -2.8970607116428093
82 82 3.7154982027354393
83 83 -2.580294245605682
84 84 3.294175196033028
85 85 -0.5598891467797191
86 86 -1.379128730274859
87 87 -3.5165279711575064
88 88 1.775393344262974
89 89 3.3591992848919983
90 90 2.3932761842470534
91 91 -0.5685418540113094
92 92 -3.0824819200940317
93 93 -1.6806471473753453
94 94 1.087914570584961
95 95 2.2553495482744195
96 96 -3.955507589043071
97 97 -0.2805510965556799
98 98 -1.4187644095038578
99 99 2.2304462527321887
100 100 -3.521077397925657
101 101 2.2489582120939824
102 102 3.045486597707571
103 103 -1.1730170736114518
104 104 3.878970769871448
105 105 2.1512807819935498
106 106 -1.08207463656331
107 107 -1.8436253479746139
108 108 -2.386044100154849
109 109 -1.0582732142467748
110 110 -2.8524357032807686
111 111 1.9046637788080831
112 112 -0.24657574989004605
113 113 -2.8671527518350226
114 114 0.4959950083383484
115 115 1.850195645491688
116 116 -0.581230211716047
117 117 1.4341646783876447
118 118 1.1486089481609216
119 119 -0.5756021484283211
120 120 0.5573587114848229
121 121 -3.0847549683749422
122 122 -2.8677487943001267
123 123 -2.9396707399432103
124 124 2.1938570363434318
125 125 2.2851625857339934
126 126 -1.91512620596282
127 127 -0.15273941968207527
128 128 -2.9637159771287083
129 129 -2.1228343144966484
130 130 3.850312946900252
131 131 -0.8952593099884272
132 132 3.2305967131586364
133 133 -3.3341643408792505
134 134 -1.672663775208016
135 135 3.5503331742508255
136 136 0.6949855807668444
137 137 2.7970228720034633
138 138 -1.1714866947021676
151 151 2.5560736137343554
152 152 -2.8046584429348096
153 153 -1.8506846020528709
154 154 -0.3475088876720793
155 155 -1.0805218168913449
156 156 1.7432676954444135
157 157 -0.3948910262180183
158 158 3.4930071319461193
159 159 -0.7155241338863059
160 160 -3.6475415100562385
161 161 1.742316706881046
162 162 3.675413679365125
163 163 2.5670209083588054
164 164 -0.8974140899279313
165 165 2.3438640291488904
166 166 2.012736044401499
167 167 -3.381580739401614
168 168 1.2159968988520342
169 169 -0.18102716587816925
170 170 3.3916609002383504
171 171 0.3322594441969784
172 172 0.5798220360463375
173 173 -2.105616350368673
174 174 3.8938758022304185
175 175 -0.4908915396163094
176 176 -3.865962956218362
177 177 -1.770754054988954
178 178 0.3597435977774115
179 179 3.5492795839039166
180 180 -2.59500934062482
181 181 -2.1095887428309155
182 182 -2.440894462177212
183 183 3.5857511771639627
184 184 -2.2284212872002174
185 185 -3.955364238910211
186 186 3.9849569951050476
187 187 -2.3531800215683543
188 188 -2.4336200217748116
189 189 0.426870084962343
190 190 -2.37631762738737
191 191 -1.0246133533895607
192 192 -0.6893580835875666
193 193 -3.884632997310667
194 194 2.639214543976232
195 195 -2.4235690321779915
196 196 -3.407387934389173
197 197 0.4455199980765414
198 198 -1.7338595928943228
199 199 -1.0590705497914135
200 200 -3.8575837622641025
201 201 -2.741559019571368
202 202 1.6783404527541368
203 203 1.2737035268003192
204 204 -1.8267420142986035
205 205 1.8354374780253648
206 206 2.142460573911123
207 207 -2.844922099272045
208 208 1.9329471747712983
209 209 2.5739215432341886
210 210 -2.2150357565162153
211 211 -0.8080417848345931
212 212 2.189762371076717
213 213 2.01068863218331
214 214 -3.118031409030511
215 215 -0.7463923309068772
216 216 -3.4928673589562633
217 217 -2.246778357426729
218 218 1.0943207830253279
219 219 -0.5316641098282
220 220 -0.7650224899137195
221 221 1.0551060960508662
222 222 -0.7170874627861021
223 223 -1.5128399453731838
224 224 -0.45379221844340645
225 225 1.257025997680139
226 226 -0.5395184229022476
227 227 -1.2993247414930202
228 228 -1.532234407916933
229 229 0.9447074874024208
230 230 2.364456021876795
231 231 1.8804645842478935
232 232 2.8056840032918178
233 233 -0.947232357638855
234 234 2.6307575806068266
235 235 2.6691691920170504
236 236 3.858950387438891
237 237 -3.2162283134096725
238 238 3.3809494646168305
239 239 -2.507814393522157
240 240 1.5471665932230652
241 241 -0.4805534028086651
242 242 3.1888806446945743
243 243 -1.3495706057705013
244 244 3.6694316673424137
245 245 1.2993226129775959
246 246 2.9405694224887196
247 247 1.6260892952452224
248 248 0.0874272377293055
249 249 -0.7231022079772229
250 250 3.953973554563883
251 251 -3.9805596810627826
252 252 -0.5070531826797309
253 253 2.6689591257450918
254 254 -2.96852729001657
255 255 -2.862714991222137
256 256 1.9417311082899102
257 257 0.4498957467674627
258 258 -3.8214519512056464
259 259 -3.147453239886983
260 260 3.7274395557319266
261 261 -3.037908372639447
262 262 -3.7962795298533294
263 263 2.8566388666435625
264 264 2.367239658960411
265 265 -0.2123130395131927
266 266 -3.880961372990214
267 267 -2.6760599615407274
268 268 -3.6000601438817466
269 269 0.24491561873398382
270 270 1.9149824787829406
271 271 3.8167068427974034
272 272 -1.6060421815812962
273 273 -2.5059786850785155
274 274 3.974864960335508
275 275 0.05567073542970835
276 276 3.4710484893908173
277 277 1.7484594991957758
278 278 1.2088432030174996
279 279 2.9906714994832457
280 280 1.9198482792351692
281 281 -2.3604072910164096
282 282 3.6090193374756145
7 8 0.4942091351118987
7 10 0.10604558918845108
7 157 0.11481649807884042
7 160 0.10892393693085922
7 163 0.11542803650249511
7 166 0.549954868670006
8 9 -0.0837915407335088
8 11 -0.22565536577704504
8 193 0.8936537130386806
8 196 -0.5539729570437688
8 199 0.9938646823594279
8 202 0.2286874371876586
9 12 -0.4087854154974013
9 229 -0.8301326813711434
9 232 -0.9673212775093685
9 235 0.5830085426928839
9 238 0.6653906321908076
10 11 -0.14675118376748708
10 157 0.1863543013763953
10 160 0.914811394777856
10 163 -0.023871916187610642
10 166 -0.36530256803372163
11 12 0.33095730756062136
11 193 -0.33633383059519795
11 196 -0.8265907045088983
11 199 0.5381117482040356
11 202 0.011416724004843504
12 229 -0.042096232208756135
12 232 -0.39399335169002936
12 235 -0.4490706936501412
12 238 -0.7957236655975282
13 14 -0.3975055386662343
13 16 -0.6259525632945182
13 193 0.2460482317266448
13 196 0.7259110556507598
13 199 0.646596445092491
13 202 0.7975620208368839
14 15 0.9858943035228029
14 17 -0.3395134676687239
14 229 0.8662417319872502
14 232 0.0710325932543896
14 235 0.6769271935315988
14 238 0.9819503644608878
15 18 0.4793211962172286
15 265 -0.17704783189271445
15 268 -0.7620251905845115
15 271 -0.7917977233281142
15 274 0.3521423277821971
16 17 0.33072284999620205
16 193 0.38596060767417106
16 196 -0.1267034079359508
16 199 -0.7901025901562253
16 202 -0.11069136932719159
17 18 -0.1836019351881848
17 229 0.7512989191433039
17 232 0.2218278522679753
17 235 -0.8080231688013699
17 238 -0.15344306382430228
18 265 -0.4855297550142039
18 268 0.9784411581236299
18 271 -0.18985255893492603
18 274 -0.28246278883409026
19 20 0.60380233640889
19 22 0.00814887847232515
19 181 -0.03975795522606185
19 184 -0.42178499449993856
19 187 -0.6675723478735804
19 190 -0.20630812252924446
19 193 0.6411890018080093
19 196 -0.39303813179276315
19 199 -0.8562081642620007
19 202 0.029173313412255153
20 21 -0.7854041234113149
20 23 0.7208647685259837
20 217 -0.9235986644871415
20 220 -0.0548246064016511
20 223 -0.2579195395172089
20 226 -0.3141757169514392
20 229 -0.8564024713254104
20 232 0.1341499840642526
20 235 -0.22743171798846773
20 238 -0.20702422565168432
21 24 -0.15296015267176588
21 253 0.9139130126761148
21 256 0.6338442723133728
21 259 0.3163820430754112
21 262 0.3225143001858024
21 265 0.09429319042987672
21 268 -0.26775699346133996
21 271 -0.9584638873087812
21 274 0.9223343513836688
22 23 -0.1691222490074311
22 181 -0.43607905252862267
22 184 -0.07432978467499463
22 187 -0.38942785656380163
22 190 0.09009768061449197
22 193 -0.2665087205261776
22 196 0.1472448896690497
22 199 0.03577244125983037
22 202 0.1285051074901249
23 24 -0.2926722639010575
23 217 0.7501576857934422
23 220 -0.0017039386496540132
23 223 0.9951091343625611
23 226 -0.012593974790500617
23 229 0.2666735074107298
23 232 -0.9975940140537243
23 235 0.49945190115601323
23 238 0.39414907945561817
24 253 -0.9203939484151584
24 256 -0.5970522786198542
24 259 -0.5012106399012339
24 262 -0.9148408469822586
24 265 -0.31600815965431206
24 268 -0.2224652640179865
24 271 -0.9796493944419167
24 274 0.3446848068006032
25 26 0.2808566486906925
25 28 0.4948065069141343
25 181 -0.3790713170742659
25 184 0.7102451748911693
25 187 0.6667157487087132
25 190 0.1687707385866959
25 193 0.02816020953563525
25 196 0.6610755756098119
25 163 0.03205362513438592
25 166 0.6941903601253971
26 27 0.9502185635835962
26 29 0.7695322160535685
26 217 0.493601030110008
26 220 0.6360519950320667
26 223 -0.21909783724580745
26 226 -0.4538493072927907
26 229 -0.7092798320697775
26 232 0.9789863339282046
26 199 0.40712107174244094
26 202 0.7154429608243187
27 30 -0.09761925997689458
27 253 -0.38996392343861386
27 256 -0.3046290829039897
27 259 0.5183656647292847
27 262 -0.9981300657179675
27 265 0.7268557547611034
27 268 -0.5696389760546023
27 235 0.7537068617019032
27 238 -0.776411409339244
28 29 -0.5146631723234587
28 181 0.6321812314343569
28 184 -0.8780981620196755
28 187 0.2366974212044224
28 190 -0.17655738539206833
28 193 -0.550166308551387
28 196 -0.5870815603317068
28 163 0.8562567189134846
28 166 0.4579077086137391
29 30 0.5997210723201309
29 217 0.5719021433013258
29 220 -0.7750747323456213
29 223 -0.9247560922647544
29 226 -0.9985619519304971
29 229 0.29379651233255477
29 232 0.9174856771889579
29 199 -0.9542435863045342
29 202 -0.6683051054984612
30 253 -0.12098736472130289
30 256 0.23870322370053043
30 259 -0.17941725143579235
30 262 -0.4532869560070083
30 265 0.8932123093782909
30 268 0.4700710437459912
30 235 -0.6524315800908347
30 238 0.026613575977376236
31 32 -0.6868853378507176
31 34 -0.3955672447447651
31 181 -0.5110247910843362
31 184 0.5145359758043087
31 187 -0.08200154174093077
31 190 -0.6168238983018737
31 193 0.24371110134178298
31 196 -0.2560857885704313
31 163 -0.36800789401730194
31 166 -0.5587450992116687
31 169 0.18103364930379784
31 172 -0.8574043542034928
31 175 0.9567111344587145
31 178 0.584945672933832
32 33 -0.3385936544198205
32 35 -0.7286444728420347
32 217 0.14359810384104477
32 220 0.9307752527971929
32 223 -0.8795669924868381
32 226 0.3805919039028054
32 229 0.2501480773187257
32 232 -0.20041486100541928
32 199 0.6876416746347429
32 202 0.06492089781924126
32 205 -0.7538173152354919
32 208 0.07246654277175346
32 211 -0.9250168795902596
32 214 -0.021089499525473343
33 36 -0.7020913855770878
33 253 -0.15833077449945265
33 256 -0.22409646853354692
33 259 0.2347138146874792
33 262 -0.15612417677785229
33 265 -0.27265088783198466
33 268 0.5211558456267154
33 235 0.838601933063797
33 238 0.8642557052413156
33 241 0.5723840455301297
33 244 0.20070711111811712
33 247 0.7399925241884628
33 250 0.36283274946802635
34 35 -0.48880675182349
34 181 -0.4093868059656247
34 184 0.565602574025178
34 187 -0.2833326932441118
34 190 -0.8217641140311083
34 193 0.20302871505729492
34 196 0.60619208756503
34 163 -0.582871546710467
34 166 0.3229804679454549
34 169 -0.545446386641443
34 172 0.08434420276541066
34 175 0.038671807004244
34 178 -0.6567396037786
35 36 0.8885000589940244
35 217 0.4164338268641412
35 220 0.9532500461112046
35 223 0.2454161409280795
35 226 0.8056999809396495
35 229 -0.36526187121371967
35 232 -0.02065788819965997
35 199 0.33617262381483703
35 202 -0.12063312462512821
35 205 -0.5494822142666391
35 208 0.4305489946999099
35 211 0.37827171085355427
35 214 0.3849889728799365
36 253 0.6728465795478966
36 256 -0.5094673314793463
36 259 -0.38920259642641786
36 262 0.5040332972101009
36 265 0.10276062610510417
36 268 0.7585310955592757
36 235 0.6948115024067527
36 238 -0.8691749386585796
36 241 -0.8470347717417546
36 244 -0.3790873342519472
36 247 0.1526244965842496
36 250 0.3861212367617892
37 38 0.8910548850961615
37 40 0.7628458321420446
37 181 -0.18654053244046231
37 184 0.7821352151900454
37 151 -0.920950394994011
37 154 -0.08213864466649712
37 157 0.2971385522370229
37 160 -0.8663495531594467
37 163 -0.8625937949821432
37 166 -0.16670532227029722
37 169 0.6540209299477999
37 172 0.036111620440161474
37 175 0.3856351483865479
37 178 -0.6381668129484106
38 39 0.509436196110697
38 41 0.2631346880164407
38 217 -0.9998804235948715
38 220 0.8501788390503389
38 187 0.03640336580246628
38 190 -0.803658922234074
38 193 0.016398217611399035
38 196 0.09496697574410717
38 199 -0.41704844873016733
38 202 -0.5032808226048848
38 205 0.9903967599338135
38 208 -0.37017037270446296
38 211 0.03546461139507362
38 214 -0.6004639139823622
39 42 0.5873136145285074
39 253 0.9213274431593017
39 256 0.13339371124430177
39 223 0.42983043341753024
39 226 -0.8700806727868409
39 229 -0.8063815690784899
39 232 0.13058944947524775
39 235 0.16203537685573144
39 238 -0.767990552741971
39 241 0.8149812441906357
39 244 0.8728085321715278
39 247 0.7951706018934639
39 250 -0.71780155391828
40 41 0.39746945714799486
40 181 0.25216335594396044
40 184 0.6795220463215883
40 151 0.34020236315325203
40 154 0.6114812909304272
40 157 -0.09232461097434097
40 160 -0.19230006296395752
40 163 -0.6420182828769896
40 166 0.12588412268428217
40 169 -0.28718992728768455
40 172 0.023424455339885908
40 175 -0.6874465740215439
40 178 0.1715601427536082
41 42 -0.9381038848725467
41 217 -0.041133543264932015
41 220 0.8715644760022876
41 187 -0.8677122410997007
41 190 0.008612829177015557
41 193 -0.18175458087044238
41 196 0.662648043820206
41 199 0.9985811677671133
41 202 0.46172801409413156
41 205 0.8537756309847153
41 208 -0.23589994985043283
41 211 -0.4902997137503595
41 214 -0.6053898096282349
42 253 0.8237877726862803
42 256 0.020611498224057723
42 223 -0.7465699884329817
42 226 -0.6564915015560284
42 229 -0.10695396694748394
42 232 0.2488174120061999
42 235 -0.951053627204536
42 238 -0.8165276845132059
42 241 0.7363115941103733
42 244 0.8507610017874119
42 247 -0.4184352928959152
42 250 -0.8075718024509535
43 44 0.05812327265283557
43 46 0.6847794133607543
43 181 0.7697525730376373
43 184 -0.7986751206341651
43 151 -0.3565269776823734
43 154 0.7553330230689521
43 158 0.40345404351983793
43 161 0.9422866432114632
43 164 0.3055221492573652
43 167 -0.6019886125392204
43 169 -0.24273501887573068
43 172 -0.2742119474917142
43 175 -0.9038346002350752
43 178 0.7794608890385806
44 45 -0.00947151858496631
44 47 -0.8168375498319056
44 217 0.7841188552831699
44 220 -0.6837987537876322
44 187 -0.44772995804879634
44 190 -0.7739751986104713
44 194 -0.41526897391950546
44 197 -0.6341859842859454
44 200 0.8942824664496982
44 203 -0.9212821190305667
44 205 -0.34891606039532475
44 208 -0.6767427705574198
44 211 -0.591285894581026
44 214 -0.6386589921060539
45 48 -0.2378526686925837
45 253 -0.6806443007177132
45 256 -0.44933720605452354
45 223 -0.011134470146655806
45 226 -0.5856142833527624
45 230 0.2816389477448449
45 233 -0.4301134574352332
45 236 0.6460781265324416
45 239 0.4131601001735723
45 241 0.830772429947336
45 244 0.25167023253928855
45 247 -0.0861876345458108
45 250 0.2749287964892224
46 47 0.4544363947126362
46 181 0.1428014539228175
46 184 0.38774760188386437
46 151 0.48129777366464
46 154 0.06187559282714972
46 158 0.6773762342069667
46 161 -0.935781807372484
46 164 0.20594060080781462
46 167 0.684921557575829
46 169 0.7172292788038099
46 172 0.49839993445571884
46 175 0.7922597154277089
46 178 0.6795824113038649
47 48 -0.2990734213062347
47 217 -0.2990224153972296
47 220 0.5064963950996404
47 187 0.2974398952227941
47 190 -0.39543437589804364
47 194 0.006950585272916809
47 197 -0.33116367021655524
47 200 0.10533793081083065
47 203 0.4228889091468757
47 205 -0.6408710744014976
47 208 0.535027039122169
47 211 0.10890446772581974
47 214 -0.9000570330573769
48 253 -0.6881784416856889
48 256 0.1361749928386775
48 223 0.2738681129691731
48 226 -0.7267060344373326
48 230 -0.2331507728613862
48 233 -0.10363490101659911
48 236 -0.17570748555619708
48 239 0.3280538608640051
48 241 -0.5101912306165779
48 244 -0.222970659905517
48 247 0.4427859442434685
48 250 -0.5609490677424944
49 50 0.6533850459208532
49 52 -0.8429166397960755
49 181 0.9211088101622165
49 184 -0.2567206316349173
49 187 -0.7379647892964534
49 190 0.37723839911103973
49 194 -0.07741978320981291
49 197 -0.1960316737519323
49 200 0.8113235419290241
49 203 -0.9655937147418552
49 205 -0.814519986690371
49 208 0.8136940006501894
49 175 0.7938582782093655
49 178 0.27612593165296384
50 51 0.025073169597962464
50 53 0.31393067111338424
50 217 -0.9031847583696697
50 220 -0.3886665321656386
50 223 0.5552268113966146
50 226 0.8889287113482951
50 230 -0.014879664998292297
50 233 0.908388933203816
50 236 0.5380044474217132
50 239 -0.8801029417574566
50 241 0.6726402740604471
50 244 0.1537651168673817
50 211 -0.4730257946594374
50 214 -0.6219435668404683
51 54 -0.9609677859121524
51 253 -0.7230287711790917
51 256 0.6436829842363028
51 259 0.2166681791595355
51 262 -0.7854319139118124
51 266 0.21662956917818943
51 269 0.8235759701746301
51 272 0.6451132184466395
51 275 -0.4155921925465229
51 277 0.3431251687604182
51 280 0.7970640877908788
51 247 -0.5596037274559553
51 250 0.8071993110579379
52 53 0.8621854494850862
52 181 -0.046417994445406396
52 184 0.2970998736545516
52 187 -0.5054839789465129
52 190 -0.769780355221837
52 194 0.3199003425747482
52 197 0.015921408132008708
52 200 -0.2249153357488307
52 203 0.6274559927761234
52 205 -0.2627548146348768
52 208 -0.9485049258216232
52 175 -0.09612889364014632
52 178 0.419284342142656
53 54 -0.4276307502597909
53 217 0.8538619957491591
53 220 -0.30045803042502306
53 223 -0.052634335430661094
53 226 0.45597664832224205
53 230 -0.5019601561296527
53 233 0.17232024223782472
53 236 -0.38984728605782304
53 239 -0.7283348815092681
53 241 -0.6816662398346742
53 244 0.12362746757045029
53 211 -0.12009660770351172
53 214 0.4811741416887956
54 253 0.4155462675710402
54 256 0.28511130867033807
54 259 0.6777339030148268
54 262 0.6720189316938128
54 266 0.5596374168147398
54 269 0.513193382506508
54 272 -0.1039212824107405
54 275 -0.8184916861587412
54 277 -0.43048731361881076
54 280 -0.7067527796795465
54 247 0.43732157650335624
54 250 0.6880506456868649
55 56 -0.18094394143411718
55 58 0.15874237749036424
55 182 0.7464575740467472
55 185 -0.5125648913798111
55 188 0.3597843500395852
55 191 -0.3468993955902242
55 194 -0.5231540183843497
55 197 -0.4456061528149451
55 200 0.3082244453061318
55 203 0.9308188110579174
55 205 -0.3999047628572605
55 208 0.6183813373531137
55 175 -0.9992539607955517
55 178 -0.5456330751935918
56 57 -0.006809904082132556
56 59 0.17909724482190725
56 218 -0.5947305940146252
56 221 -0.5733514977382435
56 224 -0.7484664436574033
56 227 0.48938404617842424
56 230 -0.4567703337416862
56 233 -0.13941125676859234
56 236 -0.04038290980588699
56 239 0.653895853452475
56 241 -0.2086308663581531
56 244 0.4054952087488801
56 211 0.321722671616538
56 214 -0.15033027738238913
57 60 0.08323495577140538
57 254 -0.2134389405578443
57 257 0.7307534216377287
57 260 -0.6400830463116591
57 263 0.03269410809358342
57 266 0.7265458675471501
57 269 -0.9427780953004812
57 272 0.5668211258203188
57 275 0.7364071111845965
57 277 0.32907822335255643
57 280 0.10224573137760928
57 247 -0.30694983286374855
57 250 0.02176614594084847
58 59 -0.6722834356028777
58 182 0.9340594040412571
58 185 0.3689366759541379
58 188 -0.4071170578268115
58 191 -0.18072919995450998
58 194 0.2579802550367072
58 197 0.9886357317943668
58 200 -0.748281555555653
58 203 -0.7715882028294627
58 205 0.12065459705580173
58 208 -0.7436891842132376
58 175 0.23848266876690105
58 178 0.7889713600101784
59 60 0.445798496889944
59 218 0.029596782387662834
59 221 -0.036743779053526326
59 224 0.10004857464394679
59 227 0.4957367237611563
59 230 0.23469234250557713
59 233 0.2723166934104453
59 236 0.5057614557106238
59 239 0.05460783983524542
59 241 0.15409969694677406
59 244 0.9928159961366019
59 211 0.9002495056566011
59 214 -0.9633032897129981
60 254 0.2636409454012445
60 257 -0.1627685781578101
60 260 0.9176164935662463
60 263 0.008298241910244641
60 266 0.522897217167096
60 269 0.8288275356172075
60 272 -0.6331301610777942
60 275 0.8343997683969249
60 277 -0.07976763934708142
60 280 -0.8216522171477338
60 247 -0.14953968494202563
60 250 0.811845975824087
61 62 -0.17492648479664186
61 64 0.15509591830934988
61 182 0.9508045745843849
61 185 -0.9802734315420922
61 188 0.678224046105045
61 191 0.7433692830732757
61 194 -0.7093738850420506
61 197 0.98837114835277
61 164 0.3297927893537631
61 167 0.1321271231806147
61 169 -0.11062512753900289
61 172 0.12672228829131704
61 175 -0.12416659048476597
61 178 0.4076163447175509
62 63 0.6981155259583967
62 65 0.6190246481328674
62 218 -0.5611470665300224
62 221 0.15315546758887844
62 224 -0.03214603018600393
62 227 -0.5910902065445207
62 230 0.9620335322099041
62 233 -0.36360788178348935
62 200 -0.9583355056595215
62 203 0.2744658407828995
62 205 -0.8595874532786711
62 208 -0.06347455548916625
62 211 0.40384445359106125
62 214 -0.1694471129052908
63 66 0.8852755234168601
63 254 -0.7094110893433987
63 257 0.4819165062108528
63 260 -0.9010519330039288
63 263 -0.9641454620824073
63 266 0.9200543582443335
63 269 0.7273271503614893
63 236 -0.8483785759383129
63 239 -0.7890015328274129
63 241 -0.6847001867444436
63 244 -0.03856665221505251
63 247 -0.6950181708941827
63 250 0.14619187596516547
64 65 -0.02216191879855578
64 182 0.30292902176487413
64 185 0.11586546860458502
64 188 -0.7143978523432217
64 191 0.9364957685467861
64 194 0.0221821202955772
64 197 0.5341627689678397
64 164 0.4405786226706214
64 167 -0.4113484058342649
64 169 -0.061121618261456234
64 172 0.8004014404425241
64 175 -0.8528465425194511
64 178 -0.23492542513025905
65 66 0.4409763132376956
65 218 0.6149405126720604
65 221 0.874878234683055
65 224 0.20571339857315096
65 227 0.2187375825411988
65 230 0.08700915286174027
65 233 0.15174792590183261
65 200 -0.24118231786792554
65 203 0.5959775693570111
65 205 0.923329352785361
65 208 -0.18815020189883636
65 211 0.8980516439399531
65 214 -0.8152912893299338
66 254 -0.31355696595268534
66 257 -0.8464405626240767
66 260 0.5035964993610709
66 263 -0.9706717072271693
66 266 -0.8441652769194532
66 269 0.19708200028331935
66 236 -0.9522582620155433
66 239 -0.2567542752534082
66 241 -0.7272936768016647
66 244 -0.1531002570771436
66 247 0.21411083055519553
66 250 0.8111130506460413
67 68 0.7720649262953447
67 70 -0.4237056513419615
67 182 -0.6398096298566982
67 185 0.09644606950128742
67 188 0.47916605802581014
67 191 0.6966715517413942
67 194 0.5696821007313977
67 197 -0.05121186645221987
67 164 -0.47153552882055005
67 167 -0.3395615611496223
67 170 0.7580036327898039
67 173 0.6832560877128855
67 176 -0.1513714060951563
67 179 0.8220620901501787
68 69 -0.30069672968297634
68 71 0.6022290010981055
68 218 0.27998611527950734
68 221 0.7289059909732187
68 224 0.19895717220377684
68 227 0.6319347355747529
68 230 -0.4158199032239631
68 233 -0.026117599656924506
68 200 0.5889327701351583
68 203 -0.9765480970848495
68 206 0.6419113835796462
68 209 -0.9325743758394751
68 212 -0.699839495829836
68 215 -0.4208724061713205
69 72 0.17176786930459587
69 254 0.885603064264662
69 257 -0.5748921511452847
69 260 0.20431333078734726
69 263 -0.628852601686197
69 266 -0.41879531553264737
69 269 0.4911558034733503
69 236 0.8905723138262143
69 239 -0.39770950549790207
69 242 0.2745148871639189
69 245 -0.6354905604534695
69 248 -0.9016172457757314
69 251 -0.8383733015390633
70 71 0.6536275907026867
70 182 0.9798880695484071
70 185 0.3996949901840223
70 188 -0.8785224944346095
70 191 -0.845414891565911
70 194 -0.35784754311664657
70 197 -0.147034486377714
70 164 0.06160223986343927
70 167 -0.6482612675889998
70 170 0.9197147356317013
70 173 0.5333450676037903
70 176 -0.013116991904951858
70 179 0.37603598588830645
71 72 0.8665712706648618
71 218 -0.760326472600438
71 221 0.7053944598405997
71 224 -0.4985284093330695
71 227 -0.09882404122072175
71 230 0.5802971765490152
71 233 0.16025595568945983
71 200 0.038876241931429245
71 203 -0.06623048361474093
71 206 -0.892443174938991
71 209 0.9187216583460669
71 212 -0.7498707830961115
71 215 -0.9446041677071264
72 254 0.8795715219833491
72 257 -0.6493899002963543
72 260 0.6657496226732202
72 263 0.18700071003312124
72 266 0.8140347787023299
72 269 -0.4183564875518615
72 236 0.6364853013926384
72 239 -0.6093029501856855
72 242 -0.024379912233556844
72 245 0.413479508920213
72 248 -0.3262848063741641
72 251 -0.3089627292320576
73 74 0.0729791642543709
73 76 0.5062328098717455
73 182 -0.011118885915263554
73 185 0.8644922517859184
73 152 -0.5537510574325111
73 155 -0.3761985538465942
73 158 -0.3809695223414986
73 161 -0.8148087733597735
73 164 -0.1853467291218589
73 167 0.7970657219888906
73 170 0.4537290718568707
73 173 -0.4101168568657201
73 176 -0.6556296259397876
73 179 -0.15444660563680257
74 75 0.6172136867660913
74 77 0.4588667110182423
74 218 -0.5017143419814891
74 221 -0.00040927070066199
74 188 0.842803823717847
74 191 -0.7593448544168246
74 194 0.42812020009997376
74 197 0.9383247928496423
74 200 -0.4997943056943337
74 203 0.9397731557780447
74 206 0.44113014092918634
74 209 0.6313185375787866
74 212 0.14789055479412516
74 215 0.7472929526236345
75 78 -0.3764855503356199
75 254 -0.464123548311445
75 257 -0.02781907130737027
75 224 0.6876419392584014
75 227 -0.5697654041955835
75 230 -0.8989694156293084
75 233 0.1983331303745246
75 236 -0.544663007903579
75 239 -0.8598779724723526
75 242 0.5847828744616612
75 245 0.8985027275162187
75 248 -0.9075457625911352
75 251 -0.29216161189440215
76 77 -0.5155767466366084
76 182 -0.5189848647338855
76 185 -0.8416543211007677
76 152 0.19966905526956036
76 155 -0.6251598572120562
76 158 0.4793323232264206
76 161 0.24562091307955347
76 164 -0.08236558847349129
76 167 -0.18156902969812294
76 170 0.6127240615171055
76 173 0.3152785859978571
76 176 0.2408536624359634
76 179 -0.6419697387277816
77 78 0.8438918222480554
77 218 -0.5249564993336882
77 221 -0.11433096348767413
77 188 -0.16189196401787065
77 191 0.13054323197343232
77 194 0.6585723400324346
77 197 0.878134405580155
77 200 -0.7441864684221553
77 203 -0.894047850920259
77 206 -0.9172048319689226
77 209 0.3035447476005888
77 212 -0.5917736046553694
77 215 0.7373071604704278
78 254 0.012126893134025485
78 257 0.3373382398195992
78 224 0.10400117714652324
78 227 0.021974434863049508
78 230 0.18680045686863123
78 233 -0.6300155727261538
78 236 -0.9883928330675471
78 239 0.4670070148962764
78 242 0.5087786975732727
78 245 0.5336479241894581
78 248 -0.8789871010103025
78 251 -0.3290626536949046
79 80 -0.19887602502069113
79 82 0.9401821747373169
79 182 0.9007412712827589
79 185 -0.22073105399614756
79 152 -0.6530462038823359
79 155 0.5631167867879936
79 159 0.9989080523718938
79 162 -0.43149643520717484
79 165 -0.9099892447851738
79 168 0.8210260480992113
79 170 0.9656821417330868
79 173 0.5312923641844285
79 176 0.8541731867064208
79 179 -0.8760539436175465
80 81 -0.5506262481490642
80 83 0.9534929302407817
80 218 0.3129936283520578
80 221 0.17660040858272708
80 188 0.19934476990711758
80 191 0.4568379280921415
80 195 0.5970388602604926
80 198 -0.047446438243212485
80 201 0.5304683947580211
80 204 -0.34156104611163096
80 206 -0.24170358665868097
80 209 0.0012335504229692429
80 212 -0.9238676316338539
80 215 -0.5472251444663367
81 84 -0.46881159306361897
81 254 -0.516547273357091
81 257 -0.9451094083908818
81 224 -0.2753231488972283
81 227 -0.12587840464400446
81 231 -0.8831798786910046
81 234 0.6687658059947497
81 237 -0.6931447094866323
81 240 -0.9407285223037716
81 242 0.5770737591046311
81 245 -0.5277804439356737
81 248 0.036448353060305694
81 251 -0.3801340089228087
82 83 -0.5705696424169597
82 182 0.2969334742008891
82 185 -0.8112126188125488
82 152 0.1599236225386187
82 155 -0.6626105964590607
82 159 0.21963374454901996
82 162 0.022678885632456014
82 165 -0.44284295440026766
82 168 0.6628961314077211
82 170 -0.7386800379047451
82 173 0.27050132583028796
82 176 -0.9234683853430714
82 179 -0.2056567526630546
83 84 -0.011629886108227128
83 218 -0.11670415692257241
83 221 0.20584107662115314
83 188 0.9143056575643957
83 191 -0.37292528137471215
83 195 0.820565446469472
83 198 0.06021226681491765
83 201 -0.8036880963577431
83 204 -0.34039243691601895
83 206 -0.3878632413111751
83 209 0.10820381554168845
83 212 -0.509702795120436
83 215 -0.33475321042792094
84 254 -0.8797776537153801
84 257 -0.1873790318168984
84 224 -0.972280715050917
84 227 0.6580877918428651
84 231 0.11371945372597714
84 234 0.03400575830950259
84 237 -0.29357716176741055
84 240 -0.42443548889583527
84 242 0.9440698800210674
84 245 -0.5107230749932636
84 248 0.8708205568190401
84 251 0.29846843020826874
85 86 -0.2165463850844982
85 88 -0.3913009346288432
85 182 -0.5608241384465509
85 185 0.7598111385218715
85 188 -0.5583227138520142
85 191 -0.06397006718017728
85 195 0.26941028443689063
85 198 -0.6977472354019427
85 201 0.6544821615248599
85 204 0.5655486475038283
85 206 0.621109595025575
85 209 0.6516917530701516
85 176 0.7866123161539422
85 179 -0.855021877102542
86 87 0.7355910150155398
86 89 -0.7527414017878602
86 218 -0.13007682964295864
86 221 0.6827158806394467
86 224 0.9823523500328957
86 227 -0.5990015960639934
86 231 -0.06361603826540363
86 234 0.4818595255295943
86 237 -0.08844784539657913
86 240 0.16467050404623307
86 242 -0.23708025151869783
86 245 -0.3232817457446737
86 212 0.5898410408003598
86 215 -0.5463128017451855
87 90 0.12915621895712337
87 254 0.7888156635792911
87 257 -0.04895153999079005
87 260 -0.38348316977249297
87 263 -0.7728799118668661
87 267 0.9834892748892905
87 270 0.09792904465412233
87 273 -0.1279995144127104
87 276 0.6136944952215577
87 278 0.6049907413638509
87 281 -0.7530444195609012
87 248 -0.9322341614377034
87 251 -0.30920334335056454
88 89 -0.8157541792373457
88 182 -0.7660710643527757
88 185 -0.3365287209569645
88 188 0.7782869982101168
88 191 -0.9592280999389586
88 195 -0.45178443898256715
88 198 0.3165849457868146
88 201 0.9555905021417357
88 204 0.6657244391512258
88 206 -0.9336101258665259
88 209 0.8305327177187634
88 176 0.21021486665442035
88 179 -0.3216672188238934
89 90 -0.2123607016094211
89 218 0.8484937162581598
89 221 0.47972995199685786
89 224 0.23077513137602024
89 227 0.422933906165758
89 231 0.18881357622030004
89 234 -0.8338589247361874
89 237 -0.41639363781670724
89 240 0.1977119438991688
89 242 0.0830175272833027
89 245 -0.8839218265814313
89 212 -0.697035332749232
89 215 -0.3823546237417661
90 254 -0.9315272682042108
90 257 0.35987383093616865
90 260 -0.4746184621279883
90 263 0.288587798289077
90 267 0.7139242921573659
90 270 -0.6349483269717595
90 273 -0.6987474817212127
90 276 0.7919834728535271
90 278 0.19011473088105646
90 281 0.8151199011084527
90 248 0.6018445979916813
90 251 -0.7982809425287225
91 92 -0.7670844448407792
91 94 -0.10611275202661163
91 183 0.6655349715779193
91 186 0.07719190522123975
91 189 -0.17789511125952284
91 192 -0.4815955282566047
91 195 0.5848727227878265
91 198 0.6761306507152145
91 201 -0.5780019557644474
91 204 -0.990359381029426
91 206 -0.5387857223697783
91 209 -0.869049424747788
91 176 -0.815907565039959
91 179 0.16316168754774218
92 93 -0.33455681894500566
92 95 -0.2001986868848653
92 219 -0.4997586175411939
92 222 -0.7063809709482898
92 225 -0.5288515407675649
92 228 0.50074436745595
92 231 0.34933239880728295
92 234 -0.21495337221567157
92 237 0.910727834781007
92 240 0.34164463480052976
92 242 0.374678358087877
92 245 0.2846616630759189
92 212 -0.7613847534797105
92 215 -0.09728437493593955
93 96 0.7143758495372583
93 255 -0.6349932623154502
93 258 0.3459376582229241
93 261 -0.25728505817720015
93 264 -0.5558232671733976
93 267 -0.5438930641727144
93 270 0.11573352381417101
93 273 0.32787118303786755
93 276 0.3928003252302952
93 278 0.32477480315508633
93 281 0.5033209320445349
93 248 0.4625796228776953
93 251 -0.10941827693226736
94 95 0.4036416009312209
94 183 0.7731599412282433
94 186 0.04200130633353716
94 189 0.661191712488886
94 192 -0.38838573748054106
94 195 -0.17755478712644468
94 198 0.13696850832391183
94 201 -0.1500607474344493
94 204 0.7641406670427582
94 206 -0.6546959591155297
94 209 -0.929953362987789
94 176 0.3595742895998748
94 179 0.8937922280644532
95 96 -0.1416787849407244
95 219 0.7385668276808324
95 222 -0.68146548383779
95 225 -0.34820475239799387
95 228 0.17760445118079637
95 231 -0.5335212941484613
95 234 0.4927490372880685
95 237 0.7152236842998911
95 240 0.7998549307729963
95 242 -0.9488698822407176
95 245 -0.2681233658132729
95 212 -0.10296206168012145
95 215 0.7415577455029032
96 255 -0.9438347001181422
96 258 0.8162926347835433
96 261 -0.7757439097574268
96 264 0.33985029766836616
96 267 -0.5369368299128205
96 270 0.6447303330996097
96 273 -0.30862166209826336
96 276 -0.20451560638243893
96 278 -0.39749174187864855
96 281 -0.8002033435285041
96 248 -0.149372700876635
96 251 -0.7810312140052336
97 98 -0.29039546155570006
97 100 -0.8794350849214594
97 183 0.6718571699740161
97 186 0.7845240718973947
97 189 0.322668770681372
97 192 0.018227937852203224
97 195 -0.6143692849898788
97 198 0.7742317592712167
97 165 0.0022753910172370606
97 168 -0.08966615381006293
97 170 -0.2825003461736013
97 173 0.9527886532811947
97 176 -0.6306231736368844
97 179 -0.6538841851522268
98 99 -0.8689875768260513
98 101 -0.5966310956292185
98 219 0.21329196979738474
98 222 -0.4566689404381117
98 225 -0.9711501863278449
98 228 -0.8926927622950847
98 231 0.7050119209966303
98 234 0.10373191590956443
98 201 0.7913128306606407
98 204 -0.7536352534444701
98 206 -0.07315270459977774
98 209 0.9065496150522947
98 212 -0.42480119299200014
98 215 0.37172689067059905
99 102 -0.9610013774736967
99 255 -0.0412007212693597
99 258 0.3149318422180698
99 261 -0.795141897507613
99 264 -0.9665979635568325
99 267 -0.4787264757028842
99 270 -0.008174709442639205
99 237 -0.5938230480366526
99 240 -0.3695100347637499
99 242 0.2935949205798343
99 245 -0.8908776715877447
99 248 -0.7314572423227987
99 251 -0.0522358987789695
100 101 -0.034408673302902315
100 183 0.0920129581267195
100 186 0.08615566699701716
100 189 -0.7132056349941374
100 192 0.8101519806930786
100 195 -0.30731600518732094
100 198 -0.6246777571871152
100 165 0.04376566045209729
100 168 -0.37044796796779034
100 170 0.48174130655959946
100 173 0.8047776139597653
100 176 -0.49951771985293214
100 179 0.5882043151523959
101 102 0.2985183886455156
101 219 0.3325018543898377
101 222 0.9788375693684181
101 225 0.9036689299351146
101 228 0.5072515364274255
101 231 0.10497491560153405
101 234 0.7563840795154231
101 201 0.5270804875603596
101 204 0.6144420994919071
101 206 -0.9567772096434481
101 209 -0.33768804408357345
101 212 -0.4251900506516302
101 215 0.7415845574352753
102 255 0.6422068999457526
102 258 0.7438419536517309
102 261 0.43662088321499515
102 264 0.8193029718433069
102 267 -0.42394313599784184
102 270 0.40955566758765616
102 237 0.5960295257283375
102 240 0.9255902952482071
102 242 0.9524471966795005
102 245 0.6882519091777981
102 248 0.24939597820388415
102 251 0.25684404653993576
103 104 -0.1541698876082236
103 106 -0.20800776469652438
103 183 0.5149192931947977
103 186 0.7417384211492855
103 189 0.23471659012587898
103 192 0.8631530293683463
103 195 -0.14024278343425278
103 198 -0.7476178535289577
103 165 0.09805482057726622
103 168 0.7561146259665237
103 171 -0.9246474448146269
103 174 0.6149337920330284
103 177 -0.9950829219848762
103 180 -0.007819884333163607
104 105 0.26821955427121424
104 107 0.2839583597540907
104 219 0.11021343201415679
104 222 0.10855049101434
104 225 -0.1958836468359837
104 228 -0.5383504828805075
104 231 0.11566599289675028
104 234 -0.2576511024953041
104 201 0.40368484561501616
104 204 -0.43610381554513866
104 207 0.8439067076124336
104 210 -0.508164955786576
104 213 -0.6184855604988708
104 216 -0.9430289210858198
105 108 0.49047959945236186
105 255 -0.13794538771399845
105 258 0.685301438594911
105 261 0.6928143367723956
105 264 -0.3715127876538393
105 267 -0.10667988289573227
105 270 -0.8293070391206023
105 237 -0.47666498769898324
105 240 0.9310074957882941
105 243 -0.3183230833294748
105 246 -0.14028522005422572
105 249 -0.10808575949735566
105 252 -0.8346102170881575
106 107 0.12503104901199302
106 183 0.4117101325633259
106 186 -0.21010836309200598
106 189 -0.38482061900792486
106 192 0.6229334234878792
106 195 0.8495915575603932
106 198 0.2496562551105317
106 165 0.7954685743067431
106 168 0.20664903844304483
106 171 -0.8002775607773163
106 174 -0.8319696623839583
106 177 -0.5329704557744797
106 180 0.8831893424240809
107 108 0.4003739229373786
107 219 0.31649301833699606
107 222 0.7108288041096367
107 225 0.9192346551927975
107 228 -0.8892658361577486
107 231 -0.2992543563653449
107 234 -0.11076070393401904
107 201 -0.007195978598985908
107 204 0.5138516017586359
107 207 0.7729179181428099
107 210 0.6344842065865091
107 213 0.346997095935738
107 216 -0.17300582644145224
108 255 0.8379127371679493
108 258 0.3102868169886863
108 261 0.7278952094271252
108 264 -0.8791306206918539
108 267 -0.42964542757488755
108 270 0.9039472729853291
108 237 0.09133960595229462
108 240 -0.7862823076823366
108 243 0.6164917926918518
108 246 -0.6603954560412562
108 249 -0.9444696967760124
108 252 0.9255962414156598
109 110 0.08004507652949644
109 112 -0.3135261518897192
109 183 -0.014229308104100724
109 186 -0.4983472970253062
109 153 -0.7549249203662594
109 156 0.09393457005889028
109 159 -0.2791368995242782
109 162 0.5697363405049158
109 165 -0.829357377297949
109 168 0.2582280855941166
109 171 -0.37170655069863656
109 174 -0.438940954302768
109 177 0.058783414520259925
109 180 0.547773684692423
110 111 0.04533728815673377
110 113 0.6415619668511436
110 219 -0.06468033322023281
110 222 0.039794813152301156
110 189 -0.7822277127159201
110 192 -0.8584110279322004
110 195 -0.05656114614044583
110 198 0.19688069325486857
110 201 0.6231415304032997
110 204 -0.636761325480208
110 207 0.3864376612978062
110 210 -0.005894175178124295
110 213 0.2832423258029799
110 216 0.8639109806197933
111 114 -0.19087168507315644
111 255 0.673619056184446
111 258 -0.1721941938393925
111 225 0.510282056600746
111 228 0.3372018687241891
111 231 0.48514868629939123
111 234 0.45703376714004706
111 237 -0.5517844931191911
111 240 -0.1084688583801321
111 243 -0.8895540080393485
111 246 -0.47546308833178563
111 249 0.5068127115673002
111 252 0.9765439552713786
112 113 -0.5720617769279106
112 183 0.35670399821538834
112 186 0.6021658981380476
112 153 -0.2248195915142832
112 156 0.052715703099113886
112 159 0.0016656254703921736
112 162 0.7072827762277341
112 165 -0.7162113243274184
112 168 -0.43742431032357953
112 171 0.9091512472669674
112 174 0.935038792260471
112 177 -0.3044421255763863
112 180 0.22136212813113576
113 114 0.688265870161971
113 219 -0.4412705390068157
113 222 -0.25343097539845316
113 189 -0.2012056257443311
113 192 -0.7689176881538846
113 195 -0.07547389403091143
113 198 -0.5784404735826638
113 201 0.45553976302519406
113 204 -0.6906315957469582
113 207 0.42373954444517836
113 210 -0.12186094902824074
113 213 0.6373197955928269
113 216 -0.7983515170038253
114 255 0.22719923041058387
114 258 0.3873538509973329
114 225 0.5190474896884973
114 228 0.1810172763452642
114 231 -0.14447026933132112
114 234 0.042832109592273016
114 237 -0.21618378383086534
114 240 -0.15859754709412677
114 243 0.7796591503353103
114 246 0.927253919835098
114 249 -0.4239444005974369
114 252 -0.6102106933837812
115 116 -0.35235479064443864
115 118 -0.04180686532929001
115 183 -0.8746006481480422
115 186 0.9267710762906243
115 153 0.5365796064865624
115 156 -0.5808694498545657
115 171 -0.01909737782533716
115 174 -0.8724908132574236
115 177 0.7100553638636515
115 180 0.17119831518779827
116 117 0.9808182576042566
116 119 -0.873789543809127
116 219 -0.9530334220536574
116 222 -0.978126227044404
116 189 -0.29171385255148174
116 192 -0.8383548604246622
116 207 -0.7563311340987624
116 210 0.19715946132828654
116 213 -0.03202826743185572
116 216 -0.6340010987046005
117 120 0.4100415390087182
117 255 0.6531118839504175
117 258 -0.5497018829177853
117 225 -0.1784942266325975
117 228 0.0023352689240243585
117 243 0.9585965284645364
117 246 0.8166531053272132
117 249 0.7756072165713561
117 252 0.16295774447224365
118 119 0.6827020669258104
118 183 -0.597459210823998
118 186 0.6526715234855751
118 153 0.007983663736110591
118 156 -0.20189524343190723
118 171 -0.5049326483899244
118 174 0.65537979357708
118 177 -0.7737992049840987
118 180 0.4047940437858828
119 120 0.07082653507535808
119 219 0.9416092665692559
119 222 -0.5556320196817002
119 189 -0.9019247245389324
119 192 -0.2254449646011738
119 207 -0.8775719729990996
119 210 0.6050144487536457
119 213 0.8918411526845642
119 216 0.17690576326897833
120 255 -0.04398578872275971
120 258 -0.6886693753401756
120 225 -0.17909069071576678
120 228 0.10042263771915239
120 243 -0.7074956156583705
120 246 0.14832144148103343
120 249 0.864559308695386
120 252 0.09306032772246242
121 122 -0.2987519000361929
121 124 -0.955468027290113
121 183 0.5551627929673282
121 186 0.0800435329092144
121 189 0.7856844702124801
121 192 0.7249728995701652
121 207 0.16550611927932768
121 210 0.6318631563078703
121 177 0.6178827315786357
121 180 0.9312063776647346
122 123 0.07154419395696454
122 125 -0.08077375849697055
122 219 -0.672924977046568
122 222 0.9402607450836988
122 225 -0.8350750118373669
122 228 0.7479832722872861
122 243 -0.36015773680320806
122 246 0.8520154380238889
122 213 -0.8598953325901753
122 216 0.2963943993547291
123 126 -0.6057629708066234
123 255 -0.08310163518085822
123 258 -0.8436579320865902
123 261 0.581541140736819
123 264 0.5470235305099667
123 279 0.410075013823046
123 282 -0.9651727755364841
123 249 -0.3129245632951212
123 252 -0.3390570290166821
124 125 0.29010014129513384
124 183 0.5361891754439347
124 186 -0.9648552654169877
124 189 0.0508857032512271
124 192 0.35874696986878796
124 207 -0.26911130160498264
124 210 -0.1010602966671652
124 177 -0.5651360089198367
124 180 0.2800216926726531
125 126 -0.6594212107676358
125 219 -0.7692434595969231
125 222 0.4008855043959092
125 225 -0.4695526988018177
125 228 0.43040603348037676
125 243 0.15972938617681565
125 246 -0.5089258174920162
125 213 -0.5323817124857475
125 216 0.2279346636675772
126 255 -0.414938677175545
126 258 -0.4397708782771852
126 261 -0.8680652724192295
126 264 -0.6036345145975899
126 279 0.2820717123875729
126 282 0.06966316958610408
126 249 0.9985681599632381
126 252 0.9813319924395683
127 128 -0.19888036470364145
127 130 -0.2484049047317456
127 207 -0.3116511388989096
127 210 0.42759328370046923
127 177 -0.9530070038127294
127 180 -0.5554815368584793
128 129 0.058880951179974605
128 131 -0.3606731590148873
128 243 -0.012540251577424888
128 246 -0.4937575820866762
128 213 -0.6282093617507616
128 216 0.029112014375353157
129 132 -0.4160986818468053
129 279 0.7883764109400118
129 282 -0.5916103776742461
129 249 -0.3996746697955966
129 252 0.5335718958558879
130 131 0.9877789229623659
130 207 0.82339652308613
130 210 -0.24972045189584313
130 177 -0.46215300398692216
130 180 0.7270357619293093
131 132 -0.4851455375699971
131 243 -0.8640888948114172
131 246 -0.36018945736805397
131 213 0.02696966616276053
131 216 -0.14278163042623748
132 279 -0.8651534811607857
132 282 0.4170540565153309
132 249 0.5831797299047456
132 252 0.8585987032102542
133 134 -0.3165885039636054
133 136 -0.8733500596252055
133 171 0.6267321230509932
133 174 0.7116377735580568
133 177 -0.36911109736510994
133 180 -0.1160138131912225
134 135 0.26514309029762373
134 137 -0.10045022123132918
134 207 0.972664831309779
134 210 -0.6490075428768245
134 213 -0.694854468156811
134 216 -0.11695718182563453
135 138 -0.6086009706274178
135 243 -0.05255354340453233
135 246 -0.3551174985692227
135 249 -0.17036955390240993
135 252 0.027520661735121354
136 137 0.4519130872596935
136 171 -0.04423173768635458
136 174 0.9726574748490429
136 177 -0.9271758109756012
136 180 0.4196650362306502
137 138 0.8301652717869126
137 207 -0.22022528028544297
137 210 0.524082481550963
137 213 0.600083132443276
137 216 0.714284819430171
138 243 -0.4349595625657843
138 246 -0.708653133876449
138 249 0.5745342567138507
138 252 0.08348093845304971
151 152 -0.7813267199823495
151 154 -0.470224734811842
152 153 0.7126764759957336
152 155 -0.5519755359844623
153 156 0.9315736695213326
154 155 0.6029981628773164
155 156 -0.782259265074827
157 158 0.21350087698113662
157 160 -0.04144582140810904
158 159 0.5164608340032715
158 161 -0.4659587183137279
159 162 -0.09186046458684372
160 161 -0.4512540113460366
161 162 -0.0641963230938134
163 164 -0.18984017043947365
163 166 0.8674896420784708
164 165 -0.09295485641395151
164 167 0.6584999707940431
165 168 0.5329650729543514
166 167 -0.2847180241840124
167 168 0.18714808580550568
169 170 -0.6370201199950665
169 172 -0.9955575208122738
170 171 0.7533128106969171
170 173 0.00199403867329484
171 174 0.32092175597520356
172 173 -0.3412808734997661
173 174 -0.4807725190087062
175 176 0.2867426146431076
175 178 -0.6300521786435724
176 177 0.32805813832940456
176 179 -0.4158632857790143
177 180 0.28212454612410265
178 179 -0.5429876583876236
179 180 0.4390949549409904
181 182 -0.7858321459169402
181 184 -0.6059564185084796
182 183 -0.20203133487204106
182 185 -0.43703069258023164
183 186 -0.4252529793797708
184 185 -0.8829932055918701
185 186 -0.4189660296472224
187 188 0.2216214362270199
187 190 -0.977605184337744
188 189 0.8481562338944093
188 191 0.3014542762338397
189 192 -0.6499632261415176
190 191 0.8946034771419904
191 192 -0.967999920717389
193 194 -0.09358954112855233
193 196 -0.03811626159475101
194 195 0.9016528108872288
194 197 0.6428095466916341
195 198 0.9595590333185564
196 197 0.7474453494554727
197 198 -0.5819432560332725
199 200 0.9564380618399786
199 202 0.5936013983199702
200 201 0.6133406954066152
200 203 0.10577499911272681
201 204 0.6510758205195915
202 203 -0.35107503187839395
203 204 -0.5280601860478993
205 206 0.34106935513958914
205 208 -0.5491248173454177
206 207 -0.1401560291301085
206 209 -0.9210122466211943
207 210 0.027039694170531536
208 209 0.31028500944917536
209 210 0.6312955972967143
211 212 0.2697412598367186
211 214 -0.835044411534108
212 213 -0.9500623731816593
212 215 0.060698181085922176
213 216 0.2363278977783514
214 215 -0.5717038851873799
215 216 0.5010197600793562
217 218 0.5032919033929613
217 220 0.8062262215290397
218 219 -0.21619446504363538
218 221 -0.4277855401921491
219 222 0.9028189317816471
220 221 -0.9423801103311944
221 222 0.04688162994668765
223 224 -0.6516043104785536
223 226 0.7972378630395209
224 225 -0.35120730439802195
224 227 0.537916808371721
225 228 -0.4750231583120379
226 227 0.04115185955222289
227 228 0.5501421399124062
229 230 0.9392427416246696
229 232 0.5348555090770108
230 231 0.08976187504950883
230 233 -0.10996938304480142
231 234 0.8574658511968201
232 233 -0.26813376077216033
233 234 -0.47003798476174974
235 236 -0.942819912831079
235 238 0.8180250249114893
236 237 0.6732890795767381
236 239 0.7191597193607318
237 240 0.3665363356973328
238 239 -0.4714029493275371
239 240 -0.8904042360506388
241 242 -0.08915522597688774
241 244 0.9418453030071658
242 243 -0.7743848037494341
242 245 -0.02616874825973059
243 246 -0.6366689284251053
244 245 -0.03216784341917012
245 246 0.6948085633835974
247 248 0.9055137613713773
247 250 -0.4480725441353264
248 249 -0.678617137014756
248 251 0.4015715063789358
249 252 -0.07996536835074886
250 251 0.18837910719259532
251 252 -0.34446218560687547
253 254 -0.19194086721048187
253 256 -0.22972926182785458
254 255 0.7587405888148568
254 257 -0.34861031184513447
255 258 0.39790126041536555
256 257 0.3255264547355985
257 258 0.29710278102847276
259 260 -0.8199663358771083
259 262 -0.37334952062709625
260 261 0.23204071599230391
260 263 -0.6730673157444835
261 264 -0.04097036483171168
262 263 -0.5944144164803837
263 264 -0.21169688616697835
265 266 -0.07237226157812904
265 268 -0.3279703392526818
266 267 -0.5370059087177983
266 269 -0.3583197661157125
267 270 -0.5402541872674997
268 269 0.7578859486332676
269 270 -0.2712021769099715
271 272 -0.9790481901435617
271 274 -0.42690876395096544
272 273 0.1577831630677382
272 275 -0.6886152830257828
273 276 -0.595641606840583
274 275 0.5464247575928853
275 276 0.2603366013652222
277 278 0.30409962699751003
277 280 -0.1275123924787407
278 279 0.7056594626905188
278 281 0.5553777182525648
279 282 0.27739744587838255
280 281 0.5473921456711393
281 282 0.2195566922583394
