# 
7 7 1.958542076476455
8 8 -0.371702443779661
9 9 2.389963938092051
10 10 -0.9239833353981588
11 11 -3.349255132565051
12 12 -1.9954451258465067
13 13 -3.493260837135913
14 14 2.634647119261775
15 15 -2.1826164845853553
16 16 -2.360593826406295
17 17 2.9151798732507537
18 18 0.5493411891662001
19 19 -0.008913972005936799
20 20 -2.3527906247320907
21 21 -0.20002550473614278
22 22 2.735983198983625
23 23 1.127859118842264
24 24 -2.240787898920564
25 25 1.6107193489940563
26 26 3.727234092485718
27 27 -2.493681365502532
28 28 1.2162503140664134
29 29 -1.782903541117176
30 30 -2.7987274003758955
31 31 3.782002206782958
32 32 0.7288316925721761
33 33 -0.785667242622778
34 34 2.1044961516382044
35 35 2.9665519032555565
36 36 -1.8414944250989933
37 37 0.3286610904812317
38 38 2.0655608519189617
39 39 2.324672385055851
40 40 -1.5593286169877931
41 41 -2.1121193542096863
42 42 0.6793318790067984
43 43 -2.113273480846104
44 44 -2.9316985747766955
45 45 -2.319223321490761
46 46 -3.9450913815350486
47 47 1.5543429342830537
48 48 0.6141125793819002
49 49 3.589932227891639
50 50 3.012782150719631
51 51 2.349282467053177
52 52 2.1190606194918207
53 53 2.4734148184299514
54 54 -1.2976474891483205
55 55 -1.0224906984874957
56 56 -2.9080831385450185
57 57 0.6858136278939844
58 58 -1.9847064390719478
59 59 3.4648615205113007
60 60 1.418016503704921
61 61 -0.9212853651984618
62 62 -0.7446991824924627
63 63 1.0034771993465164
64 64 1.9946915252835744
65 65 0.4893759264867974
66 66 -0.8134653259097586
67 67 -3.3981372112903614
68 68 3.662180515629119
69 69 -2.601423279277925
70 70 0.39019508330294705
71 71 1.8080612517747232
72 72 1.3840636606607397
73 73 -2.033312618512169
74 74 2.969128113920144
75 75 -3.224575849763373
76 76 -0.42385815985946707
77 77 -2.9700123382516965
78 78 -1.7303748375441845
79 79 -3.270893740181969
80 80 0.657964183526567
81 81 -0.9537112893690818
82 82 1.8189204438481648
83 83 2.3837242524700413
84 84 -3.6995636543314285
85 85 -0.7399144294522362
86 86 -1.6240072420891947
87 87 -1.870611910387157
88 88 3.83576094091058
89 89 0.3050734932656729
90 90 3.592837239184239
91 91 -2.1857206445785886
92 92 -2.8482179281299587
93 93 0.2976568096703591
94 94 3.9742240377729354
95 95 -3.3361943674338788
96 96 -1.8081747460443127
97 97 3.952230596882642
98 98 3.3944219184374624
99 99 2.2416849884470658
100 100 -3.133574072517095
101 101 1.6549428792096554
102 102 1.0147329037567179
103 103 -1.9584530355526786
104 104 3.6212802341553125
105 105 2.3331040057125954
106 106 -0.4192034924118495
107 107 2.3159653967963116
108 108 0.22624168651933463
109 109 -2.2844093125723743
110 110 1.7502535372000647
111 111 0.05662427365586975
112 112 2.659867178299802
113 113 -1.280694534691074
114 114 -3.5693735952865744
115 115 0.8619123316911494
116 116 -0.5429674667897224
117 117 1.4103450314211736
118 118 -0.15338529567063297
119 119 3.1498395639714216
120 120 0.29287320962319807
121 121 -1.0040020618737238
122 122 3.4990291003278866
123 123 -2.210268277841484
124 124 0.1153081615612912
125 125 0.9136288188166448
126 126 3.2788826314261836
127 127 -3.122897107415583
128 128 1.2640050840599963
129 129 2.691215047354551
130 130 -3.2070991935712536
131 131 2.5716663745881467
132 132 3.153795760981585
133 133 3.0752451311063274
134 134 -2.808676151545977
135 135 -3.832692485077435
136 136 -2.2544024921828862
137 137 3.0709396929736776
138 138 0.3201487673347767
151 151 -3.5355995208083764
152 152 -2.778599033848959
153 153 0.6817271322622611
154 154 3.9329094170163597
155 155 -2.823319422880422
156 156 -1.310777233207534
157 157 0.0026601098679917
158 158 -1.3558614686378956
159 159 3.7459740621979893
160 160 -2.1471410402225404
161 161 0.7934437359498521
162 162 -1.3082293255321753
163 163 -1.0407447940926122
164 164 -3.417208496220539
165 165 -1.61326047074843
166 166 2.426945918189488
167 167 -1.4138888659016917
168 168 -2.804621934110047
169 169 -3.9607977126176497
170 170 -1.9214909418069137
171 171 -0.731886897088752
172 172 -2.3458203232881534
173 173 2.6466713709050325
174 174 3.722282268364003
175 175 1.455506189195031
176 176 1.2594642414924495
177 177 -0.41117427314735266
178 178 -2.354257432110842
179 179 -0.9986509556804819
180 180 2.239286026911304
181 181 0.08040824602238406
182 182 -2.42257278084956
183 183 1.184886994027095
184 184 3.4048218564659987
185 185 1.9684093836781793
186 186 -2.0258794961181072
187 187 0.11183751117489216
188 188 3.085670768686154
189 189 -3.111377281076593
190 190 3.745456937662893
191 191 -1.5562675977353768
192 192 1.8738272557785791
193 193 0.828671690703211
194 194 2.0658104992989594
195 195 2.627749720723293
196 196 -3.347100258839186
197 197 0.501935449528701
198 198 2.523080022407883
199 199 -2.550758518856197
200 200 2.1305182167556618
201 201 1.2694964158542668
202 202 2.4712268598299536
203 203 3.795767143577635
204 204 -0.6341931664876119
205 205 -2.4295278092222468
206 206 1.296529879372211
207 207 3.335926546176875
208 208 3.700797026678895
209 209 -0.6410448519940557
210 210 -1.3833177619413597
211 211 -1.5080183215479481
212 212 -1.1692005690494716
213 213 -2.844396613553629
214 214 0.3365037005831546
215 215 -3.6937400609270705
216 216 -2.9471005864264965
217 217 0.9324839931067359
218 218 3.03481396609675
219 219 -0.8230968079272305
220 220 1.033661333692769
221 221 1.1768078901614558
222 222 -3.2307714784246215
223 223 -0.41689275974382856
224 224 -1.8617341194219534
225 225 1.5148000904790067
226 226 -3.868049022462256
227 227 0.08233166393383318
228 228 1.7068187811762972
229 229 0.9355900010641545
230 230 -2.8888612581652353
231 231 -3.4459167777818482
232 232 1.234110009580827
233 233 -0.3472199400989604
234 234 -2.5219382418145635
235 235 -1.3471818149363441
236 236 -1.7935577762340875
237 237 -0.3120490575985313
238 238 -3.3943396880823338
239 239 -3.414171952499415
240 240 3.633363413614095
241 241 1.496480133481528
242 242 1.6941154599098045
243 243 2.5052414029777355
244 244 0.7204555784125866
245 245 -2.244292497649665
246 246 3.694071755592071
247 247 1.6582847991109109
248 248 0.4769208506758007
249 249 -3.7842424689563536
250 250 2.8410170383034172
251 251 -1.107724784927087
252 252 0.4616600128100714
253 253 1.451441494835831
254 254 2.8072231835703496
255 255 0.9317534439661825
256 256 -3.625720612455293
257 257 0.4996910134335515
258 258 1.1375367231740148
259 259 2.871312332464507
260 260 0.19745186432123418
261 261 -2.900610089600381
262 262 2.407104521435068
263 263 -2.7675563355835484
264 264 0.27504672654789086
265 265 -1.6360816306879036
266 266 -0.4040639749930506
267 267 0.7710170763815727
268 268 2.946151749479389
269 269 1.2394495125091485
270 270 -3.1696337107581085
271 271 0.13720829039421023
272 272 -0.7699750838857815
273 273 3.129523244584057
274 274 -0.8279260841654414
275 275 2.3492052679268376
276 276 0.8431333387147406
277 277 -3.3055953307670514
278 278 0.7048183289106467
279 279 -1.491410368674078
280 280 -1.0141687838984987
281 281 -2.7170107422612606
282 282 -0.44407780041788847
7 8 0.2602234227612512
7 10 0.0007941631683738848
7 157 0.9529956256568473
7 160 -0.658195620216038
7 163 -0.6044196185503949
7 166 0.594655179706358
8 9 -0.8429967134562826
8 11 -0.28407154444864324
8 193 0.6444789369561172
8 196 0.5605421883861335
8 199 0.13805122524057056
8 202 -0.19834921942831674
9 12 -0.39982387100428984
9 229 0.6275083055824089
9 232 -0.6676667813895156
9 235 0.182520608951793
9 238 0.54674497139653
10 11 0.30678494879966345
10 157 -0.7788095344042454
10 160 -0.5224259569441625
10 163 0.07973476851472494
10 166 -0.17121659566885494
11 12 -0.0200909567522074
11 193 0.6252742851495241
11 196 0.3654214997444769
11 199 -0.8897991878931784
11 202 0.7599391902554875
12 229 0.738283316295697
12 232 0.6569912868919132
12 235 0.8347130293934721
12 238 0.07361298085534851
13 14 -0.1510618718889647
13 16 -0.41795608572630005
13 193 0.6766619894263066
13 196 -0.32686480345462776
13 199 0.7241417639057293
13 202 -0.5576387120200499
14 15 0.258580465658913
14 17 0.8065564298274615
14 229 -0.11892096664063856
14 232 0.03077330681224688
14 235 0.30617659056360025
14 238 0.3056673805492265
15 18 0.6639081772493372
15 265 -0.4298704106878317
15 268 0.9237371432547203
15 271 -0.5237334532107221
15 274 0.3245593520201582
16 17 0.8779657762603263
16 193 -0.06925149894633642
16 196 0.06051431088481518
16 199 0.9341878738276508
16 202 -0.11471972679565745
17 18 -0.7053746601498241
17 229 0.9937169522065179
17 232 0.2158003631034091
17 235 0.2748315297084749
17 238 0.8948399980422119
18 265 0.9412529558980385
18 268 -0.38440537379641904
18 271 0.43724415203767086
18 274 0.7184302682635488
19 20 0.6099940109279061
19 22 -0.3045571301658345
19 181 0.37651106635001197
19 184 -0.6520531675035479
19 187 0.45467002671240864
19 190 -0.46781377636534915
19 193 -0.10576793778116444
19 196 0.2856349017334334
19 199 0.38377472569346227
19 202 -0.5273099009326168
20 21 -0.7133915643781146
20 23 0.17537278305401283
20 217 0.8868689819594151
20 220 -0.6760258230694065
20 223 0.7955816309335833
20 226 -0.7902067110017676
20 229 0.23488893880630046
20 232 0.36453034605405854
20 235 0.14338446977446306
20 238 -0.8246043517160968
21 24 0.8511522295408667
21 253 0.8974678153004496
21 256 0.7258867103385158
21 259 0.40522482743898425
21 262 0.2915580803111668
21 265 -0.92821005808854
21 268 0.18908509909474325
21 271 -0.40847785272716886
21 274 -0.6827331733319035
22 23 -0.7176185133411503
22 181 0.9788008309522791
22 184 -0.9709579652529794
22 187 -0.195414176209614
22 190 -0.5751680070167753
22 193 -0.9841003504168806
22 196 -0.9894691199991588
22 199 -0.9283631835238806
22 202 -0.25834929860791767
23 24 0.20415373346671828
23 217 -0.6124623417293531
23 220 -0.9535133440432482
23 223 0.9513881823626105
23 226 -0.7051527111571019
23 229 0.2855998320457984
23 232 -0.22495957158321778
23 235 -0.26212105890097814
23 238 -0.3207034832117486
24 253 0.9704708435674432
24 256 0.9342933008751662
24 259 0.9917477861726145
24 262 -0.35002155330678764
24 265 0.39719555674987683
24 268 0.5162014000138953
24 271 0.32139678778643055
24 274 -0.9857829711490473
25 26 -0.44868804596194445
25 28 -0.9441490147719531
25 181 0.9728352861194656
25 184 0.8845352902980903
25 187 -0.4180112114557879
25 190 0.9950473063292016
25 193 -0.29986440349802446
25 196 -0.43144792571142787
25 163 -0.8035278805833912
25 166 0.03040305032588808
26 27 -0.6511433122091577
26 29 -0.4627303773943481
26 217 0.6075556213048137
26 220 -0.052892606545063225
26 223 0.034927297661695
26 226 0.83917773487525
26 229 0.3212961898229618
26 232 0.21922244142186842
26 199 -0.22303616915226332
26 202 -0.4426597889332946
27 30 0.6838968542821342
27 253 0.3856620996770923
27 256 -0.2203872573373853
27 259 -0.45457865134183173
27 262 -0.1378847116316011
27 265 -0.2117354133287206
27 268 0.38585662179181046
27 235 0.8883870164883414
27 238 -0.07153183576978184
28 29 0.47458087680625205
28 181 -0.43413115724761586
28 184 0.8155331950796236
28 187 -0.12887813455081232
28 190 0.03134172738771035
28 193 -0.5192410825833618
28 196 0.770114824865836
28 163 0.03779055646664431
28 166 -0.7545531101016552
29 30 0.1745666735694782
29 217 -0.5624186454102285
29 220 0.5887815702053845
29 223 0.1250349967055766
29 226 0.9283322225986541
29 229 0.8814555166274318
29 232 -0.5669408104910811
29 199 -0.6855839154737247
29 202 -0.40278665981336426
30 253 -0.5483410464990897
30 256 0.396505818419967
30 259 0.6120504831022286
30 262 -0.053780516772101716
30 265 0.9373923682352174
30 268 -0.1714357751706943
30 235 0.22334301645711285
30 238 -0.42376878557981534
31 32 -0.43117925733694795
31 34 -0.211085935186337
31 181 -0.32552979055618336
31 184 -0.7484872779999991
31 187 -0.967215715575906
31 190 -0.5260343587979108
31 193 0.38008318706813005
31 196 0.6455700817567487
31 163 -0.7900067784263944
31 166 0.7532886429410617
31 169 0.0865138072642817
31 172 0.32668053301935474
31 175 -0.292464734718038
31 178 0.9858490422072648
32 33 0.6656744462573887
32 35 0.6642948049609911
32 217 -0.18216909790127467
32 220 0.20937436191540004
32 223 0.13914534827571412
32 226 -0.04594215383678346
32 229 -0.9777027792695583
32 232 0.6227424923115137
32 199 0.9360837568769582
32 202 0.7632109079323453
32 205 0.5981180207499086
32 208 0.26540193674290347
32 211 0.5730531356711606
32 214 0.10262154028433423
33 36 -0.2578833432584393
33 253 0.2548758848057937
33 256 -0.7599411451624731
33 259 0.7195571099516027
33 262 -0.057464697750579274
33 265 0.28876697726910905
33 268 0.8679076217519341
33 235 -0.4445533269918096
33 238 0.5063296390701344
33 241 -0.7896908603094921
33 244 -0.6815349629167546
33 247 -0.8434956412103423
33 250 -0.8930816030465412
34 35 0.3211721646379908
34 181 0.8557959550117318
34 184 0.455890814507663
34 187 -0.27968957449022436
34 190 0.28506489245715017
34 193 0.9579302674843819
34 196 -0.1166687301809044
34 163 -0.5413670320179094
34 166 -0.099170051040947
34 169 0.1418900784049617
34 172 0.47595792827159866
34 175 -0.3103659559315861
34 178 -0.08487648724355856
35 36 -0.44037178687908773
35 217 0.3864634885447238
35 220 0.307991428451196
35 223 -0.47739568647211916
35 226 0.8190680138438948
35 229 -0.9590359478620358
35 232 -0.131662343121556
35 199 0.38323112666820647
35 202 -0.768956996647479
35 205 0.4963181816597597
35 208 -0.6573588832646728
35 211 0.806736164030545
35 214 0.5616247048926282
36 253 0.8896997331699552
36 256 -0.5341642173526535
36 259 -0.623137296782442
36 262 -0.9774012924958662
36 265 -0.3701776138235586
36 268 -0.9486844443984488
36 235 -0.6119182305764459
36 238 -0.8550121317834378
36 241 0.3624602764938225
36 244 0.7921729553341128
36 247 -0.8625814167869128
36 250 -0.8780594328393831
37 38 -0.9639466240201178
37 40 0.6980537125021062
37 181 0.012217171111159608
37 184 -0.12282812001059651
37 151 -0.28768085552526546
37 154 -0.05224663660787687
37 157 -0.7423150698939589
37 160 0.648888544058049
37 163 0.4894774567177016
37 166 -0.6410116102401839
37 169 0.5537496396300567
37 172 0.7120338326188731
37 175 -0.6314750956709474
37 178 -0.552396527477679
38 39 0.4799081726498966
38 41 -0.1469939295979954
38 217 0.2615741864782746
38 220 0.7668082036446868
38 187 -0.6492229450987106
38 190 -0.24184094284362745
38 193 0.2158998055429786
38 196 -0.7513646865652153
38 199 0.48236442186249007
38 202 -0.17589592571790758
38 205 -0.4223275015132466
38 208 0.18047496287736609
38 211 0.7873436045016806
38 214 -0.42652994915215414
39 42 -0.6228473856225587
39 253 -0.8988297288323028
39 256 -0.7900211412405802
39 223 0.5165456986285981
39 226 0.08586879329915109
39 229 0.334215157365114
39 232 0.6101272818246424
39 235 0.9447204479822782
39 238 -0.9142004930791743
39 241 -0.38244095817642854
39 244 -0.04006075714120749
39 247 -0.36442932672227024
39 250 -0.29910743981970334
40 41 0.07638713392164242
40 181 -0.4798064497659065
40 184 0.2902060821493593
40 151 0.754048705879077
40 154 -0.11958742225687957
40 157 -0.9095602324613081
40 160 0.6211698222698603
40 163 0.4334230900414966
40 166 -0.7632460005450987
40 169 0.7057533134018306
40 172 0.05245188369311271
40 175 0.6523890200803302
40 178 -0.6724544424948034
41 42 0.3513594361439085
41 217 0.5040265210317716
41 220 -0.24248787761490442
41 187 -0.1665159479773919
41 190 0.9853950079005764
41 193 0.8409446897855455
41 196 -0.17335101720780544
41 199 0.22580126416391844
41 202 0.6309751806913715
41 205 -0.3088289980786787
41 208 0.9056215010087434
41 211 -0.13556650676732995
41 214 0.01977040037594313
42 253 0.14360492096431043
42 256 0.5645376555507904
42 223 0.30398898098289906
42 226 -0.24486391689259435
42 229 -0.5953789780463965
42 232 0.6233146768578142
42 235 -0.3169128894509947
42 238 0.9587674268480635
42 241 -0.8997810503533719
42 244 0.20138234249763376
42 247 0.2639608385091481
42 250 -0.37949180254072234
43 44 0.7407841165957763
43 46 0.7580025791310641
43 181 -0.9750559011487177
43 184 -0.8421582004773023
43 151 0.7343383004787352
43 154 -0.4437034895452199
43 158 0.3614113067585627
43 161 -0.9171532456706226
43 164 -0.3320253097000363
43 167 -0.11252290923528285
43 169 0.7393395272437504
43 172 -0.5535716330059448
43 175 0.025048139334352904
43 178 -0.7521459836915798
44 45 0.7844172969214289
44 47 -0.7757025224286496
44 217 0.18231630714290725
44 220 0.16813298051245362
44 187 0.4824701673522882
44 190 -0.647214388550708
44 194 0.8374159216089159
44 197 0.8558451946598749
44 200 -0.8211595145603796
44 203 -0.7709266743261947
44 205 -0.4291279369666767
44 208 0.5802163891512326
44 211 0.14923368418157557
44 214 -0.04925239342905119
45 48 -0.7788282424683048
45 253 -0.7057105956711613
45 256 0.253975281195149
45 223 0.556830317949248
45 226 0.2201265396465497
45 230 -0.14006572739090273
45 233 0.23126260534365084
45 236 -0.2563291386117621
45 239 -0.17703881482547934
45 241 -0.6136701855465163
45 244 -0.0899670725957522
45 247 -0.6014660656661066
45 250 0.6277301098182257
46 47 -0.25456120955771167
46 181 0.9855965312320032
46 184 -0.791307439404406
46 151 -0.6275314616155296
46 154 0.3312777442082786
46 158 0.6929088708300721
46 161 -0.5354457807292301
46 164 0.6319256496000754
46 167 -0.4384716481908304
46 169 0.39702437059324525
46 172 -0.31264246192341494
46 175 -0.03276856346219281
46 178 -0.9642109110150541
47 48 0.8620425767734119
47 217 0.45766007911904905
47 220 0.8277954511265553
47 187 0.7740204855332837
47 190 -0.08839740709822674
47 194 -0.1968092752221553
47 197 0.20779855939189829
47 200 -0.5358864297370571
47 203 0.47422923499320535
47 205 0.2751814952495606
47 208 -0.3889139464969231
47 211 -0.9804092996501121
47 214 0.04855291533588302
48 253 -0.04380742265455684
48 256 0.7509825082359467
48 223 -0.8522497223522372
48 226 0.2568353689607479
48 230 -0.02697242084699858
48 233 -0.7321898805938465
48 236 -0.9258399375392616
48 239 0.9600120671453183
48 241 -0.9362221110807012
48 244 0.6283228194552257
48 247 0.788764836526523
48 250 0.23660788713687486
49 50 -0.6933923338432517
49 52 -0.2079158348239305
49 181 0.8150993704610936
49 184 -0.6780293767680243
49 187 -0.6710247033481809
49 190 -0.6830114472673539
49 194 0.6432637406336195
49 197 0.8444239658561465
49 200 -0.9508999827306284
49 203 -0.6239765541796103
49 205 -0.3223750285440774
49 208 0.02672264822981485
49 175 -0.6179510202137906
49 178 -0.633463191735093
50 51 0.3814683449452714
50 53 0.36864750259930856
50 217 -0.7651032688495358
50 220 0.06437218580316739
50 223 0.8864910297750679
50 226 -0.27568791298810935
50 230 0.47573673689441787
50 233 0.2666215181962317
50 236 0.10269958491117404
50 239 -0.1419756725496868
50 241 0.2329160674219437
50 244 -0.23179075606620847
50 211 -0.44011837495362394
50 214 0.3121446338542704
51 54 0.22595366178158538
51 253 0.4297371007044424
51 256 -0.6069393367693598
51 259 -0.047992740330900174
51 262 0.9876713848637819
51 266 -0.588833811156517
51 269 -0.386900940372072
51 272 0.7619759810631745
51 275 0.5450932381008822
51 277 0.44731924726811134
51 280 0.9112290607902775
51 247 0.03142701764107336
51 250 -0.9337416606120144
52 53 -0.1335066313810136
52 181 -0.5802304091462258
52 184 0.9998096292144709
52 187 -0.20389256729809446
52 190 0.7982555906940851
52 194 -0.7107662846294207
52 197 0.8495156896534906
52 200 0.7049530499769456
52 203 0.5039823137301591
52 205 0.8463921697964958
52 208 0.9687034292830028
52 175 -0.5589413988307312
52 178 -0.6747759252527856
53 54 -0.17563861184854357
53 217 -0.16918332430002003
53 220 -0.4983174476965957
53 223 0.7788254027019452
53 226 -0.18210613066264747
53 230 -0.4980372550538483
53 233 0.4693737872249326
53 236 -0.39211563804600424
53 239 -0.49906420612874336
53 241 -0.19528752950741057
53 244 0.6272818887317204
53 211 -0.9987992614067356
53 214 0.835893704446903
54 253 0.7397511637359282
54 256 -0.2809910946705094
54 259 -0.7094995611496138
54 262 0.2015390097675347
54 266 0.0890263683702106
54 269 0.9493695804143674
54 272 0.1423593237644074
54 275 0.7204679790948343
54 277 -0.8546054328043793
54 280 -0.018439201343910083
54 247 0.7487984527617415
54 250 -0.6525887251319806
55 56 -0.072422485818461
55 58 -0.7495269182607454
55 182 -0.23059859408285233
55 185 0.22767160493728378
55 188 0.31693492614088314
55 191 -0.3443778284117942
55 194 0.28480758887447566
55 197 0.9371354260529585
55 200 -0.2834373588451822
55 203 0.5793652348337528
55 205 0.7829165767213264
55 208 -0.33787702335063674
55 175 -0.49921591429866163
55 178 0.4797836064724157
56 57 0.5780596302425105
56 59 0.7283075442951519
56 218 -0.686930460856608
56 221 0.6908390467780725
56 224 -0.18889920611439215
56 227 0.11361179024813373
56 230 0.5611296576836775
56 233 0.8294247445229599
56 236 0.34017056110698896
56 239 -0.2444665732204383
56 241 0.2589177637006883
56 244 0.6671849075977654
56 211 0.2512617911410979
56 214 0.7544529047408108
57 60 -0.8091680394081062
57 254 0.35524561835068424
57 257 0.6919939686929226
57 260 -0.14491629531937988
57 263 0.9649451989750735
57 266 -0.35090236453170354
57 269 -0.8437136494993651
57 272 0.47728985109937705
57 275 -0.930266174115224
57 277 0.7740216587390076
57 280 -0.19144828263709157
57 247 -0.48042833455127965
57 250 0.32045753439549385
58 59 -0.5601900675655842
58 182 0.5326887468450177
58 185 -0.6306990603960516
58 188 -0.7412914917287929
58 191 -0.1506622346090838
58 194 0.4013842444696385
58 197 0.8719813388402287
58 200 0.7943077048447051
58 203 0.7033923059533043
58 205 0.5438550583305899
58 208 0.05890666571425607
58 175 0.9188740704037879
58 178 0.46264172113961566
59 60 -0.44959747483744095
59 218 0.7839572532716879
59 221 0.3403754072206626
59 224 0.6688724017309355
59 227 0.5932682197983041
59 230 0.05692775932849381
59 233 -0.429559445322941
59 236 0.13692546515894533
59 239 -0.08473757733307719
59 241 0.7011398532576281
59 244 -0.6305339899323648
59 211 0.31755959796092736
59 214 0.03114980766069486
60 254 0.20762577448149222
60 257 -0.8583583203800087
60 260 0.4210457381012267
60 263 0.10060126264120495
60 266 0.17251003641500495
60 269 -0.35132942832846226
60 272 0.7311148348218965
60 275 -0.7101826401296483
60 277 -0.919092222765834
60 280 0.5874343100274846
60 247 -0.7727504201949122
60 250 -0.2193224013451487
61 62 -0.7323091157818267
61 64 -0.006045220522189254
61 182 0.6995106963376168
61 185 -0.570873947688439
61 188 0.09950117614571985
61 191 0.4458252264187126
61 194 0.6775260993142551
61 197 -0.13328029352657023
61 164 -0.6708055061334861
61 167 0.5409263749667412
61 169 0.8588237072986726
61 172 -0.5039022217683979
61 175 0.9890368013554407
61 178 -0.5438752479453517
62 63 -0.4017116041841524
62 65 0.9334044939333033
62 218 -0.3508489857351551
62 221 0.46271311342144283
62 224 -0.7215560892450683
62 227 0.1468644203910685
62 230 0.27683536492331906
62 233 -0.4525568062776384
62 200 -0.43959385590033007
62 203 -0.7114136254549568
62 205 0.2988780204292336
62 208 -0.9220649479641081
62 211 0.5131886028397827
62 214 -0.9270576388532605
63 66 0.06829713522503211
63 254 -0.7757227077292328
63 257 0.30207598565813965
63 260 -0.5761496633164227
63 263 0.6103935837561649
63 266 0.488325720214418
63 269 0.9478287919038264
63 236 0.6841711015430176
63 239 -0.8043392994877596
63 241 0.6747555962033362
63 244 0.8077383780936407
63 247 -0.42255090225902614
63 250 -0.7764280371189198
64 65 -0.8330191329832741
64 182 0.9812671064694685
64 185 0.9348545364463223
64 188 0.19317952928452242
64 191 0.3749373392308002
64 194 0.8125274196012451
64 197 -0.5646859445684655
64 164 -0.28612660650596666
64 167 -0.6673695498068566
64 169 -0.2682606535860108
64 172 0.06287843280974958
64 175 -0.10386402714385223
64 178 0.4420080168113225
65 66 -0.5746217983861155
65 218 0.9619489331810469
65 221 -0.038846011030843286
65 224 0.6229811020216778
65 227 0.683154984832903
65 230 0.7589679574102446
65 233 -0.706071019828814
65 200 -0.5983060926719872
65 203 -0.32901233165554333
65 205 0.02192920508112528
65 208 -0.32635340906337396
65 211 -0.8048945203467253
65 214 -0.7821506726619962
66 254 -0.6964077026560249
66 257 0.5316383800719853
66 260 -0.2986607012501248
66 263 -0.9816097476593022
66 266 0.023311189996864323
66 269 -0.6284931528549762
66 236 0.9536722929909578
66 239 0.4226414251302353
66 241 0.5894942896303377
66 244 -0.00941114396124254
66 247 0.9761020820854667
66 250 -0.0448769677087999
67 68 0.6387581167477878
67 70 0.7240055040635016
67 182 -0.128642086939859
67 185 -0.3902573269701026
67 188 0.5591085366466082
67 191 -0.7860344897046478
67 194 -0.6457888947178838
67 197 -0.24864163049702026
67 164 -0.9741943035848484
67 167 0.9675044343492427
67 170 -0.5236980405386282
67 173 -0.911641990569535
67 176 0.7229065322954586
67 179 0.28291192955313305
68 69 -0.7048129832636836
68 71 -0.1807915082179712
68 218 0.6329881317625312
68 221 -0.8082918038178506
68 224 0.940782021074372
68 227 -0.22175411413293777
68 230 0.08292561089523676
68 233 -0.07925593233706829
68 200 -0.41097112908299693
68 203 -0.005477414162172067
68 206 0.914145306637381
68 209 0.9084242491806191
68 212 0.9853066411094626
68 215 -0.059130559090042834
69 72 -0.5065922793210262
69 254 0.9859707038571222
69 257 -0.7730257317839886
69 260 0.9341676895875228
69 263 0.734778283553192
69 266 -0.5475239758537194
69 269 -0.9758065855023839
69 236 0.09396637269485231
69 239 -0.8902230945588347
69 242 0.5965317902237539
69 245 -0.284474956682893
69 248 -0.6323331964538161
69 251 -0.8844246911231761
70 71 -0.4138810898756178
70 182 -0.6061839859318483
70 185 0.9298287146497168
70 188 -0.05562155582880912
70 191 0.5988278231473623
70 194 0.18639438337362346
70 197 -0.456048466163105
70 164 -0.4423711844950158
70 167 0.7695306111768394
70 170 0.39940607678745765
70 173 0.4197226614318357
70 176 -0.3708871592251952
70 179 0.8282184032726669
71 72 0.8720034153994445
71 218 -0.795437442451713
71 221 -0.8827423582380998
71 224 -0.37474859248986525
71 227 -0.3147916785269145
71 230 0.29482545387963044
71 233 0.3242576947915605
71 200 -0.05727250424817032
71 203 0.20349859311925034
71 206 -0.7834118941217998
71 209 -0.8985174884586355
71 212 -0.5216217014609725
71 215 0.8016625033064921
72 254 0.48556932473270664
72 257 -0.2517897660640578
72 260 0.26238659910434037
72 263 -0.1313695122051799
72 266 -0.9391920768469109
72 269 0.0851707311979748
72 236 0.9180689870149665
72 239 -0.22679325708137577
72 242 0.7192762051274975
72 245 -0.03977786141225237
72 248 -0.5301507370050083
72 251 -0.569473823072969
73 74 -0.1395416903302933
73 76 0.2949570394616119
73 182 -0.8133485647178738
73 185 -0.8456103738745229
73 152 -0.5642429840956735
73 155 -0.9438737835938613
73 158 0.7588813242781856
73 161 0.44769674485630584
73 164 -0.46758161922731056
73 167 0.5128221119357093
73 170 -0.12805124211635843
73 173 -0.22034160786306956
73 176 0.008891517144286265
73 179 -0.17112101026533888
74 75 -0.2838830374170729
74 77 -0.26551716825380756
74 218 0.7982916094971151
74 221 -0.6633765314519651
74 188 0.6789779908601192
74 191 0.4310246094364658
74 194 0.8280169898463869
74 197 0.6961633380800507
74 200 -0.040811129706463944
74 203 0.6526817042790869
74 206 -0.7908579233412267
74 209 -0.3039921370981309
74 212 0.33401335591438985
74 215 -0.5809939424165884
75 78 0.8998477095755839
75 254 -0.7857253377088755
75 257 0.5794742755479971
75 224 0.0021052575660767125
75 227 0.12859308249318424
75 230 0.5477219301495648
75 233 0.8718053218579149
75 236 0.5203656665398235
75 239 -0.4677924155286355
75 242 -0.2939255612288476
75 245 -0.05276882619247236
75 248 0.44532341979313306
75 251 0.49328362783642565
76 77 -0.6689264166564084
76 182 0.49364285236107497
76 185 0.9722727547324923
76 152 0.5765201290397393
76 155 -0.4145887398581496
76 158 -0.5030590886163728
76 161 -0.3050585810017803
76 164 0.6680323384035749
76 167 0.2892815203918284
76 170 0.1939766960169631
76 173 -0.8580568399822863
76 176 0.6393798619770703
76 179 0.36544914728350375
77 78 -0.28020094060762446
77 218 0.2504595732801562
77 221 0.9159642916445421
77 188 -0.3706316629996891
77 191 -0.6227484778275592
77 194 0.8854275880233438
77 197 -0.954344129166486
77 200 0.9120439381131338
77 203 0.2986470896169633
77 206 0.697529236130281
77 209 0.10091205142849802
77 212 0.7948511559480371
77 215 0.22353010900135173
78 254 -0.8914718562632953
78 257 -0.23080462192143036
78 224 -0.3999314935113958
78 227 0.8511491894071563
78 230 -0.2175642246938605
78 233 0.532331215042769
78 236 0.6180659286327799
78 239 -0.6665281521903594
78 242 0.08678514641426682
78 245 -0.44850263173912963
78 248 0.5077940754773553
78 251 0.5268631428636177
79 80 -0.8133207003782161
79 82 -0.4961232315365449
79 182 -0.9136125384196947
79 185 0.23539427227413023
79 152 -0.3351436827841092
79 155 -0.3850697519413704
79 159 -0.43685271596270003
79 162 -0.7570665742625566
79 165 0.1823008570284712
79 168 0.4456495998085164
79 170 0.5700857621875688
79 173 -0.060334219284554624
79 176 0.8165276436764046
79 179 -0.6620515049685947
80 81 0.39565093573310506
80 83 0.07702875300524958
80 218 -0.9730691518108341
80 221 0.8389871848107695
80 188 -0.8271545628494805
80 191 -0.8872530596520689
80 195 0.46756470323983335
80 198 -0.6322184188037749
80 201 0.4281264755591918
80 204 -0.32228564568099993
80 206 0.1820388198274263
80 209 -0.10612790316744958
80 212 0.6763070484917111
80 215 0.7784544897890515
81 84 -0.7644065699403129
81 254 0.31446689991826626
81 257 -0.025444102645550748
81 224 0.45068795753858404
81 227 0.3039437925469963
81 231 0.3749713099303349
81 234 0.5041158219028115
81 237 -0.01887248697860855
81 240 0.19764208076666545
81 242 0.9602269946869124
81 245 0.23403656175351006
81 248 0.12043574271730573
81 251 -0.9896472510713863
82 83 -0.9190649641713553
82 182 0.21842909053195614
82 185 -0.43829425435665414
82 152 -0.1848974892520887
82 155 -0.7000673509158595
82 159 0.04479969760295677
82 162 -0.6325762108898529
82 165 0.18065393796857387
82 168 -0.9670367082410813
82 170 0.8502442866699345
82 173 0.9516769382774042
82 176 0.4930495112908606
82 179 -0.21455961265504686
83 84 0.23882426643150723
83 218 -0.7562459013643832
83 221 0.6072568101209339
83 188 0.5552749794074885
83 191 0.11845692756927151
83 195 0.2526232043465362
83 198 -0.36843715525322884
83 201 0.36204701142642626
83 204 -0.35817205056317314
83 206 -0.9843120442782798
83 209 -0.5211900797592963
83 212 -0.7797704960306442
83 215 0.46059995152280875
84 254 0.9404686120842831
84 257 0.6156727434670652
84 224 0.5865526822803795
84 227 0.935605815985163
84 231 0.1544411007655393
84 234 0.2117001562270473
84 237 0.03606913141024304
84 240 -0.3191619266073049
84 242 0.5098596499441559
84 245 -0.20352865336176107
84 248 0.9200550475361315
84 251 0.9701231932357428
85 86 0.6229237162498436
85 88 0.7233168661137432
85 182 -0.15741089696849064
85 185 -0.5559959357639936
85 188 -0.07101397423591882
85 191 -0.32522793828419716
85 195 0.09270528377404674
85 198 0.30758124140265575
85 201 -0.3717481093323687
85 204 -0.18679988845462026
85 206 0.24884097595926224
85 209 -0.2982767275182179
85 176 0.21191212042763863
85 179 0.7929224464495874
86 87 -0.3412145917261835
86 89 0.02552296814248911
86 218 -0.23097154943160558
86 221 0.6522686237805739
86 224 -0.43672508282408806
86 227 0.10450517603633602
86 231 0.3374181330220438
86 234 0.20263130939509622
86 237 0.2902728133171584
86 240 0.6728598461150463
86 242 0.6794048432525677
86 245 -0.844567226019272
86 212 0.28677520832602266
86 215 0.6782613945047624
87 90 -0.7744089961227281
87 254 -0.4826390823706772
87 257 0.8663580780313909
87 260 -0.1623755403552365
87 263 -0.7791236477844952
87 267 -0.9714103357295836
87 270 -0.9354417754936217
87 273 0.629033055839251
87 276 0.5667255799506827
87 278 -0.6017250226792266
87 281 0.3246779870715202
87 248 0.2766316800355222
87 251 0.7982036238352661
88 89 -0.9703251036385998
88 182 -0.043713289282271806
88 185 0.7659302848063436
88 188 0.01486155855202509
88 191 -0.2156921605076325
88 195 -0.054310032346478465
88 198 0.3415288821133542
88 201 -0.528069177212042
88 204 0.49413531066578265
88 206 0.8746184769336118
88 209 0.42379540106918534
88 176 0.32690740283242037
88 179 0.16819616681003313
89 90 0.5975682659269972
89 218 -0.5444765584393689
89 221 0.16634927801533705
89 224 0.6447232224357546
89 227 0.9058703606240537
89 231 -0.03242394099738899
89 234 0.8499363267266553
89 237 -0.5440109754764806
89 240 -0.778748289949148
89 242 -0.23860115162043227
89 245 -0.8253413827494054
89 212 0.23854753056801026
89 215 0.05225927336079028
90 254 0.6162712403278201
90 257 -0.4130252053367649
90 260 0.24214484162464034
90 263 0.44955699807144
90 267 0.9935283605968344
90 270 -0.29128167516049763
90 273 -0.1927432714482471
90 276 -0.15273992913297763
90 278 0.8626883947162376
90 281 0.5794841948594025
90 248 0.7209251422058824
90 251 -0.20535619075436684
91 92 -0.5296173839072702
91 94 0.9641895493879613
91 183 -0.9379543222898956
91 186 0.5972474780610739
91 189 -0.5691156967207742
91 192 -0.2200001569777188
91 195 0.9858494445192454
91 198 0.8046626596936572
91 201 0.5229255772481118
91 204 0.06741276486320791
91 206 -0.01906287772202564
91 209 0.7614247801562857
91 176 0.9812940012692808
91 179 -0.30339072006595424
92 93 -0.12860979859775346
92 95 -0.6952425630528198
92 219 -0.32145731148214174
92 222 -0.43206317709108033
92 225 0.40060960998561845
92 228 0.32034637881359873
92 231 -0.1890492252410676
92 234 -0.7738674248833197
92 237 0.943754989166826
92 240 0.4907511842522214
92 242 -0.12326753761150355
92 245 0.3116161101748378
92 212 0.5011582124612866
92 215 0.6270071229916891
93 96 0.6909754326871513
93 255 -0.3959362462009741
93 258 -0.2228288186732612
93 261 0.7652740430697202
93 264 0.9151755232839098
93 267 -0.8678083080131511
93 270 -0.6814730159997242
93 273 -0.5075188928560543
93 276 0.20712596026135177
93 278 0.272328698739448
93 281 0.344810661301179
93 248 -0.3592529764696015
93 251 -0.4269518876769516
94 95 -0.3374532825886971
94 183 -0.5858731666423167
94 186 -0.4387804010612004
94 189 0.3362249054752746
94 192 -0.4316481925805329
94 195 0.7736525137352666
94 198 -0.9306415203980267
94 201 0.8614912168319844
94 204 -0.3815640976909058
94 206 0.48887161336581175
94 209 0.8281874228366295
94 176 0.1968482524219315
94 179 0.07414429656299992
95 96 -0.5463959961301266
95 219 0.6456838765099047
95 222 -0.7414926916776836
95 225 0.19182616822655918
95 228 -0.8027722096857721
95 231 0.5360155966558733
95 234 -0.2459998796398486
95 237 -0.3157817187672347
95 240 -0.31674831422470073
95 242 -0.7731636413246956
95 245 -0.6695972806778798
95 212 -0.6342927124043845
95 215 -0.9002192592740361
96 255 -0.5246682927049562
96 258 0.5347772093871976
96 261 0.15062897799846264
96 264 -0.4549133444357638
96 267 -0.1350424858609689
96 270 0.015322767977649976
96 273 -0.20112030167356765
96 276 0.5215296126560864
96 278 -0.02628238341640876
96 281 0.23802162006645733
96 248 0.7312187601809679
96 251 0.9085085852477555
97 98 -0.9198924302896918
97 100 -0.06592403926504709
97 183 -0.47704806572846636
97 186 0.5670397342990823
97 189 -0.2384436809827164
97 192 -0.8406226577681852
97 195 0.9760541245543666
97 198 -0.9990566535740271
97 165 0.31211424679801936
97 168 -0.11010192389921047
97 170 -0.41640742732482905
97 173 0.524032650356903
97 176 -0.23998007484195472
97 179 -0.0659340599621907
98 99 0.04193398298218698
98 101 -0.745298935989529
98 219 0.17179270261509294
98 222 0.8131913658673604
98 225 0.8340036122160805
98 228 0.008463157772158558
98 231 0.34812140423057314
98 234 -0.500814809788801
98 201 -0.7438009449204603
98 204 0.20286863819389822
98 206 0.8358843717144131
98 209 0.8157606637967996
98 212 -0.044769634890063914
98 215 0.018011120022920046
99 102 0.2811239142977511
99 255 0.5071305257498508
99 258 -0.4529910368980219
99 261 0.1959362774601099
99 264 0.1389635436237897
99 267 0.7373769499694052
99 270 -0.4223594617362785
99 237 0.47821801236555994
99 240 -0.6721140587658541
99 242 0.6152832465994338
99 245 0.5571994722167957
99 248 0.589708185045986
99 251 -0.19714304041521036
100 101 0.171601092717923
100 183 0.7674328490206872
100 186 -0.34459834052166705
100 189 -0.5667326718922303
100 192 0.6883474701086107
100 195 0.9401185372706742
100 198 0.9250448507586524
100 165 0.7936775574262136
100 168 -0.6936967566641834
100 170 0.5221257931606897
100 173 0.46832099732734567
100 176 -0.7441180469913089
100 179 0.022695361355339783
101 102 -0.7818248593185109
101 219 0.6326214293079429
101 222 0.9670431927901075
101 225 -0.7144151870085418
101 228 -0.6745377022622794
101 231 -0.2670207740699957
101 234 0.14957950534818365
101 201 0.6086121027344003
101 204 0.9549313835975077
101 206 0.761254554509712
101 209 -0.1946952481282338
101 212 -0.8736238528563065
101 215 -0.19983303908803562
102 255 0.5844711489700802
102 258 0.09528351803236279
102 261 0.5097527654958331
102 264 -0.08958705622925178
102 267 -0.1259964824836295
102 270 -0.3600792807533615
102 237 -0.902585680819938
102 240 0.7738101453269173
102 242 0.2711496379897842
102 245 0.2613819399571966
102 248 -0.7193280558903103
102 251 -0.661817042744876
103 104 -0.55530077710281
103 106 -0.26599145924368095
103 183 0.3445183029739216
103 186 0.18359931122987105
103 189 -0.8724399722336555
103 192 0.6532141995472593
103 195 0.14749781179765797
103 198 -0.6702810310515506
103 165 0.40902319557313516
103 168 0.515515593999675
103 171 -0.7784344059374311
103 174 -0.45505488955855133
103 177 0.5286089040389188
103 180 0.07597863810390337
104 105 -0.36821622881838767
104 107 -0.3695576668142859
104 219 0.5333971905410737
104 222 0.9759880873430677
104 225 0.15988022183227435
104 228 0.7269914695492998
104 231 0.28728670255670186
104 234 0.49155554468473595
104 201 0.7279397269889074
104 204 -0.983683555701377
104 207 0.8610435714075209
104 210 -0.496963180367038
104 213 0.8282593091561634
104 216 -0.7708017440540671
105 108 0.43077190743573324
105 255 -0.350881857386127
105 258 0.7249552935792789
105 261 -0.15489562179157268
105 264 0.6987677195445001
105 267 -0.7722268694957266
105 270 0.12884133509118278
105 237 -0.8225291539682309
105 240 -0.34125648912127504
105 243 0.6990933316949057
105 246 -0.37835303201061476
105 249 -0.1810589568763743
105 252 0.9689433083676615
106 107 0.18300100501824645
106 183 -0.290972071049848
106 186 0.5846374325230452
106 189 -0.2199907894135522
106 192 -0.46096961915079215
106 195 0.6451349266392687
106 198 0.5940416805280131
106 165 0.8765221742688662
106 168 0.3074530843368317
106 171 0.6399592686592674
106 174 0.035158053154586755
106 177 -0.07367583398487909
106 180 0.1813261260278718
107 108 0.3500866499948707
107 219 0.21436948232100517
107 222 0.8652110224266261
107 225 -0.7293392140816883
107 228 0.8343709291233441
107 231 0.077436927070619
107 234 0.6044311967968963
107 201 0.6578485288148952
107 204 0.8946485088335165
107 207 -0.609613944637222
107 210 0.009270744675833109
107 213 -0.9663979411955033
107 216 -0.5632395482914645
108 255 -0.7853408336425589
108 258 -0.8272768589364463
108 261 0.37240651032531824
108 264 0.980557737864066
108 267 -0.1780228175883125
108 270 -0.0492273197179538
108 237 0.17455668569965233
108 240 -0.5739425188247598
108 243 0.5358129209832874
108 246 0.5865034285975868
108 249 0.9820639827877373
108 252 0.7768168650636915
109 110 -0.3167054462308272
109 112 -0.401647692707374
109 183 -0.7230735096237759
109 186 -0.7061684207590837
109 153 0.1354026711165064
109 156 -0.42088015198415873
109 159 0.7975280469784432
109 162 -0.7817961966995497
109 165 -0.8549244149811195
109 168 -0.44679676592540685
109 171 -0.9191283662784286
109 174 0.9767087035860567
109 177 0.21632746633594424
109 180 -0.24507685652440014
110 111 0.24239315549341534
110 113 0.963145350753781
110 219 -0.5346291533194731
110 222 -0.8954800664149409
110 189 -0.7722248434547321
110 192 0.7250678899022738
110 195 -0.222161583847992
110 198 -0.7042860764728225
110 201 -0.8332802415319334
110 204 -0.14998256532892218
110 207 -0.5611387862234036
110 210 -0.6034892018663485
110 213 -0.3198214891154365
110 216 -0.7803995991003365
111 114 0.6970363609156391
111 255 0.0625544284022248
111 258 0.03457976516182315
111 225 -0.1883049221987212
111 228 -0.20673469152342605
111 231 -0.379212560532185
111 234 0.8839791080991413
111 237 0.5853791061833629
111 240 -0.10985613051389409
111 243 0.7812889656611968
111 246 0.6781609255738457
111 249 -0.7222974736682526
111 252 0.6470641555405976
112 113 -0.8264293146453292
112 183 -0.9545900415033288
112 186 -0.93352373264041
112 153 -0.3206358617344074
112 156 0.27352811422270884
112 159 0.8627147403581976
112 162 -0.7334936868403499
112 165 -0.624655009013753
112 168 0.1602027663759551
112 171 0.6504984916318932
112 174 0.16415466245595223
112 177 -0.4442046791635603
112 180 0.7291356243802636
113 114 -0.6966016392070367
113 219 0.5758476062597997
113 222 0.43745833757138897
113 189 -0.6200609792604481
113 192 0.8714953581285674
113 195 -0.1548715316407796
113 198 0.26513363008545143
113 201 -0.9373237077300178
113 204 0.12922127490768331
113 207 -0.7790858763877258
113 210 -0.25255328255850173
113 213 -0.5522230483535508
113 216 -0.4077207912440084
114 255 -0.721864135655113
114 258 0.8143353153744353
114 225 -0.8923347584358605
114 228 0.8800442637810248
114 231 -0.22710649625546186
114 234 0.37609773370771427
114 237 -0.4617303117959637
114 240 0.8415860344144781
114 243 0.9283069914992033
114 246 0.0343097574872917
114 249 -0.9363402412984545
114 252 0.6837528871658272
115 116 -0.9741190797960524
115 118 -0.01773684761009986
115 183 -0.23215280350858247
115 186 -0.24129117616466633
115 153 -0.006067485288494545
115 156 -0.3063704641355167
115 171 0.3748343569955963
115 174 -0.3740170077912157
115 177 -0.3958203109040732
115 180 0.7029113570695258
116 117 0.9376338464911596
116 119 -0.7860201767771438
116 219 0.7477017499490624
116 222 -0.3538197163237322
116 189 0.216248002453586
116 192 -0.8941295703557213
116 207 -0.6745411058903141
116 210 -0.139801781250245
116 213 -0.9830970867208226
116 216 -0.5747526783374468
117 120 0.08854197007286801
117 255 0.4959051784321975
117 258 -0.4987040084172545
117 225 -0.9393523897990586
117 228 -0.6924303390585649
117 243 0.8163663115776614
117 246 -0.1301994197964127
117 249 -0.06837124439979747
117 252 -0.18599928166840196
118 119 -0.9523399299349999
118 183 0.3933957907709642
118 186 -0.5895740900529343
118 153 -0.5748740921752307
118 156 -0.6448163762914021
118 171 -0.9583359956434794
118 174 -0.18547128480360975
118 177 -0.8964381023534627
118 180 0.9431206613088592
119 120 0.2427525669619326
119 219 0.9077669130259256
119 222 0.8966072131854406
119 189 0.22864129543694744
119 192 -0.4946122123343837
119 207 -0.4845638066200486
119 210 0.8439912843003037
119 213 -0.16599219504463103
119 216 0.6921344516539627
120 255 -0.47285178397561656
120 258 -0.9940485879405008
120 225 -0.102840810864409
120 228 0.8886737815393251
120 243 0.178677126832119
120 246 -0.05337185574332115
120 249 -0.6504512729516385
120 252 -0.6758560059977903
121 122 -0.2602480635578617
121 124 -0.7936632867918809
121 183 -0.7137190047867203
121 186 0.3130551991701529
121 189 -0.10832501647102522
121 192 0.5517473787192062
121 207 0.019966868385723036
121 210 -0.0905064508276554
121 177 -0.5589279167110082
121 180 -0.9378554332511877
122 123 0.43165594312270783
122 125 -0.7976255741535003
122 219 -0.4389360263108646
122 222 -0.3517001696809956
122 225 0.19059012159555389
122 228 -0.8474393854825071
122 243 0.42598658223670727
122 246 -0.0415847967908296
122 213 -0.5874000961989314
122 216 0.5066837814689131
123 126 0.6598374169963628
123 255 -0.8389160922024046
123 258 -0.727519123632661
123 261 -0.801233791417296
123 264 0.948216055300263
123 279 0.7521869281814966
123 282 0.34615803013511437
123 249 0.054198648412758565
123 252 0.9227286931262983
124 125 -0.22249668865697525
124 183 0.32968156899515266
124 186 -0.5388849094316837
124 189 -0.7328613843050293
124 192 0.06534903873258413
124 207 0.659695195049238
124 210 -0.9934063591457223
124 177 -0.9175679166239248
124 180 0.3927236552116129
125 126 -0.3645927880915256
125 219 -0.3799941129428168
125 222 0.24748218265032484
125 225 -0.9083897528938296
125 228 0.44314832335484033
125 243 0.6329160610808395
125 246 0.13732823078721612
125 213 0.6940715523780905
125 216 -0.5865419214523311
126 255 0.017703007575502472
126 258 0.3248890599760361
126 261 0.8410015672485649
126 264 0.608543557505695
126 279 0.0734387600608799
126 282 -0.3069291744660001
126 249 -0.4783569704773647
126 252 -0.7476270599262211
127 128 -0.16762319344605503
127 130 -0.5335179456474597
127 207 -0.6118407014173424
127 210 0.9872915342620618
127 177 0.998587452343223
127 180 -0.00010020558710754912
128 129 0.7155598596008648
128 131 -0.11903862306425195
128 243 -0.6321885292950749
128 246 -0.7123120373132705
128 213 0.8449332929075088
128 216 -0.7809071253311699
129 132 0.7790807080171112
129 279 -0.3574563231654153
129 282 0.06171204069870284
129 249 0.6539151169528259
129 252 0.34204190897275333
130 131 -0.23729427880592424
130 207 -0.6253060032939177
130 210 0.9919708666040388
130 177 -0.27637980828396813
130 180 -0.04586494204395297
131 132 0.05206556827091369
131 243 0.8018909222893142
131 246 0.7853619449401441
131 213 0.6443571641495516
131 216 -0.45939815547796425
132 279 -0.22922372431086702
132 282 0.8488168915787038
132 249 0.22234093222306583
132 252 -0.452623149232513
133 134 -0.2618504918544413
133 136 -0.4394545670080745
133 171 -0.8105125994528077
133 174 -0.6179482313051694
133 177 -0.5729139335927804
133 180 0.5994007913375339
134 135 -0.8595357755273856
134 137 -0.022003822957601615
134 207 -0.01574860529896216
134 210 0.2953869948623522
134 213 0.31317557914271865
134 216 -0.28405335239213003
135 138 0.6482491319552128
135 243 -0.636439296044593
135 246 0.0198667619086923
135 249 -0.8309154663283524
135 252 0.6754827049116228
136 137 -0.5458883990216152
136 171 0.813867109574206
136 174 -0.40381732277096893
136 177 -0.2651994322381712
136 180 0.6385582622198134
137 138 -0.9673647964104493
137 207 -0.33413859691916636
137 210 -0.18208851232232526
137 213 0.08849984389083065
137 216 0.23226038935165327
138 243 0.6081757120310998
138 246 0.1482127273858027
138 249 -0.34411579427818006
138 252 0.5541393103910213
151 152 -0.8110043838219985
151 154 0.47386191951283707
152 153 -0.050704539449132335
152 155 -0.187845767856325
153 156 0.03693491087722278
154 155 0.8062765235096048
155 156 0.8829933319212986
157 158 -0.28954521510199127
157 160 0.4215898243674283
158 159 -0.2965801766725271
158 161 0.6855347600788959
159 162 -0.4301082336970896
160 161 -0.2762679118071687
161 162 -0.5903044734837042
163 164 -0.6503577602168844
163 166 0.6614491030682583
164 165 -0.7901527326517992
164 167 -0.8957841194424634
165 168 -0.8729765886924117
166 167 0.30624906603531965
167 168 0.32620387421933894
169 170 -0.3447376845362289
169 172 0.7656786375309532
170 171 -0.31709781520748526
170 173 0.5216021619417754
171 174 0.86556226884944
172 173 0.9017588245892112
173 174 -0.6590940352039638
175 176 0.6436415626625589
175 178 0.9187151886263818
176 177 -0.943737034117041
176 179 0.04398524299953732
177 180 0.28758937437697285
178 179 0.2532037901108519
179 180 -0.5018044388165457
181 182 -0.6401219544591525
181 184 0.7784742526441195
182 183 -0.959437132363443
182 185 -0.8702438160327199
183 186 0.2867917436721732
184 185 0.02495524396717297
185 186 -0.035973596073110015
187 188 -0.1226800139911366
187 190 -0.9930908165393435
188 189 -0.7859175197147792
188 191 -0.061549260260023164
189 192 -0.9157598238003513
190 191 -0.503996307801619
191 192 0.5364165144094899
193 194 -0.4293718322771831
193 196 -0.7484518341818336
194 195 0.3294612423570491
194 197 0.2512136416888502
195 198 -0.844982734916278
196 197 0.8170918334416966
197 198 -0.9753494750999903
199 200 0.5590410441997637
199 202 0.5947311423962012
200 201 0.8932877749850074
200 203 0.3131825714584118
201 204 -0.9269740250798326
202 203 0.9928816535081895
203 204 0.9072611864812854
205 206 0.5807960088699018
205 208 0.5652580072864994
206 207 0.3550590964782241
206 209 -0.6958630133217045
207 210 -0.5270914512939198
208 209 0.7189342830920511
209 210 -0.10831788440933621
211 212 0.8489081679440695
211 214 -0.5123295678209561
212 213 -0.6785879062806661
212 215 -0.4546191748977537
213 216 -0.6717319371683208
214 215 0.12012039498089622
215 216 -0.5207783349461022
217 218 0.5877705309570442
217 220 -0.30026197095040574
218 219 0.8369069114622278
218 221 0.7190800520158969
219 222 -0.30933727296352176
220 221 -0.11257652669640561
221 222 0.10020854690812198
223 224 -0.7991199537931899
223 226 0.8675565326502226
224 225 -0.3251520640331189
224 227 -0.7624037446573226
225 228 0.12895091154380345
226 227 -0.3092980078548542
227 228 -0.49130775343235733
229 230 -0.5450490643965842
229 232 0.7697114125028479
230 231 -0.1200349607929776
230 233 0.019611203511088027
231 234 0.34303110578014295
232 233 -0.5157710318641353
233 234 -0.6145384417611659
235 236 -0.030638526937239563
235 238 0.10740255270123433
236 237 0.25988567261083695
236 239 0.9089952110683381
237 240 -0.8595411545254745
238 239 0.8936848196698008
239 240 0.03695052612391292
241 242 0.39566035335223027
241 244 -0.09522421656772062
242 243 0.4179368475224139
242 245 0.008231222218628709
243 246 0.5293056180096161
244 245 -0.025639703152037452
245 246 -0.5376612389017652
247 248 0.5777610363113888
247 250 0.20238960121850957
248 249 -0.9896355188846613
248 251 0.10673169896235257
249 252 -0.2669155200980835
250 251 0.8524168450360803
251 252 -0.11197840192298525
253 254 0.08643711369093254
253 256 0.15346382599353814
254 255 -0.9684526450406057
254 257 0.784832304502523
255 258 -0.10393109543016998
256 257 0.832847896082072
257 258 -0.733002082053404
259 260 -0.591123717952488
259 262 -0.2534538788656293
260 261 0.1747322059990628
260 263 0.4598193767564691
261 264 0.13371912521618978
262 263 0.4177151456419783
263 264 -0.7196849176143818
265 266 0.5602722674641252
265 268 -0.655125750716246
266 267 0.26308572107897077
266 269 -0.7870151193381068
267 270 0.6098240487129494
268 269 0.9429320899476152
269 270 -0.06288669581272455
271 272 0.09506894072603078
271 274 -0.188387581623507
272 273 0.8310074125669655
272 275 0.9237693931320108
273 276 -0.25358085247379947
274 275 0.10582802033167882
275 276 0.13902949577963986
277 278 0.14338321103056906
277 280 -0.7158799813202545
278 279 0.46388016898210993
278 281 0.09552218639663401
279 282 0.19673412166354387
280 281 0.9433291776723975
281 282 0.33526711092446004
