# 
7 7 -3.0490573909741556
8 8 -3.562964133668058
9 9 -2.042516861932395
10 10 0.626089193903006
11 11 -2.5995450310572297
12 12 3.3854498595782063
13 13 3.1577975897219286
14 14 2.4174862670078285
15 15 -0.9316573686624636
16 16 -1.6507724094587788
17 17 2.006650414053186
18 18 -3.2127048543307657
19 19 -0.07262086983215887
20 20 1.286698136428016
21 21 -2.160746522488118
22 22 -3.745738901162026
23 23 2.932782642173202
24 24 1.078103561401976
25 25 2.4283216673340933
26 26 1.711065113505085
27 27 -0.6806201484580408
28 28 1.933242011721962
29 29 -1.2357783204355357
30 30 0.8080868031939321
31 31 -1.576128609008257
32 32 2.9584196208299156
33 33 1.3200216487559189
34 34 0.3813632220682148
35 35 -0.6964796037472105
36 36 -1.1062103392610885
37 37 3.7294408083678627
38 38 1.1855277575655583
39 39 0.74365352292594
40 40 2.9647785258453796
41 41 -3.3321072548124615
42 42 2.164128215841175
43 43 -3.504136228462607
44 44 -3.9885324742364023
45 45 -1.648995445950928
46 46 -1.639777438935953
47 47 2.282890052924861
48 48 -2.3707575391982205
49 49 -1.735844106512161
50 50 1.1124257125832324
51 51 -2.455471699434127
52 52 -3.4158019952933927
53 53 1.177871551384861
54 54 -2.2915090187048204
55 55 1.2449845567217164
56 56 -0.48182125587104085
57 57 2.8375867059564888
58 58 0.8728873269443325
59 59 -2.668076473979082
60 60 -3.4252099533047753
61 61 0.6955431432464554
62 62 0.16340115855915016
63 63 1.6483147806454648
64 64 -2.5355111134589023
65 65 -0.6001660865721972
66 66 -0.22987660814811584
67 67 -3.2763705892439345
68 68 2.0514017421208495
69 69 2.4606668804439966
70 70 1.9643696013754424
71 71 3.7992772637561956
72 72 -3.618687376130092
73 73 0.5685738159377625
74 74 -2.038566690118687
75 75 0.9142589907735204
76 76 -0.30029150581030883
77 77 3.1391666966735636
78 78 -0.18319720256656424
79 79 3.3167305108401663
80 80 3.8921355948081056
81 81 2.804806001545047
82 82 -1.7695385075771402
83 83 2.974728953372562
84 84 0.7375074817712362
85 85 3.4392360012693066
86 86 0.7428432140365038
87 87 1.8600645836857748
88 88 -0.4645615596307495
89 89 0.7611017285081436
90 90 2.616309353808086
91 91 2.4106071030335983
92 92 2.1673455325109297
93 93 3.0730398319216805
94 94 -1.0033034570549546
95 95 -0.09880328637112079
96 96 -2.9067809135090634
97 97 -1.912021104649412
98 98 -2.320388291331412
99 99 0.8885643268112409
100 100 -2.7136953517492515
101 101 -1.0533563210954542
102 102 1.2823883336012152
103 103 1.494179639203943
104 104 -0.31613630092889267
105 105 3.560300547866623
106 106 -1.0971076327190339
107 107 -0.5807651353183028
108 108 2.458353595281068
109 109 1.7304130744383137
110 110 -1.4263332839755378
111 111 1.7465166486076864
112 112 -1.7518737526797619
113 113 1.584569563241649
114 114 -3.8514124701813497
115 115 -2.390876327584315
116 116 2.6358354805942534
117 117 -3.1917787273780096
118 118 3.345520536785199
119 119 0.7728541820045809
120 120 2.069914159285326
121 121 3.801445739785339
122 122 0.9658070771234639
123 123 -2.535906019947314
124 124 2.173237694016291
125 125 -3.6447865442024074
126 126 1.3080793537247404
127 127 3.077803847962473
128 128 0.9011606800594265
129 129 -2.891228553988558
130 130 2.359413150993946
131 131 1.8114474821371847
132 132 -0.6028207373704735
133 133 1.1491971344313683
134 134 -0.03087521719441
135 135 -3.9978263717183093
136 136 2.093093998747791
137 137 2.9912674429789012
138 138 -2.277700767916781
151 151 -3.9897409846724
152 152 -3.809414828119005
153 153 1.2405427122875148
154 154 -2.374685549052394
155 155 2.1399949413346633
156 156 2.7043236382205356
157 157 -0.012456065240357361
158 158 2.6509929324922528
159 159 -1.4710927713522182
160 160 -0.8141031231104208
161 161 -0.37079082244812156
162 162 -0.1785348482616893
163 163 -3.2294553812844775
164 164 0.9561005671234195
165 165 2.367175425305147
166 166 -1.8419564955864463
167 167 -2.6039168566626385
168 168 2.941351242291704
169 169 -1.7125021270607546
170 170 -3.508152369846009
171 171 3.0745233818785342
172 172 1.821224008758299
173 173 3.4898638560541118
174 174 0.6132867733010716
175 175 -1.2029878284492534
176 176 0.6301135598740322
177 177 -0.029137070183929303
178 178 0.4458467053658133
179 179 -1.2218224145738432
180 180 -3.4269541084126836
181 181 -2.100038094646523
182 182 0.36965061729574433
183 183 -0.49939145331026324
184 184 3.31302315061924
185 185 3.942289909672974
186 186 2.132263226721501
187 187 -0.15986286370068203
188 188 -3.3573453080868942
189 189 -1.1625352385599426
190 190 3.284909500300021
191 191 -1.680272192847288
192 192 1.5238873863060478
193 193 2.369805215023635
194 194 1.8731731753493328
195 195 -1.0374513270701602
196 196 0.41009316396272233
197 197 -3.924778854495365
198 198 -0.9288097213387365
199 199 -0.7017344754821604
200 200 2.864765809537861
201 201 -1.306620477447531
202 202 3.530000513634528
203 203 1.960320599787475
204 204 -0.38952831013746003
205 205 1.7955355333223872
206 206 0.9074703444131709
207 207 -2.047981165131101
208 208 2.9424118502465912
209 209 -0.6374005509952747
210 210 0.5573868345678035
211 211 1.250713279320073
212 212 -3.1641930031157814
213 213 -3.3798282449894366
214 214 -3.6305714854358566
215 215 2.1135839899603983
216 216 1.7737815776592676
217 217 1.6563999462021508
218 218 -3.6642770791519332
219 219 3.505128551970392
220 220 -1.9321845173533552
221 221 0.12375619084845368
222 222 -1.9050032876880136
223 223 1.5271327504256673
224 224 0.38631719481715443
225 225 -2.2278137499642954
226 226 0.7345197173825007
227 227 2.9964648546053647
228 228 -1.7335901484711842
229 229 -0.44650603227073393
230 230 -2.2607500852099065
231 231 0.02980659474199676
232 232 3.0005417918006962
233 233 -2.7494925401142964
234 234 0.2528564405484044
235 235 -2.801401929899889
236 236 -3.6383757829819032
237 237 0.4018001930685662
238 238 -3.136588523542386
239 239 -0.6695384183026931
240 240 0.581643305902837
241 241 -2.6350738681622197
242 242 2.393666837984015
243 243 -3.487693842391498
244 244 -2.841762926093751
245 245 -1.346413536816252
246 246 -2.9162960845514982
247 247 1.8615229791703145
248 248 0.5906707213111364
249 249 0.5768024248443782
250 250 3.6771185600286973
251 251 1.3947153486901405
252 252 -3.833429626366428
253 253 -0.008001657544349783
254 254 -2.8752537732943306
255 255 -2.867064414206948
256 256 2.048702869355443
257 257 -0.7392349212008424
258 258 1.8349813080293176
259 259 -1.1136197331066358
260 260 1.8595512304621558
261 261 -3.4918212023015283
262 262 -0.6603048992122877
263 263 3.1305574254318698
264 264 2.0495611209575673
265 265 -1.2262013754599188
266 266 0.4731219822486086
267 267 0.3678755458948819
268 268 -2.7755409954684866
269 269 -0.4291259446516218
270 270 3.7260026069653813
271 271 -3.415773747327348
272 272 -1.8595764223174607
273 273 -0.4213452264611188
274 274 1.381501651962405
275 275 3.8200232665620097
276 276 2.3596281223676803
277 277 0.2887417220743256
278 278 0.9334749123025761
279 279 -2.9793091918392296
280 280 -1.9279850930188784
281 281 2.992738805285054
282 282 3.9938255622227974
7 8 -0.3428207098164562
7 10 0.9129454032967117
7 157 -0.7793156531566838
7 160 -0.3669381122966955
7 163 -0.7613732102775543
7 166 -0.9087069092005098
8 9 -0.27812122821467766
8 11 0.6634977562035318
8 193 -0.495998528733923
8 196 0.8714346746966988
8 199 -0.0036640941648666825
8 202 0.7666138550063482
9 12 0.501662098013282
9 229 0.12361253622780555
9 232 0.6981431256487356
9 235 0.41134910393127355
9 238 0.1618965076591603
10 11 0.7663615318749233
10 157 0.02578215478031831
10 160 -0.6722273187623071
10 163 0.825179549451521
10 166 -0.36762953910795915
11 12 -0.9603948996158114
11 193 0.7575713024258588
11 196 0.5639485934237878
11 199 0.9876416556003169
11 202 -0.8720480776314767
12 229 0.3895660199047488
12 232 0.9997599624759148
12 235 0.9653234663338857
12 238 -0.5137262965974259
13 14 -0.4861923082824102
13 16 -0.008493283837406107
13 193 0.5745936599111194
13 196 0.24276355587442255
13 199 0.3880058987478878
13 202 -0.2255002461672131
14 15 -0.7621294383717923
14 17 -0.6315235305544036
14 229 0.47666236429543796
14 232 -0.7365483646684741
14 235 0.9516409585384629
14 238 0.056582854564706464
15 18 0.6724182070714444
15 265 0.6972218458771098
15 268 -0.7209343303904461
15 271 0.8468044671592521
15 274 -0.3401166136271123
16 17 -0.741548577364554
16 193 -0.8086488822645388
16 196 0.9603067793743019
16 199 -0.9548234428394484
16 202 -0.679914442827235
17 18 0.7925281695884616
17 229 0.1750586842126678
17 232 0.5472860309056831
17 235 -0.31037850014136303
17 238 -0.5381865025903527
18 265 -0.5754966429678494
18 268 0.8666681237743497
18 271 -0.5386634355216058
18 274 -0.5907304828580309
19 20 0.5761681136201007
19 22 0.26352995354795294
19 181 0.9318182160646513
19 184 0.45524961050536716
19 187 -0.2960083744321158
19 190 0.9185430262419314
19 193 -0.12643599545575146
19 196 0.6003886469110455
19 199 0.7661097601176476
19 202 -0.7948392953067922
20 21 0.6822737873255638
20 23 -0.7882883991910654
20 217 0.9807494150725504
20 220 -0.6874354982668638
20 223 -0.7435539967689508
20 226 0.8670643367350246
20 229 0.5802903826462762
20 232 0.9554246729350142
20 235 -0.14747233176844454
20 238 0.4194170363917653
21 24 0.8722717952676229
21 253 -0.23798112394772875
21 256 -0.43772674179134796
21 259 0.3669735452142786
21 262 -0.5748552155302238
21 265 -0.9337246334036022
21 268 -0.1258705908264548
21 271 -0.26837768421324015
21 274 -0.5427737095562628
22 23 -0.0692260800651745
22 181 0.7286402498957827
22 184 -0.00036027433274976595
22 187 -0.44020442973632123
22 190 0.3031772297275097
22 193 0.18832332278067931
22 196 -0.2961113206922421
22 199 0.8009907724014338
22 202 0.4804065936537216
23 24 0.7733197087559316
23 217 -0.19936843427816298
23 220 0.6893006375413218
23 223 -0.621647781052098
23 226 -0.5521426220869663
23 229 -0.3981698331135739
23 232 -0.10771323677256683
23 235 0.725371664651878
23 238 -0.2900694598294957
24 253 0.7695752568975338
24 256 0.2868512764195821
24 259 -0.0884631739316859
24 262 0.4380719456110249
24 265 0.775968511436476
24 268 0.715381948325122
24 271 0.3243546107002695
24 274 -0.6761749755668374
25 26 0.37605311722767776
25 28 0.5085040399488563
25 181 -0.08006522768131497
25 184 0.6812264023598189
25 187 -0.3777794222079036
25 190 -0.2746055907499543
25 193 -0.5117347230709115
25 196 -0.5445621259704931
25 163 0.6369978446027098
25 166 -0.3593251546592753
26 27 -0.7063920412086475
26 29 0.13830798466732008
26 217 -0.7136257008195241
26 220 0.7662430262026898
26 223 -0.4909803506015007
26 226 -0.9936486504330424
26 229 -0.8931936193695149
26 232 0.8297416073158554
26 199 -0.9820019824365305
26 202 -0.5385412622799552
27 30 -0.4960265638056043
27 253 -0.9154875921950407
27 256 -0.0925473405861863
27 259 0.05859146074140553
27 262 -0.1809509993015903
27 265 -0.1809584811502154
27 268 -0.009995788475777312
27 235 -0.9645353871596112
27 238 -0.7043704059620863
28 29 0.20138311645305573
28 181 -0.9148830039397895
28 184 -0.31844800040621446
28 187 -0.24518326029257875
28 190 -0.5822857781586737
28 193 0.19029662969733563
28 196 -0.24747393996404798
28 163 -0.46515090781406077
28 166 -0.0399165110804367
29 30 0.9899925352153132
29 217 -0.2993631778932704
29 220 0.5320503284033655
29 223 -0.5689335073030337
29 226 -0.2286952973044818
29 229 0.42011807208464935
29 232 0.10732618284902373
29 199 -0.5900014220217176
29 202 0.5913842613869189
30 253 -0.878271187389875
30 256 0.6193215822983564
30 259 0.510296323535347
30 262 0.011946897327426376
30 265 -0.8377121984655056
30 268 0.2817827157889954
30 235 0.919592330155319
30 238 0.6471677601344399
31 32 -0.4006732476356394
31 34 -0.8490178206205061
31 181 0.9968383476620728
31 184 0.6761229138546405
31 187 0.2016714879205197
31 190 -0.7403646109848891
31 193 -0.6140430122696694
31 196 -0.9811621186892856
31 163 -0.02004376037423361
31 166 -0.08413342638901655
31 169 -0.8554584192740315
31 172 0.7155423798421516
31 175 0.028323186939329892
31 178 0.5495115848365739
32 33 -0.8470545461730519
32 35 -0.8178479346421328
32 217 -0.45861497830688047
32 220 0.6236645219691839
32 223 -0.19248941261704222
32 226 -0.5713339666323425
32 229 0.5464988514633511
32 232 0.6311372504510784
32 199 0.9049218924713502
32 202 0.26785136060313475
32 205 -0.9878023816329535
32 208 0.9230308199299666
32 211 0.6418961962344856
32 214 0.21499231578847167
33 36 0.6312624861794882
33 253 -0.5478464319783138
33 256 0.9127342598389074
33 259 0.2984961358052165
33 262 -0.7041173172721049
33 265 -0.1861890330041649
33 268 0.06745051901715904
33 235 -0.033621879938572796
33 238 0.8408146384792821
33 241 0.2631326927992448
33 244 -0.003449461414102961
33 247 0.13831326079424455
33 250 0.880835989946442
34 35 0.06297125998019726
34 181 0.272987914101938
34 184 0.8112715458746742
34 187 -0.5388855195778459
34 190 0.38067565458342156
34 193 0.08025324581945603
34 196 0.8979464956083036
34 163 0.027211762453639654
34 166 0.7287320791063796
34 169 -0.8996983699980974
34 172 -0.4538318751051946
34 175 0.36363460674451087
34 178 0.571940970489758
35 36 -0.28884807382323885
35 217 0.44693451381631966
35 220 0.44840887153226316
35 223 0.6430491267941048
35 226 -0.01601425132761225
35 229 0.8220807817520719
35 232 0.6162623306048784
35 199 -0.20329653722899788
35 202 -0.21762238704356296
35 205 0.786825265901272
35 208 0.22568223649636843
35 211 0.11026047613980539
35 214 -0.21092229295902842
36 253 0.21472230502518808
36 256 -0.04630632456459827
36 259 0.6674920544089333
36 262 -0.4282520894741433
36 265 0.9214976311709491
36 268 -0.38130822547176213
36 235 0.42248313772912405
36 238 -0.3651709864241446
36 241 0.01725172939383679
36 244 0.8740741951588626
36 247 0.36425851690505184
36 250 0.8752783888428306
37 38 0.8889643458130392
37 40 0.8541099932815732
37 181 0.9176416660130409
37 184 0.7255660704482689
37 151 0.9455109239418296
37 154 0.1794931635909054
37 157 0.813173472366266
37 160 -0.7663822235818951
37 163 -0.1152243901089598
37 166 0.8899199327398934
37 169 0.7926860547931873
37 172 0.9022668482141452
37 175 -0.48181255617675456
37 178 0.15865807581785996
38 39 -0.9631813680385781
38 41 0.19151531066175176
38 217 -0.3501492898933465
38 220 -0.9665991372952873
38 187 -0.24839446024921186
38 190 -0.7566426734187619
38 193 -0.15559207618824344
38 196 -0.061830957247745344
38 199 0.5692050438361753
38 202 -0.38307688613804536
38 205 -0.7333146211862509
38 208 -0.18880853008135046
38 211 -0.4650442121215581
38 214 0.5569143253387077
39 42 -0.8015729403783773
39 253 0.30790120712687163
39 256 0.451313972483375
39 223 0.1599059723883307
39 226 0.667817905487301
39 229 -0.35729943869682423
39 232 -0.826600608368347
39 235 -0.07627442144805774
39 238 -0.3622642259532687
39 241 0.00583350075593847
39 244 0.5658561358675116
39 247 0.410220748308604
39 250 -0.03470751100161307
40 41 0.49188253749464406
40 181 -0.2629682015049244
40 184 -0.6600495533532404
40 151 -0.9925192769267062
40 154 -0.09996903722559125
40 157 -0.8225656676544328
40 160 -0.5592101177381503
40 163 0.34485188751414597
40 166 -0.7296304436289567
40 169 -0.999609607751548
40 172 0.9356793731957211
40 175 0.3875431110317631
40 178 0.5802328552957716
41 42 -0.7884533219927381
41 217 -0.34328315492860995
41 220 -0.9785005943058054
41 187 -0.27282113111222084
41 190 -0.44975988553819746
41 193 -0.8120083206403617
41 196 -0.9835729020169235
41 199 -0.59387219077824
41 202 -0.6379548025717228
41 205 0.17352452728829104
41 208 -0.7491432571898611
41 211 -0.9437063706489155
41 214 -0.6628494607260527
42 253 -0.804822350173795
42 256 0.1753741749522344
42 223 0.011377014742051328
42 226 0.08508374692620757
42 229 0.29197655330738437
42 232 0.9661117271135073
42 235 0.12696576151207117
42 238 -0.2426595979004702
42 241 -0.8978973698557868
42 244 0.02197379055947324
42 247 -0.753880603726562
42 250 -0.4079663268231659
43 44 0.8497519613027935
43 46 -0.09186932037417361
43 181 0.4531661934144835
43 184 0.7027695698435272
43 151 0.9883852131130302
43 154 0.4682964190781922
43 158 -0.5328446896615449
43 161 0.1133021860827248
43 164 0.15408482558489855
43 167 0.2385420699153462
43 169 0.44184037710506296
43 172 0.1097987624303578
43 175 0.6617797792495632
43 178 -0.01097874721761083
44 45 0.38078680504284756
44 47 0.69201429585518
44 217 0.4573127430093744
44 220 -0.06099103381348314
44 187 -0.7221296892381937
44 190 -0.26493798858981643
44 194 -0.2641663135462211
44 197 0.6620167425277923
44 200 0.7632227507526819
44 203 0.850647723171613
44 205 -0.08754854920165611
44 208 -0.2941590880786322
44 211 -0.5651100671345908
44 214 -0.5096268406512001
45 48 0.9071803002209347
45 253 -0.2758720896455249
45 256 -0.47599515385279423
45 223 0.8921848183422703
45 226 -0.059879260131790124
45 230 0.9156033532124379
45 233 -0.13407689722281968
45 236 -0.602351983213737
45 239 -0.7171155458457228
45 241 -0.18065475135421094
45 244 -0.2585493257608744
45 247 0.0614489065770667
45 250 0.47392769869285467
46 47 -0.2734216613889999
46 181 0.03565530501335901
46 184 -0.4210380616757814
46 151 -0.187991963867276
46 154 -0.827993203500391
46 158 -0.22700065292092586
46 161 0.8630249589055385
46 164 -0.9777688055558236
46 167 0.8672118532138697
46 169 -0.09862953348425973
46 172 0.5215010439065055
46 175 -0.3039951967689021
46 178 0.13138630105269344
47 48 0.5908358804157336
47 217 -0.4991694313024395
47 220 0.24901142658846998
47 187 0.5071389221745868
47 190 -0.2719690570005151
47 194 -0.3337574382124793
47 197 -0.7583893898919778
47 200 -0.011962359779204679
47 203 -0.9150621079585595
47 205 -0.1935039183572389
47 208 -0.32570763117861157
47 211 -0.8536140432925963
47 214 -0.9569201609733691
48 253 -0.662534835944224
48 256 -0.49667318093680635
48 223 -0.7587409007680952
48 226 0.991858528508389
48 230 -0.7108811415700578
48 233 0.32186205853126015
48 236 -0.4211125874111723
48 239 -0.9670296823780691
48 241 0.09364265406736627
48 244 -0.46726844610591867
48 247 0.47056288996892426
48 250 0.7294459215055284
49 50 -0.6298970231019922
49 52 -0.8426252629358937
49 181 -0.39726755361176447
49 184 -0.1837631696875235
49 187 -0.8351002515163821
49 190 0.005855198912080306
49 194 -0.596896282835421
49 197 0.4598235706397231
49 200 0.6392860660024371
49 203 0.5001176408193106
49 205 -0.15591583867996217
49 208 -0.9928918778984335
49 175 0.6606768248134784
49 178 0.7789784980103853
50 51 -0.47607807166120875
50 53 0.26003880739410556
50 217 0.19215396893108894
50 220 0.44870714912796816
50 223 0.5402139184857013
50 226 -0.3659022892010917
50 230 -0.03457766072220991
50 233 0.6811379887702709
50 236 -0.8731184812834221
50 239 0.7732860920008149
50 241 -0.673555087193302
50 244 0.12577059156993986
50 211 0.7114301674217047
50 214 -0.014851127313291856
51 54 0.8908309711164135
51 253 0.7557234025394028
51 256 0.7523584237010992
51 259 0.6926644486493752
51 262 0.34358838420728843
51 266 0.03235335849521759
51 269 0.3082817324290483
51 272 -0.8057270025480441
51 275 -0.9011798059130753
51 277 -0.8834892192637558
51 280 -0.9004377976586653
51 247 0.8933559589020579
51 250 -0.4984814674367217
52 53 -0.947196546205759
52 181 0.2947735762956094
52 184 -0.36200033354087235
52 187 0.34547227462941765
52 190 -0.013564144072795603
52 194 0.309827638129478
52 197 -0.26201871094157836
52 200 0.8307740210739261
52 203 0.5569695166146758
52 205 -0.5005547858681549
52 208 0.7991996313677341
52 175 -0.8984504084905918
52 178 0.986142708972112
53 54 0.05783025294515265
53 217 -0.2579997148598012
53 220 -0.8607411606660276
53 223 -0.7928943579127903
53 226 -0.01189843027692672
53 230 -0.2180951409432259
53 233 -0.9024985193197479
53 236 0.5140896126569521
53 239 0.1219420279987411
53 241 -0.7791131141667931
53 244 -0.8553011226591534
53 211 0.4011710246913869
53 214 -0.6590749584368376
54 253 0.9752737282246688
54 256 0.4150650319380276
54 259 0.8383892953348002
54 262 -0.7129794327612515
54 266 0.18280500116092124
54 269 0.9623966950332337
54 272 0.6875514840003769
54 275 -0.26143637012363086
54 277 0.4850699214448597
54 280 0.9202761694380797
54 247 -0.7344292341837524
54 250 0.03921933290798596
55 56 0.9009518316028751
55 58 0.2870184711765471
55 182 -0.8702738962276904
55 185 -0.07396057631103603
55 188 0.008723347445010576
55 191 0.18302475714354882
55 194 0.6833872773685741
55 197 -0.7524807450866267
55 200 -0.732566066230737
55 203 -0.9010308803258638
55 205 -0.18231612339925118
55 208 -0.10132451033987544
55 175 -0.8910856614472995
55 178 0.9991037990867977
56 57 -0.4058873360987867
56 59 -0.8087956616013552
56 218 -0.7840882975263777
56 221 -0.1550320599966668
56 224 -0.03974668603579712
56 227 -0.08863203576517886
56 230 -0.17131290438022728
56 233 0.37302169714778133
56 236 -0.675985867929146
56 239 -0.4686441091047666
56 241 -0.12897142892905955
56 244 0.08591863557970258
56 211 -0.43301996548487787
56 214 0.08388194122680792
57 60 -0.46689279536833816
57 254 -0.3929654893164738
57 257 -0.12655295359756513
57 260 -0.5275845313969962
57 263 0.6160003975990251
57 266 0.4387756906166249
57 269 -0.4620448969580717
57 272 0.5369125625655542
57 275 0.9272662175217785
57 277 0.8871377771406572
57 280 0.4248763702303948
57 247 -0.17662616256398356
57 250 -0.5332435585622439
58 59 -0.3661776379874011
58 182 0.09919479643913265
58 185 -0.6898629728768901
58 188 0.3664030899563433
58 191 0.7580884644560091
58 194 0.6581571340315455
58 197 -0.4750517830161287
58 200 0.9068402011658383
58 203 0.010049073647816265
58 205 0.4723987388028277
58 208 -0.039429121889989815
58 175 -0.672824303839979
58 178 0.6766356374917426
59 60 -0.8397341340435021
59 218 0.9011977994438034
59 221 0.8498234195288576
59 224 -0.2760210235481799
59 227 -0.9122133486263628
59 230 -0.8738697650478051
59 233 -0.27841313659465095
59 236 -0.5870731480570408
59 239 0.21246684177065323
59 241 -0.5647510710405739
59 244 0.6183577582277011
59 211 0.5525477256364038
59 214 -0.23190197572744964
60 254 -0.43693173686783005
60 257 -0.7265899431877862
60 260 -0.371167080619782
60 263 -0.8668259025746756
60 266 0.4923493388367186
60 269 -0.7943132464264218
60 272 -0.24465754799513273
60 275 -0.491021431772684
60 277 -0.9613897791682984
60 280 0.43292281090492923
60 247 0.4072755465792879
60 250 -0.21642551173720204
61 62 -0.04182929661952728
61 64 -0.5923665141774495
61 182 -0.9134505290398935
61 185 0.8023823746977596
61 188 -0.024053913204673538
61 191 -0.5613418163416641
61 194 0.5822930111393605
61 197 -0.015748705716787104
61 164 -0.7216609670343048
61 167 0.5459618822339003
61 169 -0.3549981043764916
61 172 -0.9613243233382129
61 175 0.5407430014720016
61 178 -0.4595958550326915
62 63 0.7074566370286681
62 65 0.6323803997045281
62 218 -0.743287986733171
62 221 -0.3266545441434585
62 224 0.7559801521091281
62 227 0.17332780487150612
62 230 0.29014817332992515
62 233 -0.0783609052919203
62 200 -0.2064119530655817
62 203 -0.10217570130279219
62 205 0.6694220980586842
62 208 -0.5773478590929486
62 211 0.09472848108318277
62 214 0.6770289540725423
63 66 -0.9194150395444292
63 254 -0.39977997523394126
63 257 -0.23048655985630595
63 260 -0.797092413775315
63 263 -0.6057702836021686
63 266 0.0943205260955986
63 269 0.207709395272478
63 236 -0.7718745643199956
63 239 0.44799446213371774
63 241 -0.5265452005282338
63 244 -0.4910452868401698
63 247 0.06902172562293907
63 250 -0.07053326699113582
64 65 -0.3524182630659727
64 182 -0.16588286081560555
64 185 0.5671831550042608
64 188 0.6833338152579216
64 191 0.27800959191970454
64 194 -0.027157496168393136
64 197 -0.3589483052783988
64 164 -0.6992647875702953
64 167 0.8084577149497989
64 169 0.9743776495435763
64 172 -0.965841988268028
64 175 -0.497598656550446
64 178 -0.8484769216505759
65 66 -0.09462411835225959
65 218 -0.13972812679610458
65 221 -0.2234417608998247
65 224 0.5709307771599679
65 227 0.9300974534097242
65 230 -0.787166698109848
65 233 0.6968104837249884
65 200 0.5716405379303848
65 203 0.721968578674338
65 205 0.9767081064369207
65 208 -0.4747046462983342
65 211 -0.45705904504971384
65 214 0.26748213682021316
66 254 0.10206897586689379
66 257 0.041493317865967105
66 260 0.26411497905806813
66 263 0.5340962571330037
66 266 -0.31234934003972903
66 269 0.8842825056991113
66 236 0.9138867277703628
66 239 -0.8557500988959197
66 241 0.13488346190002387
66 244 0.004842360611357011
66 247 0.46195680861052657
66 250 0.589886757035835
67 68 0.8472893734636799
67 70 -0.886155098449533
67 182 0.6874712950314923
67 185 -0.8543825584392266
67 188 0.706605922035352
67 191 -0.1657185616904011
67 194 0.11409276471433438
67 197 -0.1466895752062174
67 164 -0.08331890470282977
67 167 -0.27955621514818385
67 170 -0.26305734661719904
67 173 0.8652960591668988
67 176 -0.5075432833360509
67 179 0.16321068672396177
68 69 -0.18541295681337244
68 71 -0.39555605236625957
68 218 0.15317865819848175
68 221 0.9572835620290494
68 224 -0.41277650074862215
68 227 -0.8898307291375223
68 230 -0.36358187976851064
68 233 -0.1247251040312729
68 200 0.5362438141348518
68 203 0.18014842090518313
68 206 0.39506052654306
68 209 -0.1408404198367308
68 212 0.6664122696139518
68 215 0.12945962155099355
69 72 0.27933582391425515
69 254 0.9060421522482385
69 257 0.06401850299333378
69 260 -0.27530538542323146
69 263 -0.23775195997838106
69 266 -0.6298505594898898
69 269 -0.37593309613981596
69 236 -0.33683703753263616
69 239 -0.9488056099060871
69 242 0.9322807338276513
69 245 0.0002087273223794206
69 248 -0.43458144893260053
69 251 0.2964731586271854
70 71 -0.8433758534661948
70 182 -0.36593027384346777
70 185 -0.6842653239331962
70 188 -0.641539448561552
70 191 -0.2748444456593728
70 194 0.055212952014064065
70 197 -0.27088157199733276
70 164 -0.46989414821954534
70 167 0.6496935685177838
70 170 -0.7697464305910215
70 173 -0.976063952536889
70 176 -0.9029440414641281
70 179 0.31828294031710014
71 72 -0.7510163901258322
71 218 0.5032908896850927
71 221 0.3493994770551718
71 224 -0.7967175940669711
71 227 -0.5072975439234395
71 230 0.4349999028463305
71 233 0.5873117617302697
71 200 -0.9895546977620266
71 203 -0.6545155041470747
71 206 0.49543920579176737
71 209 -0.7571319708871012
71 212 0.2124292251818769
71 215 -0.38039341375258173
72 254 -0.8518225977989629
72 257 -0.4620847727630992
72 260 -0.05362866929470145
72 263 -0.05930744446563252
72 266 0.7089432266389539
72 269 -7.457492685136735e-05
72 236 0.15914234605415345
72 239 0.41383643923163116
72 242 -0.2898013336656524
72 245 0.32710906943901885
72 248 0.0332768986754326
72 251 0.8716131825898521
73 74 -0.6635871777603928
73 76 0.5737074515081286
73 182 -0.9994733670991718
73 185 -0.8062212198915435
73 152 -0.46991405771711814
73 155 0.9315221751564613
73 158 0.31993112926715517
73 161 0.6354296686813239
73 164 -0.9067213114800969
73 167 0.12650024771583257
73 170 0.42553011526364304
73 173 0.5292768336712719
73 176 -0.8228202159890978
73 179 0.7174167539114402
74 75 -0.193779076609351
74 77 0.8664950969795999
74 218 -0.57286831431852
74 221 -0.3983102053772758
74 188 -0.5382725819172107
74 191 -0.7347082610905817
74 194 0.21318656469851582
74 197 -0.05575334257153486
74 200 0.06965070152336561
74 203 -0.5163231304563614
74 206 0.7891739417262109
74 209 -0.9896429860338856
74 212 -0.9535748394181494
74 215 0.054671513902365465
75 78 0.08376834664945965
75 254 -0.1464120282556991
75 257 0.3882499042985408
75 224 -0.5004835611773355
75 227 0.20209919867795922
75 230 -0.616168695747568
75 233 0.3322404425231871
75 236 0.8622398577592807
75 239 -0.1332055416635416
75 242 -0.2119701934448983
75 245 0.7577465802131689
75 248 -0.890495782260105
75 251 0.31525455068862795
76 77 -0.7997089816442362
76 182 -0.20116882592857488
76 185 -0.3772207086884043
76 152 0.4783584745862681
76 155 -0.80714340609535
76 158 0.3349722411681999
76 161 0.04030587322713375
76 164 -0.14613589838506558
76 167 -0.7482230561796377
76 170 -0.17217557596087807
76 173 0.18734957949292297
76 176 0.6598766543921555
76 179 -0.9656010017259082
77 78 0.05037348487645099
77 218 0.6965106614020602
77 221 -0.5140514327078516
77 188 0.4828217042733014
77 191 -0.8967269158061675
77 194 -0.14101788998558207
77 197 -0.9612181818210119
77 200 0.8423316010756987
77 203 0.05981700745392127
77 206 0.1298725593772425
77 209 -0.3614890625173204
77 212 -0.07911418902984968
77 215 0.6816888372672538
78 254 -0.4392939711389128
78 257 0.3510553322248271
78 224 0.991858197611911
78 227 -0.6600608027223069
78 230 0.47411202135576946
78 233 -0.4463475654051108
78 236 -0.7636927991877038
78 239 -0.05543442482918515
78 242 0.9573520327194762
78 245 -0.8741633802574171
78 248 0.9653266399846072
78 251 0.7686432256447941
79 80 0.5234426423763476
79 82 -0.49741440738008236
79 182 0.07971240671873203
79 185 -0.5892237295134444
79 152 0.7742382488020669
79 155 -0.0799839983950339
79 159 0.14197735582412685
79 162 -0.5431941175503594
79 165 -0.6287912753767866
79 168 0.00067135730048129
79 170 -0.4361856245632625
79 173 0.25024339265489304
79 176 -0.15394636421728092
79 179 0.09855009959617766
80 81 0.17778997188843437
80 83 -0.10770888395160139
80 218 -0.5497489342746993
80 221 0.32144370771363207
80 188 0.7102290936219948
80 191 0.17719465083607555
80 195 -0.6517978964244855
80 198 -0.3887914411394833
80 201 0.843476856620393
80 204 -0.6089360685388199
80 206 0.5715443046313171
80 209 0.24099545263928523
80 212 -0.9126690594550733
80 215 -0.14225241377961106
81 84 -0.3075477846524912
81 254 0.38211558677488955
81 257 0.0041508843153563735
81 224 -0.26376152510123596
81 227 0.10381794489728535
81 231 -0.8497166308418493
81 234 0.5656573524426964
81 237 0.7648348493326746
81 240 0.9663082921753683
81 242 0.9460486375189627
81 245 0.09484603475250664
81 248 0.1177313932936952
81 251 0.5795990481852438
82 83 0.915102365104953
82 182 0.7022269083108321
82 185 -0.49675079607195194
82 152 0.2833270270650188
82 155 0.656846103207585
82 159 0.7261584852223779
82 162 -0.626434880973882
82 165 0.8658324522287755
82 168 -0.02286736610811313
82 170 -0.07529486899843629
82 173 0.7747463699296306
82 176 0.6698670960355786
82 179 -0.10576736806165599
83 84 -0.4059639010592475
83 218 -0.7533842090682428
83 221 0.8173244632909522
83 188 -0.679929439126324
83 191 0.2104634759910884
83 195 -0.01930253193215803
83 198 0.7290580904321065
83 201 0.8635130209506623
83 204 -0.6676286675494532
83 206 0.19541983627700144
83 209 0.21336726335674472
83 212 0.8735690647041086
83 215 0.8304472035718735
84 254 -0.9312220137968756
84 257 -0.4155939332043759
84 224 0.6299179079857506
84 227 -0.2607742213326121
84 231 0.751977535170417
84 234 -0.7003346681629226
84 237 -0.7754723647168984
84 240 -0.5099096751101531
84 242 -0.010209651316452018
84 245 -0.05586191001047669
84 248 -0.5184119865644468
84 251 -0.30475496109753997
85 86 -0.739754980228416
85 88 -0.3478147695413094
85 182 -0.946726301218838
85 185 -0.58152521090606
85 188 -0.747189335401087
85 191 0.10191936054541029
85 195 -0.6439098504901815
85 198 0.41122712016857155
85 201 -0.9614003980575576
85 204 -0.7450522103506563
85 206 -0.15470511545830434
85 209 0.4598483298340714
85 176 0.546226836083334
85 179 -0.08164567835159664
86 87 -0.6932447316303916
86 89 -0.48449512286886254
86 218 -0.2092524272096914
86 221 -0.6012659230502979
86 224 -0.929642652098241
86 227 0.02497435149404037
86 231 0.3723415598415343
86 234 -0.013972188922610318
86 237 -0.6488460676326031
86 240 0.4521092197235339
86 242 0.6648849125312402
86 245 -0.9179735411037693
86 212 -0.2957241359467182
86 215 -0.09391497642961011
87 90 -0.6621694749033635
87 254 0.38094079711428264
87 257 0.5194257338822166
87 260 -0.5089215997520862
87 263 0.0776781913793545
87 267 -0.9495266766267085
87 270 -0.5468001898144159
87 273 -0.044010480100229454
87 276 0.595628765258182
87 278 0.25236977945404204
87 281 -0.4987617845465291
87 248 -0.1213234651006514
87 251 0.38799386040329686
88 89 -0.615253310133264
88 182 0.8605799430731351
88 185 0.9882020275014782
88 188 -0.43574088001913003
88 191 -0.9393167860655356
88 195 0.5839547390321775
88 198 -0.16169605700623868
88 201 0.6408289859795646
88 204 -0.9825005347212801
88 206 0.31327139319626474
88 209 0.7663436981699194
88 176 -0.7050043009814839
88 179 -0.900409831661438
89 90 0.6885128412148807
89 218 -0.7848538630993289
89 221 0.8457680134258834
89 224 -0.6218376455934986
89 227 -0.8901579011579188
89 231 -0.599303964499843
89 234 -0.8323308670016971
89 237 -0.07851207676342331
89 240 0.29575426295645557
89 242 -0.6867380453250436
89 245 0.8398991199129255
89 212 -0.08630329209206233
89 215 0.7407122497133378
90 254 -0.6881466369620461
90 257 0.8575941043455351
90 260 -0.5137625894996833
90 263 0.2141936774605122
90 267 -0.7536267170367408
90 270 -0.10295997009502544
90 273 0.9258048627974746
90 276 0.15312514125550014
90 278 -0.009499799428700939
90 281 0.2527697507006843
90 248 0.3258694570976599
90 251 0.2878248732559414
91 92 -0.44998206007309993
91 94 -0.8245945691266456
91 183 -0.7373832032185335
91 186 -0.06073052315461558
91 189 0.1882237120897512
91 192 0.34318596813458835
91 195 0.5800542083331328
91 198 0.23019142404012483
91 201 -0.24669165940079418
91 204 0.8619220716971192
91 206 -0.7164164698986091
91 209 -0.7252602059215152
91 176 0.13909395520036716
91 179 0.7554537111729722
92 93 -0.8837335083961706
92 95 0.5792782857183711
92 219 -0.6650487984334206
92 222 0.26800635237783776
92 225 -0.34822910011745445
92 228 0.07869895378389224
92 231 0.9553291487411957
92 234 -0.4823360850313059
92 237 0.893705660978481
92 240 -0.08823868078797203
92 242 0.3155385793079821
92 245 -0.9410454979590641
92 212 0.406485949024165
92 215 0.7022365489038493
93 96 -0.468515849449463
93 255 -0.646982903012415
93 258 -0.17043965434692687
93 261 0.5236832094991353
93 264 0.39819938831128177
93 267 -0.6855103491377039
93 270 -0.626019383630448
93 273 -0.22096163881706077
93 276 0.8585222136250301
93 278 -0.5294953364805994
93 281 -0.747024025768338
93 248 -0.5954730692265731
93 251 0.08749300247749181
94 95 0.8631286177059458
94 183 0.9196133080226576
94 186 -0.6096162121309618
94 189 -0.5157055121428729
94 192 0.9313107150819169
94 195 0.33005193250428144
94 198 0.644739870021017
94 201 0.8880756495523301
94 204 0.9240030586022556
94 206 0.2038431506965983
94 209 0.4835683822945165
94 176 0.13674922366033493
94 179 -0.6246882770190771
95 96 -0.8680795250082982
95 219 -0.1139580975622645
95 222 -0.6411188569246511
95 225 -0.873484979409971
95 228 0.10077969115456753
95 231 0.7939759760707723
95 234 -0.4958084496048438
95 237 -0.6571751442586178
95 240 -0.5014191649423263
95 242 -0.8616724300407528
95 245 0.14720006623195525
95 212 -0.5320574932955251
95 215 0.39334568541202275
96 255 -0.827183188365237
96 258 -0.6348183303092632
96 261 0.4399566065053282
96 264 -0.4691672724966911
96 267 -0.48683107269711545
96 270 -0.45802868907722183
96 273 0.1659860924454173
96 276 0.014707057685293234
96 278 0.3676276597398067
96 281 -0.5974171892407569
96 248 0.6341509254733086
96 251 -0.30000109480967496
97 98 0.6942065361007395
97 100 0.6513262163237259
97 183 0.6168932450437155
97 186 0.4659759039447622
97 189 0.9714546279603453
97 192 -0.043004156869585586
97 195 -0.8181632322497339
97 198 0.7616859447024145
97 165 -0.6241083765896995
97 168 -0.6942710230728506
97 170 0.994684941868651
97 173 -0.6883592998135928
97 176 0.4450743374913617
97 179 0.4457473081674952
98 99 0.45478508086306
98 101 -0.7986338656863055
98 219 -0.663972812376834
98 222 -0.6809370829044168
98 225 -0.9326019237701968
98 228 0.3076656308492598
98 231 -0.5919300613402168
98 234 0.03988860713707987
98 201 -0.14283101674795584
98 204 -0.9214466805519246
98 206 -0.016669321408305127
98 209 -0.8749871403330745
98 212 0.4004824426173692
98 215 -0.1348164463458561
99 102 0.5908317915482528
99 255 0.8124532389244916
99 258 -0.6903630351478887
99 261 0.40830809462681605
99 264 0.7196877216543855
99 267 -0.29042117007468415
99 270 0.5991745083706055
99 237 0.034299616187515314
99 240 0.9253337886718405
99 242 0.16537095402545732
99 245 0.367561616820661
99 248 0.8567917277012467
99 251 0.22158435707869106
100 101 -0.4938661839496239
100 183 -0.2755639084276622
100 186 -0.2644562979460894
100 189 -0.9730211186343676
100 192 -0.8723581058742065
100 195 -0.09830709045690855
100 198 0.3814888995310963
100 165 0.501617648695313
100 168 -0.822187500499532
100 170 -0.2682597722047506
100 173 0.6195063313572238
100 176 -0.6785973729173398
100 179 -0.2915723390868492
101 102 -0.9100650464695916
101 219 0.6245476060051485
101 222 0.01470687342937027
101 225 0.3330090473015572
101 228 -0.4047430752631287
101 231 0.4025184521955858
101 234 -0.7374128697668616
101 201 0.621524850166898
101 204 -0.21066941573435605
101 206 -0.09015439562600824
101 209 0.5474959589938495
101 212 -0.5907708294341658
101 215 -0.19732830920485123
102 255 0.6024319569133583
102 258 0.015621267395322658
102 261 -0.0913225061427465
102 264 -0.7875861887770681
102 267 -0.4640769622088634
102 270 -0.47841120523636604
102 237 -0.023985122251621416
102 240 -0.23040042817022566
102 242 -0.5172773737534233
102 245 -0.8861990452280106
102 248 -0.13581782713624446
102 251 0.9375682484932057
103 104 -0.9163307683597388
103 106 -0.5244308363704155
103 183 -0.5991529543283247
103 186 -0.4323116996671261
103 189 0.4930521087948403
103 192 -0.7385412315485926
103 195 -0.3178748156621143
103 198 -0.9985776923946454
103 165 0.37946390321411827
103 168 0.3811491195400156
103 171 0.9346900692372668
103 174 -0.003485797363200982
103 177 0.2119713945409727
103 180 0.9304750311882108
104 105 0.35018018212375246
104 107 -0.7401672261393721
104 219 -0.11199272088596501
104 222 0.06761080396433927
104 225 0.7869753930826928
104 228 0.7011475297361709
104 231 -0.32457629199738713
104 234 0.8375839137901657
104 201 -0.3713603792830109
104 204 -0.7956653604521255
104 207 0.313986403113101
104 210 -0.5014109650809153
104 213 -0.5500445620303118
104 216 -0.7091811867848721
105 108 0.9495507845775353
105 255 0.972566311411968
105 258 0.4683512396554361
105 261 -0.14032174837499523
105 264 0.0015225045383429059
105 267 0.40646234049890206
105 270 -0.4864734680358256
105 237 -0.38604770076993655
105 240 -0.10798124213366278
105 243 0.4586518997292335
105 246 0.871408720890303
105 249 0.8672696054009104
105 252 -0.7979046252358544
106 107 -0.665459850739738
106 183 0.7148529625624764
106 186 0.9507849083897764
106 189 -0.9085937027382833
106 192 -0.6254480960480358
106 195 0.8696666819923071
106 198 -0.36286066321547206
106 165 -0.6819514176528103
106 168 0.7530376452415155
106 171 0.5085557184369962
106 174 0.8737784892590204
106 177 -0.4473382480925199
106 180 -0.11209934894249929
107 108 0.24524491183813413
107 219 -0.6947050432382498
107 222 0.2859422283087789
107 225 0.5226262811385967
107 228 -0.04621358781289486
107 231 0.9664248535781441
107 234 -0.4762096170003016
107 201 0.6653094195386584
107 204 0.15600114473029691
107 207 0.5102845591625484
107 210 0.31973607390345804
107 213 -0.1902866302978361
107 216 0.5431537477959631
108 255 -0.6335635585780335
108 258 0.5724781329063386
108 261 0.7333987024854354
108 264 0.10200127466743081
108 267 0.1623201341257432
108 270 0.711743085308919
108 237 0.6501413066379995
108 240 0.5071828710642081
108 243 -0.06852517287231019
108 246 -0.804687820317268
108 249 -0.5001617930489013
108 252 -0.8923280998692973
109 110 0.5533469309349748
109 112 0.8596861495713664
109 183 0.9794306231980598
109 186 -0.1649894566737491
109 153 -0.7837843086683625
109 156 0.22038313481685967
109 159 -0.8953430529714419
109 162 -0.7300519814576216
109 165 0.8141086920048832
109 168 -0.2677988437362755
109 171 -0.7665718789671969
109 174 -0.8836780152102055
109 177 0.9231439771262115
109 180 -0.7897381231816527
110 111 0.9748407406549466
110 113 0.3995053407169453
110 219 0.7271906988640224
110 222 0.6868153093687859
110 189 -0.7323424104674954
110 192 0.8726222544829143
110 195 0.9551384504473299
110 198 -0.3282210687012521
110 201 -0.1470750337353537
110 204 0.20831547106954096
110 207 -0.9205830240043875
110 210 0.6907724199177296
110 213 -0.8821050896470592
110 216 0.6819352594583807
111 114 -0.2724687285812737
111 255 -0.850252501235536
111 258 0.9441480772817228
111 225 0.7286237857238895
111 228 -0.7299401103191014
111 231 0.2751925318635702
111 234 0.43006017526249996
111 237 0.9694779426301801
111 240 0.799516567747635
111 243 -0.9602014038640323
111 246 0.567107941015069
111 249 -0.47143546830214067
111 252 0.09369624043436953
112 113 -0.5290439558726003
112 183 0.010804509004444407
112 186 -0.5646156601398653
112 153 -0.037326571807055675
112 156 0.600109238544053
112 159 0.6368242689918986
112 162 -0.8243659766490865
112 165 -0.41357547615677515
112 168 -0.9042872394322987
112 171 0.1756752997757265
112 174 -0.21329889856195616
112 177 0.4493933191972852
112 180 -0.6821376482300987
113 114 0.6692776931439208
113 219 0.4544196144429149
113 222 -0.1557007214393087
113 189 0.7314268309579977
113 192 0.12200934668206465
113 195 0.4348952263167247
113 198 -0.014931461724192463
113 201 0.398939472791876
113 204 -0.3863126585384633
113 207 0.285990109600337
113 210 0.28745885217899914
113 213 -0.6552363069827047
113 216 0.9025639180195599
114 255 0.015827172477174134
114 258 0.7959299275130352
114 225 -0.2506144348601298
114 228 -0.7491424257274688
114 231 -0.9165656424205273
114 234 -0.530994923810435
114 237 -0.19297429551700618
114 240 -0.07737932405435122
114 243 -0.21187664954973795
114 246 -0.8944875817600868
114 249 0.2702057317055069
114 252 0.8307284566599873
115 116 -0.7071505602487225
115 118 0.019138205314874757
115 183 0.3332356568063515
115 186 0.6064390358905762
115 153 0.43637559209069243
115 156 0.5301093710396103
115 171 -0.82383007332122
115 174 -0.37556890149168476
115 177 -0.3342676365039021
115 180 0.43925892826570245
116 117 -0.7194601059270676
116 119 0.5336798693008182
116 219 -0.405846759889952
116 222 0.6614437891069493
116 189 0.6516377216723965
116 192 0.34413035181868645
116 207 -0.9444348367803805
116 210 0.057445806162613966
116 213 0.2522580676324775
116 216 -0.5637424000076525
117 120 -0.38392049114040727
117 255 -0.1383794145027435
117 258 -0.04461357234941943
117 225 0.9727185685777138
117 228 -0.45375825808769865
117 243 -0.8764726012158255
117 246 -0.2924263871685724
117 249 -0.8644754879199323
117 252 0.5234529046447969
118 119 0.7794801090658594
118 183 0.44684690455094156
118 186 0.07310679640888096
118 153 -0.4202780841927227
118 156 -0.09937497503698833
118 171 -0.1965937865534122
118 174 -0.7630399313975802
118 177 0.9907740712102144
118 180 -0.9512805872121302
119 120 -0.03235381878639498
119 219 0.516835811356052
119 222 -0.39837174732805614
119 189 0.03156297598063418
119 192 0.9320392255183214
119 207 0.2864954628285412
119 210 0.2383368670598962
119 213 -0.5135549739114047
119 216 0.30588657816816434
120 255 -0.993125326406251
120 258 0.9282166875843583
120 225 -0.535489618049815
120 228 -0.07655682104015127
120 243 -0.7251811048437817
120 246 -0.2382135907088787
120 249 -0.9567509150242528
120 252 0.01188076266157223
121 122 -0.9364815998549914
121 124 -0.16819049165223943
121 183 -0.93349985962247
121 186 0.4715446854087344
121 189 0.736203428452199
121 192 -0.6877818047198871
121 207 0.1858585551123353
121 210 0.4321161931194044
121 177 0.9493259215023138
121 180 0.1964704930601222
122 123 -0.07776297790745734
122 125 0.15630536199558387
122 219 0.4577941890273176
122 222 0.3470366709313557
122 225 -0.6101555675167156
122 228 -0.31228165919556483
122 243 0.8693458937473744
122 246 0.8279575170140676
122 213 -0.028060412918006206
122 216 0.6830256534183321
123 126 0.7612030751063878
123 255 0.9048241356875231
123 258 0.02613458025317672
123 261 -0.015101402645169237
123 264 0.409634953842986
123 279 -0.5507735115568702
123 282 0.35360409872559617
123 249 -0.5080129655108292
123 252 -0.29425976698122014
124 125 -0.22133525225682904
124 183 0.34335398645342385
124 186 0.2976172233588308
124 189 -0.08631019381768734
124 192 0.21256823947312098
124 207 -0.9837482057038012
124 210 0.9700325445645939
124 177 0.5388947053713327
124 180 0.36326127856824875
125 126 0.016945433209429428
125 219 -0.19328874429757525
125 222 0.7717671841789111
125 225 0.047783262252534486
125 228 0.9708118722921368
125 243 0.24508028223794565
125 246 -0.35531672475219533
125 213 0.40334187286887246
125 216 0.10594032033791367
126 255 -0.5754086155349154
126 258 0.06183391736292898
126 261 0.40895665913110935
126 264 0.33998854518262545
126 279 -0.09412513912169129
126 282 -0.10732818875413552
126 249 -0.8868279094630309
126 252 0.46813539242608404
127 128 -0.539069030486304
127 130 -0.19888444653691773
127 207 0.4742550311703815
127 210 0.29605428136023426
127 177 0.17066516355696848
127 180 -0.846199507914031
128 129 -0.8661958660902509
128 131 -0.5381332451648424
128 243 0.9057245131133971
128 246 -0.8094531080466765
128 213 0.9212280736316345
128 216 -0.0744702288615311
129 132 0.11052357034113514
129 279 -0.1941328308609762
129 282 -0.16105375493420948
129 249 -0.9419151588532435
129 252 -0.5004819755001824
130 131 0.1984023106132864
130 207 0.8170948506450948
130 210 0.7600630980549263
130 177 0.3160929102723635
130 180 -0.9051215736009526
131 132 -0.3093561323336085
131 243 0.5771609980552479
131 246 0.321130543897171
131 213 0.9332596341385992
131 216 0.9472184808561155
132 279 0.33584010570595546
132 282 -0.10498773000632133
132 249 0.5811492887611358
132 252 -0.9522146930330986
133 134 0.5818289582033305
133 136 -0.48444158773300794
133 171 -0.20276159922421644
133 174 0.04390405756371951
133 177 -0.8229349445847918
133 180 -0.333034187416801
134 135 -0.9622339507268511
134 137 0.6141088743023535
134 207 -0.6743725673617427
134 210 -0.16963806438538298
134 213 0.9787125901139233
134 216 -0.6701638027479533
135 138 -0.632062686823359
135 243 0.4938307100671828
135 246 -0.8597242404275378
135 249 -0.73347999066671
135 252 0.34071339065396056
136 137 0.7211918948685612
136 171 -0.3747183360979571
136 174 0.7109011789399247
136 177 -0.8141566273916365
136 180 -0.9010036919397335
137 138 0.22703344730536634
137 207 0.4626472277034208
137 210 -0.5509352631612072
137 213 0.07499051057041162
137 216 -0.8737822438375875
138 243 -0.0854754152871191
138 246 -0.8305902914103527
138 249 -0.7631707693392498
138 252 0.613846608382328
151 152 -0.9617604648797937
151 154 -0.9560165595870658
152 153 0.3870168083539325
152 155 -0.058836321638298106
153 156 0.7009402518192143
154 155 0.47492094463507306
155 156 0.9097739351840703
157 158 -0.2585311722423036
157 160 -0.5575354159341284
158 159 0.9516877755846194
158 161 0.2074290656072897
159 162 -0.5659062528866263
160 161 0.09379998702619297
161 162 0.7483731770409203
163 164 0.39811635522562305
163 166 -0.34705282931620673
164 165 0.7076915406346245
164 167 -0.6708380399952223
165 168 -0.682788672919119
166 167 -0.4016172437941241
167 168 -0.7685061552528896
169 170 0.6261818341879528
169 172 -0.9089807122401541
170 171 0.8130611808074373
170 173 0.8686685201992115
171 174 -0.0073731926291364935
172 173 0.47144507844896677
173 174 0.04659113139000337
175 176 -0.2497808919978175
175 178 -0.8420705214693749
176 177 0.42773961355569856
176 179 0.3475236774932431
177 180 0.9215536115848517
178 179 -0.7589881085133543
179 180 -0.48572636515039846
181 182 -0.1636216092346814
181 184 -0.8749828634501697
182 183 -0.3134053661381855
182 185 -0.26359401903724655
183 186 0.6560676215059196
184 185 0.8416584615814526
185 186 -0.937776018701469
187 188 -0.5462405618621435
187 190 0.630018963331723
188 189 0.8582342101424785
188 191 0.30233561159010236
189 192 -0.337253799850209
190 191 0.27976659699117334
191 192 -0.01878281987468733
193 194 0.004823587663187245
193 196 0.19804406686100928
194 195 0.31960999027579096
194 197 -0.2086911063630461
195 198 -0.7504008111704272
196 197 -0.7178774997929978
197 198 -0.3500677819290239
199 200 -0.715094763218189
199 202 -0.9393319427342952
200 201 -0.8782671755830738
200 203 -0.021957764381093092
201 204 -0.5506883262030282
202 203 -0.5359912860690055
203 204 -0.25278715562886367
205 206 0.37679741551467094
205 208 -0.8241140939357812
206 207 0.3225810739145689
206 209 -0.010293198245833635
207 210 -0.5122903992652563
208 209 0.700100684774231
209 210 0.4339392147075356
211 212 -0.15739258067246698
211 214 -0.8887425692291626
212 213 -0.22430058166916278
212 215 -0.6538694773389733
213 216 -0.016845736111325227
214 215 -0.40013489263461754
215 216 0.1508842324253321
217 218 -0.5631433489418152
217 220 -0.48780453729577244
218 219 -0.3511141429150415
218 221 -0.8751925060232002
219 222 0.04238555692737633
220 221 -0.5682355226920135
221 222 -0.5796389621153897
223 224 0.31847040590734244
223 226 0.25410289159586785
224 225 -0.28188235722232746
224 227 0.6951879734568644
225 228 -0.25814595277832764
226 227 -0.8461485681913858
227 228 0.0026121002544987615
229 230 -0.27542772492841006
229 232 0.6881943930510195
230 231 0.33108388076419737
230 233 0.2796472573077464
231 234 0.16956247869751473
232 233 0.15660103578681328
233 234 -0.03464093231938503
235 236 0.20401534415479938
235 238 -0.3910854723922148
236 237 -0.22189397068420091
236 239 -0.7758685060203065
237 240 0.46480047997766816
238 239 -0.8040598429884602
239 240 -0.2945785980895834
241 242 0.17360796094849373
241 244 -0.7444037054794046
242 243 0.5157997182925174
242 245 0.8605484596764943
243 246 -0.5419325805889337
244 245 0.19178994607906885
245 246 -0.4799975324993384
247 248 -0.6643524306110313
247 250 -0.832930852921187
248 249 0.27162647545871876
248 251 -0.8432799934576096
249 252 0.8918554306921547
250 251 0.8617207355842542
251 252 -0.9756306958468741
253 254 0.5786908110628544
253 256 0.845883144809561
254 255 0.3834380853004715
254 257 0.9045070318919912
255 258 -0.2960069860839356
256 257 -0.5891194327579452
257 258 -0.5888144303654035
259 260 0.39498550851259373
259 262 -0.1597685718493438
260 261 0.4371456592688887
260 263 0.6759444463599429
261 264 -0.9753599491115272
262 263 -0.5985278337737601
263 264 0.8924993383960367
265 266 0.8917067037551556
265 268 0.4105655011356628
266 267 -0.5975701302850216
266 269 0.38455352846870805
267 270 -0.2978146249525502
268 269 0.33028247217404516
269 270 -0.6857389430975103
271 272 0.6252607765711033
271 274 -0.1379855007244486
272 273 -0.41902857410586325
272 275 -0.24027698386735774
273 276 -0.5973346279568881
274 275 0.3310380678983291
275 276 -0.6252888279391222
277 278 -0.5400088876846885
277 280 -0.03717429748371215
278 279 -0.15401673511860525
278 281 0.428166433169038
279 282 0.5498075755354255
280 281 0.9299859315519443
281 282 0.3364474626251639
