# 
7 7 2.5324115981021684
8 8 -1.2074968525594132
9 9 -2.9654123115036226
10 10 -3.613711567765046
11 11 2.570135530079475
12 12 2.7805052603208846
13 13 0.880015339974408
14 14 2.5560123261284255
15 15 3.1088037805866255
16 16 1.1237116412080201
17 17 -2.293206346266272
18 18 -2.3955277361081873
19 19 -0.8249650442971266
20 20 2.6263390485165665
21 21 -0.8133071785378094
22 22 1.4441782854827867
23 23 3.899272221797955
24 24 2.9357759273444035
25 25 -0.6343381459473321
26 26 2.80315203746985
27 27 1.9971115845259115
28 28 -2.403801310843665
29 29 1.055455192749574
30 30 1.5469193939822121
31 31 -3.034311437944762
32 32 3.810303905480608
33 33 1.7208443888619742
34 34 0.13283540997655408
35 35 0.7488225158111383
36 36 -1.0892006800325724
37 37 0.06265529575312634
38 38 3.539400893204797
39 39 0.8293814197918081
40 40 -0.1081689437834159
41 41 -0.026598373537110476
42 42 3.744848423303103
43 43 0.8168585629194105
44 44 -0.08049681973678346
45 45 1.1149917112110996
46 46 -2.264967018389873
47 47 3.7117656233644274
48 48 -0.6116251712232224
49 49 3.438551440941537
50 50 -1.3225490646633222
51 51 1.6050943144285004
52 52 1.3818267877325203
53 53 1.4241431521901307
54 54 -0.9264638043649835
55 55 1.9181577058542798
56 56 0.4451914310947247
57 57 2.5535619622272216
58 58 -0.1712280185289936
59 59 -2.6998281454038855
60 60 -0.8617115270994242
61 61 -1.395743303768568
62 62 -1.898007568247011
63 63 2.000919068263306
64 64 -3.8961302549538335
65 65 3.872854884993237
66 66 -1.9498225416424955
67 67 -0.3114818555006327
68 68 -0.28237404049686976
69 69 2.684160033506961
70 70 3.6554895369546525
71 71 -1.3983450256208156
72 72 2.0707074234233085
73 73 2.394457564002427
74 74 -2.359328553683925
75 75 1.7048490816751851
76 76 -1.0618882891599908
77 77 -2.289729864900128
78 78 0.22806499687257986
79 79 0.2998441183297951
80 80 -3.0303364782420683
81 81 3.6896096746454523
82 82 -1.401113884620548
83 83 -2.0587119228428294
84 84 1.2009752886572063
85 85 0.3759615833875074
86 86 -3.9732399980782285
87 87 -0.3320578866399
88 88 2.464613263622593
89 89 -1.607478281776312
90 90 1.109787065584574
91 91 -3.3438078204237014
92 92 1.664492402128058
93 93 0.7086544274471382
94 94 -3.9917568897255666
95 95 2.0524494782838776
96 96 -2.9411359316662615
97 97 2.110922458141731
98 98 3.7759537625968846
99 99 -3.067108015758828
100 100 0.3221918972548723
101 101 1.2174240466411606
102 102 -1.2351118738497382
103 103 0.6562553797189938
104 104 -3.029373294410399
105 105 0.8632238075463592
106 106 1.023456552149538
107 107 -2.5813677531674672
108 108 -3.262202018972914
109 109 -1.5152395799282594
110 110 -1.1117902623667861
111 111 -2.65952786418183
112 112 -1.6157575985845458
113 113 -3.7060332549675907
114 114 1.2234468765486834
115 115 1.937291799772865
116 116 -1.5803750117429294
117 117 3.9421695009324615
118 118 1.3756597194287803
119 119 0.8302430158240428
120 120 -2.082929361338289
121 121 3.736386593520174
122 122 3.5703399790475334
123 123 1.1649872841427982
124 124 2.9880811680880326
125 125 -1.1266367944466902
126 126 -1.010971157928262
127 127 -1.3750001565412662
128 128 -0.07283886259075345
129 129 2.2452087285965314
130 130 -3.8663491823077996
131 131 0.836865308980741
132 132 -1.267769578739392
133 133 1.6758572395674296
134 134 -2.4498582602322143
135 135 2.850161510628446
136 136 2.4976113587574202
137 137 -2.492249443476524
138 138 1.2365294744832713
151 151 -1.1195688871328722
152 152 2.21052192116257
153 153 -1.2617752209767925
154 154 -1.290075977923328
155 155 1.6251560565565502
156 156 -3.3314658669702126
157 157 -0.40347643504081354
158 158 -0.15699717308784322
159 159 -0.34054934893010724
160 160 3.1089893216559235
161 161 -1.852485449894214
162 162 -2.614011038262854
163 163 2.553767578210784
164 164 1.7887968296058236
165 165 2.5196837280890225
166 166 1.45767005305584
167 167 -3.354804953658401
168 168 0.8869699875477783
169 169 1.472804334323703
170 170 -2.455233527473718
171 171 -2.507971094867292
172 172 -0.6207599391257652
173 173 -2.1534765172023036
174 174 -0.798524533641646
175 175 -2.1946611235959343
176 176 3.42083659032114
177 177 -3.183129100645762
178 178 2.6821862198714133
179 179 -0.37526909086301163
180 180 -2.408042567884567
181 181 -3.8592649631066376
182 182 -2.506963579797853
183 183 0.8903190375639083
184 184 3.797476044086909
185 185 1.4545062618231341
186 186 0.7612728617626319
187 187 -3.0745232759452747
188 188 -1.5666718218682147
189 189 1.779547465827263
190 190 -3.9640020546733767
191 191 -3.5834197991459114
192 192 -3.1284918566718476
193 193 -1.0011167021497638
194 194 -2.3019696765343127
195 195 0.021838936777214712
196 196 1.9697689425458593
197 197 3.7739631966053375
198 198 -1.574950452912856
199 199 0.1387308938245253
200 200 -3.1370225331501613
201 201 -1.5451984176210143
202 202 -0.8774922907370959
203 203 1.1807734648211463
204 204 -2.290972523133597
205 205 -0.33993150919716086
206 206 0.5448178321527894
207 207 3.832117088380011
208 208 3.401875399405651
209 209 -2.4636541365077136
210 210 -3.9449348927278827
211 211 -2.300087974551646
212 212 -0.9117629587658937
213 213 0.13170278445904593
214 214 0.20462767801874726
215 215 3.3590200583587766
216 216 -1.5453018462205304
217 217 -3.1110830948196035
218 218 -0.008833849042501285
219 219 -1.166516950242694
220 220 1.6136963663054278
221 221 0.9840176697583711
222 222 1.7601540373470579
223 223 1.5105008788577834
224 224 1.0036055708889595
225 225 2.315735669516365
226 226 -2.5335116287886166
227 227 1.0099659355705253
228 228 -1.1590782195396416
229 229 -3.4053732361190265
230 230 -2.465298019791578
231 231 -1.6918900524793683
232 232 2.6816382113598394
233 233 2.5249241909595854
234 234 -1.5241914556988672
235 235 -3.918838272369947
236 236 -1.8277773854737402
237 237 -1.2260914356230783
238 238 -1.3852608288207549
239 239 0.762581814700094
240 240 0.7954284652773378
241 241 2.5815773313468107
242 242 2.8985650136412406
243 243 1.2046902518909954
244 244 -3.2943000408886345
245 245 -2.7501163133686735
246 246 -3.581667852335306
247 247 -0.2480744221828406
248 248 1.3205579843456858
249 249 0.9881470134073052
250 250 -3.0364694912573684
251 251 0.16128919225319027
252 252 3.3710278204974484
253 253 -1.2435575430903505
254 254 3.883725302465253
255 255 0.7743514477856914
256 256 -2.2027615158754914
257 257 -3.924642604148217
258 258 1.4176015967118847
259 259 -0.057100034504800945
260 260 1.6207199864914639
261 261 3.4224524386217663
262 262 3.4367450432322917
263 263 2.437791368856666
264 264 1.768868240070896
265 265 -2.692796145573392
266 266 2.7812791860738058
267 267 -0.996051894735702
268 268 3.7031857983308756
269 269 -3.292969850365581
270 270 -0.3657551101137413
271 271 0.5632814353392588
272 272 -3.750383778667824
273 273 3.708855017814777
274 274 -2.1494287160076455
275 275 2.900229031443854
276 276 -1.6406883795916594
277 277 -2.024797503424569
278 278 -0.330245287691147
279 279 -0.5324096385562962
280 280 0.09639686719046558
281 281 -2.2610936430675395
282 282 0.3843540166099988
7 8 -0.6088154717739966
7 10 0.8817396084206066
7 157 0.029858169559514147
7 160 0.754352140424535
7 163 0.5667312949785868
7 166 -0.5896288636478557
8 9 -0.17493158752928384
8 11 0.40880999736107104
8 193 0.024692080467490163
8 196 -0.7050117200484154
8 199 -0.1456407197451175
8 202 -0.12705496161318663
9 12 0.974448171137215
9 229 0.964291348215194
9 232 -0.2630204687025759
9 235 -0.541042040487316
9 238 -0.4866847730209072
10 11 0.281777259200342
10 157 -0.5635888062659282
10 160 -0.6140466458779323
10 163 0.08992686819824636
10 166 -0.22416882961669948
11 12 -0.3401508517887504
11 193 0.3656728955551316
11 196 -0.27404025946009947
11 199 0.18508019605202763
11 202 -0.7702998927210769
12 229 0.9853954486379082
12 232 -0.5928277769996604
12 235 -0.13382980143734313
12 238 -0.45884738007034853
13 14 0.19066913165120702
13 16 0.0819544743303835
13 193 0.8339516165867282
13 196 -0.18836661215872863
13 199 -0.8266475609491359
13 202 -0.6302141129728234
14 15 -0.2905292418522394
14 17 -0.014390535947170768
14 229 -0.4335696757274976
14 232 0.439558242462897
14 235 -0.439398138313565
14 238 0.19512913845996338
15 18 0.19413960265756414
15 265 0.8309620723111699
15 268 0.3990046678010666
15 271 -0.3228004241314828
15 274 -0.1603450510847002
16 17 0.32429447193871264
16 193 -0.167868254119105
16 196 -0.11010649302365727
16 199 0.388932101544603
16 202 -0.38471541586823554
17 18 -0.5218572368215575
17 229 -0.5905077566780093
17 232 0.32806683845941764
17 235 -0.010294095224246513
17 238 -0.12889749710832366
18 265 0.41079056218186993
18 268 -0.4984546056141157
18 271 -0.8691398839674298
18 274 0.7766753109547289
19 20 -0.3286093603531963
19 22 -0.5345737464561697
19 181 -0.5207257871940445
19 184 -0.8667680084177316
19 187 0.2521514612945406
19 190 0.16591272053937933
19 193 -0.06602304077154342
19 196 0.06995327184327693
19 199 -0.8199788577610494
19 202 -0.9384781364817572
20 21 0.2363732667361369
20 23 -0.4343131298740692
20 217 0.028166454175354794
20 220 0.5670530290319595
20 223 0.47320595626981965
20 226 -0.9178610322782321
20 229 -0.9110178143324779
20 232 0.3939942726610648
20 235 0.6398252567555969
20 238 0.29400163199110785
21 24 0.6446407800183698
21 253 0.4464787417639351
21 256 -0.4856346157528757
21 259 0.5620625047473504
21 262 0.9636611655855243
21 265 0.05461244645240271
21 268 0.3530886217709459
21 271 -0.9241095624159346
21 274 -0.03368434095305051
22 23 0.8582192686845183
22 181 -0.343019435800467
22 184 -0.2658847058662823
22 187 -0.3018090729815033
22 190 0.868715246764503
22 193 0.48014307977868564
22 196 -0.7948942561402093
22 199 0.9012783730699501
22 202 0.6821135905505773
23 24 0.9240115336766195
23 217 0.7431844286726974
23 220 0.01289650882500526
23 223 -0.6844591546121814
23 226 0.8740894883560422
23 229 -0.3411213014848178
23 232 -0.5956124870804638
23 235 0.3503094253904353
23 238 -0.18154441714684832
24 253 0.5753743897740529
24 256 -0.546861339139139
24 259 -0.8235230319881028
24 262 -0.11787166284412653
24 265 0.6230037050894954
24 268 -0.03846347415759732
24 271 -0.7391564877588117
24 274 0.6094027014971557
25 26 0.5074441624505774
25 28 0.16312025879975578
25 181 -0.04881486069105612
25 184 0.6080495333107541
25 187 0.6992569953090448
25 190 0.8835514707837484
25 193 0.10610070989509324
25 196 -0.5890556193110004
25 163 -0.28912776042625166
25 166 -0.3546634379343885
26 27 0.6156468291121688
26 29 0.15937703675599857
26 217 0.7895121184201264
26 220 -0.23671026223895342
26 223 -0.9892722357689732
26 226 -0.9516479319199349
26 229 -0.18240816387962777
26 232 -0.8020912080843392
26 199 0.04617494119114629
26 202 -0.28353503099468647
27 30 -0.6690314534475377
27 253 -0.8003912995356586
27 256 -0.6607415777667645
27 259 0.10700111099098941
27 262 0.9035680522534961
27 265 0.30904317559093797
27 268 -0.04538347524587372
27 235 0.8749625067650804
27 238 0.7210879178876843
28 29 0.319662327909906
28 181 0.47861131573967697
28 184 0.7097025515057471
28 187 -0.6647808544119049
28 190 -0.568078684783742
28 193 -0.13099375668881486
28 196 -0.07353949013792382
28 163 -0.8111644583574209
28 166 -0.8750507824921596
29 30 -0.35182938372696926
29 217 -0.5864740604769789
29 220 -0.6824402748520078
29 223 0.6489745971784224
29 226 0.002058455668252801
29 229 0.5874955935468831
29 232 0.4184608354220367
29 199 -0.014852900556795001
29 202 0.9117255922453988
30 253 -0.4550386731333478
30 256 0.8662297652196409
30 259 0.7171687676861116
30 262 -0.8952651303157582
30 265 -0.9797038084962435
30 268 0.9002033582664646
30 235 0.6961872584660171
30 238 0.4954727798373535
31 32 0.46092146365232756
31 34 0.054119770440181014
31 181 0.1598480714551309
31 184 0.479505715766507
31 187 0.9977992377049538
31 190 -0.20641274661591624
31 193 0.942730575073166
31 196 0.39010536478262714
31 163 -0.03663586185563217
31 166 0.5896872998379143
31 169 0.11257612097183656
31 172 0.656579679115874
31 175 -0.7798692500153341
31 178 0.8649446914274128
32 33 -0.564360828682366
32 35 -0.21432471539357612
32 217 -0.12886606343724782
32 220 0.8832095702164999
32 223 -0.20115419010810354
32 226 0.8812825111130524
32 229 -0.14173460314091257
32 232 -0.49076191393546287
32 199 -0.991888142187983
32 202 0.5175291543425669
32 205 0.14016688290713408
32 208 -0.4850738841463871
32 211 -0.21750661170756125
32 214 -0.9154283845599935
33 36 0.35952544828726674
33 253 -0.3883795776277561
33 256 0.02661063610034553
33 259 -0.19377013381132158
33 262 -0.02157292234212438
33 265 -0.1679108998378409
33 268 0.5106003276497668
33 235 -0.10817785750731201
33 238 -0.4353463872427812
33 241 0.21351331050359645
33 244 0.7998093823080425
33 247 0.5333259588652657
33 250 0.5940133564197043
34 35 -0.674152856908997
34 181 0.8126623444496746
34 184 0.7361609224803276
34 187 0.1262594659390046
34 190 0.17062692748511843
34 193 -0.20584905759105232
34 196 -0.4977392795286908
34 163 -0.8004327275347045
34 166 -0.1706848394352407
34 169 -0.5390261739097144
34 172 -0.04694267700847732
34 175 0.8880694728681946
34 178 -0.6982795901007588
35 36 -0.4916201854346236
35 217 0.5350638888227728
35 220 0.8301543978259116
35 223 -0.570228274752729
35 226 -0.8123022894688716
35 229 0.9898663544373418
35 232 0.12165045487968351
35 199 -0.023289028717435656
35 202 -0.6749669648961061
35 205 0.22599386315876813
35 208 0.1934048746888286
35 211 0.23381775385623427
35 214 0.789043315688059
36 253 0.1753900801005026
36 256 -0.05025424477232843
36 259 -0.1375393356455601
36 262 -0.03659575783355984
36 265 -0.11237923247990178
36 268 0.9979009855241774
36 235 0.4073948157233458
36 238 -0.6587364794080837
36 241 -0.59805949346595
36 244 -0.27039808789467035
36 247 -0.4412020958247094
36 250 0.17993250882456957
37 38 -0.6891071491254759
37 40 0.03725730582664921
37 181 0.01834774633983116
37 184 0.9356322103840646
37 151 -0.08938715371002637
37 154 0.18307427231932394
37 157 0.6774048965938253
37 160 -0.8160784760795039
37 163 -0.3248705284952944
37 166 -0.7746673993127271
37 169 -0.3868385099506857
37 172 -0.8859724267274347
37 175 -0.4159953287743583
37 178 0.5649753722193198
38 39 0.81808720943
38 41 -0.8699108800838333
38 217 -0.022432372500794884
38 220 0.8840609120593119
38 187 -0.5894061999016311
38 190 -0.14400584818468842
38 193 -0.5598947465888986
38 196 0.4255264732855306
38 199 -0.510832948179393
38 202 0.4408552404860109
38 205 0.04728991931787685
38 208 -0.15218503475279754
38 211 -0.6603976962807807
38 214 -0.2192251441535149
39 42 -0.4760843436835269
39 253 -0.30450617283462167
39 256 -0.5970161210248468
39 223 0.0640855191325429
39 226 0.04511749566868417
39 229 0.5454015048346117
39 232 0.6094013250065202
39 235 -0.1381330011383881
39 238 0.04657795459480729
39 241 0.0443701140824182
39 244 0.5728076043913839
39 247 -0.5667950093180436
39 250 0.25202213454321454
40 41 -0.5588909116902621
40 181 0.3226668141261235
40 184 -0.7127464337479676
40 151 0.462608587337183
40 154 0.4036674439700725
40 157 0.5396179065100519
40 160 0.1398674729074696
40 163 -0.32390811722259505
40 166 -0.2295096337199538
40 169 -0.9230517864282746
40 172 -0.543904879458214
40 175 0.7682636665864877
40 178 0.9916684352538652
41 42 0.43283391156030904
41 217 0.0074501327578762044
41 220 -0.4642298598622221
41 187 -0.32127083823323765
41 190 -0.4390761754986532
41 193 0.8171336425392335
41 196 0.6740568949714072
41 199 0.5939678475998285
41 202 -0.1601362492605416
41 205 0.008859317514750886
41 208 0.08375733925854023
41 211 -0.9989491472656082
41 214 -0.13845019419283822
42 253 0.93084803711902
42 256 0.6448343277655666
42 223 -0.07720508901416312
42 226 -0.5743206321687611
42 229 -0.594599036311946
42 232 0.3184681319354077
42 235 -0.8861806758469188
42 238 -0.8986525842302397
42 241 -0.8911888346077734
42 244 0.863731528986101
42 247 0.012330674180704326
42 250 -0.10311417323159255
43 44 0.5881970775011811
43 46 0.38832174698190625
43 181 -0.10818284925103594
43 184 0.6158342365900766
43 151 -0.9773284647332483
43 154 -0.8068364932983751
43 158 -0.3877512500236615
43 161 0.2134712901831055
43 164 0.6072377454655995
43 167 -0.7905258501282473
43 169 0.8308471012998706
43 172 0.1589345963499995
43 175 0.4359091067570122
43 178 0.1495261610498433
44 45 0.20918348767881811
44 47 -0.6965851539263264
44 217 0.6356969007133426
44 220 0.15327709438514558
44 187 0.8532058782890466
44 190 0.7591827920472847
44 194 0.5204994142980006
44 197 -0.03064743607747311
44 200 -0.9762395224910672
44 203 0.8850518396825553
44 205 -0.01747566409830048
44 208 0.3479523339020465
44 211 -0.2976460394358662
44 214 0.2259964022292078
45 48 -0.3405380448337101
45 253 0.8448606062784003
45 256 0.923556019902833
45 223 -0.4637220474882535
45 226 -0.23490566623727394
45 230 -0.26744958576726985
45 233 -0.7818641160122177
45 236 -0.8480009287027912
45 239 -0.22403785892763706
45 241 0.5272008169762454
45 244 0.03254877535168865
45 247 0.571147044334344
45 250 -0.771598627936001
46 47 -0.44425981446234464
46 181 0.08027506448369137
46 184 -0.5086609233471762
46 151 0.2208811770816359
46 154 -0.5355604676920249
46 158 0.6742311331541353
46 161 0.26642177545361445
46 164 -0.9278685696568814
46 167 -0.43984551896646185
46 169 0.8471496573776538
46 172 0.23368956216474923
46 175 -0.2773324463052025
46 178 0.31744519217529366
47 48 -0.624695846641351
47 217 0.517676820442287
47 220 -0.6491534576315068
47 187 0.11001447588590274
47 190 0.06206354736070807
47 194 -0.557894038377676
47 197 -0.2828385099916062
47 200 0.8373933216450915
47 203 -0.5138117308334067
47 205 0.49737249465674327
47 208 -0.8276989308862555
47 211 0.2691612762193558
47 214 -0.19522027043104795
48 253 0.8766005174114497
48 256 0.7470467391001316
48 223 -0.33514212919374264
48 226 0.9932344233800716
48 230 0.5798400683877913
48 233 -0.1820215363992399
48 236 -0.02546768940415367
48 239 0.24996328929214906
48 241 -0.744862756981779
48 244 -0.9091208334142273
48 247 0.3292413882533878
48 250 -0.7930711480770456
49 50 0.6599961708238267
49 52 -0.4060308831730908
49 181 0.8409720499295281
49 184 -0.2194967447309848
49 187 0.1849599718588273
49 190 -0.28864412995037436
49 194 -0.8620846768622608
49 197 -0.117733081837323
49 200 0.9498204404298944
49 203 -0.5606520209437575
49 205 -0.09869098270227439
49 208 -0.6168494212519711
49 175 -0.5566533587256299
49 178 -0.23190526433310232
50 51 0.5187386996359331
50 53 0.6019531715717938
50 217 0.4250440925014065
50 220 0.4631052814250842
50 223 0.9452994757060182
50 226 0.7665229576733343
50 230 0.3712359456480574
50 233 0.5059053621391094
50 236 0.5702181514563427
50 239 -0.4348809844798689
50 241 -0.7350886416305589
50 244 0.18663203179634347
50 211 -0.6760939402006891
50 214 0.32645020715013073
51 54 -0.2491180620226523
51 253 -0.30058016196590076
51 256 0.5970618336343569
51 259 -0.2308927290162397
51 262 0.35168292756894837
51 266 -0.41552459882547654
51 269 -0.8189439728252252
51 272 0.44890932394810545
51 275 -0.7651853880975401
51 277 0.6393676948929041
51 280 -0.8272800104435765
51 247 -0.1722715540851001
51 250 -0.3321781870639766
52 53 -0.24087955716573695
52 181 0.030714326577411688
52 184 0.599047448516359
52 187 -0.26010947483646674
52 190 -0.5520698203492047
52 194 -0.37548670176133925
52 197 0.9638838858127441
52 200 0.4444269294686358
52 203 0.9111959775661775
52 205 0.7330884253010892
52 208 0.7668154055706855
52 175 -0.30148710625885644
52 178 0.45353871233563225
53 54 0.5144068294338902
53 217 -0.9074208151292755
53 220 0.9162239209010763
53 223 0.6688731388938371
53 226 0.19969101672163259
53 230 0.1695073213940892
53 233 -0.5871053482880584
53 236 0.9822054820940691
53 239 -0.9158183662544332
53 241 0.9417177382063937
53 244 0.052825800674036305
53 211 0.6311721880133598
53 214 -0.4284919920405006
54 253 0.6857024311049775
54 256 0.952744860977754
54 259 -0.7219115347687857
54 262 0.21526229386246065
54 266 0.1111821923987899
54 269 0.7346100246102523
54 272 -0.5372003607184017
54 275 -0.664900875250229
54 277 -0.5866425180796031
54 280 0.8481620197264599
54 247 -0.7000106128673382
54 250 0.06190457981220643
55 56 0.6553590151217077
55 58 0.6593891731933035
55 182 0.8973123459629355
55 185 -0.2432320981017615
55 188 0.30820178405258947
55 191 0.5476088430488324
55 194 -0.693197130236503
55 197 0.9381091824427978
55 200 0.43659690700228326
55 203 0.42954516287668243
55 205 0.42178938513476427
55 208 0.03109403297412605
55 175 -0.7980239103989077
55 178 0.01573021506076322
56 57 -0.7977070689017354
56 59 -0.5391018649297441
56 218 -0.3413815514816956
56 221 -0.6989476270985999
56 224 -0.07519098107294986
56 227 0.45531872378366756
56 230 -0.987316438213268
56 233 -0.8108476971519183
56 236 -0.0333876617304818
56 239 -0.9190591932231478
56 241 -0.8695250831651122
56 244 -0.6913457821298161
56 211 -0.6496151214719583
56 214 -0.016237878863508692
57 60 0.6418649942003067
57 254 -0.9574856606515392
57 257 0.6834675197886269
57 260 0.3731842603235469
57 263 0.2033860348605685
57 266 0.09095963592215628
57 269 0.9089775111431888
57 272 0.9354756005648031
57 275 -0.8417769194151714
57 277 -0.32592616176371814
57 280 0.6828620816906006
57 247 0.2363093508283729
57 250 0.038479734708718905
58 59 -0.10591450093700594
58 182 -0.20930402838872642
58 185 -0.8581147130680276
58 188 -0.3534928557722654
58 191 -0.6588159924210244
58 194 0.5763680126091162
58 197 0.7467200780176699
58 200 0.7829820662863842
58 203 -0.8492068781924098
58 205 0.2830657455185903
58 208 0.9457598676945502
58 175 0.17917387154532838
58 178 -0.965099629610422
59 60 0.18973077171357833
59 218 0.7759311259904522
59 221 -0.49486751512412774
59 224 0.20809275433398344
59 227 -0.7839867338902746
59 230 0.8646778126870684
59 233 0.8558391569531578
59 236 0.7361261067394245
59 239 0.019453067079980624
59 241 0.8473631398471706
59 244 0.13198538032581597
59 211 0.9652998079107222
59 214 0.6213516267941834
60 254 0.7212538013593177
60 257 0.656290880633587
60 260 0.629322866894779
60 263 -0.7523148821735999
60 266 0.6805783454716834
60 269 0.09200307916246331
60 272 -0.4612084449864271
60 275 -0.1974510658829871
60 277 -0.10469010688973168
60 280 -0.050546429054664
60 247 -0.6628901252272361
60 250 0.651881036036885
61 62 0.9848058912919768
61 64 0.1268147375899451
61 182 0.4959424000684458
61 185 0.28049301262714565
61 188 0.018708270742639144
61 191 -0.4715420930970211
61 194 -0.5468648063360695
61 197 -0.42652114449552747
61 164 -0.14639618885089356
61 167 0.05487898927279122
61 169 -0.033770360121564647
61 172 -0.4410841320103893
61 175 -0.2120986890807388
61 178 0.6247626812019249
62 63 -0.8175269565721441
62 65 -0.10973331095003713
62 218 0.4496948179365903
62 221 -0.9315351670421836
62 224 -0.07947351397576252
62 227 -0.4633010513221927
62 230 -0.720587406374837
62 233 0.02546131196044432
62 200 0.01542383282262949
62 203 -0.37269276358677117
62 205 -0.14334169239238492
62 208 -0.6601375356192349
62 211 0.836208706841497
62 214 -0.9624637190086411
63 66 -0.682629289865216
63 254 0.47082586310251084
63 257 -0.26400468759490714
63 260 -0.4976008111291623
63 263 -0.9967067623567845
63 266 -0.35082853705264516
63 269 -0.75058321729245
63 236 -0.29149784945165225
63 239 -0.173246194580029
63 241 -0.9293797752363737
63 244 0.3864263404527626
63 247 0.9830006154853144
63 250 0.9117605956175467
64 65 0.6607349446361115
64 182 -0.39780098655880813
64 185 -0.9420081331637598
64 188 -0.8147805108116495
64 191 -0.02518109863840179
64 194 -0.6491391926802552
64 197 0.98028630330827
64 164 -0.5813282809513018
64 167 -0.7432399952442883
64 169 0.17180712556026534
64 172 -0.15396831465687888
64 175 -0.11078265130552123
64 178 -0.19226255704025963
65 66 0.20789481309499402
65 218 -0.12055018115225136
65 221 -0.3181109686580983
65 224 0.8164477004330608
65 227 0.3875100660707036
65 230 -0.26040115409667397
65 233 0.344521308249083
65 200 0.8530818795810826
65 203 -0.8143993941484966
65 205 0.26029542706390085
65 208 -0.8597476135762401
65 211 -0.9088660649422076
65 214 -0.9995774637827823
66 254 -0.6433694070490343
66 257 -0.828428620515345
66 260 0.8945419587363925
66 263 -0.7198693773889018
66 266 -0.31439442525152295
66 269 -0.21198271006921732
66 236 0.7808615995938717
66 239 0.38562440018139266
66 241 -0.4665401527813946
66 244 0.4536863325853804
66 247 -0.3539028215124689
66 250 -0.5425376795664945
67 68 -0.8428783473480548
67 70 -0.3995788194526373
67 182 -0.3611871708087828
67 185 0.3646486814999854
67 188 0.5789539341140939
67 191 -0.01847408984823362
67 194 0.14157621141371024
67 197 -0.393429064243471
67 164 0.7915360325284921
67 167 -0.3115243078440266
67 170 0.6839389241261868
67 173 -0.5567161499020643
67 176 -0.13248166352194057
67 179 0.6250339905263469
68 69 0.7026267399679793
68 71 0.012782109598868718
68 218 -0.7750915786524253
68 221 -0.20521456081325806
68 224 0.8340003148397557
68 227 0.6189209563017231
68 230 -0.39204570256728766
68 233 -0.9720918409632506
68 200 -0.5071033305937553
68 203 -0.8609358004776217
68 206 -0.11782433974382878
68 209 0.3475006874326816
68 212 -0.223397189922645
68 215 0.7625160755921363
69 72 -0.9190610817579195
69 254 0.41473845747487936
69 257 -0.7200237192047292
69 260 0.5223494343741799
69 263 -0.6784862459561236
69 266 -0.568279252740767
69 269 0.7220417205222311
69 236 -0.8396431496507317
69 239 0.30536159915453465
69 242 -0.05906274137104539
69 245 -0.09835133078580238
69 248 0.602881078911228
69 251 -0.27375656388772596
70 71 0.7235349215451046
70 182 0.4331981361170225
70 185 -0.13203580964446315
70 188 0.3000314717030712
70 191 0.7272015680365873
70 194 -0.7755234851431863
70 197 -0.012754514784194315
70 164 0.1256543198916078
70 167 0.579769190293967
70 170 -0.48796423837323477
70 173 0.14067526586317713
70 176 0.9399392413539469
70 179 -0.4922616222309282
71 72 -0.022237480693093392
71 218 0.9726803196499034
71 221 -0.5517026369266378
71 224 0.49672880617370274
71 227 0.9138828826673258
71 230 -0.02959888889961193
71 233 -0.5265166383750295
71 200 -0.33041629783068505
71 203 0.17538794247465184
71 206 -0.9497596133868369
71 209 0.6356813781061585
71 212 0.9608624951523184
71 215 0.9706974482669561
72 254 -0.534610479847498
72 257 0.3277790830148337
72 260 -0.29281055182162485
72 263 0.8156310752644833
72 266 -0.2656133626772883
72 269 0.8253410828271501
72 236 -0.017936267424450536
72 239 -0.2627276775053087
72 242 -0.5917757568556137
72 245 -0.9506337898308577
72 248 -0.10006630794013183
72 251 0.4423107286841905
73 74 0.9196532821773498
73 76 0.470983752569035
73 182 -0.5649320423829263
73 185 -0.6337863327723223
73 152 -0.46464307293189
73 155 0.33055312687928984
73 158 -0.5416465169453517
73 161 -0.22363792797921644
73 164 0.4447287007227756
73 167 -0.0217487023175027
73 170 -0.1930322480624831
73 173 0.9913416762678806
73 176 -0.2997404132258099
73 179 0.713635143705343
74 75 0.24736643577417028
74 77 0.8265606081675987
74 218 -0.25843356660401495
74 221 -0.25892361815451514
74 188 0.21340226883445523
74 191 0.17580257886646788
74 194 0.6271863763978502
74 197 0.8019312028256946
74 200 -0.7393608528457443
74 203 0.8422068822766364
74 206 -0.2557675443200964
74 209 -0.4168703784939405
74 212 -0.17227262957855216
74 215 0.2395569452380062
75 78 -0.4156990015153894
75 254 -0.5256997976752504
75 257 0.07169608270329175
75 224 -0.5599424416054293
75 227 -0.4821722905565269
75 230 -0.6180440945226986
75 233 -0.34902627115667095
75 236 0.4469657782071439
75 239 -0.20533969079655345
75 242 0.7377765525720421
75 245 0.8823987418627648
75 248 0.9883931405771735
75 251 -0.1491250533414521
76 77 -0.9132379703508893
76 182 0.6855851899533036
76 185 -0.27257029630501783
76 152 0.7182421683933455
76 155 0.4147941955960628
76 158 -0.7932837961477353
76 161 -0.8227816328060116
76 164 -0.6787878445405693
76 167 0.7661933220588715
76 170 -0.84395035700142
76 173 0.19897212701112754
76 176 0.7238285246339877
76 179 -0.7916915482146922
77 78 0.9258441337918673
77 218 0.1841435435279246
77 221 -0.7883986378685433
77 188 -0.34112054360273225
77 191 0.9436802569846112
77 194 0.2325303700062873
77 197 0.9416088153869777
77 200 -0.4601245693223517
77 203 0.877566715842165
77 206 0.1656664305953104
77 209 0.6035461100970845
77 212 -0.5513371611365787
77 215 -0.5957881213084233
78 254 0.8994981017152321
78 257 -0.8313623922581312
78 224 -0.5484983625743083
78 227 -0.5362392048565949
78 230 0.3064713857876231
78 233 -0.07658151907288024
78 236 -0.9620627807249531
78 239 0.6676935391875407
78 242 -0.8205469641675289
78 245 -0.9782498030748066
78 248 0.15728393304505928
78 251 -0.14399648990976033
79 80 -0.7220159721566364
79 82 -0.1883892798229898
79 182 0.2153568102489789
79 185 -0.10849625987122669
79 152 0.7902204135370212
79 155 -0.7050070421555976
79 159 -0.1658260751743974
79 162 0.32340176853821445
79 165 0.86660417730098
79 168 -0.1743954188420993
79 170 0.490009527604953
79 173 -0.45022423427452707
79 176 -0.7278729407925237
79 179 -0.5334121906487335
80 81 0.2945474858006649
80 83 -0.7783114188115499
80 218 -0.7901426053875027
80 221 -0.7474452209994469
80 188 -0.45447341707809574
80 191 0.4081843905625471
80 195 0.4409577829856264
80 198 0.3584082778064215
80 201 0.7413006097753618
80 204 -0.5379087462514007
80 206 0.07642437661411039
80 209 -0.7613013588911643
80 212 0.19124280882778
80 215 -0.1572760836528979
81 84 -0.9687131204719781
81 254 -0.5114597666106717
81 257 -0.8564147978302485
81 224 -0.08748353083787785
81 227 0.8813995885196375
81 231 -0.43057088741698424
81 234 0.19710076116161046
81 237 0.08491728493573003
81 240 -0.9322166464613675
81 242 -0.4473003607754611
81 245 0.838190406065064
81 248 -0.46221002901939023
81 251 -0.925974132046347
82 83 0.20897313910727644
82 182 -0.1837869417086424
82 185 -0.3823866734899586
82 152 -0.2585718560856334
82 155 0.21387605511824836
82 159 -0.05346918742558815
82 162 -0.8608074679836752
82 165 0.35418326641339015
82 168 0.03872057905855275
82 170 0.9656257857609862
82 173 -0.7873091235211811
82 176 0.5598749817386797
82 179 -0.49720869215931374
83 84 0.19530737207480042
83 218 0.050375934640727094
83 221 0.2120828721345449
83 188 0.3471924426154087
83 191 -0.33735498782716267
83 195 0.20450521893659301
83 198 0.06560311229186278
83 201 0.22551061785252124
83 204 0.1694543347610118
83 206 0.06993354894218196
83 209 -0.9805615950048159
83 212 -0.8259813731013315
83 215 -0.140636824439331
84 254 -0.4826206506439905
84 257 0.08963108571262479
84 224 -0.7651552204337906
84 227 0.008906025899332759
84 231 -0.42418338937117195
84 234 -0.2687008466888785
84 237 -0.7398134105519161
84 240 0.7609509740057971
84 242 0.9535590425706628
84 245 0.28848540389921173
84 248 -0.7772395960675058
84 251 0.3098557915026763
85 86 -0.811665484345103
85 88 0.18328795091380345
85 182 0.6480189675344894
85 185 -0.10546444451920589
85 188 -0.8301700798139466
85 191 -0.5082466200304623
85 195 -0.668007729535794
85 198 -0.8177941877333461
85 201 -0.668772225687603
85 204 -0.9021643740488456
85 206 -0.7502447077252294
85 209 -0.9861365131664155
85 176 -0.7991412649722309
85 179 0.8376288047494826
86 87 0.3273686305145642
86 89 0.002251097581098316
86 218 -0.25818022309047706
86 221 0.7257894482521445
86 224 0.7320597284127346
86 227 -0.7784799193321084
86 231 0.42582073420065947
86 234 -0.08442414406095367
86 237 0.16122734143865358
86 240 -0.05327688670907027
86 242 -0.7820586513336452
86 245 0.5400484369159246
86 212 -0.6067887321162992
86 215 -0.12992076618341697
87 90 0.8703929499028444
87 254 -0.20903945371414534
87 257 0.8405369545607373
87 260 0.7499188164832697
87 263 0.6711315984260677
87 267 0.007911862551773119
87 270 0.7514620994828689
87 273 0.4029677915231369
87 276 -0.8308440606656835
87 278 0.990192175979812
87 281 -0.29025700983477676
87 248 0.33482969086122294
87 251 -0.04400010619059236
88 89 -0.4224317644601796
88 182 0.9490816422899457
88 185 -0.2794481148500907
88 188 0.7003590826160164
88 191 -0.005871180188976144
88 195 -0.08115943690756366
88 198 0.4010593871724444
88 201 -0.2735806408567194
88 204 0.9745290964817339
88 206 0.9067705731417879
88 209 0.9251314766452752
88 176 -0.21392108667735155
88 179 0.2035584097893286
89 90 0.6304648949563596
89 218 0.3257412792677914
89 221 -0.8253184035799863
89 224 0.8467811663351736
89 227 0.4935490165441334
89 231 -0.46371729478681245
89 234 0.17148369879894876
89 237 0.5788732961234155
89 240 -0.7330495435340554
89 242 -0.3460950985092388
89 245 0.09851007100213627
89 212 -0.4411199671663484
89 215 -0.8002322690369776
90 254 0.8475803965035116
90 257 0.3587241681247535
90 260 -0.934742725843507
90 263 -0.1229652157543617
90 267 -0.5372587926795083
90 270 0.6612154857101953
90 273 -0.13409610452485698
90 276 0.7734284478482341
90 278 0.7519915882719905
90 281 -0.784788752623188
90 248 0.3383263073174654
90 251 0.7832677890605086
91 92 -0.01394459669347925
91 94 -0.7715903757078943
91 183 0.2920673945838792
91 186 -0.2231341722917548
91 189 0.5213213073216123
91 192 0.9038819727239102
91 195 0.28767183129360463
91 198 -0.12126086595170205
91 201 0.19882145001149398
91 204 0.5635852586506824
91 206 -0.0156348029167086
91 209 -0.00393959428916868
91 176 -0.16917281159804642
91 179 0.6839349412813245
92 93 -0.25919390931674213
92 95 0.6533897457059872
92 219 0.17725075082084185
92 222 -0.3665063665045112
92 225 0.891233263573288
92 228 0.319089548104073
92 231 -0.681031033710189
92 234 -0.6752822639338927
92 237 0.9015906259859914
92 240 0.7169709108999511
92 242 -0.4231432243613349
92 245 0.8055389744767487
92 212 0.5090442478024337
92 215 0.8361633790082954
93 96 -0.17780089585093783
93 255 -0.12787617606490986
93 258 -0.5400656741288432
93 261 0.6282019262118881
93 264 0.2913072688825302
93 267 0.07321286220731427
93 270 -0.24204309110949196
93 273 0.11862072689253811
93 276 0.023881892267251015
93 278 -0.768503775965669
93 281 -0.18561783550247846
93 248 0.2166124186302265
93 251 -0.18016371128345465
94 95 -0.36851057358543926
94 183 -0.4308591168731619
94 186 -0.8969786395833925
94 189 -0.937951088016818
94 192 -0.6722796455379616
94 195 0.16407514158263847
94 198 0.20632718238735803
94 201 0.342064879937537
94 204 0.5027182050035344
94 206 0.9217910916828345
94 209 0.32821453902847386
94 176 -0.8174260418609074
94 179 -0.9116289791788221
95 96 -0.0508904861588475
95 219 -0.34679987741446006
95 222 0.07130101440448966
95 225 0.8608227146058962
95 228 -0.720269862065398
95 231 0.5153383700324039
95 234 -0.3665524554165036
95 237 -0.967834071057633
95 240 -0.3507915852401382
95 242 0.36554511215018537
95 245 -0.8493048352663191
95 212 -0.36727225500748983
95 215 -0.0882294431710351
96 255 0.3854184657172557
96 258 0.4503165658259918
96 261 -0.2752165049191311
96 264 0.10712419144534646
96 267 0.8498023263666736
96 270 0.4154195981579065
96 273 -0.3547058708905555
96 276 0.9217764347772304
96 278 0.02127095646129007
96 281 0.47935381336023686
96 248 0.8005699672690705
96 251 0.8316422975363544
97 98 0.8234872785686183
97 100 -0.9725075281076545
97 183 -0.8955614551764193
97 186 0.4186873349780573
97 189 0.654848271746231
97 192 0.9600913838588994
97 195 -0.4412200915624498
97 198 -0.5675090872245561
97 165 0.20715362767970613
97 168 -0.384085218211617
97 170 0.4821313615502645
97 173 -0.7845071897690086
97 176 0.023606375239794364
97 179 0.4173059775786958
98 99 -0.24811050076399388
98 101 -0.8872816776119286
98 219 -0.14523289036017872
98 222 0.45612921118787786
98 225 0.656906423418889
98 228 0.7530933681290686
98 231 0.32006017947580423
98 234 -0.8750271228229358
98 201 0.8076000837256232
98 204 -0.6487014324379698
98 206 0.19915412439930047
98 209 -0.9681579051969884
98 212 -0.025661672346200648
98 215 -0.03614754088942784
99 102 -0.38481482001409795
99 255 0.5556833823318825
99 258 -0.16777072497143708
99 261 0.5709513871303076
99 264 -0.1995718872583372
99 267 -0.14396916850246932
99 270 0.09264594537128468
99 237 -0.8021514785404786
99 240 0.8757553218166563
99 242 -0.4292650267711995
99 245 0.08348569473649325
99 248 -0.9783602602552006
99 251 -0.020766503546513215
100 101 -0.8241069513307118
100 183 0.06884987910800766
100 186 0.815769871961642
100 189 0.25122762124659825
100 192 -0.5335182250576052
100 195 0.4557466524297691
100 198 0.41248219274962583
100 165 0.49159595684206714
100 168 -0.23244978531830607
100 170 0.09037662130720436
100 173 -0.49027807048362426
100 176 0.10072549147429855
100 179 0.968750001481369
101 102 -0.20580762042245748
101 219 -0.5425386268635577
101 222 -0.5502422534882818
101 225 0.3812967937087852
101 228 0.8387017042681815
101 231 0.22232626694655377
101 234 0.34654414351699225
101 201 0.9507463436439179
101 204 0.2084083856214154
101 206 -0.44188803626732853
101 209 -0.2092852231780178
101 212 0.4316514595188965
101 215 -0.858601845908046
102 255 -0.7245470697451719
102 258 -0.7744934764644504
102 261 -0.4887549677220968
102 264 -0.47646285044883663
102 267 0.2080571503392632
102 270 0.8322667120610348
102 237 -0.21315223893762192
102 240 -0.5149821785459727
102 242 0.1933462108281414
102 245 -0.8136731551629837
102 248 -0.47733826465856466
102 251 -0.948151132283845
103 104 -0.8532161228610542
103 106 -0.3053569787196735
103 183 0.5764483904325952
103 186 0.28555626390350186
103 189 0.19520745350707758
103 192 -0.8654674096030863
103 195 0.18181700371310971
103 198 0.5761029274718534
103 165 -0.4865519322439733
103 168 -0.7924406224365383
103 171 -0.9194745685682539
103 174 -0.2672953146924726
103 177 -0.37407926129002544
103 180 0.24713912705487062
104 105 -0.09736060175865902
104 107 0.9458693757050582
104 219 -0.12755684790590993
104 222 -0.9865775854889738
104 225 -0.3757458932132616
104 228 0.4452951980960538
104 231 -0.2623029292834871
104 234 -0.3553802105328414
104 201 0.32964108281250737
104 204 -0.5624933132860626
104 207 -0.8684522781322972
104 210 -0.28955811780796337
104 213 -0.3030394386154325
104 216 -0.17072855454354197
105 108 -0.18351984967570378
105 255 0.8331250137410002
105 258 -0.5935436599300639
105 261 -0.5137446627890607
105 264 0.9607368669810921
105 267 0.5411481654560863
105 270 0.08802427933323731
105 237 -0.4575179289689353
105 240 0.7943223144165439
105 243 0.6894623386626155
105 246 -0.46714967205277014
105 249 0.4013360527802281
105 252 -0.1869758898576468
106 107 0.08614089763540056
106 183 0.08107244970273264
106 186 -0.032690119796993766
106 189 -0.713903941718439
106 192 0.8866716107885957
106 195 -0.7423242383080866
106 198 -0.9242800587679489
106 165 0.9580318271735682
106 168 -0.4866116724772982
106 171 0.39354009547708646
106 174 -0.5219906876737896
106 177 -0.6871569253876169
106 180 0.24010772213872955
107 108 -0.06639284706490267
107 219 0.3225309890146266
107 222 -0.4868031898367151
107 225 -0.6538466729038186
107 228 -0.0891803525452366
107 231 0.1614351424062217
107 234 0.4401615719132632
107 201 -0.2859994906809489
107 204 0.759191183110872
107 207 -0.8488769336029887
107 210 -0.5919226488953986
107 213 -0.9567043824660026
107 216 -0.04839806271395575
108 255 0.8925032429036823
108 258 0.02530089544250913
108 261 0.7822609325878567
108 264 -0.07496603194251916
108 267 -0.030526691569271902
108 270 -0.3129770022137244
108 237 0.8815502907801562
108 240 0.8539737400207428
108 243 0.09845338586949226
108 246 0.8752706749884711
108 249 -0.005287811048017899
108 252 0.4903450337870061
109 110 -0.35494966281094675
109 112 0.2595419879720351
109 183 -0.35455898013840703
109 186 0.2657859714758779
109 153 0.47603895626241943
109 156 0.5809798835749005
109 159 -0.3963274221393813
109 162 0.7858458145264331
109 165 0.5891677143703558
109 168 0.2074765830017553
109 171 -0.9301518122188541
109 174 0.5489558074054874
109 177 -0.09755870388668875
109 180 -0.36617398069297447
110 111 0.6909070307932639
110 113 0.866695214845262
110 219 0.17162577099129095
110 222 -0.6320373470873546
110 189 -0.8175029669183425
110 192 0.7995244661817114
110 195 0.1399341870655657
110 198 0.8563624110629231
110 201 0.27268138956435206
110 204 -0.38195397682538057
110 207 0.20156755024688278
110 210 -0.6629260678614741
110 213 0.6402506091430233
110 216 0.5011892960640689
111 114 -0.4738330431158093
111 255 0.8118897719851139
111 258 0.6825291803560187
111 225 0.6870990518195079
111 228 -0.3898782239276575
111 231 0.6067712173817119
111 234 -0.5989219026402075
111 237 -0.8859186699514989
111 240 0.03677311929074123
111 243 -0.9376105670933861
111 246 0.40134940977397626
111 249 -0.16113164141114766
111 252 -0.014737417317060908
112 113 0.052277278568203744
112 183 -0.19245345382904477
112 186 0.9486014343165747
112 153 0.10017832414275563
112 156 0.5792765941550171
112 159 -0.5428317565711573
112 162 -0.13521290351993986
112 165 0.49540351797146687
112 168 -0.8174954559511596
112 171 -0.12134336441168392
112 174 0.7612291431318794
112 177 -0.8911316882189819
112 180 -0.3195462310816348
113 114 0.7701658102455178
113 219 -0.22916247922788502
113 222 -0.4302348587134066
113 189 0.40357012624416844
113 192 0.8932440954650214
113 195 0.8558161824931514
113 198 -0.3319712816322129
113 201 0.5233821702691361
113 204 -0.5592395923004758
113 207 -0.108925200074107
113 210 -0.2694624660829732
113 213 0.5429232807179212
113 216 -0.23863461127954633
114 255 -0.028761023172027667
114 258 -0.4529941625045242
114 225 -0.9117116078107101
114 228 0.9620758485232797
114 231 0.9939218087068762
114 234 -0.02970161639386526
114 237 -0.2737008866844941
114 240 0.17214869279710165
114 243 0.10131272949019166
114 246 -0.399563297344105
114 249 -0.5867283699946511
114 252 0.11019520834347185
115 116 0.8008478345376986
115 118 0.5957663698306137
115 183 0.4092420424486991
115 186 0.7354909983705222
115 153 -0.6999943801554069
115 156 0.06380112227749701
115 171 0.8821710425186571
115 174 0.5709542234906726
115 177 -0.3003882776885207
115 180 -0.28312468161644544
116 117 0.7276491669372183
116 119 0.566626179527334
116 219 -0.28403078017543093
116 222 0.3171620672229245
116 189 -0.7435815230161709
116 192 -0.3724102297011527
116 207 -0.23483623442054724
116 210 0.018411746233341297
116 213 -0.2746492769996989
116 216 -0.31759589630676355
117 120 0.3332181088029078
117 255 0.15869088857909075
117 258 0.41125286301435837
117 225 -0.26599942695490864
117 228 -0.1144795229072697
117 243 -0.9370134901562206
117 246 -0.3661587165674609
117 249 -0.7271416450909045
117 252 0.4801516219642854
118 119 -0.6501509294757912
118 183 0.5021612072895028
118 186 -0.17139745963529296
118 153 0.8009613812170528
118 156 -0.6062432116640895
118 171 0.9950251426980845
118 174 0.2085570752792878
118 177 0.9104727511622741
118 180 0.6032291026101415
119 120 -0.15376270313379137
119 219 -0.015647127043530995
119 222 -0.738873654359129
119 189 0.7232531784799621
119 192 0.7052047321489587
119 207 -0.8208841583635518
119 210 -0.9952525859515997
119 213 0.4471133404479497
119 216 0.16194724080727974
120 255 0.3112852789119511
120 258 0.5838522104697215
120 225 0.7132639028817078
120 228 0.05812294285137898
120 243 0.7114900198984804
120 246 0.2315694432633546
120 249 -0.7582232543374006
120 252 0.6346428548774654
121 122 -0.03773375120575473
121 124 0.4280141376961115
121 183 0.8584404837820021
121 186 -0.6308551851392432
121 189 -0.1039384793785183
121 192 -0.461066433478291
121 207 0.4415107768287887
121 210 0.5076037094475989
121 177 0.1305652795458243
121 180 0.3230004544012308
122 123 -0.15922005151403495
122 125 0.4950404577444467
122 219 0.37059637682002466
122 222 0.8129839565945072
122 225 0.005848406647252835
122 228 0.49006028018830605
122 243 0.11811357859196026
122 246 -0.13521968263100925
122 213 -0.271259707178775
122 216 0.11348873667353732
123 126 0.45504431204961704
123 255 -0.997989742032096
123 258 -0.4495489556248802
123 261 -0.5834915759747745
123 264 -0.74193064524874
123 279 0.9355266173912056
123 282 0.012816180546111333
123 249 0.14382508584549925
123 252 0.3492278765301944
124 125 -0.3938452006620823
124 183 0.11775163610385508
124 186 0.0351823492245249
124 189 0.044143136231325375
124 192 -0.3247297734265724
124 207 0.7839667365164409
124 210 0.12597994712272098
124 177 0.5170784798442114
124 180 -0.9807644196470586
125 126 -0.5006790309449032
125 219 -0.6981553746857592
125 222 -0.18494296287965906
125 225 -0.8204233867426016
125 228 -0.6420256972263201
125 243 -0.48402687216382856
125 246 0.7417373032428949
125 213 -0.6072168360747285
125 216 0.4839922033268742
126 255 -0.07155286275971151
126 258 0.7427419842197192
126 261 -0.24414440975424756
126 264 -0.8263544239589826
126 279 -0.09572986991043964
126 282 -0.8808462686873273
126 249 0.7280877957367005
126 252 -0.11947405388731247
127 128 -0.05875983191526224
127 130 0.09276548202841939
127 207 0.33892471528622736
127 210 -0.021014376231399234
127 177 -0.04923619861724782
127 180 -0.27627094209894665
128 129 -0.3236577376285594
128 131 0.7702040725919976
128 243 -0.3767643018621549
128 246 0.5190166046479043
128 213 -0.5910846902747775
128 216 -0.5953426555385011
129 132 -0.3822088674718902
129 279 0.7851521777235473
129 282 0.7222032402134531
129 249 -0.46959070387477864
129 252 -0.0658793222144094
130 131 0.968738684398549
130 207 -0.9554627639553648
130 210 0.3184380440476007
130 177 -0.150913946689462
130 180 -0.38099377637539567
131 132 0.09895411948027677
131 243 0.6338267485334008
131 246 -0.9256055045206584
131 213 -0.46054551254405496
131 216 -0.061256132955263665
132 279 -0.47882445382339833
132 282 -0.8080122448869023
132 249 0.9388252183811605
132 252 -0.14246947954940725
133 134 -0.827848316785847
133 136 0.3022184068253184
133 171 0.24682595429106446
133 174 0.08247729747791555
133 177 0.6999984336054732
133 180 0.08045889354237312
134 135 -0.9709284042454918
134 137 0.2736549647200155
134 207 -0.6783546558106899
134 210 -0.5666837548817265
134 213 0.05153962213473551
134 216 0.5184922056078849
135 138 0.21902337567192687
135 243 -0.47886407916713214
135 246 -0.4931131400196975
135 249 -0.9013457410822792
135 252 -0.628352831400063
136 137 0.19698056308308942
136 171 -0.47155510125102995
136 174 -0.050822547013445796
136 177 0.9598761532946061
136 180 -0.9589237169776885
137 138 -0.01730539156968902
137 207 0.8568132605164258
137 210 -0.7323698021803082
137 213 -0.2083867888000268
137 216 -0.9396313148837605
138 243 -0.4949670671909705
138 246 -0.8380143539559048
138 249 -0.37124429617259347
138 252 0.9808186349326746
151 152 0.3496023700487707
151 154 0.27090594048961836
152 153 0.7166598788472403
152 155 -0.8717773010121743
153 156 0.25515376828893066
154 155 -0.5930485059845378
155 156 0.23264699249198073
157 158 0.7417690863512674
157 160 -0.5162362140018719
158 159 -0.7307421469332329
158 161 0.3101543049689164
159 162 0.6465996835918555
160 161 -0.18608535341843058
161 162 0.8143062866736843
163 164 0.6260752833229877
163 166 -0.08784253694100408
164 165 0.36784599052156475
164 167 0.8226742006577075
165 168 -0.48070134512198326
166 167 -0.4499730368715804
167 168 0.26430936728759313
169 170 -0.21007599938510824
169 172 0.3650526149836919
170 171 -0.5700517656051707
170 173 0.4108980099790749
171 174 0.5728281245934832
172 173 -0.14531717857499027
173 174 -0.13215206631390974
175 176 0.987201769663641
175 178 -0.27297558170593605
176 177 -0.8585560218821613
176 179 -0.8984947775155154
177 180 -0.41181921777491537
178 179 -0.006725903762540009
179 180 -0.5711980169101321
181 182 -0.7918924431823104
181 184 0.8651815630945809
182 183 -0.7562366270160763
182 185 -0.2413483861546728
183 186 -0.9427493541860523
184 185 0.9506509201484117
185 186 -0.5078243738613415
187 188 0.8459718891209436
187 190 0.06901474286602505
188 189 -0.8225951805480514
188 191 0.9512554975028802
189 192 0.9210559963368514
190 191 0.37958258000835055
191 192 0.4045820055675864
193 194 -0.4243874552974092
193 196 -0.3568719416875388
194 195 -0.11003258946068573
194 197 0.6279022344457861
195 198 0.2757118419485658
196 197 0.742626293388222
197 198 -0.04688756395237581
199 200 0.6651743299860287
199 202 -0.3152557605445452
200 201 0.4999304976673562
200 203 0.7403917218303342
201 204 -0.12610741109096457
202 203 -0.024771073976171287
203 204 0.10292839263648612
205 206 -0.647774517548565
205 208 0.6612418384635259
206 207 -0.5383408001661507
206 209 0.687551756150806
207 210 -0.6890910834373183
208 209 -0.2670612140072466
209 210 0.8343126003585428
211 212 0.9586370900599339
211 214 -0.37679516461660945
212 213 -0.6437503134652611
212 215 0.15454699808545724
213 216 -0.6323915827504916
214 215 0.4091660508073023
215 216 -0.4689412664083492
217 218 -0.8448796067454651
217 220 0.10516070341811501
218 219 0.006837722978750849
218 221 0.1889566080694638
219 222 0.611270463204761
220 221 0.2993593597992188
221 222 -0.03684979762063989
223 224 0.09111805694125463
223 226 0.20203497380590707
224 225 0.6173193169220217
224 227 0.4482303542786601
225 228 0.030761542834892408
226 227 -0.5091657251825197
227 228 -0.3974805443521092
229 230 -0.03622470289628654
229 232 -0.40659519283061774
230 231 0.6111105618815391
230 233 -0.6802612343284888
231 234 -0.11669229266811576
232 233 -0.8932650103674169
233 234 0.5386712649909535
235 236 -0.3557458742675499
235 238 0.2920297580769291
236 237 0.19375718635311778
236 239 0.2961881690064998
237 240 -0.2438475936407014
238 239 -0.35992648448477094
239 240 0.8193888439074806
241 242 0.9066718144999419
241 244 -0.6671095261085511
242 243 -0.39928952905599924
242 245 0.03268975744770586
243 246 -0.2638555491146095
244 245 -0.8635007536087922
245 246 0.2859035351438861
247 248 0.6302387638920872
247 250 0.8186362484753076
248 249 0.3987054701945436
248 251 0.10029368741607025
249 252 0.38306942340801786
250 251 -0.5771826470759782
251 252 -0.6933311501332091
253 254 -0.04984061816504748
253 256 -0.4731162372388775
254 255 0.1816460782121052
254 257 -0.9387475897977842
255 258 0.44202621442036105
256 257 -0.7461539959439989
257 258 -0.6903903840072587
259 260 0.29616982305041817
259 262 0.3591555558026085
260 261 0.7985123762678676
260 263 -0.11570331425023817
261 264 0.3017492399945254
262 263 -0.39981278047924684
263 264 0.344056349618316
265 266 0.07923474817320786
265 268 0.39919996544162717
266 267 -0.2777849529420404
266 269 -0.9173757383828678
267 270 0.6227419624370387
268 269 -0.6255640475545217
269 270 0.13917044993410022
271 272 0.7694984960225353
271 274 -0.7164071559746701
272 273 0.5549368477559247
272 275 -0.15778827004855733
273 276 -0.09043070067229642
274 275 0.6282784417571174
275 276 -0.6229680304363165
277 278 0.041376939764014464
277 280 0.5505443725680603
278 279 -0.018814389394549824
278 281 -0.7159747846703666
279 282 -0.45354852237898524
280 281 0.880693065440217
281 282 -0.053808267118621744
