# 
7 7 -0.05006630709169535
8 8 2.325057730429452
9 9 1.1302122569596111
10 10 0.6980247945281945
11 11 -1.0672657075954426
12 12 -0.13064295446150354
13 13 -1.7555970236821024
14 14 -2.4806256142558762
15 15 -3.5475786376336567
16 16 2.955130071953259
17 17 1.9466260452859379
18 18 -1.973435884423366
19 19 -1.8000454476104144
20 20 -3.9644076161850945
21 21 1.2888428782850356
22 22 -2.1067137188157314
23 23 -2.7139572203936595
24 24 2.9189108125690595
25 25 2.402198829597797
26 26 2.9506415957380536
27 27 -1.3675387185802554
28 28 3.6423132216764476
29 29 3.5706725409066875
30 30 1.2035989494752952
31 31 -0.5931722083700546
32 32 -3.3619436187917424
33 33 3.1504797410089616
34 34 -0.5025536183345327
35 35 -0.17689874453520105
36 36 -1.0228400265447206
37 37 1.6242281188912768
38 38 -0.0003960418219008943
39 39 -3.629562225232884
40 40 2.688618586285144
41 41 -2.122095382623442
42 42 2.7753842007286913
43 43 3.538890592189256
44 44 -3.3965921480771586
45 45 -0.4903333731588564
46 46 0.526028370495264
47 47 0.8061259869510717
48 48 -3.6000692250638835
49 49 2.941566988842804
50 50 -3.5473562641737217
51 51 2.9016343391778987
52 52 -1.1794868368113622
53 53 3.5330275145882126
54 54 1.2139622737251932
55 55 -1.1769709943699498
56 56 -2.5818634153497086
57 57 1.6687142553995837
58 58 3.388780230119843
59 59 -3.217173032492733
60 60 -3.512581694101386
61 61 3.9774219671575244
62 62 -0.13206960008282298
63 63 -0.00765392304727186
64 64 -3.1780181341440477
65 65 -1.2483917621223544
66 66 3.44060469020296
67 67 2.2678697972531987
68 68 2.6103040082676756
69 69 3.292893330362042
70 70 0.16433847631995135
71 71 -1.2084202373207642
72 72 3.9292801376410083
73 73 2.8778842274370033
74 74 1.616994470786981
75 75 1.5203505669955266
76 76 -0.8850056128449957
77 77 3.4924030552039174
78 78 3.2911504457535052
79 79 -2.3592981768137546
80 80 1.9269635780354024
81 81 1.9455573251228424
82 82 2.3259375626590604
83 83 2.917694293997309
84 84 3.243941748590193
85 85 -1.5350001441002536
86 86 -1.2065274125763459
87 87 3.6000851506846114
88 88 3.544098482693749
89 89 1.7793536075534924
90 90 -2.761500597002631
91 91 -0.815301247945027
92 92 -0.5489485577443753
93 93 3.5225486867730416
94 94 1.94995792172862
95 95 3.064333015930411
96 96 -1.5141067408495426
97 97 -2.4724714440242455
98 98 1.936629970848121
99 99 2.6683554822150555
100 100 -3.1877743422771596
101 101 -3.682066599937894
102 102 -3.0051488697815154
103 103 0.03439162113226679
104 104 -1.1176406170865034
105 105 -1.916676705798106
106 106 1.1829363890061773
107 107 -2.6565077414545675
108 108 1.824746033956048
109 109 -3.2068516099482114
110 110 1.060243304377681
111 111 -3.0916240466147578
112 112 -3.302700546130575
113 113 -3.7078931681060547
114 114 -3.5706925030349685
115 115 -0.6905319645755448
116 116 -2.866085821232634
117 117 1.9468770677372138
118 118 3.7593580411287713
119 119 0.23399567721513392
120 120 2.492409449146848
121 121 1.4590086610452087
122 122 -2.0523115501767393
123 123 -0.04317505875046823
124 124 0.48367657594899605
125 125 -0.21522567128172554
126 126 -1.3978462631001536
127 127 0.7637386069027903
128 128 3.8470242991186048
129 129 2.2293450512079414
130 130 -0.6458042578350236
131 131 -0.7754211222076401
132 132 0.013341553599560463
133 133 3.8145859306636805
134 134 -3.8268622979997
135 135 2.5864109197705014
136 136 3.863529675187797
137 137 -0.42518908551092327
138 138 -1.0796278538797521
151 151 -3.456543350112465
152 152 0.17209462053585955
153 153 3.5765262038731427
154 154 -2.5880210552214473
155 155 -3.2975384209935106
156 156 -3.2481467240897475
157 157 -1.3586800639154077
158 158 -2.8069584536470096
159 159 -2.8919002055557286
160 160 -2.813026115832918
161 161 -1.7704294226906825
162 162 0.0471833228371521
163 163 -0.16488419679348354
164 164 -3.2000180894066546
165 165 -1.7355305327573394
166 166 -1.1019410201612603
167 167 -0.03470445212606599
168 168 2.0879814213019907
169 169 -2.46462572476963
170 170 -1.0282377511062402
171 171 -3.6286006430432387
172 172 1.9218561678488264
173 173 -1.1447419558471719
174 174 2.8779448083261245
175 175 -0.5719415945744437
176 176 -3.4929581275652293
177 177 -0.9118221680516854
178 178 2.066867635929631
179 179 -2.170356300739078
180 180 0.6488826863275081
181 181 1.8743290611195391
182 182 1.6558950236799834
183 183 -2.0019609234548748
184 184 -0.12091017152262484
185 185 -0.2743170088159692
186 186 1.6788230450125559
187 187 -1.737432776045254
188 188 -3.4125791791680067
189 189 -0.657499887920685
190 190 3.619162536855044
191 191 -3.852477590057071
192 192 -1.9666688071417369
193 193 -1.1575602856803666
194 194 2.816132114378216
195 195 1.166014950517992
196 196 -0.781975601332185
197 197 1.3794663656928732
198 198 2.4400466442551076
199 199 3.2052302087685076
200 200 2.195503931520739
201 201 -1.2577664497626344
202 202 -1.3721966608552991
203 203 2.6166797575689795
204 204 1.1870055161164332
205 205 0.5483538015257894
206 206 1.5706049632324826
207 207 -2.3411417966592394
208 208 0.9792913756698667
209 209 0.15399496599157736
210 210 2.7381251273481517
211 211 -2.9146204758465935
212 212 2.8836746067910655
213 213 -0.04597197328303704
214 214 3.930070585259087
215 215 0.7754442254854501
216 216 1.7400982804352116
217 217 0.6079160877446137
218 218 2.6456178810788114
219 219 2.3686327749443397
220 220 0.029226200971207206
221 221 -1.110770722163691
222 222 -2.329081613635104
223 223 -3.3966427577955622
224 224 -2.243134772125842
225 225 3.3027247206534582
226 226 -0.12788723695976323
227 227 -3.917500197244138
228 228 -1.6410895237736263
229 229 2.8722915815976107
230 230 0.001356287919224819
231 231 -0.7698827388607707
232 232 3.511685707132422
233 233 -3.4114809486418967
234 234 0.7294554559757751
235 235 0.11799730379560192
236 236 -3.433299699653812
237 237 3.5342135171628204
238 238 -0.10208172985395514
239 239 1.7098732065558009
240 240 -2.6686365256070044
241 241 -1.5234380981328686
242 242 0.6349981498022119
243 243 3.087500790581135
244 244 1.633650180212678
245 245 -3.0168909757044835
246 246 -2.6582625533031443
247 247 -2.514504331579949
248 248 -2.627031408859576
249 249 -3.561437351709767
250 250 -0.6017303557887939
251 251 1.6334108770381057
252 252 2.986335130494301
253 253 -2.8524954691567164
254 254 -0.5568883282612962
255 255 -3.2938634563591007
256 256 3.6563900564812677
257 257 2.2699015538327467
258 258 -0.8202886620764742
259 259 -2.5366940579443504
260 260 2.046562565066183
261 261 1.5236224728453616
262 262 -2.8038045112201875
263 263 3.0623430972810386
264 264 1.0980649664377342
265 265 3.6476010916280925
266 266 3.3365729964191306
267 267 3.5633176132860154
268 268 -3.5817557508821967
269 269 0.1773732970836086
270 270 -2.4750141998957726
271 271 0.717662499163783
272 272 3.6482761830717596
273 273 3.415538020423945
274 274 2.105704006520135
275 275 -3.8869514375489844
276 276 2.4494086451116166
277 277 -3.614648455389733
278 278 -1.7781426204101187
279 279 0.9103712395995807
280 280 3.735664422804402
281 281 -3.82624613885244
282 282 0.8789401004218327
7 8 0.28688680923835075
7 10 0.7615828330670751
7 157 0.4687814623364799
7 160 0.41551685183484666
7 163 0.6419564063170122
7 166 0.5106415682273091
8 9 0.9639526956858286
8 11 -0.4612139945273679
8 193 0.5230053363341725
8 196 -0.14808245945545928
8 199 -0.5442982726445602
8 202 0.997345978321954
9 12 -0.8530128123777063
9 229 -0.907451703117033
9 232 -0.5729069734995402
9 235 0.5823131880262735
9 238 0.7437415720638947
10 11 -0.4568744000934457
10 157 0.7320779689685752
10 160 -0.47428564484075775
10 163 0.07267792737823275
10 166 -0.26032445974339846
11 12 -0.760637987278894
11 193 -0.5800189245613481
11 196 0.8617038272714521
11 199 0.2703190690820083
11 202 -0.61079222382762
12 229 0.7968336604548838
12 232 -0.008801829528414018
12 235 -0.2774868706871758
12 238 0.3675655908124631
13 14 -0.7055808597912785
13 16 -0.2708800082610454
13 193 0.9314472702206897
13 196 -0.7887293980122878
13 199 0.9150244406598693
13 202 -0.06748835291432265
14 15 0.1668775364781181
14 17 -0.047421269859101
14 229 0.42378601752020084
14 232 -0.7245186668450911
14 235 0.6394988818656284
14 238 0.669582109126253
15 18 0.31109922312703997
15 265 -0.8060791876356479
15 268 0.5900632851704455
15 271 -0.6062491338390059
15 274 -0.150688041169321
16 17 -0.8360791513471677
16 193 0.8278160726022243
16 196 0.4096501588465604
16 199 -0.888918424940341
16 202 0.16217728113016494
17 18 0.19348497396270314
17 229 -0.2038754490557373
17 232 0.12127964627954912
17 235 0.21778475072326753
17 238 -0.7799680036619563
18 265 0.07837305068247757
18 268 -0.4314034051070046
18 271 0.3471532455456299
18 274 0.4251551134583751
19 20 -0.9837053393653519
19 22 -0.5441893643477342
19 181 0.13206953327133264
19 184 -0.4176509141656888
19 187 0.9144919274708572
19 190 0.5224192612139793
19 193 -0.9292055545416107
19 196 -0.49378733299131605
19 199 0.5982544623434278
19 202 0.7811889612009071
20 21 -0.3637882646554489
20 23 -0.7839704047264571
20 217 0.836491895621341
20 220 0.8896202090973495
20 223 0.3692707615407287
20 226 0.17079053034130398
20 229 0.20483428064077547
20 232 0.8148884403779868
20 235 -0.4011105038135261
20 238 0.6898428115081907
21 24 -0.46804573577064357
21 253 0.1279120735285868
21 256 -0.3833164239306037
21 259 0.004736985499070201
21 262 0.03952160506722224
21 265 0.9827353681997915
21 268 0.8371645623203023
21 271 -0.5230677929898484
21 274 -0.5525936980395947
22 23 -0.6236581855311458
22 181 -0.6405889056668428
22 184 0.5568684063201452
22 187 -0.6491733315064745
22 190 0.26237065345680644
22 193 -0.5931506920528125
22 196 0.7604796941875673
22 199 -0.6241753007274939
22 202 0.034639638349987845
23 24 -0.11793102237794417
23 217 -0.22425136427566006
23 220 0.4333069851762532
23 223 -0.19025092804232457
23 226 -0.8009466058028645
23 229 0.03217758294238626
23 232 0.28088430373137574
23 235 -0.002421208462403124
23 238 0.6253811858013492
24 253 0.6955526303980202
24 256 -0.17639605163112893
24 259 -0.52758212974262
24 262 -0.10553412507808368
24 265 0.5720507301528344
24 268 -0.20919011352667338
24 271 0.0708408642114915
24 274 0.4803957486918786
25 26 0.6865648363051657
25 28 -0.30164259051860753
25 181 0.6236690234065381
25 184 -0.3901612185216583
25 187 0.5316850794298174
25 190 -0.875996748447913
25 193 -0.7209131847104537
25 196 0.3773750487297578
25 163 -0.17068569975874515
25 166 -0.43313325065245145
26 27 0.37139562094631606
26 29 -0.37051205775595486
26 217 0.1608176425734078
26 220 0.31095439213928944
26 223 0.9534265684135177
26 226 -0.5440038183003983
26 229 -0.30267970567199964
26 232 0.6024663068858009
26 199 0.5513464754657278
26 202 -0.09170552163796808
27 30 0.45665008758311254
27 253 -0.6601241315026496
27 256 0.22212109693273385
27 259 -0.7332331914909462
27 262 0.1588801874845851
27 265 -0.7156727815362107
27 268 0.9229810192982248
27 235 0.6054027998301013
27 238 0.1611862560636097
28 29 -0.3506566213445874
28 181 -0.5412533183289252
28 184 0.622678257749024
28 187 0.8438147884574043
28 190 0.6211263468750108
28 193 -0.7654029531792801
28 196 -0.15197636061308994
28 163 0.08044734425837508
28 166 0.5151074277032488
29 30 0.10125558303730609
29 217 0.7647709585824787
29 220 -0.23917844645711295
29 223 -0.6135589691809611
29 226 0.7029937077132333
29 229 -0.20492266740625498
29 232 -0.8695754884213902
29 199 0.09199190775174704
29 202 -0.7386092201123509
30 253 -0.3649587420305509
30 256 -0.9493926913647688
30 259 0.7689183147945962
30 262 0.7358166513718387
30 265 -0.3445546668435082
30 268 -0.5222891355184787
30 235 -0.28361743238557713
30 238 -0.556663333649186
31 32 -0.2153430214847083
31 34 -0.014052136873017318
31 181 0.08997946426790593
31 184 0.9043174378456535
31 187 -0.538241103141035
31 190 -0.8246231706967786
31 193 -0.7040170609433818
31 196 -0.9775527833519415
31 163 0.5732121652423914
31 166 0.901880652147135
31 169 0.26571606781330726
31 172 0.20876836897211626
31 175 -0.09387747815273295
31 178 0.9716768667182543
32 33 -0.7078120950230407
32 35 -0.5032610709591803
32 217 -0.5148408824389217
32 220 0.8184688186742131
32 223 0.7023330895284607
32 226 -0.2229998393929582
32 229 -0.1676422192462248
32 232 0.48076553948062206
32 199 0.9416230014825835
32 202 -0.4600684099553447
32 205 0.9466214624881661
32 208 -0.45414423144953986
32 211 0.6361336655480052
32 214 0.9377264623279122
33 36 -0.21010712345691562
33 253 -0.37763338864648266
33 256 0.09469786479289932
33 259 0.6882749245452138
33 262 0.5421229128041682
33 265 -0.7445876311745434
33 268 0.5232946044843512
33 235 0.2279977683822778
33 238 -0.6171964577535254
33 241 -0.9235875121974131
33 244 -0.9509230539266689
33 247 -0.36766587698183795
33 250 0.38161711267219434
34 35 -0.9001208898680633
34 181 -0.9230653704905478
34 184 -0.400616651667431
34 187 -0.796180117922209
34 190 -0.7226912189061943
34 193 -0.9539639397875239
34 196 -0.7106069289558123
34 163 -0.9717165231073139
34 166 -0.3011800810021592
34 169 0.8309752158281216
34 172 0.44492010333460397
34 175 0.7878009331403653
34 178 0.5123768765284249
35 36 -0.12640763750860007
35 217 -0.3708852257628903
35 220 -0.6437588079282965
35 223 -0.021196978062520744
35 226 -0.04859284516812368
35 229 0.6360207766342478
35 232 -0.5747098206184711
35 199 0.6803879221834652
35 202 0.2539381744706195
35 205 -0.14990402763060162
35 208 0.10305368176798768
35 211 0.6128706098328982
35 214 -0.5584596822501882
36 253 0.723906576405164
36 256 -0.20351595552371937
36 259 -0.22491971116629061
36 262 -0.9489072690621196
36 265 0.9774402835912959
36 268 0.9739239750949418
36 235 -0.4638886534134816
36 238 0.6373335157468039
36 241 0.8354635988713359
36 244 -0.32059556603148365
36 247 -0.31486333170464875
36 250 0.5284085010617352
37 38 -0.02992635010971445
37 40 0.07744769998852252
37 181 -0.1000442122011298
37 184 0.6781969531753267
37 151 0.8545718096404515
37 154 -0.14925424358030215
37 157 -0.3384445110609269
37 160 -0.7175874840483967
37 163 0.012277237451154832
37 166 0.9832757744438831
37 169 -0.5609039200451169
37 172 0.4517206326027561
37 175 -0.49707439746944115
37 178 0.6652243684879711
38 39 0.07540402877089347
38 41 0.5403069509307166
38 217 0.04953945738170029
38 220 0.2182835503869558
38 187 0.43086067004713313
38 190 -0.4410161212335024
38 193 -0.5630566770913339
38 196 -0.44622416940032594
38 199 -0.49775388997214964
38 202 0.3418390043076327
38 205 -0.25615402442059665
38 208 -0.6892994347666126
38 211 -0.4224018097266804
38 214 -0.49305922260211155
39 42 0.7466951714223169
39 253 -0.7581749323872264
39 256 -0.2158630786881779
39 223 0.6684897929841933
39 226 0.434358306576897
39 229 0.23311540663258357
39 232 0.42736815078848855
39 235 0.9753875339171576
39 238 0.48507074402973616
39 241 -0.195847438109912
39 244 -0.14940178545039817
39 247 -0.9915743131429957
39 250 -0.09443679292959462
40 41 -0.610630622832232
40 181 0.87454745225541
40 184 -0.14848442260003059
40 151 0.9451065559969973
40 154 0.7489309378154119
40 157 0.24817761150673645
40 160 0.18120050467848237
40 163 0.25987754823222464
40 166 -0.9891758110634019
40 169 0.636271593780456
40 172 -0.3651574969345315
40 175 0.867687415828452
40 178 -0.4340984203723881
41 42 -0.2921968784401354
41 217 0.15687570364050418
41 220 0.6437637859308707
41 187 0.7532785007628966
41 190 0.7584924513807687
41 193 0.32956243664991614
41 196 -0.41825967494604765
41 199 -0.3415714457399681
41 202 0.11864669122146032
41 205 -0.9362199821756207
41 208 0.3684956686827039
41 211 -0.09965298783318577
41 214 -0.08888813699185771
42 253 -0.2136910291802887
42 256 -0.16677748288161331
42 223 -0.7896741988712084
42 226 0.48449274029400935
42 229 0.6395667599393764
42 232 -0.7433439605927536
42 235 -0.09000712676896505
42 238 0.581840577388864
42 241 -0.8434430401784265
42 244 -0.9973148848885063
42 247 -0.2512541916382578
42 250 0.7349158325402128
43 44 0.24925632849587886
43 46 0.4596464777693734
43 181 -0.39479609957204587
43 184 -0.5888045111102511
43 151 -0.23229301161020932
43 154 0.08057184788246308
43 158 0.317440335793878
43 161 -0.030077775195292755
43 164 -0.5950235136879984
43 167 0.7536973576911452
43 169 0.6059329426977669
43 172 -0.06479237533724191
43 175 -0.7461544755405509
43 178 -0.13105326437191778
44 45 0.7175337045587638
44 47 -0.7528019434581001
44 217 -0.9537397549346447
44 220 0.4789676320942782
44 187 0.6802803702494293
44 190 -0.2981271705397359
44 194 -0.9289950885481999
44 197 -0.09622522200729766
44 200 0.2502444598391562
44 203 0.619518878870944
44 205 0.5137768414777688
44 208 -0.2384974886695128
44 211 -0.7916332708924936
44 214 -0.6787704298531441
45 48 -0.6734718543094036
45 253 -0.7316827040905367
45 256 0.492622092828382
45 223 -0.898169058936207
45 226 0.6534124163630144
45 230 0.9528468434456394
45 233 -0.41829900613916515
45 236 0.4954643484120893
45 239 -0.07986911117971762
45 241 -0.6756793286696849
45 244 0.241383228016252
45 247 -0.805817978061139
45 250 0.8739475004154982
46 47 0.6380754904388353
46 181 -0.7580331491509935
46 184 0.6797355216067946
46 151 0.3293700268243387
46 154 -0.421532132415366
46 158 0.6779360429477752
46 161 -0.6129869246910351
46 164 0.9918035187359351
46 167 -0.30379551891637036
46 169 -0.2750726489488269
46 172 0.7399545893763488
46 175 0.15569772275987503
46 178 0.3315174655883186
47 48 0.6078419698602724
47 217 0.45787469444945605
47 220 0.2759037756784337
47 187 0.2917816392972996
47 190 -0.8031844179450727
47 194 -0.6628472390740618
47 197 -0.9826074245139917
47 200 -0.7874959139703697
47 203 0.856204324969454
47 205 0.8709090107402411
47 208 0.9395741090021206
47 211 -0.7127501278230766
47 214 0.3702153474646481
48 253 0.08845790397650233
48 256 0.06542892003318324
48 223 0.11386299255412191
48 226 -0.7071683954929093
48 230 -0.3141039865214501
48 233 0.8376653604153861
48 236 -0.5788145637693818
48 239 0.47741348512405923
48 241 0.7226564059136815
48 244 0.903571497829271
48 247 -0.3009939224166942
48 250 -0.44202387981534375
49 50 -0.7878228229321027
49 52 0.2995718104835139
49 181 -0.6801111177368091
49 184 0.6933790464745049
49 187 -0.011031421645602446
49 190 -0.0778598491015774
49 194 0.8690562441782437
49 197 -0.7425453438195773
49 200 -0.676291461884692
49 203 0.38066512324556
49 205 0.18500641112538574
49 208 -0.7608227965622958
49 175 -0.5057436697362545
49 178 0.28858362915438396
50 51 0.8240295982784043
50 53 -0.9899452181278428
50 217 -0.9085403670590699
50 220 -0.5138031461871433
50 223 0.8186063635840493
50 226 0.7723226737009767
50 230 -0.6855475482748603
50 233 -0.5817488398010229
50 236 0.0773711638895469
50 239 0.17111861058021294
50 241 -0.3309019827720836
50 244 -0.4334278719374607
50 211 -0.32150812998431055
50 214 0.5599224927992035
51 54 0.3073422258706784
51 253 -0.4692001694032175
51 256 -0.051959220667190165
51 259 0.21819170993577686
51 262 -0.5073823489662581
51 266 -0.41708819136274067
51 269 -0.7259986471724442
51 272 0.7582079303517935
51 275 -0.23859629152999773
51 277 -0.22924463148548502
51 280 0.18950589482213953
51 247 0.22530481789813828
51 250 0.5662894032001242
52 53 0.6998619989811097
52 181 -0.14392927957794321
52 184 -0.90331947503863
52 187 0.08958134907681292
52 190 0.7820623958562651
52 194 -0.6127102589942091
52 197 -0.8247963311406166
52 200 -0.22642263396286544
52 203 0.408555783445675
52 205 -0.7475602943254676
52 208 -0.3967483764183761
52 175 -0.5196613063480726
52 178 0.2616331437595376
53 54 0.18317280218952825
53 217 0.658045643758812
53 220 -0.07257273254115093
53 223 0.9290878412939367
53 226 -0.02422292568409712
53 230 -0.39499184357517536
53 233 0.6197869784184098
53 236 -0.7430358590107025
53 239 -0.4205494167720576
53 241 -0.8634309408057577
53 244 0.808799006683427
53 211 -0.34774577791619943
53 214 0.8502691777297
54 253 0.6459053516140705
54 256 0.1097443657702617
54 259 -0.7537687338101509
54 262 0.2969816048284115
54 266 -0.8768169516826878
54 269 -0.6791360836400888
54 272 0.6364050492764461
54 275 -0.8457249514038898
54 277 0.04793922377629656
54 280 -0.7930914710456367
54 247 -0.8049744149278943
54 250 0.1516178067447489
55 56 0.4363267810141571
55 58 0.5934611254906539
55 182 -0.5559770170385008
55 185 -0.22306590058318343
55 188 -0.9279291208343439
55 191 -0.7580228753091489
55 194 0.06648240612695488
55 197 -0.8569154065691347
55 200 0.8117143174056103
55 203 0.21108277842639778
55 205 0.14187962546184485
55 208 -0.2581542264249641
55 175 0.3544759203054064
55 178 0.12148675787541152
56 57 -0.040600877427753757
56 59 0.07711393927369703
56 218 -0.3517650808052837
56 221 -0.31330528624880327
56 224 0.8665037365525465
56 227 0.10531661324363406
56 230 -0.3410991405719743
56 233 -0.6142600899831012
56 236 -0.8307131351511716
56 239 0.5867495301006163
56 241 -0.6396353039194698
56 244 0.20099176057603896
56 211 0.7527379611193532
56 214 -0.6612515843528082
57 60 -0.8957913927817953
57 254 0.7862444941428457
57 257 -0.3558898417175125
57 260 -0.8902694822658912
57 263 0.0011078018741250695
57 266 0.7561017514248363
57 269 0.36689539162759255
57 272 -0.16100748239959972
57 275 -0.635038466647659
57 277 -0.3697145989588604
57 280 -0.14681084805800082
57 247 -0.14076341360914957
57 250 0.6695633877551517
58 59 -0.8596256958649902
58 182 0.6430466306654645
58 185 0.09441604124700764
58 188 0.35708296465502687
58 191 -0.8260493420482184
58 194 -0.8702547961239007
58 197 -0.9788852935871113
58 200 0.41753793728255073
58 203 0.9226841211694827
58 205 0.5295268950325702
58 208 0.2136399106157043
58 175 0.5938467394654459
58 178 0.3921141145035969
59 60 0.528408956181992
59 218 -0.6915937363458529
59 221 -0.8327105087447233
59 224 0.8826773705197657
59 227 -0.945473962727311
59 230 -0.3124903573725537
59 233 -0.5780506671792085
59 236 -0.14488802739092765
59 239 -0.5643806784006462
59 241 -0.5854553829248261
59 244 0.23397817566301282
59 211 0.4965991953113589
59 214 -0.5795592647068235
60 254 -0.8576048724014078
60 257 0.15839968200212828
60 260 -0.5386097762528059
60 263 0.7209905988946286
60 266 -0.7700819103305263
60 269 -0.6871859691837061
60 272 0.9780070159762184
60 275 -0.7555761169385731
60 277 -0.9085442544561895
60 280 -0.7827039502697097
60 247 -0.48426600879030124
60 250 -0.477121249636588
61 62 -0.19796340315093497
61 64 -0.6993557065012639
61 182 -0.5472863650891995
61 185 -0.9249335505415908
61 188 0.9901239141119329
61 191 0.7268569891010417
61 194 -0.041617835915000345
61 197 -0.7435637668221977
61 164 -0.029910823111759743
61 167 -0.29412178074075856
61 169 0.34250951889635317
61 172 -0.6296548930035375
61 175 -0.5216354095806395
61 178 0.2830978377013469
62 63 -0.029657563749222016
62 65 0.4128658326364818
62 218 0.18335130018045365
62 221 -0.5962105190390055
62 224 0.6558959650346194
62 227 0.883720862299118
62 230 0.8056257445165365
62 233 0.13793632641025266
62 200 -0.39328364129600146
62 203 0.4021372966833514
62 205 0.903360820798861
62 208 -0.8884970684687523
62 211 -0.6228256525188289
62 214 0.08846655194142983
63 66 0.06918953357054836
63 254 0.5093767102373137
63 257 -0.894580485969779
63 260 0.9295389582819555
63 263 -0.7954660108754046
63 266 -0.6933406359251373
63 269 -0.23035987781654832
63 236 -0.987338934247604
63 239 -0.04492726068130137
63 241 -0.34742930351665136
63 244 0.8017037299105001
63 247 -0.40848034027714264
63 250 0.0073951218357724
64 65 -0.5650825479986414
64 182 0.17618798870662045
64 185 0.18049916113052866
64 188 -0.16085790367824404
64 191 -0.16398601808663704
64 194 -0.10587470260817611
64 197 0.43203120159781094
64 164 -0.9432199323439805
64 167 -0.793406824130404
64 169 0.9792017294130322
64 172 -0.746497895795655
64 175 -0.895069750830753
64 178 -0.5779821084702186
65 66 0.609455115638704
65 218 0.692581720075409
65 221 -0.9508953366847812
65 224 -0.9620994537804495
65 227 -0.17015489594085254
65 230 -0.5886876567404535
65 233 -0.9289302976995035
65 200 -0.21271976908951307
65 203 -0.14418403368491628
65 205 -0.5953058650164249
65 208 0.6923811472558077
65 211 -0.46681500763610284
65 214 0.5997369255518317
66 254 -0.7949419056090046
66 257 -0.9323244884763968
66 260 -0.1724092403842985
66 263 -0.4628901477358123
66 266 0.9394721763854132
66 269 0.8804894391749938
66 236 0.8550758142056467
66 239 0.8145644920505528
66 241 0.18350175147505587
66 244 0.6520069094225469
66 247 -0.8355620677999047
66 250 -0.627243497898831
67 68 0.5012900818003845
67 70 -0.10787463544848541
67 182 0.9576955360235433
67 185 0.9703303871670022
67 188 0.703034296787387
67 191 -0.2169220663145106
67 194 0.9217222371429727
67 197 -0.19815308652851238
67 164 0.976781468639587
67 167 -0.40961490046398596
67 170 -0.45007882902924634
67 173 -0.29194884083088657
67 176 -0.5765576897737736
67 179 0.7432102213150222
68 69 -0.9017840305012355
68 71 -0.371989478239634
68 218 -0.4744139398281504
68 221 0.6831181365394345
68 224 0.061993136925676984
68 227 0.15233117641507254
68 230 -0.9616183186871223
68 233 0.9178161035667816
68 200 -0.34538245073660034
68 203 -0.8255966541136679
68 206 0.20214876763674283
68 209 -0.010700062300960989
68 212 -0.6650023049247178
68 215 -0.6274487119294083
69 72 -0.7879795834201901
69 254 -0.3461800591458182
69 257 -0.38464998622142876
69 260 -0.3542651046895391
69 263 -0.9504388850205931
69 266 0.4001683944566665
69 269 -0.9337545053035718
69 236 -0.2752293731086919
69 239 0.472976592376394
69 242 -0.9313536596192142
69 245 -0.6970295447412569
69 248 0.643598344983676
69 251 -0.06970503737441414
70 71 0.2606494134748987
70 182 0.04227442070434417
70 185 0.7055175468276782
70 188 0.9003818057580122
70 191 -0.40118752522403045
70 194 -0.7038177905057157
70 197 -0.915868173625012
70 164 0.3551856290236084
70 167 -0.29239139234676603
70 170 -0.6628048523908765
70 173 0.9140257555012925
70 176 0.9882055075585985
70 179 -0.944907124821363
71 72 0.6032882594248916
71 218 -0.7780004794707427
71 221 0.13300636434051216
71 224 -0.6197525054850954
71 227 0.09448494289778919
71 230 -0.20719839637749882
71 233 -0.6317184338093194
71 200 -0.903593340986772
71 203 0.3220586082431707
71 206 -0.03166358394558633
71 209 0.27544492127375153
71 212 -0.1765763049284803
71 215 -0.06343739762286571
72 254 -0.18129142771424722
72 257 -0.319428301543661
72 260 0.3826137848172102
72 263 0.1820085669856173
72 266 0.8744637816002654
72 269 0.5853936564220581
72 236 0.09231479332124026
72 239 -0.747528766676129
72 242 0.3986912093592758
72 245 -0.27007037802915224
72 248 -0.5885607584235095
72 251 -0.31378860270207953
73 74 0.9857241164950099
73 76 0.31507334423348876
73 182 -0.673489810194096
73 185 -0.7335976326218647
73 152 0.607951538702415
73 155 0.5751437574492393
73 158 -0.046201140153171893
73 161 -0.29808630426487515
73 164 0.5229783760437716
73 167 0.880785504183706
73 170 0.8686757640490077
73 173 0.9501097072986286
73 176 -0.4597539619845179
73 179 0.028224923097031285
74 75 0.6052451392839191
74 77 0.9092096235342855
74 218 0.6127981242589213
74 221 0.5641004803016763
74 188 0.576170533000272
74 191 0.3145283573498643
74 194 -0.9118911729008203
74 197 0.033599775941748344
74 200 0.29959800348840737
74 203 0.3647628685747084
74 206 -0.0709023604088852
74 209 -0.001323562047943705
74 212 0.48029511009249637
74 215 -0.7004743317082371
75 78 0.6409352437864504
75 254 0.5186840194154925
75 257 -0.06324244670539136
75 224 0.681341908788553
75 227 -0.3520845567757671
75 230 -0.0029488033527360624
75 233 -0.5042958693621349
75 236 0.3831217318321509
75 239 -0.7758078298276856
75 242 -0.8633986088282264
75 245 -0.22274731026444772
75 248 0.0299699833304079
75 251 -0.34001613714240597
76 77 -0.45057374325829724
76 182 -0.8450484664336688
76 185 -0.6162116912481543
76 152 -0.378744632246778
76 155 -0.13194690526569341
76 158 -0.00021797620173846788
76 161 -0.3864456933727003
76 164 -0.6053535414843245
76 167 0.5822317263391885
76 170 -0.27772178806587866
76 173 0.7717582792809867
76 176 0.8461295338014934
76 179 -0.7549095342653984
77 78 0.8501201073474642
77 218 0.7166729457962451
77 221 0.298371081804361
77 188 0.7479367967057196
77 191 0.6561015620168777
77 194 0.1535927699963946
77 197 0.6532440571627827
77 200 0.9927080041068874
77 203 0.5196228502459519
77 206 -0.04358591657953115
77 209 0.2726104625979229
77 212 0.9030510553434286
77 215 -0.21097922381932732
78 254 0.016725772555626683
78 257 0.45831455680398414
78 224 0.27217040394919745
78 227 0.9543292916316097
78 230 -0.5546817763014533
78 233 -0.28380723381156425
78 236 -0.3863739422533472
78 239 -0.9230495123863642
78 242 0.9084211750565394
78 245 0.09997198620639058
78 248 -0.45402287529295116
78 251 -0.022708579869195944
79 80 -0.3524420444868608
79 82 -0.5906869714935745
79 182 -0.8253501467229316
79 185 -0.3890524703117324
79 152 -0.0746199194504027
79 155 0.07302462763393969
79 159 -0.6752180112962782
79 162 0.9630278989689938
79 165 -0.768733628186161
79 168 0.5097834536386754
79 170 -0.005493881604757611
79 173 0.06323423521307969
79 176 0.9356525872564823
79 179 0.0860768331603361
80 81 0.4523546466197912
80 83 0.7714217026402193
80 218 0.6239879947013032
80 221 0.9567180379062401
80 188 0.5593996921647062
80 191 -0.1399091619841799
80 195 0.9079272726126653
80 198 -0.8842278473824519
80 201 -0.15233824605491564
80 204 0.6965681871841518
80 206 0.0626069753743057
80 209 0.2829491304966796
80 212 -0.2671440565097589
80 215 -0.6053267229752688
81 84 -0.3567081016217917
81 254 -0.5927320397744538
81 257 0.11208969354369858
81 224 0.8387569451286634
81 227 0.3126389879062994
81 231 0.8273942766460651
81 234 -0.7463442665394555
81 237 -0.945031485579978
81 240 -0.16315476169567567
81 242 0.9039198182310355
81 245 -0.786764914367069
81 248 0.8088223175950049
81 251 0.8699303258348392
82 83 0.5413755374410048
82 182 0.2647702865803616
82 185 -0.6268254311419137
82 152 0.3854288923202185
82 155 0.8016602897924456
82 159 -0.1860747899197135
82 162 -0.6080527777349742
82 165 0.5729222016453732
82 168 0.4262578458570381
82 170 -0.01577234896097557
82 173 0.8899872072954782
82 176 0.027521186270986542
82 179 0.6870110581401818
83 84 0.9690454378290805
83 218 -0.9889116651330754
83 221 0.6526219811506857
83 188 -0.7762387524334948
83 191 -0.9495885852911456
83 195 0.5726871626686252
83 198 0.6370979725112538
83 201 -0.09520495242309379
83 204 0.04296896545384299
83 206 -0.435062511092551
83 209 -0.0919966165866557
83 212 -0.5681884393237271
83 215 0.5687343805247365
84 254 0.8995493919519915
84 257 0.39095736074732135
84 224 -0.6330420948276243
84 227 0.16512111860844936
84 231 0.4995383481281952
84 234 0.023860836792664486
84 237 0.8603912813913124
84 240 0.26262459385070325
84 242 -0.08058938309269603
84 245 0.912943490599033
84 248 -0.45939901898297575
84 251 -0.9612374386194305
85 86 -0.4842632533570581
85 88 0.5217260179776539
85 182 -0.5062298726981418
85 185 0.2528884114258865
85 188 0.07747798523675287
85 191 0.34072561757560593
85 195 0.7428201479678018
85 198 0.9840495172203962
85 201 -0.7835250785780976
85 204 0.1308080575538726
85 206 -0.38206014475133365
85 209 0.29067259632095976
85 176 -0.9470880921194103
85 179 0.3801333765789683
86 87 0.18112584444633129
86 89 -0.08389464626990173
86 218 0.6899321496801074
86 221 0.6994124901325662
86 224 0.8119366962657433
86 227 0.22363663112037702
86 231 0.5593786604428921
86 234 0.26885798902485925
86 237 0.6383847571837007
86 240 -0.29503645959064584
86 242 0.0007798656738622345
86 245 0.4277740761513724
86 212 0.16983954619756547
86 215 0.05575219448182622
87 90 -0.8667861240104677
87 254 -0.4904336972023402
87 257 0.10814252359148524
87 260 0.6286207961325097
87 263 -0.3930871358571211
87 267 -0.10553865230195125
87 270 0.19732431748918855
87 273 -0.28338897747792546
87 276 -0.8305973495230019
87 278 -0.7018610887189518
87 281 0.3856645966499752
87 248 -0.7217214625633783
87 251 0.5812599427298932
88 89 0.06931953430188309
88 182 -0.8662940272605852
88 185 0.13119912915701915
88 188 -0.8365514358738209
88 191 0.8523982652255602
88 195 -0.9617738904199071
88 198 -0.8770092006459069
88 201 0.8915241624986783
88 204 -0.30774074854258915
88 206 0.17785971998089378
88 209 0.2308860647701787
88 176 -0.9289564738268175
88 179 0.17387720914002536
89 90 0.1800144733992335
89 218 0.8323204007020208
89 221 -0.5701676295108988
89 224 0.6543321183822985
89 227 -0.21938758375821799
89 231 0.11056991186423493
89 234 -0.3876630947437847
89 237 0.7413031736443867
89 240 -0.6603352465901873
89 242 0.008292988216032082
89 245 0.5852685048218667
89 212 -0.789144547774357
89 215 -0.6894529484664345
90 254 0.4054845109412093
90 257 -0.7082626573417983
90 260 -0.7734520129882032
90 263 0.1334027346032185
90 267 0.5585384721196043
90 270 -0.3807643130863605
90 273 -0.5176261331761371
90 276 -0.21391209995987936
90 278 -0.542011178453482
90 281 0.4476992992174227
90 248 0.05584549035400488
90 251 -0.9236662112926706
91 92 0.9660585420114491
91 94 -0.2987096171988788
91 183 -0.35535693836942306
91 186 -0.824295103307118
91 189 0.8076393383563796
91 192 -0.530178788241366
91 195 -0.5636569442904562
91 198 0.774347896168859
91 201 -0.8103953443297753
91 204 0.7786217063890883
91 206 0.02489700737522682
91 209 -0.3780421623405279
91 176 0.7390593396808536
91 179 0.2924241793096509
92 93 -0.7170885104595044
92 95 0.3118988294729923
92 219 0.06440158587409472
92 222 -0.3964370260110086
92 225 0.09817026014567887
92 228 -0.04393621797634495
92 231 -0.5671479749998851
92 234 0.9810756524998188
92 237 -0.26543998049673667
92 240 -0.10253864852229366
92 242 0.3955445424280333
92 245 -0.5454845393209395
92 212 0.8250965466127491
92 215 0.12150716282636398
93 96 0.4121203619249656
93 255 0.2871715450391421
93 258 0.14044644053467703
93 261 0.1899569736831508
93 264 0.7532388736316369
93 267 -0.7661778073633909
93 270 0.14163226497906245
93 273 -0.9942495430271552
93 276 0.8557741216858663
93 278 0.4762672784032824
93 281 0.7831972802596958
93 248 -0.4470715828373275
93 251 0.008068790285606475
94 95 0.48173822559466584
94 183 -0.7154589183725419
94 186 -0.0981286127160963
94 189 -0.19951940667527768
94 192 0.33193349041383824
94 195 0.15026572924213943
94 198 0.9902343859587515
94 201 0.8379341481684237
94 204 -0.6176490778078201
94 206 -0.9352768843171928
94 209 -0.3430411626641774
94 176 0.6413183859445073
94 179 -0.49901103862087526
95 96 -0.180042737637909
95 219 -0.5403849665505283
95 222 0.6016534757911658
95 225 0.6846943360511883
95 228 0.45267184839020547
95 231 -0.6524587326657654
95 234 0.005066254290891248
95 237 0.07385009798136277
95 240 -0.8750769346426162
95 242 -0.9908392460256201
95 245 -0.5340167004800984
95 212 -0.08204379607592327
95 215 -0.3509589082137754
96 255 -0.47155063899420324
96 258 -0.6858669758024887
96 261 -0.6740447850248283
96 264 0.431050399622398
96 267 -0.3707639239571301
96 270 -0.4613804026580346
96 273 -0.32036576465220357
96 276 -0.1489919143401779
96 278 0.9771681439578288
96 281 0.5100216147778664
96 248 -0.15417935219258339
96 251 -0.4038667209848821
97 98 -0.38540131687443946
97 100 0.10889492612010354
97 183 -0.477543760916064
97 186 0.5685625813618504
97 189 0.5636399920215269
97 192 0.08270573007063797
97 195 0.8696758383253407
97 198 -0.12674294818244536
97 165 0.11487817355032237
97 168 -0.46571900578968295
97 170 -0.09083953640544284
97 173 -0.9478148653365908
97 176 0.07079662059321046
97 179 -0.7566542858090275
98 99 0.35707856082519696
98 101 -0.23920677689197922
98 219 -0.007533626278157346
98 222 -0.10241201033978942
98 225 -0.6531153922436788
98 228 -0.9517972937000463
98 231 -0.05785408304228579
98 234 -0.5537268120258927
98 201 0.6753617006510366
98 204 -0.7622426493836485
98 206 0.5063593352414952
98 209 -0.11721334760456203
98 212 0.38002574228014474
98 215 -0.7332261859427804
99 102 0.3631678430574372
99 255 0.08512016540888712
99 258 0.9735273776717983
99 261 -0.2587136817465474
99 264 -0.6358881194332446
99 267 -0.7650769716467885
99 270 -0.6607960093103076
99 237 0.5642535128052151
99 240 0.4327165549754717
99 242 0.9381419665449371
99 245 0.5713526198785064
99 248 0.03330873900957987
99 251 0.3859553161498859
100 101 -0.19818109194667843
100 183 0.21044830115752955
100 186 0.902374785893781
100 189 0.08949220692984383
100 192 -0.40790863442191516
100 195 0.2902607281270866
100 198 -0.8430424277335886
100 165 -0.8976896173724607
100 168 -0.31394926337386253
100 170 0.6936356513632922
100 173 -0.7964897711925998
100 176 -0.16532144457412823
100 179 0.7499057655689874
101 102 -0.42956432751755425
101 219 0.1683429112164434
101 222 0.4715675776884778
101 225 -0.7965084962726887
101 228 -0.9057529136844946
101 231 -0.42979021030171083
101 234 0.1898262239665791
101 201 0.5423540190777103
101 204 -0.6823029716069109
101 206 -0.38845923499937696
101 209 0.22729103830319697
101 212 0.656625625180207
101 215 -0.036754691253685134
102 255 -0.4884972995554926
102 258 0.28403543964746136
102 261 0.2901435835236452
102 264 0.6286262175757855
102 267 -0.1979150614180587
102 270 0.7091484696985066
102 237 0.6367696379870667
102 240 -0.6487753345200786
102 242 0.8356349771024429
102 245 -0.9271904922988212
102 248 0.7398462853775807
102 251 -0.45094480427078065
103 104 0.25382386584469296
103 106 -0.9394234206775784
103 183 0.08843648439394292
103 186 0.7792743583610415
103 189 -0.023047617086318084
103 192 -0.25642799465247035
103 195 -0.8106445929604964
103 198 0.836652861617728
103 165 -0.15353292832691356
103 168 0.1495805237883916
103 171 -0.7967653041856821
103 174 0.2556735151125975
103 177 -0.031074507848511956
103 180 -0.4282373125732606
104 105 0.813253105888863
104 107 0.037207464122366085
104 219 0.6686761541372577
104 222 -0.44844485264852674
104 225 -0.32869823049806524
104 228 0.09495966704303815
104 231 0.7022556815391414
104 234 -0.48294527510598484
104 201 0.4500887753813987
104 204 -0.1896105397371457
104 207 -0.9980876271553945
104 210 0.7232724930706014
104 213 -0.43578398882879044
104 216 0.9675132706449605
105 108 -0.5561701396649981
105 255 -0.13584143020019557
105 258 -0.5833150781553704
105 261 0.7823935239279924
105 264 -0.7481516166395814
105 267 0.09263871183427552
105 270 0.7022315416243987
105 237 -0.614308345646928
105 240 -0.003523845944459314
105 243 0.8693507422752544
105 246 -0.167479229096005
105 249 0.28110972071914553
105 252 -0.42963981167449705
106 107 0.6503956437406004
106 183 -0.6641515495110077
106 186 0.08932370595819328
106 189 -0.590819289669432
106 192 0.23167104596472954
106 195 -0.9016252475584761
106 198 -0.9393122794763453
106 165 0.488882264994261
106 168 0.9287014238739204
106 171 -0.7027763797186302
106 174 0.8544353483280092
106 177 -0.48791631926555423
106 180 0.3101237455514285
107 108 0.9542518826317259
107 219 0.46335805637519867
107 222 0.9916653052713842
107 225 0.1434425674615334
107 228 -0.7948926820555318
107 231 0.6687928168069313
107 234 0.2801319670967226
107 201 0.7898563769251881
107 204 0.209115318242858
107 207 0.2946462508161054
107 210 -0.12115043199836717
107 213 0.7402327114892686
107 216 0.4243093133672189
108 255 -0.6311716679787323
108 258 -0.9899722948975533
108 261 -0.05923375660413854
108 264 0.11240852016710612
108 267 -0.1297094008262738
108 270 0.41791259627909927
108 237 0.9657484335881583
108 240 -0.7145910119684296
108 243 -0.6770595480008466
108 246 -0.3922866648406773
108 249 -0.9415087412421208
108 252 -0.1450125310710466
109 110 0.6655314347581947
109 112 0.6178446815180865
109 183 0.1793574758378884
109 186 0.2719074821072194
109 153 0.9244946876054858
109 156 0.4093822665347586
109 159 -0.3239778249888876
109 162 -0.706412761069904
109 165 -0.1696055447887339
109 168 0.5522687697914803
109 171 0.35990709129085396
109 174 0.33524591290040995
109 177 0.9787703055196619
109 180 0.36428730811809684
110 111 -0.9380817545458504
110 113 -0.5707668883707653
110 219 0.6395224870420797
110 222 0.9392424634080243
110 189 -0.16028566873542704
110 192 -0.17518059458241408
110 195 -0.11130868831348018
110 198 -0.6496126982775241
110 201 0.05532569915555996
110 204 0.049855351751712185
110 207 0.02212981261378988
110 210 0.03133218588542541
110 213 0.46022387541298637
110 216 0.058295909187196404
111 114 -0.01842171306008522
111 255 0.5012709922721734
111 258 0.2030726805596068
111 225 -0.7640065035428225
111 228 -0.7420783158363082
111 231 0.585284417221493
111 234 -0.12137644899414335
111 237 0.5372630436307639
111 240 -0.36081185847234876
111 243 -0.9748178224330446
111 246 0.6082731770826704
111 249 -0.682841723228027
111 252 -0.8909415399379339
112 113 0.5696650434774246
112 183 -0.04695385603409963
112 186 -0.13949527950580576
112 153 0.2675194258742699
112 156 0.3585997984634124
112 159 -0.5106850988911085
112 162 -0.2014315517588714
112 165 0.5291832922692796
112 168 -0.4648113107918288
112 171 -0.47260186237020174
112 174 -0.11471562973217209
112 177 -0.05786842309557372
112 180 -0.29049079171871717
113 114 0.6542356833388363
113 219 -0.9756622521362639
113 222 -0.8962612630209985
113 189 0.6356943062268523
113 192 0.8277954237960441
113 195 0.6531921682574404
113 198 -0.26761157824708937
113 201 -0.4190998812306397
113 204 0.272076426278437
113 207 -0.3468999282020646
113 210 0.8116898750037012
113 213 0.5169254579652134
113 216 0.12925589289674844
114 255 -0.7184415301678977
114 258 -0.20753467436993334
114 225 -0.07576228199103685
114 228 0.12003469458993843
114 231 -0.8034829750680654
114 234 -0.6064629842698319
114 237 0.07771424976592844
114 240 -0.3020583613801531
114 243 0.7743281957754502
114 246 0.4881969400553343
114 249 -0.4553318700667077
114 252 -0.906496403382631
115 116 0.9756786854661346
115 118 -0.8353367095985709
115 183 -0.9875478575472922
115 186 -0.9230931766999146
115 153 -0.13198033114933327
115 156 0.35777064650320045
115 171 -0.3399580976078993
115 174 0.6358939137525064
115 177 -0.7197092675659842
115 180 -0.004587334853117575
116 117 0.38717391441296023
116 119 0.8093790024704279
116 219 0.49304830358571783
116 222 0.4412693083816652
116 189 -0.27986544570360716
116 192 0.4790713517808507
116 207 -0.07698292272028451
116 210 -0.8096343253395726
116 213 0.3687428345534043
116 216 -0.2936063346830837
117 120 0.7090606704544953
117 255 -0.513261279417941
117 258 0.3583662153695788
117 225 -0.2946268834931973
117 228 -0.543803532556203
117 243 0.6810678788628381
117 246 0.33390881752035506
117 249 0.2801915747890915
117 252 -0.39756848405372724
118 119 -0.23704692044114695
118 183 -0.15897904505500615
118 186 -0.3152919283940392
118 153 -0.6411724760254305
118 156 -0.9875510351651751
118 171 0.6203128685219432
118 174 -0.7872819872327121
118 177 0.06416556549681918
118 180 -0.6663669184925984
119 120 -0.5799369894442548
119 219 -0.10035619840244592
119 222 -0.10226106360203047
119 189 -0.46732202382118304
119 192 0.028186801305751352
119 207 -0.9999795170968979
119 210 -0.189301119665787
119 213 -0.5908781529863785
119 216 0.5636716732296656
120 255 0.6590516781838214
120 258 -0.9801967394996878
120 225 0.06572520933212145
120 228 0.18265197385639342
120 243 -0.14752341958794535
120 246 0.7194849048651606
120 249 -0.6799455714577265
120 252 -0.9326647124268412
121 122 0.28492724420880045
121 124 0.9173445351387297
121 183 0.06620119225165522
121 186 0.7596692867329464
121 189 -0.8149355445045137
121 192 -0.2785287959097693
121 207 -0.11510815000873542
121 210 -0.3842261274770935
121 177 -0.7110485787563565
121 180 -0.28092023529330223
122 123 0.48417508547938626
122 125 -0.3040019497208797
122 219 -0.03579905277534512
122 222 -0.9564863599497304
122 225 -0.1744259526808658
122 228 0.2318079113047533
122 243 -0.9034611156700658
122 246 -0.14504519688402495
122 213 0.5381577843227876
122 216 0.3354628357560896
123 126 0.33770583776792473
123 255 0.05162335551233932
123 258 -0.4108807169042139
123 261 0.051912730911299665
123 264 -0.35071868949424
123 279 -0.2883703225631089
123 282 0.7057960461325965
123 249 0.5650515784610635
123 252 -0.05137753667804201
124 125 -0.16798405757747847
124 183 0.6091889481872594
124 186 -0.6161660086698031
124 189 0.30339629301838755
124 192 -0.5644745439312053
124 207 -0.08431291528162177
124 210 -0.103858749296035
124 177 0.7125799466499863
124 180 0.572862736653281
125 126 -0.01535518846873618
125 219 -0.06705873506301141
125 222 0.1609768513005998
125 225 -0.7824460611751749
125 228 0.8170812262614304
125 243 -0.7444108769306328
125 246 0.7950515439057646
125 213 0.8728513406805714
125 216 -0.5222697237529526
126 255 -0.4232503483080152
126 258 -0.7430576461247749
126 261 -0.10032900229003472
126 264 -0.15046745439197018
126 279 -0.3900656074162532
126 282 -0.8878710574603497
126 249 0.27073039141473965
126 252 0.38568754194241905
127 128 0.7474029106582456
127 130 0.11773825371618019
127 207 0.9178556905747288
127 210 0.4322031470951393
127 177 0.07583364086143085
127 180 0.9306622969557574
128 129 0.48360601457420804
128 131 -0.6245870331617762
128 243 -0.5910672752627859
128 246 -0.12233211869792049
128 213 0.23597937655989232
128 216 -0.361102398132765
129 132 0.5931625657125046
129 279 -0.07061389607396329
129 282 -0.869307621101179
129 249 0.9967869683462343
129 252 -0.29588232709921103
130 131 0.4334699973814109
130 207 -0.04458765071374504
130 210 -0.9719444578694443
130 177 -0.2986417690851939
130 180 0.8706767785726581
131 132 0.2885814731776193
131 243 -0.09564750928110644
131 246 -0.3974334271930289
131 213 0.8168634825279226
131 216 -0.029100802434571138
132 279 0.571921999921823
132 282 0.5792535640077507
132 249 0.5154319352139607
132 252 0.2730733762581621
133 134 -0.4310489420799506
133 136 0.5706074724366557
133 171 -0.4716717711770759
133 174 -0.47280689165444656
133 177 0.08603958291046587
133 180 -0.18267167459446143
134 135 -0.7331615024951557
134 137 -0.7339655491388106
134 207 -0.14862819670874794
134 210 -0.34154864271033336
134 213 -0.3264670998281125
134 216 -0.4279553328264323
135 138 0.4641199429867424
135 243 -0.8674540611324855
135 246 0.5644072357860006
135 249 0.9508555083762111
135 252 -0.21397570104093644
136 137 -0.37479351151742724
136 171 0.2813265647654899
136 174 0.6162743469220231
136 177 -0.433367093861996
136 180 -0.05888429316058086
137 138 0.505269978203567
137 207 -0.4224721567231553
137 210 0.048800203698254
137 213 0.40386670968598426
137 216 -0.8661316978679752
138 243 0.28101408644209513
138 246 -0.16384813898534079
138 249 0.7705050468446704
138 252 0.26833039912362167
151 152 -0.34948833887428044
151 154 0.24350548322249477
152 153 -0.4503953632922091
152 155 0.3975742184067914
153 156 -0.8852011500044745
154 155 -0.02321816800919474
155 156 -0.15561696549058368
157 158 -0.5385756674497684
157 160 0.7206341383627957
158 159 0.4065287411993528
158 161 -0.5338358646308003
159 162 -0.7262064302738618
160 161 0.31198642195896853
161 162 0.798699348513741
163 164 0.4182739050052757
163 166 0.8814490707984473
164 165 0.4301722659453988
164 167 -0.9836757728582652
165 168 -0.8782017079327424
166 167 0.4274365191281613
167 168 -0.9972878590398633
169 170 0.7880139743827967
169 172 0.7118609743742115
170 171 -0.46473674266970244
170 173 0.20775343120529288
171 174 0.6458133005445552
172 173 0.4420043168853278
173 174 0.791688867860227
175 176 0.6995662805339333
175 178 -0.046391047916870765
176 177 -0.06017317468332073
176 179 0.5386457864620782
177 180 0.6554986904530211
178 179 0.35617186968301273
179 180 0.9280737169258015
181 182 0.2358131284075189
181 184 0.41862068465613467
182 183 0.4136677965879798
182 185 -0.7870017456057976
183 186 0.6383210614681816
184 185 0.6868992905789864
185 186 0.17288963365629995
187 188 -0.6846793111673639
187 190 0.5779183595600896
188 189 -0.6034424015221358
188 191 -0.9709300214402157
189 192 0.7558992476015656
190 191 0.7763103832100782
191 192 0.21717239360814866
193 194 -0.3676077033851737
193 196 -5.9516975851492404e-05
194 195 0.28540468830914234
194 197 0.42832943592610606
195 198 0.8534274953766905
196 197 0.28434487072132897
197 198 0.2881841312377975
199 200 0.13386619577530312
199 202 0.7046004557415813
200 201 -0.9595878822375212
200 203 -0.7536454580725434
201 204 -0.37548060265791783
202 203 0.857732969770731
203 204 -0.7732753740656111
205 206 -0.7407313250888423
205 208 -0.8524393853767831
206 207 -0.23647478134408906
206 209 0.7197492479856997
207 210 -0.44541805891179975
208 209 0.9969570691060534
209 210 0.22610446658507422
211 212 -0.40149252417663917
211 214 -0.7541503762177091
212 213 0.9432998276717988
212 215 0.5192562896839263
213 216 -0.792497314609544
214 215 -0.6623612067699847
215 216 -0.6920714683612776
217 218 0.9196539565983155
217 220 0.05844203769457135
218 219 0.6946001558342636
218 221 -0.26500291749415394
219 222 0.9681534165141832
220 221 0.8325043885471157
221 222 0.2700992641357194
223 224 0.17207153076663562
223 226 0.5766253899256872
224 225 -0.5086697352919216
224 227 -0.5447795218695
225 228 -0.3404392694420295
226 227 -0.8062890350946075
227 228 0.30286738821789494
229 230 0.7632307382464225
229 232 -0.46873794416373915
230 231 -0.6350026982593406
230 233 0.31387733721987576
231 234 0.020672416212240474
232 233 -0.037335553651522746
233 234 0.0470555755232005
235 236 0.22322481450085352
235 238 -0.5445379311413867
236 237 -0.5142001949275001
236 239 -0.2705801942032715
237 240 0.4582586183047397
238 239 0.6399652062365564
239 240 -0.016306626216099795
241 242 0.5491115503058426
241 244 -0.18555829693665538
242 243 0.8064410771521391
242 245 0.903090558114386
243 246 -0.597423608187134
244 245 0.23952055956556206
245 246 -0.6928121258315283
247 248 -0.26074909418221526
247 250 -0.00872105388486788
248 249 -0.34595397873776323
248 251 0.6624435552348564
249 252 0.5549368195327296
250 251 -0.863088319419856
251 252 0.9848751890142657
253 254 -0.5058675080141022
253 256 0.04039533047895283
254 255 -0.534770895002393
254 257 -0.019547467209889202
255 258 0.15132007639408673
256 257 0.06243060669211897
257 258 0.9216851566114597
259 260 0.22627286603586083
259 262 -0.9569905790932856
260 261 0.1415465416029753
260 263 -0.678456404602646
261 264 -0.3478054651349982
262 263 0.14272463886875353
263 264 0.6498242921135524
265 266 0.7329674659045349
265 268 0.21581588202576163
266 267 0.052966358634449984
266 269 0.4867176880462485
267 270 -0.3439897205397764
268 269 -0.4082953589887899
269 270 0.6912626058356142
271 272 0.7476524105796627
271 274 -0.7877815261549741
272 273 -0.8953647254674808
272 275 -0.750975705781119
273 276 0.6056568289547923
274 275 0.06801760486037134
275 276 0.09985684020296959
277 278 0.5386418569820504
277 280 -0.1821922107686067
278 279 0.5322737393580617
278 281 -0.2244551883455359
279 282 -0.7489739210648321
280 281 0.6490932824075419
281 282 -0.6229680221761396
