# 
7 7 -1.1566712334174527
8 8 -2.14119491025604
9 9 -3.925346118943084
10 10 -0.8700799600526237
11 11 0.022358275754999823
12 12 -2.85210930742148
13 13 -3.434494655521183
14 14 0.6956345453971231
15 15 -2.576194458840848
16 16 2.4681000153975043
17 17 2.3190579633735675
18 18 -2.5824589350579847
19 19 2.825980486361849
20 20 1.9078058152409918
21 21 3.7070056912496128
22 22 -1.34342185116342
23 23 -1.5142873463403808
24 24 0.32694188316263517
25 25 -2.9124247894919355
26 26 1.384815057865346
27 27 1.7124533152237245
28 28 -0.3628011647555516
29 29 -0.2402439544967736
30 30 -2.3003286510344187
31 31 1.466734172746193
32 32 -1.3910025529066337
33 33 -1.8078694023910424
34 34 1.98495822439613
35 35 -1.1115962321488926
36 36 -2.895431688224993
37 37 -2.3772251135398763
38 38 -0.11652404346074441
39 39 3.1815511160358962
40 40 1.001394172851561
41 41 1.6960959059129568
42 42 -1.6023102688051898
43 43 2.2825822340515334
44 44 -3.8359450724659547
45 45 0.6303115454063661
46 46 2.793673692932267
47 47 -1.4197710504945054
48 48 0.7826499457921807
49 49 -3.8459145978138745
50 50 -3.4613325770753773
51 51 2.480551255174742
52 52 1.9715543824433963
53 53 1.0469196704723984
54 54 2.049960059957205
55 55 -0.4944246011058304
56 56 -0.7165103386154161
57 57 1.9334833355265086
58 58 1.694953155326325
59 59 3.8277808022370765
60 60 0.28644066415738045
61 61 1.2398806080251168
62 62 -1.1333670343710525
63 63 2.3489058072018603
64 64 -1.8989367272598878
65 65 -2.6412176654786874
66 66 -3.6080712949811913
67 67 2.5015532801532254
68 68 -2.4188686332644433
69 69 -0.9713384485640715
70 70 -1.448639755954133
71 71 -1.3813249847296385
72 72 3.026928331309911
73 73 3.1744581124594635
74 74 3.3141452630077355
75 75 2.418161040519256
76 76 0.124334313051925
77 77 0.2552619899752111
78 78 -1.4643766480824212
79 79 -3.124983432824224
80 80 2.0758709615169746
81 81 0.6286098843318255
82 82 -3.0957893844530577
83 83 3.5016198346253287
84 84 -1.0977430526852006
85 85 1.8032634237242444
86 86 -3.5108057817274236
87 87 1.459203230591247
88 88 -1.1968749130307028
89 89 -3.5036554694858957
90 90 -3.6889321203568226
91 91 2.8169956080651968
92 92 -2.6293754254298936
93 93 3.820724069125612
94 94 2.329468780785951
95 95 3.697968367442293
96 96 -2.5062028992944487
97 97 -2.243308460681795
98 98 -2.4529086734772054
99 99 3.5544763177313587
100 100 0.2498086331286382
101 101 -1.1838482573037723
102 102 0.5222392437111862
103 103 3.9061192030575205
104 104 3.752815407803192
105 105 -3.311505926674209
106 106 2.365441668126376
107 107 3.7094071430243174
108 108 -2.083877652659732
109 109 -2.4108073868768454
110 110 -3.025785930215929
111 111 3.056190796283648
112 112 0.5857593393120899
113 113 0.9170992238858924
114 114 1.5786133921857184
115 115 3.9004142174647187
116 116 -0.07620950287557893
117 117 0.5002698796915697
118 118 1.6331664689699075
119 119 -0.42806279272040015
120 120 1.908904226362142
121 121 -3.540728737784164
122 122 -3.0600843469011165
123 123 3.9535766973774535
124 124 -2.9463291932616835
125 125 -3.040920293816626
126 126 -2.0418585073712014
127 127 -0.5092253823970427
128 128 -0.8196737838319761
129 129 1.4959945467069424
130 130 -2.976795231983547
131 131 -2.357636983013535
132 132 -2.3386997075333005
133 133 -3.16595009073177
134 134 -3.692170078142353
135 135 -0.8688699892188367
136 136 0.7535295901314507
137 137 -2.764107653255997
138 138 -2.0574659760958136
151 151 -3.2166280416258033
152 152 1.458180719046525
153 153 3.814956675891083
154 154 3.3261195153107845
155 155 3.9611943485057894
156 156 2.249204072715531
157 157 -1.2581477709725801
158 158 1.432803264693221
159 159 -1.8837194745384167
160 160 -0.5210563050296857
161 161 2.8703406615945823
162 162 -0.6402118937164492
163 163 1.2169015237960616
164 164 0.05541319063468908
165 165 -3.050811585773224
166 166 -0.6044994391828968
167 167 3.904144950894209
168 168 0.697859505742568
169 169 2.751339413035841
170 170 -2.276245712615128
171 171 -3.5278497189679063
172 172 -1.0698348209357373
173 173 1.6547059001800317
174 174 2.076669561655474
175 175 1.0663728752041797
176 176 -1.6281455476870397
177 177 2.2759176607076714
178 178 -2.963705512426179
179 179 -1.8809725827305819
180 180 -3.160981023198649
181 181 -1.893885169117831
182 182 3.943625673324439
183 183 -2.14529765837801
184 184 3.1357326139993544
185 185 -1.252874955851949
186 186 2.757139375181038
187 187 1.9997460466719321
188 188 1.560833131485392
189 189 0.24055628802899065
190 190 -0.4926854515320418
191 191 -2.3665771134181943
192 192 -2.1644879070300975
193 193 3.768340031940016
194 194 -1.5182330032469933
195 195 -1.6334084596429825
196 196 -1.08382338395944
197 197 -2.636820020561946
198 198 -0.462832103884514
199 199 -0.06661095556791352
200 200 3.773336982754696
201 201 1.9902716914794008
202 202 2.1438782123965012
203 203 -2.658543031161809
204 204 1.542459008316162
205 205 -3.144460938780174
206 206 1.4643882224506557
207 207 -3.669853715384699
208 208 1.107350423828657
209 209 -1.5748925806322918
210 210 -3.324409609255536
211 211 1.9856919454606219
212 212 -1.729346928802502
213 213 -3.9272550271912827
214 214 1.3852535191274704
215 215 -1.5975464568674012
216 216 -0.24000888957636057
217 217 -3.820449247056316
218 218 2.0633380557060983
219 219 -0.5314087911672996
220 220 -2.314821634033919
221 221 0.32525837369729604
222 222 -3.5632690609100726
223 223 -3.872440344497857
224 224 -0.7665669569253675
225 225 1.3774346471976635
226 226 0.19806525375161055
227 227 1.1450580445925462
228 228 1.546073262356841
229 229 -1.3069770028096208
230 230 2.54291054044037
231 231 2.1265315257605195
232 232 -0.7166442072512709
233 233 -2.7831005328545118
234 234 -2.7313142041914187
235 235 -3.2769782040458892
236 236 -3.28502405491781
237 237 0.11195715508690185
238 238 1.090485323464904
239 239 3.0241175022891786
240 240 2.099086314398509
241 241 -1.1529301059020431
242 242 3.058246655747234
243 243 -1.8294682151855541
244 244 3.53589533110525
245 245 -2.792434139802282
246 246 -1.9233139807603958
247 247 0.358869026299919
248 248 2.5137495885006986
249 249 -3.37091960560383
250 250 3.0728890432193845
251 251 2.46967504781051
252 252 3.7092306206857826
253 253 1.4913362338467469
254 254 1.691626301211766
255 255 -1.542283440398764
256 256 -1.9405257917093062
257 257 -3.8312447758652084
258 258 3.2219090382572597
259 259 2.7560623925420344
260 260 -3.8948051245673563
261 261 -2.5267835547921953
262 262 3.5266486687722205
263 263 1.116958444361229
264 264 -1.4090725044185977
265 265 3.3018074423300448
266 266 -0.4878261175740848
267 267 0.2942620755605043
268 268 1.3773334655538534
269 269 -3.760539842233764
270 270 1.0250762747999227
271 271 -1.4110388286559168
272 272 -2.6996098840911955
273 273 3.0867859002198195
274 274 -2.789020004134441
275 275 -3.4894956874710887
276 276 -2.1180230898117083
277 277 -2.745894327044655
278 278 1.6261211903623733
279 279 -2.513697767852195
280 280 3.6450645497907166
281 281 2.2265324427035917
282 282 -0.6389502181130089
7 8 0.6098373858220849
7 10 -0.1188337164838198
7 157 -0.404598880565336
7 160 0.5797558318340057
7 163 0.1450999204768577
7 166 0.10868160906912516
8 9 0.4792325568942688
8 11 0.1537413993967267
8 193 -0.48298735729210573
8 196 -0.5738085169679117
8 199 0.5702510967373782
8 202 0.29323346363876435
9 12 -0.4811323229147999
9 229 -0.8492873308026863
9 232 0.9594741092846673
9 235 0.9034962291363429
9 238 0.9980582081810185
10 11 0.5579262284381616
10 157 0.49999768228519015
10 160 0.11632951048031659
10 163 -0.46337104644613514
10 166 -0.3544693603330671
11 12 -0.009260672185177565
11 193 -0.4031191327662378
11 196 -0.8483575874077374
11 199 0.18060573119442602
11 202 0.13080284241433837
12 229 -0.4522049569369797
12 232 0.7571896420909512
12 235 -0.22505234394642937
12 238 -0.5647914197649444
13 14 0.4960494564363458
13 16 -0.9201537638929669
13 193 -0.5963396635088585
13 196 -0.2176234826067034
13 199 0.9839838107676531
13 202 0.5303349993285786
14 15 -0.9787945200099417
14 17 -0.6529244518741131
14 229 -0.41736225636296354
14 232 -0.8090430156511805
14 235 -0.0679611458155649
14 238 0.03784299088707299
15 18 -0.7970142145157542
15 265 0.888579849278226
15 268 -0.22559931659555965
15 271 -0.16737586979535246
15 274 -0.3136444326179326
16 17 0.1690754101287948
16 193 -0.8325853096309483
16 196 0.44411396980380213
16 199 0.46726404722354165
16 202 -0.12052088679480333
17 18 -0.42203987749081984
17 229 0.4010364462289304
17 232 -0.11153573791156668
17 235 -0.7390155484130136
17 238 0.16150224004960312
18 265 -0.4049203089075333
18 268 -0.4014039690333393
18 271 0.013152753999806421
18 274 0.3794519350131176
19 20 -0.013541502834438113
19 22 -0.10055847035959609
19 181 0.6579906487281291
19 184 -0.2973728099982704
19 187 0.7513534077090374
19 190 -0.6909930449515633
19 193 0.12254533403497914
19 196 0.6877661315600243
19 199 -0.21046139391413288
19 202 -0.40934891511751115
20 21 -0.9569889557043958
20 23 -0.49990494908440786
20 217 0.38022347897189634
20 220 -0.4676823145885691
20 223 -0.2626483516271827
20 226 0.6776271701975871
20 229 -0.764448336934195
20 232 0.6464881022304547
20 235 0.5711452064071396
20 238 -0.34055902326579224
21 24 -0.4601369805723712
21 253 -0.013354223968786938
21 256 -0.34680601899805086
21 259 0.5884456551325259
21 262 0.757195592078787
21 265 -0.657993675809589
21 268 0.875475299767513
21 271 0.17961613380538033
21 274 0.14193677153973216
22 23 0.18157800083471254
22 181 0.06922530104241797
22 184 -0.8787673199272108
22 187 -0.2662446900181257
22 190 -0.354511402026394
22 193 0.5943248910331658
22 196 0.010088901427364183
22 199 0.2853680313440974
22 202 -0.36997474878997316
23 24 0.9283237932344348
23 217 -0.30693011171625906
23 220 0.6012286986250299
23 223 0.29870218158375605
23 226 0.3054187528480017
23 229 -0.6584286605758258
23 232 -0.14650580771053723
23 235 -0.6550204582031476
23 238 -0.012569868387295013
24 253 -0.9455450144735484
24 256 -0.1288170587607378
24 259 0.31012364128398984
24 262 -0.3129767591726329
24 265 0.538265273130107
24 268 0.6196654544772116
24 271 -0.06956953061767046
24 274 -0.2959077010940654
25 26 0.028369828666064745
25 28 0.4717897385247143
25 181 0.19565757115031168
25 184 -0.13853387440005815
25 187 0.2769322938008616
25 190 0.3860875514043649
25 193 0.7637550479854087
25 196 0.2684775917491098
25 163 -0.6376619358152955
25 166 0.969847485191643
26 27 0.8210524507949777
26 29 0.5139013351107113
26 217 -0.6232978393222948
26 220 -0.1434735434289316
26 223 0.8841562745941707
26 226 -0.6415226686981033
26 229 0.5262188953928462
26 232 0.43379608702279016
26 199 -0.5462720887846932
26 202 -0.5078809825435646
27 30 0.6647078492747074
27 253 -0.18492778671338428
27 256 0.042156704167637615
27 259 0.644892927528024
27 262 -0.5397656817324266
27 265 0.2346170236458689
27 268 0.04902241244444738
27 235 -0.34646984093846234
27 238 0.3364483882933129
28 29 0.048063777550286124
28 181 -0.04324610455557276
28 184 0.3301941376628217
28 187 0.2849258757854747
28 190 0.04872970475681604
28 193 -0.8335109416825184
28 196 -0.9096302003114025
28 163 -0.33944829125626663
28 166 0.4078843759736581
29 30 0.31793257857739965
29 217 0.1315588569513222
29 220 0.1746852760055564
29 223 -0.7961706064238814
29 226 0.4571150739779153
29 229 0.8823746610369332
29 232 0.6904497608423379
29 199 -0.29528840008627566
29 202 -0.44436342494689085
30 253 -0.9173198079192446
30 256 0.7012000193827637
30 259 -0.40474778176434745
30 262 -0.5965454571317024
30 265 -0.02519205337719499
30 268 0.28667251310583164
30 235 0.8314304383039455
30 238 0.32670860017977676
31 32 -0.036854630526268695
31 34 0.7428814401931398
31 181 0.7591222596764338
31 184 -0.1714813510715807
31 187 -0.9622194776782051
31 190 -0.14915297991335907
31 193 0.7342194953635208
31 196 0.20530144196644518
31 163 0.38159606003935576
31 166 -0.04215346376683504
31 169 0.1886094407303598
31 172 -0.8058531693648947
31 175 -0.5255375875777086
31 178 -0.12962928432177456
32 33 0.9513521775533644
32 35 0.5080555700401623
32 217 -0.4964202067559418
32 220 0.13713851061342952
32 223 0.18503736355406453
32 226 0.6806949816439682
32 229 0.44880313845355957
32 232 -0.2462194073030224
32 199 -0.9797847250399603
32 202 -0.41975024248822446
32 205 0.2249586606149212
32 208 -0.5692804698783671
32 211 -0.3541752947371575
32 214 0.5995465078792617
33 36 -0.795219873150192
33 253 0.5867828638074268
33 256 -0.05034047076371828
33 259 0.3915167669190862
33 262 0.3020876413234712
33 265 -0.38038387774723614
33 268 0.35401299712307455
33 235 0.41301520046932505
33 238 -0.17601859262933917
33 241 -0.7810592267679248
33 244 0.05291882713524321
33 247 0.5530449808414635
33 250 -0.32986683765305713
34 35 0.734288495955254
34 181 -0.833113238476167
34 184 0.922715620825936
34 187 0.3322035984382843
34 190 0.14336730485252747
34 193 0.5704906830341583
34 196 -0.5937441240409009
34 163 -0.5186627964694399
34 166 -0.17964236231209285
34 169 0.10354191231323062
34 172 -0.5489629576894999
34 175 -0.6684454072971169
34 178 0.7265891172286512
35 36 0.6678833295615574
35 217 0.3984346061756663
35 220 -0.30705588378612325
35 223 -0.40506027447187876
35 226 -0.4446484268412976
35 229 -0.4611834886074313
35 232 -0.4421858609143199
35 199 -0.19883912060169817
35 202 -0.13306821917246925
35 205 -0.8983163788447206
35 208 -0.9220493803415661
35 211 -0.013030086371213834
35 214 0.5963886945437766
36 253 0.7702223302880566
36 256 0.3933855926851393
36 259 -0.30042878302804277
36 262 0.397895981735805
36 265 -0.5382854319543984
36 268 -0.6029191517221906
36 235 0.5947191769141149
36 238 -0.8897690501914788
36 241 -0.8833636071035915
36 244 0.42778449196663604
36 247 -0.8220589289847156
36 250 -0.3579739850171739
37 38 0.09293500351256134
37 40 0.7467313838677787
37 181 -0.7542281092530314
37 184 0.9051768203349335
37 151 -0.3175939604604938
37 154 -0.1811822226873272
37 157 -0.05009875065530944
37 160 0.8735107894422327
37 163 -0.09287765158087136
37 166 -0.7162350069964443
37 169 -0.5619633988646207
37 172 0.3554330352658115
37 175 0.22504490754496986
37 178 -0.18236383786291777
38 39 -0.8951469222622197
38 41 -0.2926017645830812
38 217 0.6165398190916607
38 220 0.904351579883717
38 187 0.2119883195362795
38 190 -0.4254695153655452
38 193 -0.8994389114343324
38 196 -0.4541288704927178
38 199 0.0982912403493883
38 202 -0.25549516050922616
38 205 0.3129950961791932
38 208 -0.18255623693978307
38 211 -0.36068649690017995
38 214 0.027226439233547728
39 42 0.7604782854179415
39 253 0.9238039503198026
39 256 -0.5151860226006642
39 223 0.9907911581870108
39 226 -0.7764285806630904
39 229 0.6621405555498865
39 232 -0.2674592599628518
39 235 -0.3647112402760124
39 238 0.5295799217996928
39 241 0.5235681499771152
39 244 -0.408137623061974
39 247 -0.47044660529623306
39 250 -0.3328837991535263
40 41 -0.598856122260371
40 181 0.08613381112974117
40 184 0.5747350102710995
40 151 0.03166828606363348
40 154 0.9439922254549207
40 157 -0.9469585260241762
40 160 0.8144661328727978
40 163 -0.05848337744281129
40 166 0.9591038212114464
40 169 0.30870584826683856
40 172 -0.8528922986235792
40 175 -0.1676172030256018
40 178 -0.4289071214664848
41 42 -0.6446818121894897
41 217 -0.4870967273739544
41 220 -0.8518097388650532
41 187 -0.7382764766138672
41 190 -0.8059095588257339
41 193 0.14966404407884237
41 196 -0.34579890934150037
41 199 -0.936376131867309
41 202 -0.33226559437542447
41 205 0.2449248748195767
41 208 0.7598077693852454
41 211 -0.8948445157306884
41 214 -0.22588977157883638
42 253 0.5650168017097466
42 256 -0.2287042357224882
42 223 -0.8366785887896913
42 226 -0.38781484030359925
42 229 0.7171412042122614
42 232 -0.44556744888853084
42 235 0.6692419168289756
42 238 -0.5056829372068281
42 241 0.3927075359192982
42 244 0.12808159565356259
42 247 0.8692663412715935
42 250 -0.25815543715601397
43 44 0.0941096505656136
43 46 0.5326379285062239
43 181 0.6693301056309262
43 184 0.42030241117894707
43 151 0.167578971765469
43 154 -0.9119659222570167
43 158 -0.9681111370562703
43 161 0.5496336491726317
43 164 -0.9477574187259488
43 167 0.28871078098754266
43 169 0.8667062809193529
43 172 0.421561188596677
43 175 -0.10897646011769879
43 178 0.7633481986288393
44 45 0.5709883322944793
44 47 0.7238950708223986
44 217 -0.4685505360885336
44 220 0.8478480198029719
44 187 0.7143119862854292
44 190 -0.32526542788327895
44 194 -0.02288949919459493
44 197 -0.4496917686495381
44 200 -0.07515184105423445
44 203 -0.6562626319666212
44 205 -0.37220201169752865
44 208 -0.35210713510332026
44 211 0.698345139508405
44 214 -0.4669351470735146
45 48 0.027296082181410775
45 253 -0.4874924933547433
45 256 -0.34793323843173174
45 223 -0.824483034310048
45 226 -0.13222267890289463
45 230 0.5986892047524925
45 233 0.7654652460466791
45 236 0.09017063345183263
45 239 0.5633596342704044
45 241 0.9765617480678914
45 244 -0.8018517710328603
45 247 -0.47335706181521364
45 250 -0.266485656666388
46 47 0.6142117811857155
46 181 -0.07347284159130618
46 184 -0.13515825825218108
46 151 0.15557785353188502
46 154 -0.49799656696643235
46 158 -0.7779892002719175
46 161 0.5939273235564047
46 164 -0.29174737054054356
46 167 0.2075188619331063
46 169 0.20164459756277542
46 172 -0.7366197131092938
46 175 0.34903592207331346
46 178 0.44595801981902117
47 48 -0.6520686494254284
47 217 0.2409418921156936
47 220 -0.7924489506803898
47 187 0.28100343422364804
47 190 -0.4205664961949054
47 194 0.36747023409258706
47 197 0.09089313900204621
47 200 0.9807058031757574
47 203 -0.7401813030782822
47 205 0.9383477151155224
47 208 -0.2833268091757055
47 211 -0.6423862159422211
47 214 -0.6124133220618282
48 253 0.17426751747106173
48 256 0.42307755651551915
48 223 0.7776517395636022
48 226 0.9352516849195764
48 230 0.9040115179381207
48 233 0.24743891637962667
48 236 0.6273849221962313
48 239 0.6712007833395488
48 241 -0.6774259123075914
48 244 0.9115734270607863
48 247 -0.8669061054034428
48 250 -0.7244339108765987
49 50 -0.26926159698122154
49 52 0.09650739071457326
49 181 -0.8478978434682554
49 184 -0.777098728770238
49 187 0.6095025361338202
49 190 0.0038656473816987003
49 194 0.3425545220266808
49 197 0.4910959298024653
49 200 0.6191831640609935
49 203 0.7065621427821958
49 205 -0.786161164121453
49 208 -0.4403839227796533
49 175 -0.44000163441944684
49 178 0.552156981421122
50 51 -0.49568274225282116
50 53 -0.5175153938211834
50 217 -0.6671330265975584
50 220 0.694824648216634
50 223 -0.20329268808370138
50 226 0.9216606913662695
50 230 -0.20898892047817963
50 233 0.34995545681528384
50 236 0.7704758469611015
50 239 0.18100517596869237
50 241 -0.8523085798307304
50 244 -0.026637630871001905
50 211 -0.3335922165451015
50 214 0.4493519047495653
51 54 0.06782379232683744
51 253 0.8871121338604375
51 256 0.7824241331371953
51 259 0.6657752420041738
51 262 0.2532507759554461
51 266 0.17884074021300211
51 269 0.5406491087627456
51 272 -0.9593166895085397
51 275 0.6249472582110409
51 277 -0.24793299459469464
51 280 -0.6162884116677265
51 247 -0.4920373740579995
51 250 0.5610786744223395
52 53 0.6133379495885702
52 181 -0.8067802010480447
52 184 -0.0906599596588824
52 187 -0.4738298882406693
52 190 0.5525850004711657
52 194 -0.6045903873206759
52 197 0.2454053932141338
52 200 0.7550188435732768
52 203 -0.9184511674239468
52 205 -0.04634698667407089
52 208 0.2632621111904292
52 175 0.26827485597834433
52 178 -0.9214056212811059
53 54 0.8828351521143938
53 217 0.5459745782172845
53 220 -0.7160598004796499
53 223 -0.9689768494576536
53 226 0.6100856363692402
53 230 0.252524119174415
53 233 -0.6648661789063621
53 236 0.1767661088909469
53 239 0.3946832371792317
53 241 0.6023281974681496
53 244 -0.6004274769676319
53 211 0.6308888699323558
53 214 0.32398212870432386
54 253 -0.48211723603166745
54 256 0.8868345502229371
54 259 0.5143848160450437
54 262 0.1912402537343254
54 266 -0.7325425792203142
54 269 0.8362632478599279
54 272 -0.07320878978798984
54 275 0.08488993255135635
54 277 -0.5284054880927527
54 280 0.4394064367846662
54 247 -0.02152687632934769
54 250 -0.025566161910043794
55 56 -0.06066376840016385
55 58 -0.08623462507701363
55 182 0.2337331685986377
55 185 -0.5306458385216084
55 188 -0.6568188822041008
55 191 0.209175815102296
55 194 0.0994334494164133
55 197 -0.3321249140250062
55 200 0.8919883383298501
55 203 -0.11160260910117614
55 205 0.48735230134296237
55 208 0.0095573653161245
55 175 0.5211946372787912
55 178 0.8710902465611614
56 57 -0.6257895719168536
56 59 0.9495270227932704
56 218 -0.2772752605870419
56 221 -0.019136390764034283
56 224 0.7420735541887156
56 227 -0.7341670247579009
56 230 0.6384352090837169
56 233 0.5920741862827557
56 236 -0.9593324103174392
56 239 -0.6067963266368577
56 241 0.32776652017086016
56 244 -0.133514302478714
56 211 -0.8746072285850193
56 214 0.4542333741577058
57 60 0.6540638946398436
57 254 -0.9139151335550084
57 257 0.9128182857674585
57 260 0.5840176157220274
57 263 0.8127047686999456
57 266 -0.7333074967155722
57 269 -0.3792288876268739
57 272 -0.48255781820812893
57 275 -0.05480695034941174
57 277 -0.33961616699347275
57 280 -0.2078915416227214
57 247 0.47829905712093757
57 250 0.30250793133534004
58 59 0.4963995535586281
58 182 -0.4265852258321967
58 185 -0.5479552984372333
58 188 -0.9356204517952027
58 191 0.5656069183396764
58 194 0.7946624413746992
58 197 0.4040968448971485
58 200 0.11568459411324539
58 203 0.15836295269634326
58 205 0.46345338811957637
58 208 -0.8288067483701147
58 175 0.8827031126673908
58 178 0.4088282434852222
59 60 0.47158506149584767
59 218 0.672383832287003
59 221 -0.5168454110579814
59 224 -0.5813300915289008
59 227 0.13311414953262624
59 230 0.029095520367668604
59 233 -0.671906723189077
59 236 -0.8543834608182883
59 239 -0.713772365615821
59 241 0.517263948612164
59 244 -0.6656783004113223
59 211 0.5051117515505703
59 214 -0.8412077983370712
60 254 -0.6821543120225018
60 257 -0.04546362763837508
60 260 0.13844023803319194
60 263 -0.9705606572885106
60 266 -0.07183473439908594
60 269 -0.1012808605971025
60 272 -0.05804191816407123
60 275 -0.6589213317373437
60 277 -0.18823162353331546
60 280 0.06009721477319063
60 247 -0.7741491707409838
60 250 0.2582221353130698
61 62 0.803944719615201
61 64 0.118673444283377
61 182 0.27795697197094893
61 185 0.8845135354528753
61 188 0.38774292545371636
61 191 -0.37400369297466574
61 194 -0.9210248694030583
61 197 0.06412669155463657
61 164 0.7975115288537009
61 167 0.04186510340930294
61 169 -0.5703571422694065
61 172 -0.6944445765782195
61 175 0.7364559271605013
61 178 -0.5899185180963529
62 63 -0.26006047347239614
62 65 0.9444682167792982
62 218 -0.3127965732891915
62 221 0.9569820064459098
62 224 -0.4716549441334952
62 227 -0.5906878265667945
62 230 0.6309780513974048
62 233 0.5554470127419064
62 200 0.8813111232371955
62 203 0.567276083710482
62 205 0.6572960567995225
62 208 -0.22856651176549736
62 211 0.7508733174569708
62 214 -0.35448722038032465
63 66 -0.6591708621347327
63 254 -0.519032998983155
63 257 0.22611111071412338
63 260 0.1419882977056608
63 263 0.029491893496036425
63 266 -0.718160855716873
63 269 0.6603491778702133
63 236 -0.3405765286528859
63 239 -0.4047272257193302
63 241 0.49990137520019995
63 244 0.01543599686815389
63 247 0.3539391189228407
63 250 -0.5710713625080288
64 65 -0.9425481609043227
64 182 0.6227381180214933
64 185 0.7388956812929566
64 188 0.7663280885993355
64 191 0.20087815163514766
64 194 -0.6966569951162511
64 197 -0.5354123464914156
64 164 0.6133881701133717
64 167 0.6773401089640245
64 169 -0.0637169082744089
64 172 0.09118527002724486
64 175 -0.6161127092563192
64 178 0.09772953958307862
65 66 0.4284056194431898
65 218 0.43370823172589135
65 221 -0.45281340168620665
65 224 0.951678589134429
65 227 -0.809530271844991
65 230 -0.9754210838388384
65 233 -0.11289110167227201
65 200 -0.38581457464062163
65 203 -0.08019547237557445
65 205 0.15815687920385613
65 208 -0.6204445340082454
65 211 -0.31422154244865075
65 214 -0.5817067210672004
66 254 0.1850218747583643
66 257 -0.7758689441613098
66 260 -0.9065441512199566
66 263 0.6515800192414429
66 266 0.10364726039841687
66 269 0.10277497459055085
66 236 -0.8288479434192102
66 239 -0.607018409936853
66 241 0.6045210139388439
66 244 -0.041864693533241404
66 247 -0.22717749560606948
66 250 -0.8014088911171049
67 68 0.3402321889643083
67 70 -0.5124899924283575
67 182 0.5474587427209767
67 185 -0.8948161383482207
67 188 0.048105680056545586
67 191 -0.5988168249172683
67 194 -0.40882044554808616
67 197 0.22134157850514602
67 164 -0.3696180151186641
67 167 -0.7131357716498967
67 170 0.6348692101080269
67 173 0.5783187198405884
67 176 0.3807476007317314
67 179 -0.3684570766244111
68 69 0.20448812560141594
68 71 0.6855391948995886
68 218 -0.32462682195973125
68 221 0.2595901955046078
68 224 0.18127012503410178
68 227 0.7942653922347813
68 230 -0.49602745329801534
68 233 0.9805464637361732
68 200 -0.24081993405113122
68 203 -0.19438336545660206
68 206 0.13313405950597867
68 209 0.34098611770406206
68 212 -0.6401201635010954
68 215 -0.24928779606221396
69 72 -0.11803147219832177
69 254 -0.4246434061950102
69 257 0.0432729499605109
69 260 -0.131418118661089
69 263 -0.20806142364900482
69 266 -0.15008351636658968
69 269 -0.5564094353993132
69 236 0.2743310269894179
69 239 -0.12941163922771537
69 242 0.7056350373799356
69 245 0.11666744601028123
69 248 0.3506564831394805
69 251 0.6225943566683203
70 71 0.9160622765396111
70 182 0.24248039825758583
70 185 0.15484096104355727
70 188 -0.027087895247603244
70 191 -0.999976061545655
70 194 -0.43630942059007394
70 197 0.3196995216041152
70 164 0.6444212201448261
70 167 0.7014097646608446
70 170 0.4854752705660601
70 173 -0.27597517738595845
70 176 -0.17454266592835777
70 179 -0.6472287212691987
71 72 0.4200040418192348
71 218 -0.3036900921914383
71 221 0.5835787445785898
71 224 -0.25618955162994506
71 227 0.16833453598519976
71 230 -0.370226016188965
71 233 -0.36809240221529316
71 200 -0.19292817826473874
71 203 0.503468442570908
71 206 -0.6508401019143037
71 209 -0.8683136436730157
71 212 0.9569037956245317
71 215 0.745686954236997
72 254 0.037161798803042156
72 257 0.27387006123889157
72 260 -0.2887139689064613
72 263 -0.0014645348880928388
72 266 -0.25741776429562724
72 269 0.7152349709930599
72 236 -0.7717380620559604
72 239 0.7904393773086653
72 242 0.5048090478762544
72 245 0.3625679103560169
72 248 -0.05836895826084865
72 251 -0.2823343746304654
73 74 -0.5640795027293946
73 76 0.33042547903143094
73 182 -0.5191531893071877
73 185 -0.40790897746527865
73 152 -0.5418786246738478
73 155 0.9664695460016632
73 158 -0.6670053815272705
73 161 -0.21358254203154092
73 164 -0.3576058949549905
73 167 -0.09932575109238595
73 170 -0.5277844818328401
73 173 0.24385104137619518
73 176 0.653587141501043
73 179 -0.37918971123413114
74 75 0.772437278903493
74 77 0.7670676280179594
74 218 0.379281926067373
74 221 -0.1766706599765473
74 188 0.3369920765159551
74 191 0.5719828590213536
74 194 -0.8518162596008867
74 197 0.656933183644268
74 200 -0.34901230289115337
74 203 0.9425714893205235
74 206 -0.8360214626855877
74 209 -0.5312027074711008
74 212 0.3087409812075328
74 215 -0.23040839504091615
75 78 0.5583466297590423
75 254 -0.8939274758660802
75 257 0.5438836827324038
75 224 0.7009918567778017
75 227 0.3587068392518422
75 230 -0.17795239722765932
75 233 -0.7330762132697404
75 236 0.31821524291821857
75 239 0.7756015762277197
75 242 -0.18763289271097938
75 245 0.5888609519355965
75 248 -0.41170137451689004
75 251 -0.21948860064413234
76 77 0.8526815709180735
76 182 -0.12467257126259446
76 185 -0.5444740793106684
76 152 0.22892904084790322
76 155 0.09312395567255383
76 158 0.1422457948043736
76 161 -0.6072326931538508
76 164 -0.2870173218600083
76 167 -0.10406444925224889
76 170 -0.6742299325928207
76 173 0.08154462673225726
76 176 0.8302471302169685
76 179 -0.24945352752000405
77 78 0.778232376326808
77 218 0.8156897786085742
77 221 0.5620092974160016
77 188 -0.8741036971806162
77 191 -0.5433729052949177
77 194 -0.12360096128945108
77 197 -0.3174692493081508
77 200 -0.007022853869928625
77 203 -0.6074310292093199
77 206 -0.6302436934378206
77 209 -0.013456848975273328
77 212 0.3537252923934524
77 215 0.44391308815657915
78 254 -0.11591648367820473
78 257 0.5721896330394278
78 224 -0.17940974591480185
78 227 0.028542465416653284
78 230 -0.9480750107527718
78 233 0.82281153613101
78 236 0.10368878158021211
78 239 0.6222228033706687
78 242 0.7577679552026286
78 245 0.8605310323307047
78 248 0.940559298288214
78 251 -0.8460216531421902
79 80 0.3390431775440177
79 82 -0.9682140220350173
79 182 -0.18773770515910293
79 185 0.20249350219025897
79 152 -0.38124777336312565
79 155 -0.004586398418752635
79 159 0.8825219971798075
79 162 -0.047848176559374345
79 165 0.8765888442510386
79 168 0.7895300437694237
79 170 -0.7462028236411788
79 173 0.3249856839084644
79 176 0.26576174190643376
79 179 -0.5681586131013436
80 81 0.26087358631408875
80 83 -0.8753324695293616
80 218 -0.828664531579425
80 221 0.5137838489094115
80 188 0.4223523265876161
80 191 0.811597714050152
80 195 0.6915218326024832
80 198 -0.6556060030248663
80 201 -0.06683250041873157
80 204 0.8768344379836281
80 206 -0.25922830032714006
80 209 -0.37788182638009604
80 212 -0.33985604863798
80 215 0.7937325911309201
81 84 -0.8944959347420189
81 254 0.425837068368641
81 257 0.13812382199754536
81 224 -0.44979185887815176
81 227 0.9264886741800031
81 231 -0.3310145797566728
81 234 0.6662817110807429
81 237 0.4436915462152422
81 240 0.6690745504588944
81 242 -0.5055529486920831
81 245 0.11116958660164711
81 248 -0.30999216639493876
81 251 -0.6484770424669828
82 83 -0.3509960392697684
82 182 -0.047744563341261204
82 185 0.7038189785731181
82 152 0.8110041820339442
82 155 0.2182412203845132
82 159 0.9662255772192279
82 162 0.9040794168168167
82 165 -0.9314736188583541
82 168 -0.10338099360890518
82 170 -0.15009417090592203
82 173 -0.5575929825224941
82 176 0.5941671027738844
82 179 0.16806899309235623
83 84 -0.1694197933458501
83 218 -0.4783186644977988
83 221 0.09063734004071211
83 188 0.9261354604598484
83 191 -0.8318237313981993
83 195 0.7937568961976895
83 198 -0.22678734247609333
83 201 -0.9358379380849062
83 204 -0.2511780092887912
83 206 0.3914961978763305
83 209 0.39094462410347175
83 212 0.12061846345697669
83 215 0.32063872813628413
84 254 0.8690251346567577
84 257 -0.1392158460232953
84 224 -0.37722024713019153
84 227 0.8993545577242883
84 231 -0.8406954911604831
84 234 -0.3968709425851007
84 237 0.520674433038085
84 240 -0.4396459920950073
84 242 -0.1536891265673046
84 245 -0.9708193647339951
84 248 -0.5413861602223986
84 251 0.9062488675093752
85 86 -0.5444966659560024
85 88 -0.3264165155995815
85 182 0.40596404486205984
85 185 0.6135758729404988
85 188 0.23265595291045704
85 191 0.5850148244133573
85 195 -0.5603539069710244
85 198 -0.011917978960663378
85 201 0.49541424291404557
85 204 0.49485800757630627
85 206 0.4586043593080473
85 209 -0.45669266867353064
85 176 0.29960272517856756
85 179 0.3614996029049362
86 87 0.271414120028707
86 89 0.6066502364286597
86 218 -0.36604119686597203
86 221 -0.9537760369429027
86 224 0.40508663519919774
86 227 -0.48856642595006017
86 231 0.061164785406464306
86 234 -0.1580230609435882
86 237 0.2719278084632153
86 240 0.6506772945325376
86 242 -0.33674775568051074
86 245 0.6225640375049606
86 212 -0.7598304090986685
86 215 -0.29548160270998225
87 90 0.08848940784778048
87 254 -0.5860608874894138
87 257 -0.10499623382679202
87 260 0.3403482647523066
87 263 -0.8588403428570739
87 267 -0.8062099875145823
87 270 0.8937312512828868
87 273 -0.9604936011873042
87 276 0.6691360822352594
87 278 0.9272001084696686
87 281 0.9250137701863008
87 248 0.2652331211422492
87 251 -0.2404595204279396
88 89 -0.837435354961672
88 182 -0.020508790724792503
88 185 -0.25017445778456726
88 188 0.28674123588131195
88 191 0.12114643694171989
88 195 0.7566914612787221
88 198 -0.41427779492771366
88 201 0.23501199345585788
88 204 -0.4839108197092763
88 206 -0.8081649526541634
88 209 -0.22867131228915993
88 176 0.015035016236720988
88 179 -0.8632468939169773
89 90 0.5188519676579799
89 218 -0.04956682896635156
89 221 0.6226419971505646
89 224 -0.7419549176696429
89 227 -0.6869225402021713
89 231 0.2257729153992758
89 234 0.9305992078733873
89 237 -0.8342103337419893
89 240 0.07133955398030412
89 242 -0.5575999494807655
89 245 -0.7021406849317084
89 212 0.5294911948963146
89 215 0.49039833182593195
90 254 -0.3217714196346033
90 257 -0.107805495170751
90 260 0.28413342862834057
90 263 -0.9266948219488043
90 267 0.4124419848526617
90 270 -0.4751055367889425
90 273 -0.7689973008429134
90 276 0.03195455799661562
90 278 -0.49393146433785207
90 281 0.8895708685690924
90 248 0.835068015166559
90 251 0.7424489197664266
91 92 0.7721675862671702
91 94 -0.4310649382104479
91 183 -0.13714260729434846
91 186 0.599781326140326
91 189 0.2790028118621517
91 192 0.5913127929397359
91 195 -0.052926075878446666
91 198 -0.662310041533487
91 201 0.7716340934883048
91 204 -0.06155200810759087
91 206 0.1565345180268236
91 209 0.41968033980957764
91 176 -0.44927553125532316
91 179 0.2763236990865876
92 93 0.575160119750501
92 95 -0.7953050932576258
92 219 -0.08925383370284656
92 222 -0.6375391188409032
92 225 -0.20427093435638666
92 228 0.4502580460464265
92 231 0.7137498047349531
92 234 -0.754717337734103
92 237 0.4779069125218016
92 240 -0.024459306941444936
92 242 0.17600094439263536
92 245 0.946157579132048
92 212 0.27532285699533143
92 215 -0.739864654313003
93 96 -0.7177826772837006
93 255 -0.13564514597093558
93 258 0.21935058890047232
93 261 -0.38721045383623975
93 264 -0.25691114179429064
93 267 0.8071801308874496
93 270 0.8242889800731523
93 273 -0.23877010173610147
93 276 0.46474541229086475
93 278 -0.6163188819822549
93 281 0.1273028473677793
93 248 -0.42387154810974526
93 251 -0.3918249857342464
94 95 -0.37307735051972046
94 183 -0.6391209521864087
94 186 -0.10166689870062129
94 189 -0.8229612958268422
94 192 0.45688170245614157
94 195 0.49827006767260795
94 198 -0.6349939266516675
94 201 0.28132062791820145
94 204 0.34517635613383413
94 206 0.9110499640414769
94 209 0.20691537848563013
94 176 -0.6123519988128894
94 179 0.6440044751863434
95 96 -0.89820289386824
95 219 0.3086268578476816
95 222 -0.9152623096044377
95 225 0.3260188727566995
95 228 -0.5262935214976654
95 231 -0.37741252152603866
95 234 0.8129365510609843
95 237 -0.2465327095152301
95 240 -0.5374407523640827
95 242 0.8444487478085698
95 245 -0.44356553990207614
95 212 -0.5546446563871217
95 215 -0.07530738365862444
96 255 -0.1148320654838928
96 258 0.7084550637039282
96 261 0.7960882698799603
96 264 -0.9958193806079039
96 267 0.2524571116135981
96 270 0.657588038284382
96 273 0.6101100455815862
96 276 0.7675313046525503
96 278 -0.2997285873311508
96 281 -0.659132265432308
96 248 0.4674213713922353
96 251 -0.7009668454667972
97 98 0.7938195237120729
97 100 0.028056835173701833
97 183 -0.6426413441616017
97 186 0.9254922214646859
97 189 -0.42522184704755017
97 192 0.8699413761014034
97 195 0.4399267418190045
97 198 0.33047331048210493
97 165 0.5128541814840804
97 168 -0.5980604755887755
97 170 0.3716232699468014
97 173 -0.9982965284791174
97 176 0.8626331203940936
97 179 -0.050734117336918905
98 99 0.3598549737766592
98 101 -0.08091997344571356
98 219 -0.5318823959704027
98 222 -0.664037097463255
98 225 -0.013589692451493773
98 228 0.49092147895843197
98 231 0.5645509380406113
98 234 -0.27425073886685714
98 201 0.44742707558998296
98 204 -0.3921756934838918
98 206 -0.512009686588935
98 209 0.8985536953421882
98 212 -0.12628479606126009
98 215 -0.3343856295385068
99 102 0.850317473668764
99 255 0.06014072918384383
99 258 -0.8900413824716416
99 261 0.7557457043475431
99 264 -0.4954818840578481
99 267 -0.6189341907376149
99 270 0.2960944297342558
99 237 -0.657756534006134
99 240 0.3621031255272511
99 242 -0.4180212190461108
99 245 0.16336678639204827
99 248 -0.3797933716820443
99 251 0.570016284452239
100 101 0.2089585930199067
100 183 -0.15965135606547953
100 186 0.07536501112265848
100 189 -0.7325084522945684
100 192 0.9527982785559246
100 195 0.9987488163692064
100 198 0.15588087206858003
100 165 0.9951636989403057
100 168 -0.9963402370756915
100 170 -0.21577561374676701
100 173 -0.6976785543719513
100 176 0.5394991524031523
100 179 0.9955327433297685
101 102 -0.8082770097423968
101 219 0.6600652451487459
101 222 -0.7609519723863583
101 225 -0.5049152782390351
101 228 -0.32129872240923163
101 231 -0.7422654103445394
101 234 -0.04853669334985811
101 201 -0.5996105231403239
101 204 0.7823558312722283
101 206 -0.5676111760012112
101 209 -0.4891508752321574
101 212 0.1661814328014577
101 215 0.6868686579214682
102 255 -0.0371429244673831
102 258 -0.8941546438993022
102 261 0.451012805871281
102 264 0.6116442587849114
102 267 -0.18924540161950376
102 270 0.9865173415372883
102 237 0.16061013509274624
102 240 -0.7742356422629908
102 242 0.01103073645573116
102 245 -0.12048278305289983
102 248 0.6647774855742596
102 251 -0.30846004701163054
103 104 0.7294503629714431
103 106 -0.04918208228004595
103 183 -0.1872742342369358
103 186 0.9101926824249
103 189 -0.9186834238116475
103 192 -0.1665868231603067
103 195 -0.20787810477318813
103 198 -0.09931780676308
103 165 -0.6057031144843865
103 168 0.2405115461188545
103 171 0.4786836682619797
103 174 -0.827581735771078
103 177 0.690390105443283
103 180 0.8847888169217937
104 105 0.5431300052317347
104 107 -0.2095952248937476
104 219 0.5239845418947684
104 222 -0.43338491562088444
104 225 0.11799936533260214
104 228 -0.5413887748511648
104 231 -0.20421821160078402
104 234 -0.5147721633392055
104 201 -0.09800994371201344
104 204 -0.911724471244965
104 207 -0.8405786338776227
104 210 0.21277247940970856
104 213 0.49713010811202896
104 216 -0.9661732534080605
105 108 0.7505717644648879
105 255 0.8375752302909572
105 258 -0.5792066376324869
105 261 -0.6779331980468299
105 264 0.6922104226378998
105 267 0.07273946381947738
105 270 -0.46163836152669835
105 237 0.3606521974633139
105 240 -0.9672137081079335
105 243 0.9068132929671151
105 246 -0.6602216321835155
105 249 0.7780839791391585
105 252 0.35640021767664565
106 107 -0.5055797244468014
106 183 0.5618521056479753
106 186 -0.12943791477028044
106 189 0.2771080039064211
106 192 -0.23820249218187284
106 195 0.6676214767539019
106 198 -0.6066452009633487
106 165 0.7190895657852074
106 168 -0.8788854621057192
106 171 -0.47133811178109264
106 174 -0.17006470604054824
106 177 0.6547286828658279
106 180 -0.9412775708301997
107 108 -0.7940851325585487
107 219 -0.1715732917894226
107 222 0.7049291312394106
107 225 0.18286290086584756
107 228 -0.35521977577668995
107 231 0.9197395338957388
107 234 0.1408681064198809
107 201 0.08420909904617235
107 204 0.24928631264120882
107 207 0.8409631128418036
107 210 0.9178587575454809
107 213 -0.41020822309637706
107 216 0.16762709243025387
108 255 0.45576942429951917
108 258 0.5841218672590329
108 261 0.19414676248624008
108 264 -0.1273982283675117
108 267 0.9509051548866216
108 270 0.8871420049117886
108 237 -0.5069903291207596
108 240 0.06106072631716719
108 243 -0.6564237260265422
108 246 0.4790485920687495
108 249 -0.373298486142168
108 252 0.3082458992446677
109 110 -0.9902988739856278
109 112 0.42956189201317296
109 183 -0.5305879383667922
109 186 -0.4915459410623988
109 153 -0.4580884597945907
109 156 0.20145127325343215
109 159 -0.06155071638188825
109 162 -0.7886860579565647
109 165 -0.34597976918571294
109 168 0.7477911275931648
109 171 0.6366126533874381
109 174 0.24588487505813617
109 177 0.328699962393441
109 180 0.7218477769049105
110 111 -0.03691640269042051
110 113 0.01992627546464676
110 219 0.09090022589260927
110 222 -0.15329772473117376
110 189 0.030973976033911388
110 192 0.05639004886887067
110 195 -0.14014055469038333
110 198 0.9299277809236708
110 201 -0.7633261086324135
110 204 -0.87030011031874
110 207 -0.8994047902542806
110 210 -0.6755248047948563
110 213 -0.5545449514136627
110 216 0.5863144144528971
111 114 0.4867726949865765
111 255 0.05591370951238028
111 258 0.6466281186716965
111 225 0.729814303448306
111 228 0.5558380662853706
111 231 0.8923469016601542
111 234 0.16260903658441084
111 237 -0.6198372042468789
111 240 -0.09148296971879843
111 243 -0.07778505972208727
111 246 -0.6900246508789625
111 249 0.6074243795065899
111 252 0.11276706452392249
112 113 0.2603956980112261
112 183 -0.10995702887204395
112 186 0.1385238074310564
112 153 -0.7360547714648755
112 156 0.852924497832539
112 159 0.7484265355268345
112 162 -0.4900021401401973
112 165 0.5771977593228039
112 168 0.7010698122726313
112 171 -0.43888402320400544
112 174 0.9083813997534058
112 177 -0.7758845863604027
112 180 -0.8492382579078326
113 114 0.7557632680426625
113 219 0.32477243613981965
113 222 -0.37610365641895105
113 189 -0.43032315118846753
113 192 0.40876853066905383
113 195 0.9090823388871694
113 198 -0.5358781742586132
113 201 -0.14527745532841219
113 204 0.8310624663456612
113 207 0.5461871932911679
113 210 0.6946139766978803
113 213 -0.4995345045958124
113 216 0.7258255638011555
114 255 0.16446772017159206
114 258 0.21153594496351258
114 225 0.4931240508484558
114 228 -0.16293901904443686
114 231 0.09667551774204908
114 234 -0.8273057199949041
114 237 -0.11812050115228168
114 240 -0.979171921379981
114 243 -0.2180594015245576
114 246 -0.38452513033468816
114 249 0.3899588594672392
114 252 -0.8217810103777217
115 116 0.03558737714191995
115 118 0.028162125710107233
115 183 0.4986999690380223
115 186 0.10328420183088838
115 153 0.7887624497020997
115 156 0.40617451767633295
115 171 -0.5849529230808208
115 174 -0.1253405524576099
115 177 0.1559907913949261
115 180 0.27755019431131056
116 117 -0.6452427061307062
116 119 0.610273360558488
116 219 0.8889359309014866
116 222 -0.8250111580048867
116 189 0.15644980025918298
116 192 -0.5606969115159388
116 207 -0.00619663998917841
116 210 0.011494158114315534
116 213 0.3581728166377338
116 216 -0.9605657468117661
117 120 0.49729681305971396
117 255 -0.8467173077675139
117 258 0.11639239693038572
117 225 -0.3587689213875711
117 228 0.10425161234102198
117 243 0.5435824412233226
117 246 -0.7284881938293912
117 249 -0.3137671123097763
117 252 0.3042174772036379
118 119 -0.3159368079921958
118 183 0.8255230454357871
118 186 -0.6792391946322243
118 153 0.33939588347876737
118 156 -0.1595915771736407
118 171 0.20137237081734694
118 174 -0.45652037355148645
118 177 0.23087532630896623
118 180 -0.3047703803573334
119 120 0.21815959289277664
119 219 0.5080865274823272
119 222 -0.6568916139598464
119 189 -0.5081172997226515
119 192 0.17278971730844894
119 207 -0.22441446551775113
119 210 -0.5395709918748282
119 213 -0.5586973127266592
119 216 -0.7240712131185469
120 255 -0.8368514878487805
120 258 0.3703368062709276
120 225 -0.6674312319540361
120 228 -0.21750359994189172
120 243 0.6418753435560232
120 246 -0.6044186671523912
120 249 -0.32806398727737873
120 252 0.9870883032432007
121 122 -0.7501230618919961
121 124 0.665517714560574
121 183 -0.9839441232127
121 186 0.4547247402043493
121 189 -0.48790326788766913
121 192 -0.36137539155299336
121 207 -0.9696695209655171
121 210 -0.0294495414139877
121 177 -0.06455875808168066
121 180 0.23742221706605227
122 123 0.8271149507334761
122 125 0.07669531330136214
122 219 -0.6155524781882273
122 222 0.9283756925818829
122 225 0.7838634468460486
122 228 -0.9335547859914115
122 243 0.753091691064937
122 246 0.0657391925829427
122 213 0.07223986569174823
122 216 -0.7185172534486755
123 126 0.916022053642112
123 255 -0.1969352276855003
123 258 0.01907999220526735
123 261 -0.759570541990445
123 264 0.716929712542056
123 279 0.32845515015417903
123 282 0.879304610317003
123 249 0.5177859011013093
123 252 -0.31518598756623173
124 125 -0.7553715024806276
124 183 0.5968084340337072
124 186 0.26123486201448665
124 189 0.212658032497973
124 192 0.6332303375157475
124 207 0.5192257551618311
124 210 0.8259409944553326
124 177 -0.07880721714120376
124 180 0.17262840395687817
125 126 0.558975037138296
125 219 -0.5628758442657109
125 222 0.9413076396314555
125 225 0.08172050613582615
125 228 -0.9496516214005724
125 243 0.5893915211634819
125 246 0.5348177474196001
125 213 0.4334290832184362
125 216 0.055576724330120175
126 255 0.16529319754652305
126 258 0.18765598259379712
126 261 0.11263896912879834
126 264 0.2440205468040122
126 279 0.6756890643161284
126 282 0.7359372224973963
126 249 0.40751870543471536
126 252 0.9799294802610037
127 128 -0.031217866770877567
127 130 -0.08681808830100923
127 207 -0.5912862729923993
127 210 -0.9169604875046535
127 177 0.7278140076314754
127 180 0.8869074571129574
128 129 -0.15292534220734488
128 131 -0.7023491874296164
128 243 0.8674203899723469
128 246 0.2023968865419481
128 213 -0.6813406412662231
128 216 0.6776763912183796
129 132 0.2096530607866105
129 279 -0.28300928722086316
129 282 -0.6581944724538613
129 249 0.493049065729789
129 252 -0.4316699626154217
130 131 0.42140936946792373
130 207 -0.20867126617755405
130 210 -0.13055960021164426
130 177 -0.782042314926259
130 180 -0.5252337715831481
131 132 -0.15675057891063537
131 243 -0.6252496135611423
131 246 -0.34244308413758384
131 213 -0.4528802869918407
131 216 0.42753165641682367
132 279 0.7776640652777731
132 282 0.7583680254501257
132 249 -0.6436342738480754
132 252 0.5424616797987378
133 134 -0.30985323495799877
133 136 -0.16315807468483734
133 171 -0.0360140949910539
133 174 0.39174374327960515
133 177 0.7477273731331335
133 180 0.13023814040127624
134 135 -0.24594079167118155
134 137 0.3843387806816414
134 207 -0.5593196381409224
134 210 -0.6062400350115691
134 213 -0.39622953024336005
134 216 0.590806311223917
135 138 0.8260921214947468
135 243 0.37488626724104357
135 246 -0.8654285910736352
135 249 -0.12135000766831827
135 252 -0.23567641021291696
136 137 0.6570517424317222
136 171 -0.9094481738331555
136 174 0.1277221778856279
136 177 0.12975584500179305
136 180 -0.5146174935146866
137 138 0.9306135207172721
137 207 0.1105124939080282
137 210 -0.010653223996460293
137 213 -0.9860991712296594
137 216 -0.5355607627973074
138 243 -0.16128337229963874
138 246 0.42051066180763574
138 249 -0.20465265908376717
138 252 0.7416589340496218
151 152 -0.8064120033977771
151 154 0.36698072129563486
152 153 -0.4175180557479239
152 155 0.2681452111756588
153 156 -0.913706981751983
154 155 -0.8012143036514174
155 156 -0.0352961223718784
157 158 -0.6622809398434675
157 160 -0.47328710800661944
158 159 0.6319528833818657
158 161 -0.3384926230781462
159 162 0.015659508569164204
160 161 -0.5082411895167886
161 162 0.1349860450557252
163 164 -0.582030166564099
163 166 -0.09362876614752325
164 165 0.038234652188760654
164 167 0.6256204268363654
165 168 -0.15404990934495544
166 167 0.5449911178810669
167 168 0.037125143399534544
169 170 0.07505006818060811
169 172 -0.459586988213484
170 171 -0.26459199812772405
170 173 0.37741638924584864
171 174 -0.27840635305063066
172 173 -0.07028850963586275
173 174 -0.23891023144108425
175 176 -0.6511413876774317
175 178 0.5475103881904484
176 177 -0.1208010760574898
176 179 0.5810928966665458
177 180 -0.10610750057562846
178 179 0.2799622615630617
179 180 -0.10712278082716531
181 182 0.17537655430121224
181 184 0.24672226446082202
182 183 0.28418946545566603
182 185 -0.5071415425025687
183 186 -0.14647393558297295
184 185 0.816163729644001
185 186 -0.6896363824437397
187 188 -0.5966448065898597
187 190 -0.6940087854124166
188 189 -0.1069776677762837
188 191 0.38193021229178314
189 192 0.11463817629410844
190 191 -0.7206748859498495
191 192 -0.673519534195758
193 194 0.8180634071739639
193 196 0.755344616083039
194 195 -0.42136618131927506
194 197 0.4505453901725309
195 198 0.9719564831289327
196 197 0.2965609762041319
197 198 0.06727268988620061
199 200 -0.37766430317139355
199 202 0.12752004017058072
200 201 0.7212246527569668
200 203 0.9287315740356126
201 204 0.43674264586514355
202 203 0.40650586978116254
203 204 0.866206648761896
205 206 0.8214232987804604
205 208 -0.5143670532465339
206 207 -0.29705141861161044
206 209 0.22459059655045843
207 210 0.8139043210788888
208 209 -0.4287366494718541
209 210 0.3638274974640969
211 212 0.17663676888275348
211 214 -0.26941980462301474
212 213 0.30418493219855325
212 215 0.25442438712381366
213 216 -0.9127592626775267
214 215 -0.37016422182643804
215 216 0.6729911805720854
217 218 -0.3047394299968891
217 220 0.44190456852881566
218 219 0.14133165286684557
218 221 0.09080553763937194
219 222 -0.36965400684928373
220 221 -0.3418519028355771
221 222 0.526599987758195
223 224 0.48866529652137625
223 226 -0.8564892596626654
224 225 0.34701065380947105
224 227 0.1517512675397077
225 228 -0.07792009277381196
226 227 0.8141959045892044
227 228 0.7062335172565857
229 230 0.14223202652183553
229 232 -0.2936275933867012
230 231 -0.22730809315572142
230 233 0.15443311494335044
231 234 0.1552278164527685
232 233 0.2206923555598923
233 234 0.059919884599760165
235 236 -0.17695184521908502
235 238 0.48572263599255505
236 237 0.28874333790299134
236 239 0.47878471765982966
237 240 0.8541576897795777
238 239 0.8534860127993376
239 240 0.42311960137107496
241 242 0.10323198856863702
241 244 -0.06858796294419922
242 243 -0.1731269600094869
242 245 0.7888806926384355
243 246 0.9481671474185889
244 245 -0.4302152648929214
245 246 -0.14351528113735523
247 248 -0.6787501266149931
247 250 -0.8252768997349726
248 249 0.8696560092697951
248 251 -0.44967537412561653
249 252 0.5973987823976621
250 251 -0.7312183970183781
251 252 0.1336911178230069
253 254 -0.15028931416110392
253 256 0.7967158714904343
254 255 0.062297003314202515
254 257 -0.8098039620758681
255 258 -0.37889469727767144
256 257 -0.9998633676709912
257 258 0.288085680153666
259 260 0.6211919229959997
259 262 0.1966995870098125
260 261 0.98061950218187
260 263 -0.39397219918353343
261 264 -0.34563906577356907
262 263 -0.5200186693739273
263 264 -0.37260300579216543
265 266 0.2045015478429837
265 268 0.8540962603515783
266 267 -0.7954115955424599
266 269 0.9993012843401623
267 270 0.13288935670358182
268 269 0.8442227269930227
269 270 0.5611116981551938
271 272 -0.7005575730722702
271 274 0.5588634253566318
272 273 0.18066681414948493
272 275 -0.9784072942460624
273 276 0.3681361566033252
274 275 0.19832959264989003
275 276 0.25284538230523856
277 278 -0.4449405489773728
277 280 -0.5496661497374102
278 279 0.4261846791089181
278 281 0.10767699422977306
279 282 0.7449246355734356
280 281 -0.15070100029774247
281 282 -0.19691553427637776
