# 
7 7 2.173792045197244
8 8 2.375130436049159
9 9 1.077374980666435
10 10 -2.0434202720777845
11 11 -3.7918309682209097
12 12 3.1396899042075077
13 13 -0.83132168220504
14 14 3.1287602547930007
15 15 1.8475866046153824
16 16 -2.713017829347793
17 17 3.0782858206089942
18 18 -2.648268657891916
19 19 3.91930121997415
20 20 -2.021475996779662
21 21 0.4535889088061742
22 22 0.25699390419393797
23 23 -0.06654333845606697
24 24 3.9737259791301076
25 25 0.9839915127308361
26 26 -0.18332661818604645
27 27 -3.1595730932659425
28 28 3.259718369370985
29 29 -3.4753231562304174
30 30 0.38357466359037407
31 31 1.2847746238850979
32 32 -1.5290708628643008
33 33 2.82328353705428
34 34 2.9928712671769224
35 35 2.8339083587092047
36 36 -1.079542758426002
37 37 0.8641740938795275
38 38 -3.5502042564815923
39 39 -1.5777884495525862
40 40 3.92977749006838
41 41 -1.5913333130307556
42 42 -2.1590753620618175
43 43 -3.4385289440678957
44 44 -3.1513408408563253
45 45 3.868461207227935
46 46 1.8766377820394933
47 47 -3.0461518924394895
48 48 2.352626249351376
49 49 3.7253429358193513
50 50 1.6393335918675795
51 51 3.6419438311920436
52 52 -1.2456421944863942
53 53 -2.1007088541877934
54 54 -2.843601969816331
55 55 -3.5931255556072035
56 56 -1.019976938756388
57 57 -1.4856740005437468
58 58 -1.0618568462166849
59 59 1.5387874870352212
60 60 -0.5657608611488625
61 61 2.2103515445654125
62 62 0.5975712887419524
63 63 2.679123647282994
64 64 -1.432428301393152
65 65 2.68067707435094
66 66 -0.47845214944627834
67 67 -2.5712799814948175
68 68 -2.9283169413124517
69 69 3.2207032457647875
70 70 -1.709715103956352
71 71 3.5844663152104355
72 72 -0.0941443386114198
73 73 1.4614231354121765
74 74 2.9355263967921275
75 75 -2.1495332892694305
76 76 -1.8315935988837824
77 77 2.092292995932408
78 78 2.524629640412675
79 79 -0.13402196004426603
80 80 -3.7579798927736983
81 81 -1.8308695478394368
82 82 -3.570257952488011
83 83 -2.3950321541665582
84 84 -0.30846156423958515
85 85 -3.135476799132518
86 86 -1.3253477884735787
87 87 3.437649771803791
88 88 -1.9922270726864486
89 89 2.183350845873419
90 90 0.3994887259136153
91 91 -0.7343938842242776
92 92 -1.2219583745630693
93 93 -2.9195251620084077
94 94 3.8236277048267775
95 95 -2.1497081743693514
96 96 1.4305394092387385
97 97 0.2869550272999053
98 98 -1.6286712183782068
99 99 -1.8210081889471033
100 100 -2.2967964555477245
101 101 2.787323491982818
102 102 -3.6326541629307574
103 103 2.0179679653121783
104 104 3.383042698303786
105 105 1.3436090123526583
106 106 -1.0921436297010958
107 107 -0.38139157195175066
108 108 -2.0071960561588833
109 109 1.0971367081461585
110 110 2.0229392125700736
111 111 -2.94120739111447
112 112 -0.8980696910284598
113 113 1.368506305744777
114 114 -0.4815407073652702
115 115 3.518510173693902
116 116 -2.8730646780045745
117 117 0.8093329616016698
118 118 -3.1391972840269213
119 119 -3.3113070701328073
120 120 0.02532933796004677
121 121 -1.4162957739534212
122 122 1.4023759553282868
123 123 -3.390980750346066
124 124 3.603344265947955
125 125 -1.9066157266783241
126 126 1.7746727926354104
127 127 -2.1782118492153186
128 128 -1.5476405606558092
129 129 3.86299649544294
130 130 2.3142512429310855
131 131 -0.3226875552819859
132 132 0.5510669437203486
133 133 3.6307290991270413
134 134 1.3742583612889776
135 135 -2.4604301651198845
136 136 -0.5039268186473258
137 137 3.200376860131848
138 138 -1.712252812029976
151 151 3.071412161624327
152 152 3.6171761815743757
153 153 -2.422348023640967
154 154 3.70237221326732
155 155 -2.6404286528058885
156 156 3.1168186984777684
157 157 -0.08813513520131977
158 158 -0.4868428547904582
159 159 1.1492166001687183
160 160 -0.5113044128607207
161 161 -3.4561804109005267
162 162 0.5865206274362373
163 163 1.1806423796230332
164 164 -0.8839755182549336
165 165 1.1041336958400514
166 166 -2.7672828988317706
167 167 0.3564913340233913
168 168 3.3335234478274964
169 169 3.5366347355814414
170 170 -1.492105277956088
171 171 2.362462329457519
172 172 3.0204145535253106
173 173 1.0060369002191152
174 174 1.354726726459183
175 175 2.9418340864375505
176 176 2.273440656536394
177 177 -2.841007923352821
178 178 1.3388532434166747
179 179 1.5614648608618849
180 180 2.3399548054275323
181 181 -0.2695397545332545
182 182 2.5697840416944544
183 183 1.2749690133388203
184 184 0.6433715191176823
185 185 2.9998352922652023
186 186 0.5696883720013908
187 187 -0.9745585434655251
188 188 0.712249178094476
189 189 -0.651430757233272
190 190 -0.41502601886485024
191 191 0.554634872146325
192 192 -2.57412377650415
193 193 1.3831565187021493
194 194 -0.4582579302987426
195 195 -1.5530928209298605
196 196 -1.7870905755202742
197 197 -3.150144617246635
198 198 -0.5887458490826658
199 199 -1.5627598299848433
200 200 1.3566910680990913
201 201 1.447004598312585
202 202 0.951398155279767
203 203 3.459151805094173
204 204 -3.9391264328929356
205 205 -2.2004031635446824
206 206 -2.3654976962997036
207 207 -0.4694131743478893
208 208 -0.5127946127786371
209 209 1.4009894804564187
210 210 -2.5107123444058956
211 211 1.7534216858394265
212 212 2.6540753819354217
213 213 3.0823433786699432
214 214 2.5304257347494277
215 215 -0.7373469545611577
216 216 -0.04297565404594739
217 217 -2.6641053078924317
218 218 -0.6004848913385104
219 219 3.23434519654918
220 220 3.166268788491636
221 221 -1.4878369645387632
222 222 1.576943340698941
223 223 1.159445037182584
224 224 0.720769089188904
225 225 -1.8044789111332973
226 226 2.91028611212694
227 227 -1.269197116072256
228 228 -0.9217394004938484
229 229 -1.497540387507489
230 230 3.432024958264714
231 231 1.9435237849603553
232 232 -0.8006554161158341
233 233 3.390737224636
234 234 0.9991620015862868
235 235 -2.253850100702164
236 236 1.3074269848690454
237 237 3.3303598016454794
238 238 -1.5430290239960467
239 239 -2.7623945899086744
240 240 -0.2556866071838062
241 241 0.2990919492320865
242 242 -1.0975819048651312
243 243 -3.7539470870607214
244 244 0.1123261652289349
245 245 1.8506748719720783
246 246 -3.6126612227949435
247 247 -0.492651310503299
248 248 -1.9964352633949112
249 249 1.0205106535433464
250 250 -2.765500855796623
251 251 3.3280863574231683
252 252 0.05299006481658797
253 253 1.3864668019495108
254 254 0.9771331018181248
255 255 -1.784253974059804
256 256 -0.7353180344800236
257 257 -2.2867744354818846
258 258 0.51539423072653
259 259 -1.2238478114565519
260 260 1.209374841291183
261 261 -3.3413063302249073
262 262 3.6075791217577633
263 263 -0.23404663733918962
264 264 -0.710116669357121
265 265 2.47267428875207
266 266 1.7786306895605977
267 267 2.3069796873053754
268 268 -3.4786487509999535
269 269 0.8504243236353668
270 270 2.5897435234867485
271 271 -1.1156899097252175
272 272 -2.312436214899397
273 273 2.660442638431329
274 274 2.099157110817478
275 275 3.970209341710884
276 276 -1.2086854140936119
277 277 2.6089974370172104
278 278 0.23855592784414625
279 279 -1.3699013283235466
280 280 0.24382794238164074
281 281 2.470758468375527
282 282 -2.1595295040663496
7 8 0.20105834571104841
7 10 0.7326168477064117
7 157 0.2246235788107953
7 160 -0.27394411683496944
7 163 -0.028579797968572462
7 166 -0.4213080740871695
8 9 -0.7962336165696109
8 11 0.4893477470730885
8 193 -0.9195342851202437
8 196 0.5533500006503456
8 199 0.1134164447557191
8 202 -0.1296610113507637
9 12 -0.3147326598532454
9 229 -0.8051913189944844
9 232 0.994991868929586
9 235 -0.9011782143100715
9 238 -0.9406729208278537
10 11 -0.38460319056201486
10 157 -0.8430641257086371
10 160 0.5185263058306975
10 163 0.40933371283639786
10 166 0.49240708801202215
11 12 0.9237789794626123
11 193 -0.5381659520511903
11 196 -0.35356177794381094
11 199 -0.8460983325637061
11 202 0.2715545964784636
12 229 0.5656821731102597
12 232 -0.794429774782841
12 235 0.02098580065219946
12 238 0.15262930427394483
13 14 0.9942896166995743
13 16 0.18070119753305036
13 193 -0.5417627032207271
13 196 -0.5713128052683889
13 199 0.23837367946953925
13 202 0.44831955467845086
14 15 -0.6343411169428237
14 17 0.3100848990688585
14 229 -0.8097017728552032
14 232 -0.16209804782262327
14 235 -0.7387115830773172
14 238 0.339807725172369
15 18 0.2213135297289206
15 265 -0.49705025806868175
15 268 -0.43337763462740475
15 271 0.6731839583226029
15 274 0.7641835334477018
16 17 -0.5127830059929499
16 193 -0.08722119895668534
16 196 0.14120159218161588
16 199 0.492914615372958
16 202 0.34623272199680044
17 18 -0.27512607156406466
17 229 0.05187143568709174
17 232 0.3988357342379627
17 235 -0.6436329883057674
17 238 -0.8224363016132925
18 265 0.6327218696117409
18 268 0.7981740145653595
18 271 -0.6229364667143762
18 274 -0.08995536152980388
19 20 0.7094384645928211
19 22 0.29509204880495554
19 181 -0.09094025471177081
19 184 -0.9768269766141877
19 187 0.8008895908428808
19 190 -0.17953651376810553
19 193 -0.7166382200763892
19 196 0.80842620182884
19 199 -0.5234616609384433
19 202 0.43737393274944525
20 21 -0.7991827832339267
20 23 0.029175642451686468
20 217 0.6697983336339641
20 220 -0.5714139228850206
20 223 -0.4588472764568836
20 226 -0.14945056620927777
20 229 0.9527830250942828
20 232 0.18179886773691578
20 235 0.8290587618130727
20 238 -0.6334410303915945
21 24 -0.9577421502058336
21 253 -0.6902122580461714
21 256 -0.7639509061957168
21 259 0.6914759010786624
21 262 -0.11715443803498715
21 265 0.9816030267213536
21 268 -0.794254859254296
21 271 0.40403647915036034
21 274 -0.7897645557241826
22 23 -0.1715801655395912
22 181 0.3391508562193377
22 184 0.7498864989354987
22 187 -0.9635536778231073
22 190 0.10397228332762687
22 193 0.7165302816386725
22 196 0.3486603393467549
22 199 -0.828144748225438
22 202 0.9450037867286416
23 24 0.12014695061773328
23 217 0.3510934841973461
23 220 0.6271449240427909
23 223 -0.6830942888007041
23 226 -0.2431411626873312
23 229 -0.20470242233325298
23 232 0.09787299196625954
23 235 0.8821499133109338
23 238 -0.3730262462212601
24 253 -0.6497832168307924
24 256 0.22935622623490803
24 259 0.6990890797072458
24 262 -0.7329036800279745
24 265 -0.05615168775865964
24 268 0.5554142863584963
24 271 -0.7929015505158539
24 274 -0.25270089887790625
25 26 -0.1580866785515016
25 28 0.5820080129147691
25 181 0.7607101302072679
25 184 -0.2180604016074439
25 187 -0.4627127219184306
25 190 -0.16703235227558877
25 193 0.753487686619831
25 196 0.024439415072754267
25 163 -0.5863368903538653
25 166 0.4516105575008833
26 27 -0.3803193973753405
26 29 -0.6476026179238537
26 217 0.9897305977360022
26 220 -0.027777271319116448
26 223 -0.504809526214484
26 226 -0.3242966501511333
26 229 -0.7384064525664755
26 232 -0.07771586215263371
26 199 0.24606282169624016
26 202 -0.05133567872722544
27 30 -0.9287394371071576
27 253 0.037278662733128076
27 256 0.8111260181438755
27 259 -0.4282280236781697
27 262 0.6139879010162956
27 265 0.001724021005192089
27 268 0.26295387361443345
27 235 -0.08083364541844817
27 238 0.19075258910704052
28 29 0.8994906236401559
28 181 0.3773358998107741
28 184 -0.3511741434179494
28 187 -0.9052724122613651
28 190 0.6898069009707986
28 193 -0.7577703292676425
28 196 0.30577409797266775
28 163 -0.3947027751622332
28 166 -0.5279340877655128
29 30 -0.7344740582246645
29 217 -0.2953300922932751
29 220 0.31114625391725603
29 223 0.9067366090720803
29 226 -0.3277620354577897
29 229 0.9077956458882182
29 232 -0.845520334112096
29 199 -0.39356032028997245
29 202 0.08031673445525866
30 253 -0.2553672564210645
30 256 0.636325347354272
30 259 -0.1130424860641448
30 262 -0.8515790401954919
30 265 0.44685242563176497
30 268 -0.2863763580584704
30 235 0.5918666182725676
30 238 0.5504996771832698
31 32 -0.02942360634284147
31 34 -0.34517996378595317
31 181 0.19587371027514777
31 184 0.20195637086560714
31 187 0.17577856644516765
31 190 0.8570099439124879
31 193 -0.6471776778528575
31 196 0.4877258024169637
31 163 -0.9136982530220306
31 166 0.7721603573329499
31 169 0.9108224786254919
31 172 -0.28817247085089503
31 175 -0.48095392829818184
31 178 -0.150681893314641
32 33 0.5187876308905084
32 35 -0.8207302190051133
32 217 0.9229211174184027
32 220 0.11405821312881836
32 223 -0.8205430674513106
32 226 0.7328209097203293
32 229 -0.05644233261327547
32 232 -0.11313271629629607
32 199 -0.8166264323882866
32 202 -0.10779265645473313
32 205 0.3141550753903224
32 208 0.8321764768219257
32 211 0.13437385030075433
32 214 0.7351327798095177
33 36 -0.018322096295921853
33 253 -0.08070456341360144
33 256 0.029271498746538116
33 259 0.4039917604482717
33 262 -0.48500808246006355
33 265 -0.5411140654490143
33 268 -0.00944906599180717
33 235 -0.12281259654745114
33 238 -0.49727824449069313
33 241 -0.6639685603293688
33 244 0.33818535865299704
33 247 -0.05460084746270022
33 250 -0.4267868655617755
34 35 0.5432644016615231
34 181 0.019350309397556664
34 184 -0.4504979148566912
34 187 -0.7571285725268757
34 190 0.6547337762577687
34 193 -0.9495826287742231
34 196 -0.3558969219408199
34 163 0.7855916921697068
34 166 0.8522900288929827
34 169 -0.05450279188432017
34 172 -0.7464801460802433
34 175 -0.45483822766829207
34 178 0.5586294857527485
35 36 0.812256302931774
35 217 0.2633560348096602
35 220 -0.7554177456706739
35 223 0.9916126334336564
35 226 0.6239833225986084
35 229 -0.08213845995347224
35 232 0.8307221162239926
35 199 0.0810639180308963
35 202 -0.6968192235119659
35 205 -0.021998812018463765
35 208 -0.9492322393716248
35 211 -0.9256136561034656
35 214 -0.03917842527896731
36 253 -0.6728363733055129
36 256 -0.9862643946347724
36 259 -0.03230051601013284
36 262 -0.6175976739537368
36 265 0.7355380102619433
36 268 0.2997440479507827
36 235 -0.3375905083334072
36 238 -0.16825987281567656
36 241 -0.012071056987818407
36 244 0.6909242449036739
36 247 0.24140689884593125
36 250 0.026419688890517268
37 38 0.4418063646043613
37 40 -0.6554070889223378
37 181 0.6394917347684896
37 184 -0.0725532797826065
37 151 -0.7302051529306748
37 154 0.6948923705051111
37 157 -0.40700012147423115
37 160 0.9237013983595628
37 163 -0.7429903055657245
37 166 0.8531397832859151
37 169 0.5717445970899637
37 172 -0.05233835642113527
37 175 0.9507323343970933
37 178 -0.21211277097722192
38 39 0.6434246306431151
38 41 -0.4622030190982378
38 217 0.7820296846531234
38 220 0.5042137982143826
38 187 0.6992401540027975
38 190 0.497402726725259
38 193 0.19664697518403695
38 196 -0.8772315673704163
38 199 0.977695150389392
38 202 0.30076771694960636
38 205 -0.23372569965951406
38 208 0.5757918718760235
38 211 -0.775824220306045
38 214 -0.6392060416071252
39 42 0.3352823478287539
39 253 0.7386858383387618
39 256 0.3572493549346576
39 223 0.4073550244691959
39 226 0.03606550497848482
39 229 0.20100263038794974
39 232 -0.32164259814068874
39 235 -0.5156695900001622
39 238 0.2948973960124106
39 241 -0.1399821672329522
39 244 -0.2961185676384428
39 247 0.5780785173244996
39 250 0.03627196849034586
40 41 -0.33655576421449673
40 181 -0.6520172658851264
40 184 -0.11613584977975866
40 151 0.816912243771241
40 154 0.2268339977597884
40 157 -0.4178996987193315
40 160 0.6891647927601317
40 163 -0.7291257829647566
40 166 0.51143293682153
40 169 -0.46487676988541327
40 172 0.06720750647025331
40 175 -0.9548852644362336
40 178 0.10714607215771488
41 42 0.9432813214918556
41 217 -0.23980171519406857
41 220 0.8331575248370904
41 187 -0.8970137933383973
41 190 0.5095064616492342
41 193 -0.4100722160001691
41 196 0.8964360545831889
41 199 -0.48049699894428644
41 202 0.5085181500260458
41 205 0.7673222300280156
41 208 -0.028063232914543157
41 211 0.6535180742627067
41 214 0.17883882546559815
42 253 -0.850988164234679
42 256 -0.8737539640045457
42 223 0.9386138527389973
42 226 0.7552393376993423
42 229 -0.42362010874052114
42 232 -0.44954096452915393
42 235 -0.26101397961803663
42 238 -0.5472138862540084
42 241 0.4698489246857078
42 244 -0.9913304952667075
42 247 -0.6296646948459164
42 250 0.2868798771861467
43 44 -0.05866803777177898
43 46 0.75439964087422
43 181 0.8671091321672948
43 184 0.36747057755700174
43 151 0.5050346423896872
43 154 -0.5340462586119574
43 158 -0.24416970987685538
43 161 0.21694703988054176
43 164 -0.704950032624237
43 167 0.7162064499960261
43 169 -0.15780740307027297
43 172 0.381874576257198
43 175 -0.9685548407058773
43 178 0.4048662494614448
44 45 -0.5416827670716511
44 47 -0.4141330008313051
44 217 0.22321105816195153
44 220 -0.7056445778130871
44 187 -0.5134944138695738
44 190 -0.12139007846964134
44 194 0.036365136581808066
44 197 0.6187279737084168
44 200 0.8522156654351905
44 203 0.9869330984695532
44 205 -0.2818955969442951
44 208 0.7540893971172973
44 211 -0.6609953998035536
44 214 -0.3885136726423586
45 48 0.1243442440344058
45 253 0.05714157294341571
45 256 0.881416318941175
45 223 -0.4789907519365737
45 226 -0.6586352444780355
45 230 -0.2965180951595794
45 233 0.9201964885692284
45 236 -0.4690101056948144
45 239 0.4893901675166199
45 241 -0.5155857970221736
45 244 0.06918527291004417
45 247 0.06369495727171404
45 250 -0.13721830902239018
46 47 -0.2821850651210318
46 181 0.9860057094184485
46 184 0.9107365651937882
46 151 -0.5278630407904521
46 154 -0.3414210252177823
46 158 -0.8450912280322229
46 161 0.6692010453822852
46 164 0.7436229884658843
46 167 -0.8701357947820478
46 169 0.7509946742545484
46 172 -0.9173401326013289
46 175 0.4657815303138524
46 178 -0.6850450762521909
47 48 -0.5745235506165038
47 217 -0.5236145675059867
47 220 0.303471547944657
47 187 -0.5137832192734451
47 190 -0.8489330011275393
47 194 0.5736094522273427
47 197 0.6523450897062606
47 200 0.9407303340911406
47 203 0.20992812841979513
47 205 -0.5918420529996633
47 208 0.3373011094456795
47 211 -0.897781129310061
47 214 -0.6716583172617967
48 253 -0.9069279259342675
48 256 -0.3247669671475013
48 223 -0.13334349371009502
48 226 -0.7204517966479211
48 230 -0.6110033252697711
48 233 -0.6920097094571944
48 236 0.8079446271827144
48 239 -0.5730789357296946
48 241 -0.6527091660629287
48 244 0.4586720827190671
48 247 0.9682022147142679
48 250 0.0678148180966236
49 50 -0.9728662177215086
49 52 -0.3203018294079103
49 181 0.7076808266605585
49 184 -0.13746312872448807
49 187 0.5310450012337147
49 190 0.7984937462490089
49 194 -0.27117565087939455
49 197 -0.3393795429275921
49 200 -0.727745174925744
49 203 -0.6755018453421247
49 205 -0.5643080041371467
49 208 -0.23209614322896344
49 175 0.45253785422660187
49 178 -0.07437578800088751
50 51 0.16248740728035616
50 53 -0.47922932173435373
50 217 0.6378655461268758
50 220 0.7646139715750353
50 223 0.9685720441373322
50 226 0.05131462358751504
50 230 -0.971512238723206
50 233 0.9718954972298766
50 236 0.07907448270727024
50 239 0.19462011437461424
50 241 -0.7811705564380547
50 244 -0.2925770115475612
50 211 -0.5008813462056401
50 214 -0.448590244563565
51 54 -0.3066090976909883
51 253 0.36992361240627525
51 256 -0.9059041084336135
51 259 0.8101162564631228
51 262 0.2929262280708509
51 266 0.0013606447093863494
51 269 -0.8273947692380528
51 272 -0.18933114898451087
51 275 0.6413753537918421
51 277 -0.1385981135031915
51 280 -0.16282310157346735
51 247 0.4150965592474569
51 250 0.41086627203356363
52 53 -0.9277118982410533
52 181 0.166776952385838
52 184 0.5291397828458555
52 187 0.9206650773770957
52 190 0.4883467835892834
52 194 -0.6541196118013619
52 197 0.587589800647218
52 200 0.07683024146839523
52 203 -0.16755509701873517
52 205 0.07196152813407464
52 208 0.23599214837079785
52 175 0.6981042787785345
52 178 0.38357926808405707
53 54 0.6388709106254693
53 217 -0.5773359802051132
53 220 -0.6172713234014076
53 223 -0.9357661650563969
53 226 -0.9037737035220192
53 230 -0.9424966470059111
53 233 0.983036166004718
53 236 0.8887763225552348
53 239 0.3172386013782382
53 241 -0.658361119816889
53 244 -0.7282853954505153
53 211 0.4432127487258306
53 214 -0.7309131523322541
54 253 -0.6838784843073498
54 256 0.9557288016661989
54 259 -0.3713307513270281
54 262 -0.4568776744323153
54 266 -0.5641671133249944
54 269 -0.9736906487252894
54 272 0.4787100745068531
54 275 -0.7635422050285434
54 277 -0.4596945332806315
54 280 -0.3479176543757099
54 247 -0.07113106241377443
54 250 -0.6583695532165366
55 56 0.06010488987376861
55 58 -0.8215617007097555
55 182 -0.7322716024445508
55 185 0.5411462699113725
55 188 -0.2868986698170013
55 191 0.7598505006813476
55 194 -0.38497289195461093
55 197 0.8795036299316934
55 200 0.9612063840253835
55 203 -0.16836232978622978
55 205 -0.2877316569854931
55 208 0.6523133798998362
55 175 0.8331914507464178
55 178 -0.8142223830242974
56 57 0.3519670722226109
56 59 0.1688859732218957
56 218 -0.8809401199739784
56 221 -0.0323273105336952
56 224 -0.22373915136030953
56 227 0.4343872049065851
56 230 0.3862975016164154
56 233 -0.6858165754218211
56 236 0.6197523660760744
56 239 -0.33037939325188703
56 241 0.4660296804201016
56 244 -0.6424992477638172
56 211 0.8105838570236279
56 214 -0.9637233106940384
57 60 -0.18405003339013337
57 254 -0.05273745898782467
57 257 -0.9124218905779702
57 260 0.4382077348182274
57 263 0.6441905622539041
57 266 -0.45430659879812785
57 269 -0.3499971876239105
57 272 0.5291834306161969
57 275 0.4987306356918886
57 277 -0.8910334101058088
57 280 -0.5334547350724768
57 247 -0.7944332206092173
57 250 0.9564952755086089
58 59 -0.1181629275701106
58 182 -0.6428808439083515
58 185 0.2650074378202212
58 188 0.023112480584075223
58 191 -0.7684228088057108
58 194 0.5125513387610583
58 197 -0.892282804520498
58 200 0.548651116976856
58 203 -0.19140683267094127
58 205 0.5114091590031551
58 208 -0.9247475714625804
58 175 0.19853665458028447
58 178 0.5722484979093638
59 60 -0.23833292990833144
59 218 -0.7868329121888751
59 221 -0.8675759003193126
59 224 0.5750740071206539
59 227 0.0703124838697029
59 230 -0.8907066262552796
59 233 -0.3256525862168542
59 236 -0.05984136977570831
59 239 -0.86431264266151
59 241 -0.4055140483379518
59 244 -0.552356486062278
59 211 -0.8292510100043591
59 214 0.5696773979374763
60 254 -0.44575208470994876
60 257 0.011527353194574985
60 260 0.5415411135738137
60 263 0.08051101712087716
60 266 -0.8542772791716517
60 269 -0.08001132780725984
60 272 -0.28814991394062583
60 275 -0.08305492232287404
60 277 0.504903489877959
60 280 -0.7688901550943057
60 247 0.013365736691907326
60 250 -0.44597840434254565
61 62 0.39791018032368997
61 64 0.08447974573963846
61 182 -0.05337586638932312
61 185 0.36902808639057594
61 188 0.37652891351445095
61 191 0.23185834953327134
61 194 -0.7505073083204279
61 197 -0.017813047460636833
61 164 -0.37917406995258895
61 167 0.5612985680964775
61 169 0.19601886884882647
61 172 0.09755576495557228
61 175 0.4162435372688751
61 178 0.33933994146311797
62 63 0.7749447861855365
62 65 -0.7935005156251551
62 218 -0.01068864493709265
62 221 0.7056413150031906
62 224 0.4249600302516452
62 227 0.7685396146275913
62 230 0.5321486707240475
62 233 0.5688912958482755
62 200 -0.12899448542584224
62 203 0.8149768993009598
62 205 0.8598482689302156
62 208 0.6727163642452823
62 211 0.022119154884101766
62 214 0.9278762596813381
63 66 0.8866960124154106
63 254 0.48454809523149245
63 257 -0.29568372044258884
63 260 0.5596876492774101
63 263 -0.08704900336221044
63 266 -0.784967781091485
63 269 -0.6148525131196985
63 236 -0.5320866977665566
63 239 -0.8847650552627833
63 241 0.6978428218874686
63 244 0.041360601101255945
63 247 -0.0715979325624414
63 250 0.9610309249833462
64 65 -0.10576401475861918
64 182 0.14326896789063892
64 185 0.3060533126075191
64 188 -0.7601306054632564
64 191 0.9306440847074573
64 194 0.2735600392874671
64 197 0.10057148589368636
64 164 -0.5054798497294177
64 167 -0.03454091008629123
64 169 0.4144401773370947
64 172 0.9498731457141769
64 175 -0.5561035018671907
64 178 -0.05167239341797192
65 66 0.22214265748463413
65 218 -0.6665547935668306
65 221 -0.7663153709494879
65 224 -0.1337422716156036
65 227 0.5768035781887584
65 230 0.154863861402607
65 233 0.6507894105508023
65 200 -0.7703551306987904
65 203 -0.7079311695807062
65 205 -0.5677339625491844
65 208 0.4084638691826572
65 211 0.8378948096121082
65 214 -0.9145657057427785
66 254 0.9427163437996742
66 257 0.9444364343024414
66 260 -0.5443318523175684
66 263 -0.21283422431275167
66 266 -0.4151572844006337
66 269 -0.9704279135819835
66 236 -0.38012539796573264
66 239 0.975307049602105
66 241 0.009383977456701054
66 244 0.04523338183109482
66 247 0.6643338989840302
66 250 0.42931424270783336
67 68 -0.6220587295488467
67 70 0.7592411796293708
67 182 -0.6012850919439727
67 185 0.5355038348178662
67 188 0.40227088811355327
67 191 0.08803674332046207
67 194 -0.9303360131653524
67 197 -0.5723254472035644
67 164 0.4916122177860449
67 167 -0.32158339364763777
67 170 -0.6466632753989832
67 173 -0.2980209603484534
67 176 0.942924913188528
67 179 -0.8402893955179371
68 69 0.18394226295574945
68 71 -0.016656343577538202
68 218 0.5445816594159885
68 221 -0.8336759643275284
68 224 -0.4858403004844025
68 227 0.7607792974150787
68 230 0.3694761776271538
68 233 0.4782587927685127
68 200 0.01888102497682853
68 203 0.5964200850528933
68 206 -0.15490499013127912
68 209 -0.6709512361477459
68 212 -0.820904256482651
68 215 -0.8986349827275864
69 72 0.552906998078911
69 254 0.02674540927379354
69 257 0.4784722487259636
69 260 0.4175625564803951
69 263 -0.5209511448396744
69 266 0.3008483488617488
69 269 -0.5864034687659068
69 236 -0.9676468525559723
69 239 0.08898870153179961
69 242 -0.8687798196926899
69 245 -0.6672385965062024
69 248 0.7697252794294218
69 251 -0.5855078873472963
70 71 0.970640715052191
70 182 -0.3858162183152578
70 185 -0.03607182795868957
70 188 -0.6941788907952011
70 191 0.5946284423241341
70 194 0.0540018416733512
70 197 -0.21894173456111798
70 164 0.6861335854924051
70 167 -0.6507745786030135
70 170 -0.47484152633699983
70 173 0.9343494177698666
70 176 -0.3084477565072654
70 179 -0.38774672128591847
71 72 0.6488147998269558
71 218 -0.5190447376341696
71 221 0.19241373043874765
71 224 0.18010236836390736
71 227 0.18553200581014062
71 230 -0.7728858814386967
71 233 -0.72719116543007
71 200 -0.040153332693381394
71 203 -0.29412442975817954
71 206 0.31960313671454355
71 209 0.9667539587668943
71 212 0.39472023234784714
71 215 -0.8842203586765589
72 254 -0.054966846145042325
72 257 -0.44807307106457683
72 260 -0.0448941349174643
72 263 0.7248093881881421
72 266 0.050310521077869375
72 269 -0.1382697227737193
72 236 0.6400299151277824
72 239 -0.3083703254770469
72 242 0.9626372274455708
72 245 -0.8569620731742196
72 248 -0.8165781478813137
72 251 0.06911051383071021
73 74 0.527220078396258
73 76 0.3741361646800141
73 182 -0.9100659996705871
73 185 -0.8401152651647323
73 152 0.908595595527045
73 155 0.2074132764546457
73 158 -0.47616168215903665
73 161 0.298484883281916
73 164 0.634738015752389
73 167 0.6317256566942406
73 170 0.2240834166356962
73 173 0.6891389016101346
73 176 0.6255666032813831
73 179 -0.010472166077196476
74 75 0.7833486139038714
74 77 -0.573072309416891
74 218 -0.9535761346875722
74 221 -0.37692868393826395
74 188 -0.25817664449122457
74 191 -0.2980609470255964
74 194 0.3322664112377234
74 197 -0.5075154656773002
74 200 0.8054162272628473
74 203 0.27315786809108134
74 206 0.5841167367427136
74 209 0.22158680537208797
74 212 -0.877148675285105
74 215 -0.6431881758669995
75 78 0.6819549910044469
75 254 -0.20345044981458127
75 257 0.13348642180642578
75 224 -0.7805138343268705
75 227 -0.5952799336627808
75 230 -0.5159168844544215
75 233 -0.5596762077160695
75 236 0.16900752744532754
75 239 -0.8493332593617926
75 242 -0.012578927717267208
75 245 0.1938564917656227
75 248 -0.5741902795168454
75 251 -0.30650637256281543
76 77 -0.16601367757863517
76 182 -0.999005309670066
76 185 0.7660390145043792
76 152 0.04602315999787576
76 155 -0.4095718698202242
76 158 -0.8506907857814656
76 161 0.9724954235467433
76 164 0.23053536852501644
76 167 0.48039903927333416
76 170 -0.872452277353666
76 173 0.18984688254237891
76 176 -0.6566705321891151
76 179 0.6323468354221715
77 78 0.28920654304083193
77 218 0.19875210929025888
77 221 -0.1786468693846277
77 188 0.6622432949358696
77 191 -0.48367146975230857
77 194 -0.881213148198708
77 197 -0.7273591115732385
77 200 0.946545223661998
77 203 0.4118241459043017
77 206 0.18298591399684971
77 209 -0.1077596853648275
77 212 -0.6575380857444406
77 215 0.6819079899773075
78 254 -0.014160070961908078
78 257 0.7036095830184774
78 224 -0.5791244510479319
78 227 0.2190112487652316
78 230 -0.38220911381599953
78 233 -0.7761606324163328
78 236 0.6108306015486749
78 239 -0.27134558044329204
78 242 0.16568367998572486
78 245 0.9560197755547897
78 248 -0.11902826800540112
78 251 -0.17455151300668215
79 80 -0.23594581383412727
79 82 -0.044597770550168114
79 182 -0.6672603643972033
79 185 -0.07672985995097514
79 152 0.22416562824060104
79 155 -0.7245084296759425
79 159 0.30479385716444485
79 162 -0.1787619693814091
79 165 -0.8124299241648816
79 168 0.7736879947912085
79 170 0.33468581368337036
79 173 -0.3472785789606141
79 176 -0.21169414658863706
79 179 0.5623121745810546
80 81 0.7166016185380553
80 83 -0.08461616208879064
80 218 0.3791111928556079
80 221 -0.5347022097894689
80 188 0.7192016549358791
80 191 0.09808881618871745
80 195 0.20587365284008086
80 198 0.5151008936106494
80 201 0.8383397015948952
80 204 0.5847677487613656
80 206 -0.6069548711378034
80 209 -0.6228490158783819
80 212 0.6893453827113862
80 215 -0.5993651824975181
81 84 -0.3811087688028545
81 254 0.5408674733043433
81 257 -0.3603136339066191
81 224 -0.2115623289103712
81 227 -0.6582690372689886
81 231 0.7577588855322503
81 234 0.07006859696563472
81 237 0.6217993049619028
81 240 -0.8483389708855782
81 242 0.3250091978485501
81 245 -0.7730955480019968
81 248 -0.5383705947983293
81 251 -0.7493078289197801
82 83 -0.06187724532436101
82 182 0.8100550645948961
82 185 -0.990395771630493
82 152 -0.6421005845352592
82 155 0.31540332563662954
82 159 0.9024906293063217
82 162 -0.4482186440099769
82 165 0.01694249180256313
82 168 -0.6796622640809984
82 170 0.15687804599764887
82 173 -0.6146336365841536
82 176 0.6054316386989993
82 179 -0.3493372605027294
83 84 -0.5828019215846747
83 218 0.9883193993076029
83 221 -0.7637190676068164
83 188 -0.46133216032022695
83 191 0.8900338501747904
83 195 -0.39797977619359726
83 198 0.06237692813284301
83 201 -0.05919955527508125
83 204 -0.5099768212016436
83 206 -0.6724656872807597
83 209 0.11914476450181022
83 212 -0.8781705138992779
83 215 0.31864813620217425
84 254 0.2535377858609009
84 257 -0.5658827034065597
84 224 0.7866474855268659
84 227 0.2679799709373085
84 231 -0.019715702091862797
84 234 -0.8500600278517729
84 237 0.5961036788036245
84 240 0.34172303128529724
84 242 0.6157140921573745
84 245 -0.6653006084414737
84 248 -0.9286715983322842
84 251 0.4524616454474142
85 86 -0.7065431169553673
85 88 -0.3437663155209696
85 182 -0.47846574525880947
85 185 0.5136044159081783
85 188 0.39824563313707095
85 191 -0.7402226582672999
85 195 -0.9842504259762961
85 198 0.6112029496899887
85 201 0.644076109376754
85 204 -0.9238660009520787
85 206 -0.10195055277606668
85 209 0.23060153718244725
85 176 0.40760278640927594
85 179 0.4383682753182929
86 87 0.32556017761691036
86 89 -0.3818666766231795
86 218 -0.9928096530811679
86 221 0.07776878522814568
86 224 -0.101643214787555
86 227 0.23864383336692252
86 231 -0.6319995400232925
86 234 0.46502535109791143
86 237 -0.3855526694996809
86 240 -0.6098355954674437
86 242 -0.8117379531279312
86 245 0.7797774839172353
86 212 -0.17357718601045935
86 215 0.444975650141221
87 90 -0.8670822365278803
87 254 0.5119019506870108
87 257 -0.9519350650678791
87 260 0.42876804430880777
87 263 -0.17264436219345192
87 267 0.9017270044560117
87 270 0.08947479389268498
87 273 -0.8068104172155623
87 276 -0.575271682967097
87 278 0.5994628274382894
87 281 0.6273924239214701
87 248 -0.09869594598521281
87 251 0.9177668399727874
88 89 0.9111887845932696
88 182 -0.4451926798812076
88 185 0.08158172205657976
88 188 -0.6969658073949732
88 191 0.1161482472827704
88 195 0.7257363294918118
88 198 -0.9336162434737842
88 201 0.9702384401138424
88 204 -0.72522804411735
88 206 -0.5805247320962421
88 209 -0.9580144689319483
88 176 0.010697440890888421
88 179 0.7106568668264133
89 90 -0.6919566894653111
89 218 0.7386137305668175
89 221 0.19311165416530307
89 224 0.3399248402855577
89 227 0.3288232385982759
89 231 -0.26708572091493354
89 234 -0.5092869496049812
89 237 0.44664490073896856
89 240 0.0938394086126828
89 242 -0.8574859763625102
89 245 -0.04282964420501578
89 212 -0.010638973143666686
89 215 0.1985407712506666
90 254 0.5007423726689042
90 257 -0.1449783588629716
90 260 0.6097731254549124
90 263 0.7497636324392405
90 267 -0.5021871042844466
90 270 -0.8927021399635942
90 273 -0.9256055929985183
90 276 -0.7654808354227836
90 278 -0.7105014085885093
90 281 -0.7095453450962019
90 248 0.06804799206348489
90 251 -0.0005190023774617192
91 92 0.32512517355006665
91 94 -0.25889808389249613
91 183 -0.21767560401385766
91 186 0.7866762292089342
91 189 0.27174549932621783
91 192 0.17224151738683924
91 195 0.43807250312236046
91 198 -0.06118000407907309
91 201 -0.9995855993060359
91 204 0.7114661099145565
91 206 -0.5772595497609778
91 209 -0.7293997554077492
91 176 -0.3017977829415639
91 179 -0.004655177796538901
92 93 0.2061174021632206
92 95 -0.37869454364569854
92 219 0.8684859039210717
92 222 0.9742369716828982
92 225 0.10759885843807138
92 228 -0.6204862292084252
92 231 0.27561147016598486
92 234 -0.8842514980862723
92 237 -0.9534525429686036
92 240 -0.38502204095482395
92 242 0.9004868310611689
92 245 -0.2629519447586244
92 212 -0.4507329635231321
92 215 0.9230239217080676
93 96 -0.3779580651941099
93 255 -0.47185347067903205
93 258 -0.35170723692932815
93 261 -0.6435272246378858
93 264 -0.7611945333168426
93 267 0.12716620032406545
93 270 -0.40273800164903073
93 273 -0.47482551210622526
93 276 0.4234849832741243
93 278 -0.3200667819486991
93 281 0.8260870782876522
93 248 0.2686876329816732
93 251 0.12577059099003618
94 95 0.860087366902393
94 183 0.41780886011618046
94 186 -0.7260824231018905
94 189 -0.59512807862294
94 192 -0.6669969546521131
94 195 0.9740202883818763
94 198 -0.17110192324536122
94 201 0.05800486000299698
94 204 0.8725197782410983
94 206 0.23603598059660702
94 209 0.10179831071705281
94 176 0.06519224695762205
94 179 -0.8272039853238851
95 96 0.2268492180046351
95 219 -0.9973588403465863
95 222 -0.8651128311617402
95 225 0.3216088407994355
95 228 0.11942562515576949
95 231 0.6552892310660507
95 234 -0.17910236464041196
95 237 -0.7887407639959443
95 240 0.6291387849931571
95 242 -0.403869980057707
95 245 -0.38186934974480513
95 212 0.6467250401419575
95 215 -0.25489653110948196
96 255 0.869987265980751
96 258 -0.12469035572306963
96 261 0.7544766670195007
96 264 0.258975455276101
96 267 0.6260094720548037
96 270 0.07266791841766995
96 273 -0.1984092182996573
96 276 0.21712325786427988
96 278 0.7123233760606045
96 281 -0.5808993603703891
96 248 -0.19492315624929413
96 251 -0.7278128297934723
97 98 -0.1617802385969831
97 100 -0.6495861677520651
97 183 -0.8541150687884027
97 186 0.6555560297632914
97 189 0.4245959008936895
97 192 0.807424333929591
97 195 0.13999465586706195
97 198 -0.7030092549832792
97 165 -0.5915298042093431
97 168 0.7200745798105523
97 170 -0.740177809906307
97 173 -0.27142305533924493
97 176 -0.46141290921703115
97 179 0.6212734513051492
98 99 0.8869473002659731
98 101 -0.023425522961531886
98 219 -0.07077191111708347
98 222 0.8543565245485691
98 225 0.09470380284314883
98 228 0.30184559622549023
98 231 -0.0499257980522223
98 234 -0.053667116079903376
98 201 0.7565511429462803
98 204 0.5858392165647641
98 206 0.20792958843992881
98 209 -0.6955261810723135
98 212 -0.2568160511560349
98 215 -0.5485931253928631
99 102 0.7926325982340325
99 255 0.44400512315403184
99 258 0.4483256840346801
99 261 0.9009366400593182
99 264 0.4970784386275777
99 267 0.12318310939942512
99 270 -0.8734940446630686
99 237 0.8341370473204821
99 240 -0.4309621316474681
99 242 -0.2481576824860865
99 245 0.3597514266590527
99 248 0.17831287115311345
99 251 0.5406404169248142
100 101 0.08186434560243416
100 183 -0.9412547049894993
100 186 0.4313280729976785
100 189 0.726459700289682
100 192 -0.14012199347169885
100 195 -0.7262529164722638
100 198 0.11644101466266465
100 165 -0.24558470149993927
100 168 -0.5864080629247661
100 170 0.7617716300095363
100 173 -0.2800710701792364
100 176 0.8989307469112582
100 179 -0.16465077430107677
101 102 -0.5703518889410388
101 219 -0.25111681493245364
101 222 0.4786882568226538
101 225 0.4229340686658869
101 228 -0.09357713151493852
101 231 0.8046301657178592
101 234 -0.037234308108397896
101 201 -0.18062910440172364
101 204 0.831268463516843
101 206 -0.6742436423025016
101 209 -0.8595461860242277
101 212 0.7574852900879356
101 215 -0.17435056530869986
102 255 -0.7444675020679954
102 258 0.07841924134099743
102 261 -0.12283338622400741
102 264 -0.18766116940977273
102 267 0.12170360492203924
102 270 -0.305932221509553
102 237 -0.8358782001330605
102 240 -0.9673436818055197
102 242 -0.5631996722640638
102 245 0.3107663082543599
102 248 -0.5128392798082628
102 251 -0.686799844121194
103 104 -0.04797092531388447
103 106 -0.9363153701456799
103 183 0.5393738840943734
103 186 -0.6366302495438572
103 189 -0.050985787968807816
103 192 -0.14682248462267866
103 195 0.03904161726190214
103 198 0.30227997419982056
103 165 -0.8056484459832574
103 168 0.3649993820197035
103 171 -0.3246080750723124
103 174 0.16912071875268997
103 177 -0.3797056217321222
103 180 0.4878260842944657
104 105 -0.16994311858655653
104 107 -0.3382610213053421
104 219 -0.3809369831945948
104 222 0.7209926329617431
104 225 -0.5856922528248196
104 228 0.6492442636878057
104 231 0.7823488201478035
104 234 -0.0329333490622441
104 201 -0.9645484276443432
104 204 0.2581104093131752
104 207 -0.8299664037472301
104 210 -0.1616029317696297
104 213 -0.6187142309539972
104 216 0.8101770755375346
105 108 -0.8352721235436749
105 255 -0.41081703659819
105 258 0.24343058001776918
105 261 0.17093838908760528
105 264 0.15601621182544423
105 267 0.3455999900664415
105 270 -0.31710323097971793
105 237 0.022027379873169384
105 240 0.012970791951232963
105 243 0.9237425421609793
105 246 -0.3161696185317835
105 249 -0.6660844122645861
105 252 0.9923108007944976
106 107 0.398778668060332
106 183 -0.30835627812035526
106 186 0.3902877968348273
106 189 -0.11724116192865575
106 192 -0.8501518671261399
106 195 0.21511896942847697
106 198 -0.08250159566827309
106 165 -0.7331277670898628
106 168 -0.462474446697992
106 171 -0.8866922697600996
106 174 0.9105848463078825
106 177 -0.8216872119430092
106 180 -0.074788650221989
107 108 0.7322706705610618
107 219 0.5212728307061938
107 222 0.17400538155077516
107 225 0.1658947871263894
107 228 -0.4266299787175647
107 231 -0.31576246832055754
107 234 0.042359459568461766
107 201 -0.4808854023635616
107 204 0.322818670153197
107 207 0.9175115331056598
107 210 0.6432684127864663
107 213 -0.820672248030732
107 216 0.5034329314895938
108 255 0.7216200752389366
108 258 -0.22723668361118343
108 261 0.7245592010610977
108 264 0.07447166059682764
108 267 0.42445868084591987
108 270 -0.32399264197210353
108 237 -0.09420697995749316
108 240 0.6082204083968967
108 243 0.7881823664985361
108 246 -0.18493539984307605
108 249 -0.479183718409119
108 252 0.3356161734962686
109 110 0.7516847682085046
109 112 0.07274052985759538
109 183 -0.05503050276721644
109 186 0.9113304769606361
109 153 0.26182129279939304
109 156 -0.23137638918515968
109 159 -0.5248333060277377
109 162 -0.9958668986658015
109 165 -0.45137639867408863
109 168 -0.9436831139368764
109 171 0.8364034701397647
109 174 0.5251686173167855
109 177 -0.5171895540816731
109 180 0.8384160595251235
110 111 0.8555387336327447
110 113 0.40850914607170785
110 219 -0.5127053406045594
110 222 -0.6838607299785242
110 189 -0.21811267111806498
110 192 0.8687748379449232
110 195 -0.2932087319630008
110 198 -0.3572501982052527
110 201 -0.17732531928987094
110 204 -0.1360592209118674
110 207 -0.7519151395349917
110 210 -0.8882177243353235
110 213 0.04193134601061743
110 216 -0.46847531318842117
111 114 0.033941605899233895
111 255 0.22904586639143854
111 258 0.6208548706221815
111 225 -0.4216698557944587
111 228 0.44771473287718977
111 231 0.4305781979430492
111 234 -0.3370280595949804
111 237 0.353735837787275
111 240 0.17801994541897548
111 243 -0.8891808734880755
111 246 0.9671290700990218
111 249 0.5712182018085104
111 252 -0.22500917373501683
112 113 0.5177984825176651
112 183 0.34980249283940656
112 186 0.34130966865353196
112 153 -0.2240016608525659
112 156 0.8810584628041647
112 159 -0.23509141782078813
112 162 -0.07887850621960668
112 165 -0.02201582440266936
112 168 -0.9031171287991515
112 171 0.06276393220364018
112 174 0.14343880380344975
112 177 -0.2508164168744127
112 180 -0.16601304618554158
113 114 0.4128461343912122
113 219 0.7787674132556701
113 222 -0.8790568576344195
113 189 -0.09186267291157901
113 192 0.7737751796506405
113 195 0.15834523260101996
113 198 0.22867780315379616
113 201 0.5583658561824718
113 204 -0.3289810124715673
113 207 -0.23752605217726064
113 210 0.8028371483226087
113 213 -0.9162462836406695
113 216 -0.7428085301191607
114 255 0.10711665084246702
114 258 -0.6971095942489778
114 225 -0.4980730571282945
114 228 0.428931665615673
114 231 -0.17347313534021502
114 234 0.7705885595122768
114 237 0.9531560296405277
114 240 -0.8430234466251707
114 243 -0.2749702810406631
114 246 0.8754607985833915
114 249 -0.7778314391017656
114 252 0.026980353095441556
115 116 -0.5031723173727285
115 118 -0.37896830863738207
115 183 0.6105512688208108
115 186 -0.5557531009273124
115 153 -0.5483154695001016
115 156 -0.9337650198660468
115 171 -0.15659239846950324
115 174 0.9219321852761684
115 177 0.11791161039456921
115 180 0.5416362594821413
116 117 -0.3320863669942513
116 119 0.6033258504443908
116 219 -0.6636741611869155
116 222 0.3918515137076193
116 189 0.12987959163909313
116 192 -0.6359633640629738
116 207 0.7215110265645104
116 210 -0.14534318544973246
116 213 0.18409310068616036
116 216 0.6871125908790072
117 120 0.9648031684363569
117 255 0.18863604070755602
117 258 0.5173162362325971
117 225 0.32241118253025736
117 228 -0.8847351882108248
117 243 -0.7656469185931167
117 246 -0.16520642447881628
117 249 0.441061739499927
117 252 -0.9139189158714625
118 119 -0.24482266306985978
118 183 -0.3427658304776722
118 186 -0.10189367077251776
118 153 0.5681093410915712
118 156 0.3165456803430642
118 171 0.28150668372669285
118 174 0.4914833436126429
118 177 -0.9665491643508091
118 180 0.21795465567677286
119 120 0.8440362526222946
119 219 0.39935061841793273
119 222 0.12445556238849442
119 189 0.49623153854312485
119 192 0.13882346656583944
119 207 0.4605025834857286
119 210 -0.23940765269117992
119 213 -0.1765521463583959
119 216 0.3988812071225303
120 255 -0.19034959997456857
120 258 -0.616415458975309
120 225 0.14443140514158448
120 228 0.18276279544608576
120 243 0.27723021283299043
120 246 -0.9505317736903409
120 249 -0.10158542653022407
120 252 0.6435393359283437
121 122 -0.05945174039518508
121 124 0.673362659616038
121 183 -0.4682447751505463
121 186 0.9264196938083953
121 189 0.37653549072070813
121 192 0.46651546167763147
121 207 -0.9757608352226188
121 210 -0.7885626721537295
121 177 0.029104151030629355
121 180 -0.034001550560864624
122 123 -0.5975001707651815
122 125 -0.2662697711253086
122 219 0.5661621054558432
122 222 0.6905669782676715
122 225 0.22088384300263053
122 228 -0.8380621123612635
122 243 -0.30701835044700987
122 246 -0.13828142762015982
122 213 -0.41661313502545605
122 216 0.9268041420840456
123 126 0.6835100546539157
123 255 -0.2671960497266681
123 258 -0.4863937934008711
123 261 0.9277583710284545
123 264 0.796620029765412
123 279 -0.6196410059753197
123 282 -0.0772637647336969
123 249 -0.6440098589533483
123 252 -0.4579584561946559
124 125 -0.9454505852999733
124 183 0.06947686149386834
124 186 0.21497350793486136
124 189 -0.8040572006233633
124 192 0.10957730367141338
124 207 0.4320839436495141
124 210 -0.8823047437818823
124 177 0.8560598538323818
124 180 0.19432737022475433
125 126 0.4067925584556198
125 219 0.5561262501734412
125 222 -0.9329643243204022
125 225 -0.6980495210330633
125 228 -0.6297645774549998
125 243 0.30727932708220984
125 246 -0.8866362508279515
125 213 0.8061683664747215
125 216 0.4925591314726785
126 255 -0.20105639542574494
126 258 0.16108750035567776
126 261 -0.36137544857315573
126 264 0.1489525360880657
126 279 0.8986232831322623
126 282 -0.2751901694243102
126 249 0.9342331908699997
126 252 0.3015188897926202
127 128 -0.7348743016823214
127 130 -0.37727936513519467
127 207 0.3025378881642582
127 210 0.9208478887302711
127 177 0.9927750110763378
127 180 0.004050002010753229
128 129 0.09704528850023819
128 131 0.8891832789085472
128 243 -0.8130753235219113
128 246 0.6971539374638962
128 213 -0.0787037981473937
128 216 0.11025699316867121
129 132 0.3623880966373185
129 279 0.45251593336444174
129 282 0.45196104386459557
129 249 -0.2156682217150503
129 252 -0.7245287352669463
130 131 -0.8015027235510328
130 207 -0.15538711073372902
130 210 -0.7309943844895852
130 177 -0.30667552829810707
130 180 -0.13896972737857904
131 132 0.5749444343096803
131 243 0.504436815787443
131 246 -0.7938638360160231
131 213 -0.9733380246035017
131 216 0.3346476243780314
132 279 0.7300669009854068
132 282 -0.7656703417621442
132 249 0.19227204312850055
132 252 -0.2500803900227373
133 134 0.9628318322424736
133 136 0.5715821763824787
133 171 0.6408528120071773
133 174 -0.7573100916578122
133 177 -0.7784461076780431
133 180 -0.16087373359537116
134 135 -0.3135998136978806
134 137 0.16126139412504648
134 207 0.690623992091479
134 210 -0.30001621674391354
134 213 0.03635203789541053
134 216 0.07397369723609093
135 138 0.5068005423497697
135 243 -0.1853205643691529
135 246 0.16911201818094646
135 249 0.22098030866676233
135 252 -0.23165183055256944
136 137 -0.6190698272848807
136 171 -0.5413121845162956
136 174 -0.876649576755282
136 177 -0.5123198416195647
136 180 -0.2166202240434314
137 138 0.9358686722987222
137 207 -0.2376084138408312
137 210 -0.7441522783928447
137 213 0.6454475048606467
137 216 -0.901124178098281
138 243 -0.7956726586002578
138 246 -0.970229976772838
138 249 0.1765164305352933
138 252 -0.6666840362053952
151 152 -0.5654737013293198
151 154 -0.22467367470117106
152 153 -0.8540142608979682
152 155 -0.1544114236471954
153 156 -0.8668517844521568
154 155 0.7333438496028677
155 156 0.3970167866367449
157 158 -0.36470380840949157
157 160 -0.8970346746680526
158 159 0.22443744012807465
158 161 0.8371654811976643
159 162 0.2135248645882657
160 161 0.2778024084105204
161 162 0.44467859335326954
163 164 0.8177903480298634
163 166 0.7628340810423704
164 165 0.9287898146231159
164 167 -0.026713571730059504
165 168 0.5877424761292316
166 167 0.9016644381804642
167 168 0.45174357991226133
169 170 -0.2913421267169314
169 172 0.5737598825136099
170 171 -0.7255479044506943
170 173 -0.6036727443600478
171 174 0.08190221462149583
172 173 0.39302815717977047
173 174 0.04149494417966415
175 176 -0.5837856289310805
175 178 -0.02738692479980598
176 177 0.9178193985341914
176 179 -0.00014451127876036196
177 180 0.4657529192303762
178 179 0.9665013076224194
179 180 -0.6045367409343858
181 182 0.8733145069172472
181 184 0.9419996390584804
182 183 -0.8870718516892808
182 185 0.005352607571961654
183 186 -0.42576324609980887
184 185 0.657555470963485
185 186 -0.21444761002521373
187 188 0.8004552125406208
187 190 0.09105709230911896
188 189 0.9905302625221608
188 191 0.268413233430036
189 192 0.5328157074613946
190 191 0.8857620997291062
191 192 -0.2011507120253322
193 194 0.7909942984453713
193 196 0.30951011872795076
194 195 0.01951335601510995
194 197 0.28146284304989444
195 198 -0.8728144189726106
196 197 -0.6184493270900957
197 198 -0.48607238602132297
199 200 0.21717677472135177
199 202 -0.7809331586050863
200 201 -0.1369347017726923
200 203 -0.9064810317612388
201 204 -0.1657332368434168
202 203 -0.08330748199224258
203 204 -0.4844474035651667
205 206 -0.9741633590883212
205 208 -0.355990946271866
206 207 -0.5672370462733816
206 209 -0.47542801280929403
207 210 -0.387221584519986
208 209 0.8104919365584902
209 210 0.539454249600607
211 212 -0.21342262080315133
211 214 -0.07216632969563097
212 213 0.12615724122262373
212 215 -0.33489214414193413
213 216 -0.8390908306209466
214 215 0.2010343746373402
215 216 -0.03675687488756796
217 218 -0.7086095376193862
217 220 0.29841561588030086
218 219 0.8759995515643713
218 221 0.8720350060097877
219 222 0.3877209711847094
220 221 0.14143760376987613
221 222 0.11510714670858357
223 224 -0.8399782530768478
223 226 0.9407398365419359
224 225 -0.3777119094953978
224 227 -0.5892990272597467
225 228 -0.9636891370874965
226 227 0.14995534654824838
227 228 0.8740081000346416
229 230 -0.6868692842501747
229 232 -0.5436473266479676
230 231 0.2694819732575602
230 233 -0.9163073646679865
231 234 -0.6966321082977935
232 233 -0.6185687600113043
233 234 0.16136314536821628
235 236 -0.9184421529946656
235 238 0.24642680406381823
236 237 -0.26630074193270525
236 239 -0.8664574564965923
237 240 -0.6771220922095758
238 239 -0.514269101857407
239 240 -0.3047825093869383
241 242 0.905973458874282
241 244 0.8725836033097316
242 243 0.5944885038786518
242 245 -0.9694691046468389
243 246 0.7057309091148702
244 245 0.7623128844853397
245 246 -0.24521992535683523
247 248 0.060152703557639686
247 250 0.7876901546821831
248 249 -0.6815910858182757
248 251 0.9177511381897738
249 252 -0.17560220339529597
250 251 0.1860566509444932
251 252 0.10757298008178884
253 254 0.7254913761791684
253 256 0.39600785819443485
254 255 0.5405491609499573
254 257 0.6341297726383519
255 258 -0.20846350916012546
256 257 0.5580366444153577
257 258 0.8546321464520055
259 260 0.9155079776093704
259 262 0.4335134596091599
260 261 -0.0786036747657115
260 263 0.5898182230696998
261 264 -0.6173162277365618
262 263 0.5459545514551631
263 264 0.40823400830947665
265 266 -0.6397811479276494
265 268 0.7781150442603428
266 267 -0.24292766792837317
266 269 -0.007495146375948503
267 270 -0.8634495948282079
268 269 0.3579056638681555
269 270 -0.912979900762084
271 272 -0.6514755377826689
271 274 0.02498467724338127
272 273 0.2449142277238019
272 275 -0.4534704459453609
273 276 -0.6027610679739457
274 275 0.7940967888506256
275 276 -0.20260229344517966
277 278 -0.9919565672852688
277 280 0.19674457384214827
278 279 -0.02194654157152054
278 281 -0.22661062555160316
279 282 -0.451483258939797
280 281 -0.7651151216420606
281 282 -0.19986773311210992
