# 
7 7 3.978739258215345
8 8 -1.2638496797000487
9 9 -2.1381828019874103
10 10 -1.5864279040224352
11 11 -2.290820801674313
12 12 -0.22682310402824868
13 13 2.0430242984007396
14 14 -2.4936100703198543
15 15 1.6992990377428479
16 16 2.032180767588855
17 17 0.8588298460444594
18 18 0.5601415341636242
19 19 -2.907922095680914
20 20 2.6553606872243076
21 21 2.855515494523752
22 22 -2.8365130163950534
23 23 2.02177547503066
24 24 3.7910886152870287
25 25 3.074695313335531
26 26 2.619147755856109
27 27 2.0719242490610474
28 28 1.807061221513556
29 29 -1.3010150595023013
30 30 -3.473507898355142
31 31 -1.6265211759042923
32 32 -2.7179080164426956
33 33 0.35001521051403905
34 34 3.5609532906945187
35 35 -2.3890226409522013
36 36 2.0497425113647783
37 37 -0.9766806724368529
38 38 2.541637731639476
39 39 3.973789907025491
40 40 3.5729850765367743
41 41 -0.5544621967901229
42 42 -0.6448197069525055
43 43 -0.7099128624383937
44 44 -3.3497282398279733
45 45 -3.640075452472277
46 46 1.76455293001123
47 47 -1.0591993704344214
48 48 2.0255123454174138
49 49 0.8961157009570666
50 50 3.9047550244276437
51 51 -1.7861271147790356
52 52 3.2426089207217323
53 53 -1.6897983380389627
54 54 -0.017212410072291462
55 55 0.08788243154773667
56 56 3.081271665442207
57 57 2.444947142749122
58 58 3.508781972040804
59 59 -0.2722555363943364
60 60 1.9712753827551914
61 61 0.833418752921661
62 62 0.15071766777262852
63 63 3.891324012616219
64 64 -2.8671724155368628
65 65 3.707038402092059
66 66 -2.8280474715888326
67 67 -2.6347866222613376
68 68 0.4481042188465869
69 69 3.670256677725133
70 70 -3.742043637050906
71 71 -1.687483490826371
72 72 2.4407230600886027
73 73 0.8777201659047922
74 74 3.7048321892713467
75 75 -3.045805900407351
76 76 0.511239625486251
77 77 -0.3552540668505193
78 78 -2.024669763129735
79 79 1.0122511256044389
80 80 2.831267956181909
81 81 -2.870828002498971
82 82 3.3966840699689893
83 83 -2.159126835674317
84 84 3.303609412670218
85 85 3.9579265612296384
86 86 3.4195644753407555
87 87 3.442168913303793
88 88 -0.3216090866956254
89 89 0.04840556329886425
90 90 -2.423105235300726
91 91 -3.175487310776548
92 92 3.6477677283053147
93 93 -3.204252143642444
94 94 1.0264767773309513
95 95 -2.1688071139771576
96 96 3.3856960846536976
97 97 2.4439617465496033
98 98 -1.439701351545878
99 99 1.745574192539748
100 100 3.2079974191056557
101 101 2.6642534667760147
102 102 3.8471216461795352
103 103 -1.0771633356277421
104 104 1.6143661429910576
105 105 -2.449184725850304
106 106 -2.2076451367891785
107 107 1.9240423612751112
108 108 1.8655617980636388
109 109 -1.0260286631633138
110 110 0.6720343574238621
111 111 2.0873115137570073
112 112 -0.1639053704374973
113 113 -1.1495222909993075
114 114 -1.7328346502097993
115 115 -1.4086769468596527
116 116 0.052404214012596206
117 117 0.3894026336666343
118 118 -0.4407365004262971
119 119 1.6775061494541417
120 120 1.3636672265082872
121 121 -0.6469058010298925
122 122 1.3759110402434196
123 123 2.8920109056781875
124 124 -3.304746383140717
125 125 1.9971669323595176
126 126 -3.7086587565817313
127 127 0.042597167317566687
128 128 3.7520523623527406
129 129 -2.1409192179090084
130 130 -3.6358585287032907
131 131 -0.6368477579971428
132 132 0.7740475476710982
133 133 -3.7274147981403276
134 134 -1.3473846813631019
135 135 -0.3529825884851663
136 136 1.1493932948439776
137 137 0.06993021804205224
138 138 3.8519027474261183
151 151 -3.2799886557485216
152 152 -1.7147664198828707
153 153 1.6692540806294165
154 154 3.2163720360037704
155 155 -3.1084142692635064
156 156 3.299694100610165
157 157 0.36164098047316795
158 158 -0.7646147537073809
159 159 -1.7577861090393956
160 160 -0.8897196693342471
161 161 0.8580838276975609
162 162 0.3025420077952239
163 163 3.884860962586676
164 164 0.9289086952029244
165 165 1.3447633244296266
166 166 -0.7066362487766202
167 167 2.755788521908835
168 168 2.434879359817849
169 169 -3.5633633472905704
170 170 1.7538139402741342
171 171 1.2960166331598568
172 172 -0.956664333992288
173 173 0.9202337889552616
174 174 3.696913807526151
175 175 1.9897442469600923
176 176 0.26850453470170965
177 177 1.6712302063767037
178 178 -1.4998551441607928
179 179 3.6146320182971783
180 180 1.3930134348201522
181 181 -2.609225576926299
182 182 1.5960211758866993
183 183 -3.8619294917988745
184 184 1.4662219517930222
185 185 2.037905813720463
186 186 0.7060522435169645
187 187 -2.007523335277299
188 188 -0.09495383826548043
189 189 0.1410461768982545
190 190 -2.999514212563188
191 191 -0.8427976245064093
192 192 2.1709626342564103
193 193 -1.118013601883451
194 194 2.330787576002189
195 195 -2.430126623187153
196 196 2.0448159221337363
197 197 1.3449521450595094
198 198 1.5598223794791757
199 199 -3.38144800659059
200 200 -1.7054378247249753
201 201 -0.9822111133488027
202 202 -0.080329549141962
203 203 3.152668626988265
204 204 1.7375709485879964
205 205 -2.213457745800497
206 206 -1.729350534177704
207 207 0.36793734401250244
208 208 2.5874817216469967
209 209 1.3498137072472076
210 210 -0.6246879359499067
211 211 -0.015760892013618744
212 212 2.0356165308202083
213 213 -2.352889611188032
214 214 -0.18320331436486015
215 215 -1.6215294778043354
216 216 -3.26976264991466
217 217 -0.437932254494366
218 218 3.9190988356126013
219 219 0.8825142866485232
220 220 -3.48030662661352
221 221 1.918919910054445
222 222 3.9549416557854045
223 223 3.9353127252526203
224 224 -2.6946181059787078
225 225 0.9148364712088082
226 226 2.31133115371427
227 227 -2.005260277536598
228 228 0.25959314780891063
229 229 -2.186385740291877
230 230 3.522415440261547
231 231 2.289814477731727
232 232 1.829569386267102
233 233 -1.9843912463622706
234 234 -0.31836825639007227
235 235 -0.5518933585001271
236 236 -2.7013976933039068
237 237 1.4809367598369398
238 238 3.3823994978887653
239 239 0.10231718238270737
240 240 2.9174328281412745
241 241 3.1132895308935282
242 242 0.5983007149908248
243 243 -0.8999794342815175
244 244 -2.681444725722507
245 245 -3.788448880189083
246 246 -0.29150015611265356
247 247 2.153136379309969
248 248 0.813868680450974
249 249 -2.126507229937893
250 250 3.654892773830089
251 251 0.035536545507197204
252 252 3.850451445408641
253 253 3.371264736450361
254 254 0.0944975108615882
255 255 -3.5298243316390367
256 256 2.471199917064526
257 257 3.604505653685229
258 258 0.5318125835977634
259 259 0.14700567939450782
260 260 0.9133326421739341
261 261 -3.0326928368204618
262 262 0.3088071378065589
263 263 -0.2486842567223304
264 264 0.8832285219988201
265 265 2.934621080328954
266 266 -0.18758779967018313
267 267 -0.41112694565128827
268 268 3.1464780103011636
269 269 1.1520410369684777
270 270 2.54755041702919
271 271 3.8814215026065293
272 272 -2.862861515958275
273 273 1.9751151952715489
274 274 2.599370090658647
275 275 3.8712622075487744
276 276 0.28695820586731635
277 277 2.391383064887778
278 278 3.831998341751744
279 279 -0.00860347360258018
280 280 2.8168258859471855
281 281 -3.1751231204184416
282 282 -3.7345401974366457
7 8 -0.414696737554457
7 10 -0.0688982414615793
7 157 -0.1556321674448231
7 160 0.9806948874815558
7 163 -0.4847718846543325
7 166 0.32326301830458837
8 9 -0.8475274533721957
8 11 0.4836279340107632
8 193 0.5325693038528907
8 196 -0.3946458453464021
8 199 0.7701667037330251
8 202 -0.8988808436474265
9 12 0.5666410497013408
9 229 -0.5880677314332761
9 232 0.49664462168389645
9 235 0.4025679271359843
9 238 0.09031524268571656
10 11 -0.5584047396457186
10 157 -0.2039515773997005
10 160 -0.2963772625495671
10 163 0.821802684562575
10 166 -0.9701339465022956
11 12 -0.17195779218693819
11 193 -0.9218108218815368
11 196 0.43636390040839745
11 199 0.24854558821874284
11 202 0.4390774899972163
12 229 0.6504331215621562
12 232 -0.3749100200149005
12 235 0.9692072416360604
12 238 0.03646049587429534
13 14 -0.003841244248578679
13 16 -0.14491653511464198
13 193 0.8916664798564213
13 196 -0.3632155096309422
13 199 -0.45554155438281807
13 202 0.7321659565278085
14 15 -0.8228607720050898
14 17 -0.8461390677264866
14 229 -0.35983445019354443
14 232 -0.12494789018092489
14 235 0.45835048791053024
14 238 0.9603295858238639
15 18 0.2570664732429355
15 265 0.2915932653014641
15 268 0.12962984599278649
15 271 0.11587089480710566
15 274 -0.9029198625730426
16 17 0.3291372967964832
16 193 0.7349086158370968
16 196 -0.5085696999310176
16 199 0.7042754330664458
16 202 -0.9800322858680124
17 18 -0.023250871100525705
17 229 0.9279618170092667
17 232 -0.6463996964432164
17 235 -0.12398068199409851
17 238 0.8903584369642348
18 265 0.5640959120677123
18 268 -0.6754538939351855
18 271 -0.18720219540055094
18 274 -0.7849942172288005
19 20 -0.1578278071138255
19 22 -0.11496104665248641
19 181 0.5703441616141047
19 184 0.0877631681414146
19 187 -0.6768350039133737
19 190 -0.45049895752020674
19 193 0.8375038821095531
19 196 -0.694575489885787
19 199 -0.3245714528904813
19 202 -0.9869189364696236
20 21 -0.16895699956390708
20 23 -0.16017652499587154
20 217 -0.8079084704451731
20 220 -0.36067297213755456
20 223 -0.3698148085582431
20 226 0.011182952734267948
20 229 0.9091465410989472
20 232 0.3427096248506891
20 235 -0.05802817725728415
20 238 -0.056237763434154875
21 24 0.01094378603204782
21 253 -0.714757523304351
21 256 -0.6501549110376479
21 259 0.2553030293220253
21 262 0.8310838727980958
21 265 -0.9231871262871367
21 268 -0.5755248503282702
21 271 0.3118543636148694
21 274 0.6843137394014474
22 23 0.9784284726221348
22 181 0.33606749790497314
22 184 0.5204446498484832
22 187 0.08053009187948978
22 190 -0.8291798598934847
22 193 -0.36177961260051705
22 196 -0.9562145376412856
22 199 0.9833433650977859
22 202 0.022606006240325494
23 24 -0.5110107622224609
23 217 0.39063926744498767
23 220 0.2800095219694858
23 223 0.2872286831270483
23 226 -0.10102011976415115
23 229 -0.5879947322027306
23 232 0.5557032385283451
23 235 -0.680080200876217
23 238 -0.933067621862349
24 253 -0.9219209107295951
24 256 0.43402074753413
24 259 0.22779264028296842
24 262 -0.510006139164956
24 265 0.14451219283950434
24 268 0.2318082020584633
24 271 0.831854544988597
24 274 -0.5194958022550955
25 26 0.43036501842543773
25 28 -0.1591043707904054
25 181 -0.26337284611764145
25 184 0.955322349743293
25 187 -0.30070973886787056
25 190 0.9209039952740834
25 193 -0.44082862567548897
25 196 0.1988825672794965
25 163 -0.6925784006752558
25 166 0.4534623251529153
26 27 0.9338638949455538
26 29 -0.8297307607715623
26 217 -0.04487011559273335
26 220 0.5631610974028258
26 223 -0.40831018498106375
26 226 -0.8273698381003278
26 229 0.28429287738949394
26 232 -0.20639184808387534
26 199 0.6387817175286472
26 202 -0.9982491295417202
27 30 0.4302383219338828
27 253 -0.554489195963062
27 256 -0.6757858073281287
27 259 0.49420466545930153
27 262 -0.005828733950083764
27 265 -0.8117062823626049
27 268 -0.0832150971218455
27 235 0.42795731214581
27 238 0.6420999697560552
28 29 -0.39707510480225117
28 181 0.36658458160627605
28 184 -0.05377799764508273
28 187 0.5716645017416713
28 190 0.6443782832900247
28 193 0.3501875909659593
28 196 0.047647464123198535
28 163 0.09519411923877663
28 166 0.6145588329786196
29 30 -0.791369857991405
29 217 -0.40188946327168384
29 220 0.2804238812724156
29 223 0.9360436930525458
29 226 -0.014733420887958149
29 229 0.3147609303709731
29 232 0.22247822624851765
29 199 0.28768476638359997
29 202 0.367945160320162
30 253 -0.009025181136954163
30 256 -0.8038945624267657
30 259 -0.2976676950126933
30 262 0.6045844052239491
30 265 0.5308097734359378
30 268 -0.6257308043477303
30 235 -0.7482343802799187
30 238 -0.1552346584856079
31 32 -0.7908192442120421
31 34 0.7268437757931763
31 181 0.05367768631655445
31 184 -0.5976360917049834
31 187 -0.2867419523939201
31 190 -0.9985384037548808
31 193 -0.18652662814717202
31 196 0.03525109184323805
31 163 0.6066603550659451
31 166 0.5677351631377578
31 169 -0.45498737929465416
31 172 0.17917494688019553
31 175 -0.738256088365405
31 178 0.6879357462259557
32 33 -0.08280192000542863
32 35 -0.1575347775785374
32 217 0.06959378619601875
32 220 0.754622583358266
32 223 -0.21879383878329905
32 226 -0.23783699380742562
32 229 0.19379150254473632
32 232 -0.17669169341619684
32 199 0.305620357557304
32 202 0.2868368305573863
32 205 -0.020736958297278063
32 208 0.36369427579173363
32 211 -0.7845485409330524
32 214 0.6516556899420369
33 36 0.496260764324042
33 253 0.7027345815946457
33 256 0.8889850565155202
33 259 -0.6184428306050811
33 262 0.39464502241720845
33 265 -0.5800341334945156
33 268 0.22646128206785066
33 235 0.32253634591639946
33 238 0.5613258710928974
33 241 0.21124181631095063
33 244 -0.9877845258735771
33 247 -0.24704708177282297
33 250 0.33591218877555185
34 35 0.9111523613895665
34 181 0.18398735108632303
34 184 -0.12819418497649182
34 187 -0.6322685209807102
34 190 -0.9896111163227037
34 193 0.4366331538606356
34 196 0.35516290105121784
34 163 0.8260995191521587
34 166 -0.31426749617153016
34 169 -0.988214632931627
34 172 -0.1358075018420113
34 175 0.9699281264439295
34 178 -0.6190768102492064
35 36 0.06172801938517658
35 217 0.6136969105185781
35 220 -0.3761665669052332
35 223 0.3063361288397186
35 226 -0.010211902368184811
35 229 0.5218116753680013
35 232 0.8308809722571915
35 199 -0.4073799908157505
35 202 0.4565037146934312
35 205 0.5342597467662304
35 208 0.5307229015909443
35 211 -0.6736201563652411
35 214 -0.8325007784970622
36 253 0.05922074812243938
36 256 -0.041433807825923985
36 259 -0.2426589560282013
36 262 -0.2040781497342905
36 265 -0.877021644301003
36 268 0.7796289098854796
36 235 0.9138970478575106
36 238 -0.5516526489234252
36 241 0.7391828053986835
36 244 -0.16225309523607723
36 247 0.6357904223871995
36 250 -0.9918091560268572
37 38 -0.8336576555376551
37 40 -0.7981949894769444
37 181 0.0626302533434
37 184 0.8403469764381981
37 151 0.6170856136291383
37 154 -0.48923849780221884
37 157 0.21328746153400568
37 160 -0.28344339674105146
37 163 -0.013274241054354263
37 166 0.2594277958522304
37 169 -0.8939066333500447
37 172 0.9782775873362286
37 175 0.39307405711633336
37 178 0.35850715930151833
38 39 0.7893736634228605
38 41 0.15396561381669627
38 217 -0.5388570734445328
38 220 -0.8188729153372616
38 187 -0.20491919058980712
38 190 0.30535593412584894
38 193 -0.2136581595279139
38 196 0.5194737474067412
38 199 0.49495292745275843
38 202 -0.27244178483995585
38 205 -0.5328790050282162
38 208 -0.5785837622102632
38 211 -0.1241907870057557
38 214 0.18534287997661858
39 42 0.6818988988988397
39 253 0.6168068643785451
39 256 -0.9034189240494142
39 223 0.3621951910920642
39 226 -0.36964257743240947
39 229 0.41441059631525046
39 232 -0.9203356147583652
39 235 0.8548669531146025
39 238 -0.7067515676775584
39 241 0.7483981197325615
39 244 -0.03310524008309734
39 247 0.8714688447530199
39 250 0.8537040005722032
40 41 -0.33642615946936294
40 181 -0.09450795044647142
40 184 0.8033869412453822
40 151 0.7896169770859227
40 154 -0.7987481743379523
40 157 0.4860190768011443
40 160 0.6766503406616509
40 163 -0.416410375782303
40 166 0.2555422268830718
40 169 -0.7602395871081729
40 172 -0.13956577322031083
40 175 0.8443851924624695
40 178 -0.1637395904434833
41 42 -0.8086858571271063
41 217 -0.13880109052417966
41 220 0.8815889960532126
41 187 0.001536378467071442
41 190 0.8342775842265189
41 193 0.8795853989845397
41 196 -0.5999681783661106
41 199 -0.9517225983238025
41 202 -0.40485749945349214
41 205 0.5839394633350179
41 208 0.763466331783659
41 211 0.36204427960235996
41 214 -0.6240327263293477
42 253 0.5589112093520876
42 256 -0.8074004612804258
42 223 -0.05643017637842074
42 226 0.697833991272719
42 229 0.35178760841549384
42 232 0.11573776649929224
42 235 -0.09764311363403211
42 238 -0.8036219850529995
42 241 0.12769258778659442
42 244 0.8504384308163424
42 247 -0.1818954493394802
42 250 0.9417286743615034
43 44 0.775317204373402
43 46 -0.923138396057944
43 181 -0.017846850620111043
43 184 0.5387281131074138
43 151 0.39575053595549936
43 154 -0.608480817817415
43 158 0.6857863646914675
43 161 -0.06093190295577089
43 164 0.9305593773379557
43 167 0.36016652667702
43 169 0.2178241746951588
43 172 -0.7355119612378067
43 175 0.2089207584340098
43 178 0.2932532551574061
44 45 0.8482132055412535
44 47 0.37627371754532124
44 217 -0.48101627888234466
44 220 0.6455624048950543
44 187 -0.4397185328241833
44 190 -0.06304032810329252
44 194 0.9914131837956512
44 197 0.7280225175663955
44 200 0.9584672662047222
44 203 0.9583648756858205
44 205 -0.7465142497281685
44 208 -0.8813996132597532
44 211 -0.8777634803375796
44 214 0.1584046867715232
45 48 -0.7427093907402953
45 253 -0.09506154864836946
45 256 0.6484169552935042
45 223 -0.30514634986076894
45 226 0.6135287834318561
45 230 0.9880285573381471
45 233 0.20292301759127063
45 236 0.7364860936814646
45 239 -0.8740736317299804
45 241 -0.34971680933213367
45 244 0.21537890487931377
45 247 0.5222058978882118
45 250 -0.7810895511800553
46 47 -0.38518205233357783
46 181 0.6047463418628494
46 184 0.03580676770125235
46 151 -0.5768957850291854
46 154 -0.45810837581179986
46 158 0.8405911023514658
46 161 0.7441336165740982
46 164 0.8145680244519335
46 167 0.39141019568225266
46 169 0.4312397967602639
46 172 -0.3286709925343605
46 175 0.4681958585625079
46 178 -0.8317315823413942
47 48 0.2730633497125481
47 217 -0.6441948691294697
47 220 0.6437903495200876
47 187 0.10920096289481718
47 190 -0.11237057820716334
47 194 -0.3633518998810128
47 197 0.2343821238481698
47 200 0.5695081406277924
47 203 -0.6971344067987351
47 205 -0.586949027536307
47 208 -0.6868571823046778
47 211 0.3553221550165264
47 214 0.39239057592696747
48 253 -0.09161416227477082
48 256 0.655308640416502
48 223 0.19352792039964206
48 226 0.5790644463806658
48 230 -0.06428572343425287
48 233 0.4183931111721615
48 236 -0.9421442571496006
48 239 0.5144801258751042
48 241 -0.7467033959389024
48 244 0.1987281575716946
48 247 -0.42944506312377495
48 250 -0.1941565486662209
49 50 0.7585134966768923
49 52 -0.8592486002950692
49 181 0.01480742791504297
49 184 0.412484885047268
49 187 0.2734042216247745
49 190 -0.8677286291717408
49 194 0.02449473711894168
49 197 -0.4177478338428866
49 200 -0.05620721632272785
49 203 0.5613225837024121
49 205 0.510437814539642
49 208 -0.8305729069621914
49 175 0.8796110327063267
49 178 -0.7026767665645293
50 51 0.6574117655661349
50 53 0.2967574608313477
50 217 0.7093711612677314
50 220 0.16272199676590304
50 223 0.8679488809091542
50 226 -0.9093114034751941
50 230 -0.9613513737753399
50 233 0.3126833535820335
50 236 -0.4847183484740636
50 239 -0.8711881617090833
50 241 -0.9441913583696742
50 244 0.7245178828173011
50 211 0.5903069202560212
50 214 -0.07605542487912498
51 54 -0.1630548488485113
51 253 -0.9202706381475523
51 256 -0.04253819349001864
51 259 0.8471965782032738
51 262 0.29417340125094604
51 266 -0.44060160005214777
51 269 0.728258984025766
51 272 -0.10844938880303001
51 275 0.506346006768785
51 277 0.6162183672656814
51 280 -0.505616668101394
51 247 -0.6332843989777832
51 250 -0.1345188972361373
52 53 0.3864650962512659
52 181 0.02589871270448718
52 184 0.6774516263903705
52 187 0.710872260980733
52 190 0.4842581808549118
52 194 0.4542018259685945
52 197 0.21235181954033955
52 200 0.9885298615908367
52 203 0.7288439128653914
52 205 -0.28565911061133975
52 208 -0.7486032271222445
52 175 0.7462176626160502
52 178 -0.9421451467890385
53 54 -0.7531106368848672
53 217 0.2153129083423302
53 220 0.7771136542985744
53 223 -0.08822320233492142
53 226 -0.6925467682322746
53 230 -0.4548273230903559
53 233 -0.1588138949964797
53 236 -0.8187587958661533
53 239 -0.8693395098192533
53 241 0.05424986199130988
53 244 0.5466499868241059
53 211 -0.06439952243633118
53 214 -0.4599021268278223
54 253 -0.5776945750324813
54 256 0.6725569058921244
54 259 -0.8946019376311476
54 262 -0.8936413824296534
54 266 0.34226323983753315
54 269 0.39566848881508276
54 272 0.6879606882505946
54 275 0.8252009007251473
54 277 -0.5307669128647177
54 280 0.49786241072163406
54 247 -0.34981101530205794
54 250 -0.38883200447998756
55 56 -0.3453262789581837
55 58 -0.3415401421776838
55 182 0.0041198781968871945
55 185 -0.8990809308179069
55 188 -0.317831533368909
55 191 -0.6695557033384167
55 194 -0.5344994894881878
55 197 -0.19061792070454353
55 200 0.7016968926361398
55 203 -0.7380850799714114
55 205 -0.6270184619195593
55 208 0.3497857034676024
55 175 -0.7908448257036982
55 178 0.8552635120858152
56 57 -0.2268469373706108
56 59 -0.3172198334559795
56 218 -0.48567700508841183
56 221 -0.30502265815244045
56 224 -0.5917566830190648
56 227 -0.55334636321858
56 230 -0.23641850203652948
56 233 -0.6451396419152526
56 236 0.548940268443121
56 239 -0.8006211078254915
56 241 0.8475570552146225
56 244 0.5997611642109886
56 211 0.09263306167336127
56 214 -0.9401604127995331
57 60 -0.12272996875745079
57 254 -0.511332887703833
57 257 0.258044402563808
57 260 0.09372127079203851
57 263 0.8940064279005602
57 266 -0.16071982400834184
57 269 0.16332929069945745
57 272 -0.3358313594985036
57 275 -0.9117480154749729
57 277 -0.19409412479520327
57 280 -0.781188345761691
57 247 0.1858176012776409
57 250 0.48162245653433144
58 59 0.8345033509700719
58 182 -0.07557367421271755
58 185 -0.3886994082074746
58 188 -0.6211783691016024
58 191 -0.7452216391947146
58 194 0.17893999288174056
58 197 -0.8706793638663
58 200 -0.6199169144257886
58 203 -0.39991933235759847
58 205 0.33955861527710973
58 208 -0.44414476419498694
58 175 -0.02346516361165807
58 178 -0.1390193412055163
59 60 -0.7187768075225787
59 218 -0.1976343333319328
59 221 -0.24227454583423347
59 224 0.8508779908883797
59 227 -0.8298638436056753
59 230 0.509375325021489
59 233 0.277935716689397
59 236 0.10192473783214906
59 239 -0.38495888033808057
59 241 0.2967429076787351
59 244 0.9135951673264529
59 211 -0.13670009815133444
59 214 0.32051290990921943
60 254 0.7435821011588104
60 257 -0.11943271956787616
60 260 -0.5194872377189055
60 263 0.028381038069126507
60 266 0.8655738896173195
60 269 0.5402021337460956
60 272 -0.2948479851243846
60 275 0.3484025628601455
60 277 0.9370059621782016
60 280 0.9880830981098518
60 247 0.0003540563927002527
60 250 0.9958228736256562
61 62 -0.9971432646503839
61 64 -0.3510914250255692
61 182 -0.5008517266145591
61 185 0.8264656642747876
61 188 0.06775128748754411
61 191 -0.29391914510092976
61 194 0.8687379887001667
61 197 0.6516954305316092
61 164 0.9709852631764067
61 167 0.02379721661243206
61 169 -0.6486711822042128
61 172 0.8267045908260182
61 175 -0.6428943587026283
61 178 0.15551713150445545
62 63 -0.5547212244346054
62 65 0.5378047695272556
62 218 -0.8846577490822387
62 221 -0.28089480194596783
62 224 0.5243538539700205
62 227 0.5355628653323279
62 230 -0.7958864121798552
62 233 -0.196044936165519
62 200 0.23854086163909405
62 203 0.6540997743608052
62 205 0.5743232597790671
62 208 -0.3191932174854095
62 211 -0.2785945710440174
62 214 0.08690233472930275
63 66 -0.5152548694490375
63 254 0.8627494171699424
63 257 -0.4645676799152161
63 260 0.7417971045900544
63 263 -0.911245341469155
63 266 -0.40828305287063427
63 269 -0.6840313067977877
63 236 0.3474201013504523
63 239 -0.9176439639677512
63 241 -0.6043372945658156
63 244 0.7198942060365157
63 247 0.5201800192946773
63 250 0.8266182581073105
64 65 0.6665929411710085
64 182 0.3531437555651842
64 185 -0.026402241608967536
64 188 -0.9488333179271
64 191 -0.7509367655802357
64 194 -0.7792456271720696
64 197 0.5380409707520506
64 164 -0.8791470783638529
64 167 -0.06935802574497973
64 169 0.2554446138647557
64 172 0.18986787946032413
64 175 -0.09337392645898035
64 178 -0.6486830474413021
65 66 -0.9920636803764371
65 218 -0.4890114742719829
65 221 -0.027361988616902533
65 224 -0.3206770676480575
65 227 0.7268818328722115
65 230 0.5995752730165202
65 233 0.8434604134108272
65 200 0.9454558323860367
65 203 -0.24036418361366052
65 205 -0.18898521861094708
65 208 -0.9075412779897079
65 211 -0.6511999060690017
65 214 0.8951010102901675
66 254 -0.7833772469645308
66 257 -0.9844979442840966
66 260 -0.7183971405019438
66 263 -0.009406548523734237
66 266 0.074367793426102
66 269 -0.2392332918071851
66 236 -0.1562072398683627
66 239 0.14019441973563707
66 241 -0.7842779946209191
66 244 -0.5807192346285812
66 247 0.5960962727850823
66 250 -0.3796645747511731
67 68 -0.9007155050512956
67 70 0.5525422911220594
67 182 -0.7744496260360074
67 185 0.7076847528552841
67 188 -0.5320859569336411
67 191 -0.8773325191219343
67 194 0.9764299453337391
67 197 0.48203743259136655
67 164 -0.2808888170517312
67 167 0.39293008774110905
67 170 0.7020203558858158
67 173 0.2556371971110596
67 176 -0.39248777839517546
67 179 0.9924738616863427
68 69 0.41369907489579694
68 71 0.6051106409552403
68 218 0.7704954886057289
68 221 -0.0809687032915769
68 224 -0.4219297260487318
68 227 0.17426537616432003
68 230 0.6735654881154824
68 233 -0.6729703103842084
68 200 0.7894936845960536
68 203 -0.023275015400948007
68 206 0.577759733711362
68 209 0.2173929085363111
68 212 -0.38108251903131296
68 215 0.3524677972283843
69 72 0.7143249703267838
69 254 -0.9922538154869565
69 257 -0.721009278750127
69 260 -0.9795318164476947
69 263 0.8330974574226071
69 266 -0.220294014895128
69 269 -0.10102929280829653
69 236 0.5967639867830601
69 239 -0.23815790299606276
69 242 -0.8905460352207577
69 245 0.27403167726368594
69 248 0.7229184472427774
69 251 0.31892866086718996
70 71 -0.3847694604539489
70 182 0.9334237282249156
70 185 -0.1634680944245983
70 188 -0.9343994652250589
70 191 0.8516249555956763
70 194 -0.6545318210673965
70 197 -0.23812650800595137
70 164 0.05391385285806427
70 167 0.18306717744408285
70 170 0.6769317655005496
70 173 -0.9399182292249322
70 176 -0.12715484519979725
70 179 -0.5537800943539568
71 72 0.7444471050693
71 218 -0.7792690387472012
71 221 0.6443354189145398
71 224 0.7283072905212187
71 227 0.7094483501204929
71 230 0.002164775189560819
71 233 0.6834927998626419
71 200 0.8472200764190121
71 203 -0.29940582337678
71 206 -0.2089040570570817
71 209 -0.24221533904957648
71 212 0.3631641534184047
71 215 0.05942600983792712
72 254 0.30096707605338513
72 257 0.18748438226267128
72 260 0.04456645024892847
72 263 0.8894066122175288
72 266 0.8694037104493184
72 269 -0.754932812875406
72 236 -0.14832558127327844
72 239 0.9335682448043681
72 242 -0.7128691362864863
72 245 0.3899391646587691
72 248 0.5730082274455528
72 251 0.16910448984240034
73 74 0.7920870240132323
73 76 -0.8799162961085281
73 182 0.15708732200707964
73 185 -0.9448002109199871
73 152 -0.41134880365172655
73 155 -0.7920577639629347
73 158 0.9036458208568239
73 161 -0.18034744010994075
73 164 -0.6817515672720016
73 167 -0.8242653726037206
73 170 -0.9593834346052381
73 173 -0.2113687261914894
73 176 0.8629136145105885
73 179 0.14296516296941397
74 75 0.08129325980776003
74 77 0.06819330966862691
74 218 0.08897296095164808
74 221 0.6698137684528618
74 188 -0.005662102015735027
74 191 0.7929385175632162
74 194 0.572700755960049
74 197 0.8133750495469869
74 200 0.7439639255042114
74 203 0.05592371487000847
74 206 0.523291548102468
74 209 0.5599146487935358
74 212 0.16764108154698487
74 215 0.8868482467839973
75 78 -0.9468019418050795
75 254 -0.13858408054036264
75 257 -0.8417986219838314
75 224 -0.6150321883116694
75 227 0.3662356186519198
75 230 0.40566562983781385
75 233 0.13876208858980688
75 236 0.1886112117835248
75 239 0.5801310966320827
75 242 0.7873943235520995
75 245 0.7103189699182324
75 248 -0.04782078411648594
75 251 0.5931734220121085
76 77 0.10580261664508317
76 182 -0.09338580302115718
76 185 -0.8030776973646876
76 152 -0.21545823052892832
76 155 -0.09077603722689065
76 158 0.3044909105970066
76 161 0.4535423580458031
76 164 -0.22720267318361054
76 167 -0.482799349794528
76 170 0.6287573517740652
76 173 -0.5120183387876338
76 176 -0.5715223189082741
76 179 -0.46716516376744566
77 78 -0.469991985852531
77 218 -0.7039813743963963
77 221 0.1489604640422022
77 188 0.0322066185979164
77 191 -0.5948479759970131
77 194 0.18625456898217863
77 197 0.8593785911308691
77 200 -0.2638925907003451
77 203 0.22045754648485416
77 206 0.4133798169420939
77 209 0.71452319969572
77 212 -0.4594390403673292
77 215 -0.6373486528323893
78 254 -0.4241219944269947
78 257 -0.9237715927612558
78 224 -0.30789899115136965
78 227 0.013203663136510002
78 230 -0.5516922661511667
78 233 -0.9955105773713855
78 236 -0.37450170988603104
78 239 0.34309394700395246
78 242 -0.6189767729998046
78 245 0.26507420267102555
78 248 0.8029699335587428
78 251 -0.6011034506633761
79 80 -0.5688937136779737
79 82 0.7130743087543949
79 182 0.7061412820546336
79 185 -0.47815979851276635
79 152 -0.3000402112860605
79 155 0.6947386118847088
79 159 -0.09767283515138114
79 162 -0.8601155139701293
79 165 0.9522795320127246
79 168 0.6069898389516564
79 170 -0.9417866850656382
79 173 -0.7926182400881869
79 176 -0.8120777954680198
79 179 -0.12383950611374517
80 81 -0.6280355706284757
80 83 0.42903443578059064
80 218 0.47091243542515127
80 221 0.3359838162685769
80 188 -0.8833255119551124
80 191 0.7742588998202204
80 195 -0.19900370100705023
80 198 0.466884067416089
80 201 -0.4351051344465895
80 204 0.40031099308310414
80 206 -0.8063720027423651
80 209 0.5395020495043747
80 212 0.092275735473351
80 215 -0.018495664651685395
81 84 0.6114415413740466
81 254 -0.2788103303418241
81 257 -0.7805543371600381
81 224 0.6557133607191181
81 227 -0.49282730540172337
81 231 -0.964067152212067
81 234 0.23877400710424523
81 237 -0.2907013469212629
81 240 0.0018524596353599598
81 242 -0.4763823740708697
81 245 -0.5724395839406746
81 248 0.2571509128313967
81 251 0.47575400650123023
82 83 0.8463303779719906
82 182 -0.6659387204298204
82 185 -0.6575857687749169
82 152 0.2116414923543033
82 155 0.6389213902487527
82 159 -0.9852315149413065
82 162 -0.9083944423948642
82 165 -0.24987403814006326
82 168 -0.612550405775985
82 170 0.29074328957574513
82 173 -0.5112343726073272
82 176 0.5656221523211875
82 179 0.5378487526195423
83 84 -0.4456036768105365
83 218 0.19783590278621288
83 221 -0.9801356089930364
83 188 -0.6267182537980152
83 191 0.3319676576923678
83 195 -0.24301529942839406
83 198 0.37331876676519626
83 201 -0.8209166475995311
83 204 -0.7879314555288393
83 206 -0.48376821273513215
83 209 -0.023784798851026245
83 212 -0.9645243075633181
83 215 -0.5242731498002338
84 254 0.5368144839447826
84 257 -0.8647023509898031
84 224 -0.6314165228043362
84 227 0.2920331407700343
84 231 0.08527660661693326
84 234 0.5413836518571808
84 237 0.47727104452968216
84 240 0.6976921931318978
84 242 0.6725298717933372
84 245 0.492788518121553
84 248 0.6321657759893649
84 251 -0.6679510228795482
85 86 0.022009681433968753
85 88 -0.6405931701446663
85 182 0.8721764006893264
85 185 -0.8939396013430088
85 188 -0.66944298830942
85 191 0.46758438142371705
85 195 0.6102966126151925
85 198 -0.7706393960310092
85 201 0.6614379670565265
85 204 -0.10539702900469927
85 206 0.38886256782180806
85 209 0.35178820578509407
85 176 0.9296790524897036
85 179 -0.3247970375049567
86 87 0.43722814431235446
86 89 -0.6301586027432953
86 218 -0.6491718305463556
86 221 -0.897778005091679
86 224 -0.371134063627093
86 227 0.9713830779624011
86 231 -0.7791275249190119
86 234 -0.08555334878700838
86 237 0.5070534442727879
86 240 -0.7400256048417784
86 242 -0.8212358135400335
86 245 -0.2082210704334082
86 212 0.8696388081339468
86 215 0.6498209885036028
87 90 -0.1730184731974771
87 254 0.852698059740665
87 257 0.7550938288726392
87 260 0.9886930012535735
87 263 -0.5063660860017267
87 267 0.8688452583610011
87 270 -0.5655850169504604
87 273 -0.6810138352085628
87 276 -0.9365251436510509
87 278 0.20268041878773846
87 281 0.9188336130204997
87 248 0.27141054790199837
87 251 0.2439809860626363
88 89 0.7668949098126219
88 182 -0.5160220337923371
88 185 -0.02829988740187006
88 188 0.691729463864958
88 191 -0.44021463656516113
88 195 0.4488156979423703
88 198 -0.9496922431175818
88 201 0.9828938005022203
88 204 -0.4243427377986535
88 206 -0.8864004349058416
88 209 -0.676951848550502
88 176 0.6556438617111702
88 179 0.8935857978147261
89 90 0.5879200159919951
89 218 0.11050537222154233
89 221 -0.4553337294135764
89 224 -0.14769173406971392
89 227 -0.9942154607554756
89 231 0.13309055472931464
89 234 -0.5856220249555042
89 237 0.5757729123752977
89 240 0.543990990781188
89 242 0.9617370875190321
89 245 0.4181380967682313
89 212 -0.9467563565198014
89 215 -0.059931619091625477
90 254 -0.7211565679915737
90 257 -0.002809071694705123
90 260 0.4302711309911653
90 263 -0.6650785590400188
90 267 0.32937000999202604
90 270 -0.5059664215557469
90 273 -0.37319319443790877
90 276 -0.7350339278087934
90 278 -0.42978737539594514
90 281 0.21490214272277508
90 248 -0.5046603608736924
90 251 0.24503759806462688
91 92 -0.7193278121758397
91 94 0.8171703160028188
91 183 -0.8810964696071841
91 186 0.09503431436929732
91 189 0.44351517765684
91 192 -0.4360273654315583
91 195 -0.15965614410479212
91 198 -0.9126470471923191
91 201 -0.83303226935228
91 204 0.5923246654319327
91 206 0.5004172341338136
91 209 0.3283331768395934
91 176 -0.8712048934139198
91 179 -0.2637797437974978
92 93 -0.3583268894704523
92 95 -0.2075499623031336
92 219 -0.5549688371521513
92 222 -0.7730428743498685
92 225 -0.8647742332692057
92 228 0.22597113359056098
92 231 -0.25541585382786014
92 234 -0.5078301272187233
92 237 0.3523647735971618
92 240 0.8807079831826763
92 242 0.8635492935505182
92 245 0.05536105212659437
92 212 0.5674316658324052
92 215 -0.30258241980004374
93 96 0.5726789654252509
93 255 -0.5103354751373377
93 258 -0.09012659124761546
93 261 0.30148721219164476
93 264 0.106303146396866
93 267 0.5015140782812317
93 270 0.8289186421254282
93 273 0.9170985244743963
93 276 0.08269619735169687
93 278 0.9568016417959004
93 281 -0.06414051444218871
93 248 0.35060348183583456
93 251 -0.07777809180968243
94 95 -0.5947700416566699
94 183 0.24127683971143243
94 186 -0.8204113318979711
94 189 -0.7401443659164371
94 192 -0.1216269573872304
94 195 0.7052282372344791
94 198 -0.017486464678649893
94 201 -0.9828611154620741
94 204 -0.4694920530483844
94 206 -0.6819973763192082
94 209 0.4087901085637049
94 176 0.86503563245384
94 179 0.7588732410411951
95 96 0.4632402485915197
95 219 0.11601050826175974
95 222 0.06526414028759331
95 225 -0.36286812748015085
95 228 -0.5424786479282298
95 231 -0.9645985322999482
95 234 -0.5142565998155881
95 237 0.05561760325334797
95 240 0.036434699630344625
95 242 0.7403466363850268
95 245 -0.2533983269451454
95 212 0.14667796792899201
95 215 0.4548751462914451
96 255 -0.30429952653169634
96 258 -0.6457502501432906
96 261 0.1570600413510539
96 264 -0.24087887822520848
96 267 -0.8525801473766399
96 270 -0.06793569535204846
96 273 0.5270886403378869
96 276 -0.06141570523919149
96 278 0.5025029376660595
96 281 -0.08431477582538505
96 248 0.7755262969942762
96 251 -0.6955782904213019
97 98 -0.9111879908934715
97 100 0.5139489000857611
97 183 0.7955770677829428
97 186 0.533245317010911
97 189 0.5226080511434523
97 192 -0.514219844631048
97 195 0.3782767205741413
97 198 -0.7673087979270574
97 165 -0.9364322268203844
97 168 0.8127437403168101
97 170 -0.36642725359331507
97 173 0.7983610235349692
97 176 -0.584391435448264
97 179 0.36340146341374835
98 99 -0.06442353582415383
98 101 -0.49254956282969675
98 219 -0.29333486835809275
98 222 0.5939237166434852
98 225 0.0016782808224826695
98 228 0.11000285393588616
98 231 0.8322925675569541
98 234 -0.5728095998505269
98 201 -0.9481217742043984
98 204 0.20542657654589913
98 206 0.997918550831026
98 209 -0.13354759887196455
98 212 -0.3781660617727094
98 215 -0.9627454327121059
99 102 -0.6150078416663487
99 255 -0.6808406884781473
99 258 0.07141657888736974
99 261 0.20317890349831091
99 264 -0.5089578050322836
99 267 -0.66730981260905
99 270 -0.26491601631772577
99 237 0.028587472624963306
99 240 -0.6786554163375669
99 242 0.0851927963277328
99 245 0.8449599611391985
99 248 0.7975996859355887
99 251 -0.0957763899907913
100 101 -0.7109167587433651
100 183 -0.7069867949556887
100 186 0.5347669456239348
100 189 -0.578241705490492
100 192 0.4127868063920497
100 195 0.6762790411727055
100 198 0.22629812380477765
100 165 -0.9574769092111692
100 168 -0.4891378872664056
100 170 -0.5358999167185272
100 173 -0.29811289036395894
100 176 -0.346367289163267
100 179 -0.9434443115263778
101 102 0.15008067254234558
101 219 -0.8768787884360718
101 222 -0.7479145222253754
101 225 0.8809901208708943
101 228 -0.3944928267187804
101 231 -0.253400057918145
101 234 0.45117401573314586
101 201 -0.22127099332808187
101 204 -0.9665190038207303
101 206 -0.23035215113338414
101 209 -0.12076507575010842
101 212 -0.37465032876681015
101 215 0.28506545582725495
102 255 -0.05880156863763575
102 258 -0.8112317383990515
102 261 0.10772926403279293
102 264 -0.8432379833817625
102 267 -0.5622866009487344
102 270 0.7314245702612716
102 237 0.32085648060904326
102 240 0.23989888361606915
102 242 0.1254267203785635
102 245 0.8720726038591442
102 248 -0.8887962892843286
102 251 -0.3403932894483208
103 104 0.2593604487629033
103 106 0.3381968261700623
103 183 -0.9534232156182094
103 186 -0.5812307345745937
103 189 0.8216909817318692
103 192 -0.45523181651747513
103 195 0.873076416488402
103 198 -0.8072111847506729
103 165 -0.9895703261227682
103 168 0.0627545022469258
103 171 -0.9586602903532147
103 174 -0.28438957402249554
103 177 -0.8890059412733096
103 180 -0.544772664972669
104 105 -0.00806764050525044
104 107 -0.9602298639568019
104 219 -0.4394727589034175
104 222 -0.6646296427450258
104 225 -0.5288667744155964
104 228 0.9798856882088931
104 231 -0.5536794510062522
104 234 -0.2850629234076816
104 201 0.1117593741116849
104 204 -0.3822679842100074
104 207 -0.769125079063796
104 210 0.877430820641572
104 213 -0.29782298989153944
104 216 0.4435019737379562
105 108 -0.28309494836614935
105 255 -0.47104819683602583
105 258 0.09169681050973022
105 261 -0.5481677078130591
105 264 0.6721238265612817
105 267 0.14086352197375906
105 270 0.7010772726445837
105 237 0.971599785442105
105 240 0.222842479286534
105 243 0.620541335989248
105 246 0.681327980687126
105 249 -0.8599680020462157
105 252 0.7889185396523688
106 107 0.17857065440415876
106 183 0.6398714989575949
106 186 0.286373453345627
106 189 -0.8820509229835907
106 192 -0.021633088430732084
106 195 0.3980062996890754
106 198 0.19589682991369828
106 165 -0.9360178222900895
106 168 0.7397072139735701
106 171 0.5180973850897832
106 174 -0.6382600943313828
106 177 0.8683868209269325
106 180 0.8622902752574417
107 108 0.43282468915478156
107 219 -0.5991064170801521
107 222 -0.8884398899567734
107 225 -0.13389381458757543
107 228 -0.769336470040717
107 231 -0.32068453529811203
107 234 0.06305050304523196
107 201 -0.054953478526490684
107 204 -0.1251458721818275
107 207 -0.301925730155546
107 210 -0.892453899427678
107 213 -0.4558334462362974
107 216 -0.6919792571660328
108 255 -0.45592979974087533
108 258 -0.5366779950582767
108 261 -0.9350606239041148
108 264 -0.25576733736810153
108 267 -0.289999841134829
108 270 -0.25049694039089054
108 237 -0.20946160853447737
108 240 -0.26013452458700304
108 243 0.8810056748100474
108 246 0.18046991210649144
108 249 0.7165929334079324
108 252 -0.15152815351575244
109 110 -0.062218296726838984
109 112 0.40785201283606587
109 183 0.7258893139927802
109 186 0.3986642856249467
109 153 -0.5040621071209381
109 156 -0.3156831474189845
109 159 -0.07102347337229364
109 162 -0.8082781726058321
109 165 -0.4042131371451463
109 168 -0.6728525786371078
109 171 0.27163103112225495
109 174 -0.9357406885134809
109 177 0.308570869681263
109 180 0.8423942784350122
110 111 -0.055742086962466075
110 113 -0.7650635699766049
110 219 -0.410155868292835
110 222 -0.9470454545873941
110 189 -0.7862130366554234
110 192 -0.7033710150719505
110 195 -0.6304229410963929
110 198 -0.18992891494623287
110 201 0.7226500743448254
110 204 -0.6854249195329791
110 207 0.6081155842453208
110 210 -0.31457422017131975
110 213 -0.42143063082983434
110 216 -0.7197982793686839
111 114 -0.15059434770862556
111 255 -0.5083889865467826
111 258 -0.7957452024842329
111 225 0.17650848864070867
111 228 0.5278750490520319
111 231 -0.35897086057604155
111 234 0.9228857040963925
111 237 -0.00013644165353987603
111 240 -0.4355993520972563
111 243 -0.4834834376350343
111 246 0.8404961261960338
111 249 -0.5438990657524299
111 252 -0.6814110518691006
112 113 0.21334421524006264
112 183 -0.9633755133909256
112 186 0.7364152277094496
112 153 0.3671425982529366
112 156 -0.8833541002158669
112 159 0.4040424889103946
112 162 -0.418768018359841
112 165 0.39869783377327295
112 168 -0.7172378070163661
112 171 -0.29171720188725847
112 174 -0.20139107838467285
112 177 -0.9688507910085198
112 180 0.5117946300468394
113 114 -0.10897161242578735
113 219 -0.14489331012975093
113 222 0.12530049309754743
113 189 -0.4973245211974895
113 192 -0.4812526612464991
113 195 -0.2290001266045918
113 198 -0.5983873107601458
113 201 0.9662603406120749
113 204 -0.8106938332770985
113 207 0.10035385373043626
113 210 0.4965585232764216
113 213 -0.7981854486191111
113 216 -0.8746815244993107
114 255 0.18161754441562228
114 258 0.05537923562689473
114 225 0.029077321179092452
114 228 0.4178625282655781
114 231 0.3311976185866652
114 234 0.9064701546787637
114 237 -0.42049447856223665
114 240 -0.5365520121206779
114 243 0.42478881089837195
114 246 0.682832218197762
114 249 0.7194031147602793
114 252 0.20189239647177026
115 116 -0.33479983341401454
115 118 0.8689538832061712
115 183 -0.11869240503377898
115 186 -0.31721622751040046
115 153 0.3803929937389454
115 156 -0.21795616306522203
115 171 -0.13677806772358392
115 174 0.11093115241652418
115 177 -0.37073087249700354
115 180 0.6636871634928685
116 117 -0.5487760281861347
116 119 0.8657361761372298
116 219 0.5638859612544536
116 222 -0.5747311130860107
116 189 -0.1774689983636617
116 192 0.17437409872538256
116 207 0.6585412081697701
116 210 -0.569103171172098
116 213 -0.4838600962261119
116 216 0.3483810731947534
117 120 0.4503134796896606
117 255 0.5988282332096293
117 258 0.6367488396860883
117 225 -0.08369302288116987
117 228 -0.23137921744397105
117 243 0.24765565786233545
117 246 0.8551621300911176
117 249 0.9270312284988229
117 252 -0.4521398165468258
118 119 0.1673327209093125
118 183 0.5843129663527391
118 186 -0.033274711356417574
118 153 0.9722288641804053
118 156 0.9691924482298591
118 171 -0.806721507096889
118 174 -0.8127211341451592
118 177 0.9876563759006245
118 180 0.9780918979517379
119 120 0.23192865276292807
119 219 0.5639091153906297
119 222 -0.3367464825964448
119 189 -0.1927744419971713
119 192 0.541210587448109
119 207 -0.2615093368577115
119 210 -0.3499586090232829
119 213 -0.40248194256072356
119 216 0.6065974938410645
120 255 0.524553585560537
120 258 -0.36285595811059057
120 225 0.8479058108078323
120 228 -0.2701671940724266
120 243 -0.003207364133460011
120 246 0.53074211335813
120 249 0.0064274929107395185
120 252 0.03437767974580552
121 122 -0.5085290343669517
121 124 0.46372873444703067
121 183 0.6387548484051311
121 186 -0.5735985276213147
121 189 0.332769780216982
121 192 0.48039272813281797
121 207 0.21982417980400704
121 210 -0.8415556775011308
121 177 -0.685393915526078
121 180 -0.4110774577350498
122 123 -0.006169983263674572
122 125 -0.9286395260338067
122 219 -0.4263753501360601
122 222 -0.82664378602255
122 225 -0.6861190257125509
122 228 0.7196981024837259
122 243 -0.859873734611698
122 246 0.7740360416586414
122 213 -0.9058396493571004
122 216 0.47687684778143313
123 126 -0.2361454748347196
123 255 -0.3076112431149731
123 258 0.2435840745610749
123 261 0.8766435303516305
123 264 0.14487206527429586
123 279 0.6004998604785614
123 282 -0.8662068537554162
123 249 0.9065872613568091
123 252 0.32222272242662253
124 125 0.15529892705904103
124 183 -0.4124770498351431
124 186 0.6831715100703339
124 189 -0.9905040038634176
124 192 -0.8856534740360449
124 207 0.9932937840577134
124 210 -0.6369482294144528
124 177 0.9277606810458057
124 180 -0.7470587903637438
125 126 0.9022412389174284
125 219 0.12777802629206447
125 222 0.6076119971413574
125 225 -0.39238589912178545
125 228 0.8697865262032423
125 243 -0.4038727430002782
125 246 0.03562970506564089
125 213 0.6315403621141933
125 216 0.20585746492940205
126 255 -0.3089781288630802
126 258 -0.6481993152661805
126 261 0.06304686989790009
126 264 -0.8698621059522609
126 279 -0.1294843637439822
126 282 -0.42031819351948974
126 249 -0.7208932405890058
126 252 0.8545436076453006
127 128 -0.9409927161408851
127 130 -0.34756955691614166
127 207 0.9428637983774963
127 210 -0.9096962068194252
127 177 0.2029426168195032
127 180 -0.49053687539947943
128 129 -0.5002453101018809
128 131 0.41237732317075815
128 243 0.39356602982663946
128 246 0.3697061408334317
128 213 -0.2834653391426474
128 216 -0.6176881419026976
129 132 0.8936426361978216
129 279 0.2690130900654095
129 282 0.35093334324327685
129 249 0.3351895882061273
129 252 -0.7300996748727913
130 131 -0.7494534678978511
130 207 0.4305645623101897
130 210 0.05939339205105765
130 177 0.4025517329636348
130 180 0.5754183234663719
131 132 0.08002140500545174
131 243 0.5950056759662345
131 246 -0.7464661361764882
131 213 0.6322860265734569
131 216 0.7407949397943971
132 279 -0.2795742035683033
132 282 -0.7451496239793871
132 249 -0.49373055247070297
132 252 -0.4551808080050439
133 134 0.22421232386831846
133 136 -0.7559000832963685
133 171 -0.45588056693125956
133 174 -0.12772960643021403
133 177 0.24448701563746922
133 180 -0.7914347911127011
134 135 -0.8442544202317299
134 137 0.10529177894186614
134 207 -0.14276162385092106
134 210 0.6015555408515827
134 213 0.8552432155096203
134 216 0.6926006832974141
135 138 -0.17592205501582558
135 243 0.33676864984853916
135 246 -0.5663967803818328
135 249 0.37623351698036966
135 252 0.8406717412474685
136 137 -0.295083271257468
136 171 -0.6167639504793003
136 174 -0.46576821143619185
136 177 -0.22226674879354347
136 180 0.14943496267776313
137 138 -0.44776093870367273
137 207 0.9043783708558284
137 210 0.2256029093605212
137 213 0.12476147765283718
137 216 -0.5611843118677784
138 243 -0.4603779480637966
138 246 0.15454953176656572
138 249 -0.396018587642067
138 252 0.5353268256225749
151 152 0.8020334779437472
151 154 -0.2814606036245917
152 153 -0.781465472419455
152 155 0.42665293048565056
153 156 -0.48339011640056295
154 155 0.272151690262443
155 156 -0.21002813078794702
157 158 -0.34394691962974866
157 160 -0.4955660529355399
158 159 -0.19188348617544104
158 161 -0.8567995540435649
159 162 -0.9252657454401587
160 161 -0.3645432347437907
161 162 0.012050794962645606
163 164 -0.5742746215088619
163 166 0.95774692956175
164 165 0.5205278816696681
164 167 0.5615924629475417
165 168 -0.5826948169657629
166 167 0.08597161868957826
167 168 0.47984130647667156
169 170 0.5484865879368297
169 172 -0.9825470145198547
170 171 0.6908110911620948
170 173 0.7370608766283364
171 174 -0.4594589836753693
172 173 -0.33893889034537095
173 174 -0.18114390915621614
175 176 0.6526554773219619
175 178 -0.6021974649932642
176 177 -0.16734492943873325
176 179 0.6684259884972954
177 180 -0.05807985034094565
178 179 -0.3280541572385418
179 180 -0.7589375484443144
181 182 0.8897704765636647
181 184 0.4491032704891649
182 183 0.41894807340062434
182 185 -0.3346395548776928
183 186 0.13799828740483622
184 185 -0.5543222169275193
185 186 -0.9171919466672109
187 188 -0.6999283294282845
187 190 -0.23093764891242796
188 189 -0.9603882219726914
188 191 -0.10514492071343917
189 192 0.4928015135164554
190 191 -0.5722201995758893
191 192 0.5065204605449047
193 194 0.033643176629219784
193 196 0.4778767689000003
194 195 0.013986815852375045
194 197 -0.5352262819689539
195 198 -0.646170187599098
196 197 -0.09549193037975989
197 198 0.44842342300052174
199 200 -0.47714248656458613
199 202 -0.4009247507814806
200 201 0.7518621069284326
200 203 -0.7854425827011009
201 204 -0.9316010495989957
202 203 -0.037147273571763284
203 204 0.8655435723068019
205 206 0.35542954986616926
205 208 -0.1360138327630056
206 207 0.1661104101487807
206 209 -0.9488834324010704
207 210 -0.4529684610479816
208 209 -0.2486972470342288
209 210 -0.21775090444872203
211 212 0.20351640488205125
211 214 0.11558926001258185
212 213 0.8838410025898515
212 215 0.3490880979424016
213 216 -0.19312021583194605
214 215 0.8118325706462874
215 216 0.0001886103328894162
217 218 0.48855148873182674
217 220 -0.4422902517654188
218 219 0.15937999334355646
218 221 -0.8161339902206135
219 222 0.07204420712343795
220 221 0.33193594542975946
221 222 -0.5617466249330267
223 224 -0.7586674384385996
223 226 -0.416799062809474
224 225 -0.37748929648176
224 227 0.23791859332707954
225 228 0.6649588244034557
226 227 -0.8790407061897494
227 228 0.5481844832356444
229 230 0.09922403405032343
229 232 -0.5976386619133647
230 231 0.24972924545836572
230 233 -0.086358167901323
231 234 -0.3335057050755468
232 233 -0.867981782604631
233 234 -0.08648935903615729
235 236 -0.7799231819850434
235 238 0.38415105210251976
236 237 0.24112512413866427
236 239 -0.3739104970064151
237 240 -0.14807743394881623
238 239 -0.5787082930471703
239 240 0.9512278147561766
241 242 0.16208565167419398
241 244 -0.6785769340703547
242 243 -0.3744137665100007
242 245 -0.7888134561732127
243 246 0.2739199572371056
244 245 0.2736782889687954
245 246 -0.5289549929267428
247 248 -0.4587708804882187
247 250 0.4640505239744097
248 249 -0.13441172717075567
248 251 0.5346729918772581
249 252 -0.6119995290722424
250 251 0.4125275876988239
251 252 -0.36492068515864085
253 254 0.9037438312163777
253 256 0.19666391475668155
254 255 -0.6041477243489382
254 257 0.055340406157590394
255 258 -0.8051844740246608
256 257 -0.6274722113330227
257 258 0.08747924764154025
259 260 -0.21539503975623342
259 262 0.7338974876636928
260 261 0.7118044720953596
260 263 0.672479058656968
261 264 -0.9716432610062198
262 263 -0.5271673313370615
263 264 0.6603910238277568
265 266 -0.2776605271658943
265 268 -0.6222140073936961
266 267 -0.9346220836420405
266 269 -0.20940375750191254
267 270 0.2088238190283913
268 269 0.11809383814431085
269 270 0.6755322925763625
271 272 0.5980693284192378
271 274 -0.38960289662355674
272 273 0.7278820508246737
272 275 0.345957904786385
273 276 -0.7366701126171471
274 275 -0.883538724047622
275 276 -0.9928700606837617
277 278 0.6210201620017342
277 280 0.08464369422930362
278 279 -0.6944683385924322
278 281 -0.07315591566992996
279 282 -0.20028857060953076
280 281 0.7112900789689958
281 282 -0.012246879297902913
