# 
7 7 -3.4992884591617885
8 8 -1.545619227348345
9 9 -0.06643041234115543
10 10 3.3555766179652844
11 11 0.7705081603111852
12 12 0.386717684128147
13 13 0.7710389794150849
14 14 -2.1482394853871956
15 15 0.15995730606609637
16 16 -1.2327599347630454
17 17 3.4445865761268086
18 18 -0.38177663455280086
19 19 -1.451195606050355
20 20 -0.5347647549126542
21 21 -0.8426208730967533
22 22 -2.9145531898761154
23 23 0.4953080502950806
24 24 -0.18905760527762894
25 25 -0.2991998416908448
26 26 -0.2009543905669382
27 27 2.77769647690561
28 28 0.7810656862486107
29 29 -2.0082997626283836
30 30 1.1101178584998932
31 31 1.1977483493482781
32 32 0.8667800410005357
33 33 -0.058881579392046746
34 34 -3.271914555807541
35 35 2.205727933919814
36 36 -1.9390789071748635
37 37 1.7310824734048307
38 38 -2.13218400021941
39 39 -1.9212221278311183
40 40 -3.5294107849452825
41 41 -2.8111995111975077
42 42 -2.57669130723216
43 43 -3.932493228432871
44 44 -0.9028257988950701
45 45 -0.4714604056212588
46 46 -1.5219894661861693
47 47 -1.1594597375914732
48 48 2.567917684411878
49 49 -3.852410659644212
50 50 -3.8441011630085082
51 51 3.7567618882315745
52 52 0.5843353325371865
53 53 -1.008590083475922
54 54 1.6184637923238174
55 55 -0.2190004010801454
56 56 3.089000269175929
57 57 -3.121177642800168
58 58 3.6732088443614233
59 59 1.8740113012686797
60 60 -1.4756258865848286
61 61 2.8390967534930107
62 62 -2.216204212723042
63 63 -0.5856540718249565
64 64 -2.2932274543844455
65 65 -2.2160691037175937
66 66 -1.2931650640632881
67 67 1.7336509798748398
68 68 0.7820661399887978
69 69 1.4134878107047673
70 70 0.09300688471569263
71 71 -0.05047213224508962
72 72 1.5108791012425797
73 73 -0.5444337154110341
74 74 -3.334899937116443
75 75 -0.8914105883987311
76 76 -0.03993247201062822
77 77 -2.1005930986639996
78 78 -0.8082047724143955
79 79 1.8486319386183032
80 80 3.9942785317137313
81 81 1.9373240144924555
82 82 0.7417693983939113
83 83 3.9256741851274777
84 84 0.2996310310043171
85 85 -3.17715919762085
86 86 -0.6920546026395646
87 87 -3.225091867792191
88 88 -1.758830852629023
89 89 0.25679226423467494
90 90 -1.2536378462249687
91 91 2.759559579862329
92 92 1.7160779622139026
93 93 -2.4624511860178275
94 94 -2.408642791687317
95 95 -1.494276366002973
96 96 2.4989320243734374
97 97 -2.6172749534671587
98 98 -3.7698303239603197
99 99 1.8101183404467456
100 100 -1.8136832662629194
101 101 -3.4743380062225144
102 102 -2.0727443722390246
103 103 -1.676183011999436
104 104 3.8926924051726797
105 105 -0.2942733844309826
106 106 2.2696648818386933
107 107 0.40031578464041306
108 108 -0.34098545335502806
109 109 1.9308447696135147
110 110 3.495518498553535
111 111 0.442564974683024
112 112 1.731001341177663
113 113 -0.7829867440508513
114 114 1.4911912536111966
115 115 -2.6635213059181932
116 116 -2.1922940118770855
117 117 1.6764918362727306
118 118 2.6834091316325983
119 119 -0.514994200948923
120 120 1.7192621730310087
121 121 2.3099038334540953
122 122 3.2490139151880273
123 123 1.380795092591713
124 124 -0.8002245034691775
125 125 -2.574303098961998
126 126 2.3791720081646304
127 127 0.9957139034414171
128 128 -3.019856680710383
129 129 0.3632382425361973
130 130 -1.9729071610120732
131 131 2.4214257065278355
132 132 1.5058058975040343
133 133 1.7171832833474028
134 134 -0.6801468560784265
135 135 2.9348254774537033
136 136 1.6891857354829822
137 137 -0.19472505366362292
138 138 -3.826077278810481
151 151 -1.0131367485740643
152 152 3.9013293259233874
153 153 3.952698105077613
154 154 3.190415778568953
155 155 -3.4107331618897225
156 156 -2.4493649152247974
157 157 -1.0672534032816916
158 158 -1.7468902223429588
159 159 0.6108867136045593
160 160 -2.6983675039247537
161 161 1.1693894559630813
162 162 -3.601091584997527
163 163 -2.4807426203300658
164 164 -1.2543262940056126
165 165 1.0724047900084708
166 166 1.8359463058545877
167 167 3.8271209210304598
168 168 -2.087683744732751
169 169 -3.297248973221656
170 170 0.5925558530358668
171 171 -1.3896655399489912
172 172 0.9289248889785391
173 173 3.7527815627468097
174 174 -2.0792538217347047
175 175 1.530584892350551
176 176 3.6780873404552237
177 177 1.3713743821453752
178 178 -1.2513308131130554
179 179 3.8951404646011154
180 180 1.839535808900794
181 181 -0.2930527030273735
182 182 1.5605469756628505
183 183 -3.476606247602759
184 184 1.8709188130656145
185 185 0.7656765279004274
186 186 0.5796690557321096
187 187 -1.2249519395872523
188 188 -3.08124728646949
189 189 -2.5880760393587403
190 190 3.056637277576372
191 191 0.22955632334549847
192 192 2.3687519833797435
193 193 -0.4684869515365957
194 194 0.14815127492546676
195 195 -2.2040776080127626
196 196 -0.46602537626434426
197 197 0.8035744255074508
198 198 -1.173686909680879
199 199 1.0766197116842253
200 200 -3.572811100790071
201 201 -3.3596399346567027
202 202 0.4557097772292682
203 203 -0.061688401814201654
204 204 2.7599890029726257
205 205 2.583380781771904
206 206 -0.28478452151897926
207 207 -2.197245826280035
208 208 2.7969240649311624
209 209 0.879979533130018
210 210 3.8048201167326843
211 211 -3.951316893788448
212 212 -1.6259815243459554
213 213 -2.831102322663935
214 214 1.403772693833095
215 215 0.7275153803733527
216 216 -0.7067488883337836
217 217 2.219096037864057
218 218 -1.428190784657981
219 219 -0.7336755080736062
220 220 -2.552698428860845
221 221 3.495991871233734
222 222 -1.679240053164376
223 223 -1.4477305611191955
224 224 -3.3527175123154667
225 225 2.52021900885327
226 226 -1.7877408367050087
227 227 -2.8705337387157748
228 228 1.219806912461343
229 229 1.3554168164999956
230 230 1.1678474155891658
231 231 -3.776823933440271
232 232 3.9556226756039017
233 233 -2.647911849334971
234 234 -0.9781374672857384
235 235 2.7610810982603615
236 236 2.4778246322205995
237 237 2.200691864726771
238 238 1.1480366026828008
239 239 2.770150678898749
240 240 3.655970973374761
241 241 0.3483508646306719
242 242 -2.630787903433366
243 243 2.073882514014322
244 244 2.8824637614993485
245 245 0.8207135073857268
246 246 -1.7083978339412962
247 247 1.6909033927462591
248 248 3.670758555229992
249 249 -2.870605427419717
250 250 0.8742511954829153
251 251 0.7487118655634077
252 252 1.44665522019827
253 253 0.14411297865527484
254 254 -3.469493029883707
255 255 -0.14501711263459427
256 256 2.489368022570435
257 257 3.8807286411197
258 258 -1.2424774210692036
259 259 2.1283556358064404
260 260 2.9386127029823754
261 261 3.0516240160441814
262 262 0.7758343030848671
263 263 -3.7489816238602414
264 264 -0.10203853416263442
265 265 3.675810432750165
266 266 0.5635115277477851
267 267 1.1562758262130775
268 268 0.7678389553100438
269 269 1.5496944505276575
270 270 2.500931506352855
271 271 -2.9928567528897334
272 272 2.948379180514179
273 273 -1.8862818615660686
274 274 3.9362619086761166
275 275 1.28688677043092
276 276 -0.688849755056598
277 277 3.5218539105122497
278 278 -0.7285659256779304
279 279 -3.3391975123832944
280 280 -2.3598185243554752
281 281 0.7663079447251633
282 282 -2.8033159266449346
7 8 -0.9498647610122315
7 10 -0.3118359120246601
7 157 0.16793149243064143
7 160 -0.22231126266301215
7 163 0.4274541980567672
7 166 -0.239028526916935
8 9 0.6279954541977442
8 11 0.34543486507211485
8 193 -0.480854258831074
8 196 0.4850426395937335
8 199 0.9933820961182305
8 202 0.3059303630748891
9 12 -0.6968166204749981
9 229 0.5322625661688616
9 232 -0.3414178811372346
9 235 0.6687619905157742
9 238 0.7785563443084325
10 11 -0.9088967264887273
10 157 0.3953647997859775
10 160 0.9536464090262073
10 163 0.9148503660389409
10 166 0.06629214504125258
11 12 -0.4852894903915508
11 193 0.7193155116864665
11 196 0.2448396637824939
11 199 -0.6009004337847916
11 202 0.7516545554989031
12 229 0.4598585826764663
12 232 0.0800937548397811
12 235 -0.030710833526410575
12 238 0.17889408977738452
13 14 0.0257423378316326
13 16 0.2648407734847553
13 193 0.49147963814034257
13 196 -0.1524761556537788
13 199 -0.36537072537122883
13 202 0.0039219590531511805
14 15 -0.6466290452208803
14 17 0.5429220742871701
14 229 -0.4072946887851576
14 232 -0.3722101302278651
14 235 -0.4125203047506929
14 238 -0.07704535775445787
15 18 0.3526910944888173
15 265 -0.7947088109314706
15 268 0.0808062117262136
15 271 0.3318320937547561
15 274 -0.6506535611572244
16 17 0.8349321135870236
16 193 -0.8033900873454536
16 196 0.8424756277781236
16 199 -0.9797083450665949
16 202 -0.9497447120753764
17 18 0.4120133287290977
17 229 -0.9924295163209083
17 232 -0.49505052630604474
17 235 0.6519094684402016
17 238 0.8832970677200145
18 265 -0.5268279453609956
18 268 0.23460489923997052
18 271 -0.11836071041371277
18 274 0.4829870067606423
19 20 -0.5360984208489652
19 22 0.20988630519867146
19 181 0.886581418004996
19 184 -0.7994558712001043
19 187 0.8183849482907906
19 190 0.24074148867840828
19 193 0.2734390104409976
19 196 -0.11354034976237792
19 199 -0.3546102722761719
19 202 -0.7929691243014243
20 21 0.7139574726315909
20 23 -0.5138263756116939
20 217 0.8678431557813244
20 220 -0.8219087886318774
20 223 -0.9999928064930219
20 226 -0.1479246793479132
20 229 0.26177050127252866
20 232 0.5258353967812752
20 235 -0.4843502474216126
20 238 0.38859620337058565
21 24 -0.9469270997556747
21 253 -0.90224462851016
21 256 -0.901910591673553
21 259 0.06967968495574262
21 262 -0.08226740954605227
21 265 0.4633439317665282
21 268 -0.6395923312343592
21 271 -0.6631739335424935
21 274 0.3986132377430973
22 23 -0.6708916017569668
22 181 0.1808090192448426
22 184 -0.2794462331221841
22 187 -0.39880726450292747
22 190 -0.7249059650233933
22 193 0.25841451319000397
22 196 0.5362232225438708
22 199 0.9996673113712169
22 202 0.6767188105147373
23 24 0.730196769779651
23 217 0.06068583176390585
23 220 0.6561714141863921
23 223 -0.686103042787962
23 226 -0.4006945719315398
23 229 0.4273297067534696
23 232 0.6217193073568184
23 235 -0.8735156847871148
23 238 0.7112572235922598
24 253 0.2836420080455502
24 256 -0.2946498692255053
24 259 0.6146920682284169
24 262 0.8253198193559079
24 265 0.9314021942969304
24 268 -0.7268633213871811
24 271 0.010426378764435862
24 274 -0.8233785022123628
25 26 0.21149988359652516
25 28 0.7256412337434548
25 181 -0.7453257994906353
25 184 -0.8726429696420768
25 187 -0.45917572751678426
25 190 0.24589992875432465
25 193 -0.22435247773983202
25 196 -0.7351257660929513
25 163 0.6782488404759546
25 166 0.6089850942064929
26 27 0.9583346346085808
26 29 0.03265408674755221
26 217 -0.13845433086910974
26 220 -0.10511494777850228
26 223 -0.7263119461295184
26 226 -0.2618735698733683
26 229 -0.6409617550046041
26 232 0.8313921167750538
26 199 0.6239617882868878
26 202 -0.7815016530528782
27 30 0.0853792623265135
27 253 0.10949517064874104
27 256 -0.23780183855605141
27 259 0.1909073741315359
27 262 0.07612202319758343
27 265 -0.9760082458777202
27 268 -0.45030769470244025
27 235 -0.3774497198891891
27 238 -0.8244571834950927
28 29 -0.5188371561873744
28 181 -0.864353938056057
28 184 -0.5455263193172919
28 187 -0.04606498023811412
28 190 -0.2539871967061069
28 193 -0.08256864117463936
28 196 -0.3238651700281723
28 163 -0.7471072406572943
28 166 -0.4884500880858704
29 30 0.01779537000636089
29 217 -0.9990743351541731
29 220 0.3593414642294708
29 223 0.4535592342737105
29 226 0.24184701008142562
29 229 0.4338472828609421
29 232 -0.29787630194005743
29 199 0.9892275223153064
29 202 0.153667586503617
30 253 -0.22868483606717227
30 256 -0.4957503672165742
30 259 -0.8392894790898076
30 262 -0.8842167140568997
30 265 0.6453957037969129
30 268 0.6266895476313554
30 235 -0.3271500886779024
30 238 -0.48889728645606545
31 32 -0.9281027205083481
31 34 -0.6041045976887653
31 181 0.9639725991022723
31 184 -0.025794402283739304
31 187 0.2986796561340712
31 190 0.10148587800752562
31 193 0.39458482805245176
31 196 0.011241298148215728
31 163 -0.9852258984173143
31 166 0.7646671131305574
31 169 0.717139171779382
31 172 -0.20960584683929628
31 175 -0.697504534125037
31 178 -0.716357239930842
32 33 -0.43343216734180556
32 35 -0.07419421624229905
32 217 0.2808702059288366
32 220 0.6662059548773058
32 223 0.20883645080401947
32 226 -0.5899218108243245
32 229 0.40320819972643895
32 232 0.9736217070879387
32 199 -0.7644514324812539
32 202 0.1729095225709012
32 205 0.6248452239715845
32 208 0.7608231269270762
32 211 0.886016805333403
32 214 -0.7835744101058348
33 36 0.10510199244750229
33 253 -0.2655677134829231
33 256 -0.11713487696199754
33 259 -0.5504076802027245
33 262 -0.38867227060799237
33 265 0.9507508601030379
33 268 -0.340094954115679
33 235 0.19843899737253778
33 238 0.2599351244215993
33 241 -0.7902321885174926
33 244 0.5104652246133925
33 247 -0.7521798166961928
33 250 0.5298222170644777
34 35 -0.18026683284432687
34 181 -0.9686008929975822
34 184 -0.12090794583139108
34 187 0.20577166678192538
34 190 -0.6403247723902963
34 193 -0.9822511058487626
34 196 0.17861623503679236
34 163 -0.1261156969145767
34 166 -0.7291019922420048
34 169 0.48434804693772127
34 172 0.5831530707408861
34 175 0.8744943988262261
34 178 -0.3362088851575882
35 36 -0.970293823787483
35 217 -0.05785851128400932
35 220 -0.6402418717120428
35 223 0.1453190048148174
35 226 -0.3903075554887556
35 229 0.48830620730299623
35 232 0.05048961759453641
35 199 -0.7067577723689011
35 202 0.7298399843524568
35 205 0.2782680692038433
35 208 -0.6342076731340873
35 211 -0.24659368573525087
35 214 -0.5850774085250361
36 253 0.8194210537330537
36 256 0.2783645457222481
36 259 -0.594399879858976
36 262 -0.15716974803354833
36 265 0.97918994535108
36 268 0.7159933190085597
36 235 -0.18456625793252202
36 238 -0.12032064773793993
36 241 -0.8579629963856725
36 244 0.417588841530504
36 247 0.15916937922585728
36 250 0.46812477506266537
37 38 0.5146865135035317
37 40 -0.3089526549684001
37 181 0.6688630667863029
37 184 0.0387009176234272
37 151 -0.7722205214722608
37 154 -0.005898798792726367
37 157 -0.370356021106621
37 160 0.5233023810375332
37 163 -0.08851541584935796
37 166 0.06657637285956097
37 169 -0.5792365066217415
37 172 -0.5589026507029651
37 175 0.5025751129268186
37 178 0.8019698241458435
38 39 0.5665552589133973
38 41 0.1833722909210076
38 217 0.2409859478291514
38 220 -0.08232729412153228
38 187 -0.8034610059240688
38 190 0.8193965807723556
38 193 0.29887922271697986
38 196 0.7064235041929203
38 199 -0.9352310325180144
38 202 -0.07462166225732969
38 205 -0.02505328165490539
38 208 -0.5592412534065503
38 211 -0.3240272806055591
38 214 0.8051696241447155
39 42 0.3188512991127759
39 253 -0.4636822387973485
39 256 0.8426680124931427
39 223 -0.23226097697564208
39 226 -0.27385355036978143
39 229 -0.3162379944788538
39 232 0.8217944131572352
39 235 -0.5124732098440778
39 238 -0.920862050084557
39 241 0.7486472135474072
39 244 -0.536125379949606
39 247 -0.021655646162972886
39 250 -0.8503431223717024
40 41 -0.9618555486530869
40 181 0.9315244668802312
40 184 0.5457167699729901
40 151 0.5312009096542878
40 154 -0.6241687422019935
40 157 0.5779622310752117
40 160 -0.40613581709409186
40 163 0.5258265283342178
40 166 0.3770418837985521
40 169 -0.7065327177830809
40 172 0.37690565847112656
40 175 0.9381454287443549
40 178 0.35468763975999007
41 42 0.018389406928699614
41 217 0.8468595795461777
41 220 -0.6324848907405181
41 187 -0.5345906999175718
41 190 0.11958495641987077
41 193 0.6865739802516464
41 196 -0.7655905078948839
41 199 -0.21350053074491782
41 202 0.10474551443561486
41 205 0.3443409822530712
41 208 -0.5083132929634406
41 211 -0.987642811634815
41 214 -0.9524447713323181
42 253 0.013297859254396416
42 256 0.6064134299577644
42 223 -0.5849176958246434
42 226 -0.4234707076121289
42 229 0.9931464042762217
42 232 0.005828430995021394
42 235 0.38711281709252265
42 238 -0.2002277878556078
42 241 -0.8416851982133045
42 244 -0.12985498088994407
42 247 0.0960602106824644
42 250 -0.15910437285547285
43 44 -0.016912995931507302
43 46 0.6476760591737183
43 181 -0.8610917874993054
43 184 0.7915533005513464
43 151 -0.46240879522442313
43 154 0.44785753207103274
43 158 0.8241683833366547
43 161 0.06452893930714643
43 164 0.020284600261035957
43 167 -0.23461453718587455
43 169 0.3330821090642391
43 172 0.6270828293282213
43 175 0.7887218781228773
43 178 -0.9346426261880272
44 45 -0.01915724670842489
44 47 -0.05970863953770622
44 217 -0.23819012792402794
44 220 0.2934342135676835
44 187 0.45603488841805984
44 190 0.020438470939506903
44 194 -0.46174497861167363
44 197 0.303026208847909
44 200 -0.2404255604842993
44 203 0.6507301871049147
44 205 -0.37507789896484645
44 208 0.36653469401189076
44 211 0.8470921693509659
44 214 0.5217338229069732
45 48 0.051901979799305664
45 253 -0.22004113384547974
45 256 -0.03718483247849291
45 223 0.9408869476953505
45 226 -0.10136661796773505
45 230 -0.028098413909465547
45 233 -0.025978358318097916
45 236 -0.828437604015732
45 239 0.2664615850365377
45 241 0.35746173997868125
45 244 0.5867118153545376
45 247 0.5495121684937339
45 250 0.6633553688020368
46 47 0.28017347082664323
46 181 0.4905468803978281
46 184 0.9925873565135162
46 151 -0.20285577440303126
46 154 0.38091144248107556
46 158 0.2864817345873587
46 161 -0.6748870859043701
46 164 0.22082265052790118
46 167 -0.08931881270038056
46 169 -0.5460478694464395
46 172 0.3825800398104846
46 175 0.24090540316900833
46 178 0.13082423613592264
47 48 0.25540512792404213
47 217 0.04068012018469003
47 220 -0.09643529536066442
47 187 -0.6392200421768837
47 190 0.0935760935692691
47 194 0.3629935167869651
47 197 -0.9154794096526504
47 200 0.04486961760271613
47 203 0.019114412337392306
47 205 0.912042004277269
47 208 -0.13281946216156104
47 211 -0.5764524580410149
47 214 0.042077878182330775
48 253 -0.3926536758252237
48 256 0.35531535657089486
48 223 -0.17280410065207397
48 226 0.43635709436766823
48 230 0.6219432090972881
48 233 0.11022325693307877
48 236 0.28375426740616017
48 239 0.6703944800973434
48 241 -0.6121897753926342
48 244 -0.6995821732598757
48 247 0.11732944481227703
48 250 -0.621686350780263
49 50 0.9247483463320518
49 52 -0.2604392464600862
49 181 -0.1081034627148234
49 184 -0.30915204694175813
49 187 0.3990226727162498
49 190 0.2888454346683782
49 194 -0.982726821759935
49 197 -0.45068573604616047
49 200 -0.38017701769073753
49 203 -0.7227365174041576
49 205 -0.31554183125183677
49 208 -0.09874802828565254
49 175 0.6098797633565449
49 178 0.22769075536212324
50 51 -0.5183846213415644
50 53 0.6470743497082077
50 217 -0.8161381233525282
50 220 0.21607234314996693
50 223 -0.7220689816985544
50 226 0.02325376382740596
50 230 -0.0774553604666508
50 233 -0.12298956748660439
50 236 -0.40238364712123564
50 239 0.11751483995080969
50 241 -0.1477935732087461
50 244 0.8512637551036002
50 211 -0.9789720988724067
50 214 -0.20327749056054278
51 54 0.9621495986195947
51 253 -0.8168231551257881
51 256 -0.928640226644587
51 259 0.60944273995381
51 262 -0.8535590852709518
51 266 -0.9016184265731242
51 269 -0.6123688241994643
51 272 0.46917352060952466
51 275 0.9189569792654135
51 277 0.7905225157641482
51 280 -0.44999984248810865
51 247 0.05005462350086387
51 250 0.10447231974568494
52 53 0.46129956297289687
52 181 -0.6781032906023843
52 184 0.65284600388579
52 187 0.15777350749291896
52 190 -0.4802393559460405
52 194 0.8418759015329265
52 197 0.8525172116437416
52 200 0.29520915747777776
52 203 0.22785159823927548
52 205 0.19160451086419217
52 208 -0.7559426809472138
52 175 -0.16449930364563214
52 178 -0.7587836002026835
53 54 0.4403736255203472
53 217 -0.07213296110107481
53 220 -0.8154910029700655
53 223 0.21798064473744638
53 226 -0.0032922932933947546
53 230 -0.8546703417113328
53 233 -0.025032524295863334
53 236 -0.7303053371983728
53 239 -0.6620424970788361
53 241 0.8547241335225539
53 244 0.24964849013982437
53 211 -0.3970092693552709
53 214 -0.9275811215300607
54 253 -0.2604616213105977
54 256 -0.0770496059806316
54 259 -0.17477966673339762
54 262 0.1876729285753016
54 266 -0.6853107377761709
54 269 0.8772694405795272
54 272 -0.10604241657018987
54 275 -0.5089136769703828
54 277 0.9050800158821208
54 280 0.20061397157854466
54 247 -0.5083163189535087
54 250 -0.8485681324061618
55 56 -0.012688137292980128
55 58 -0.5786146147424605
55 182 -0.2718613020529159
55 185 0.4490727250957016
55 188 -0.41213708511845537
55 191 0.7073225308321787
55 194 -0.4360438100073707
55 197 -0.41994745264696154
55 200 0.7021148545667131
55 203 0.7232672003352132
55 205 0.6172286143771657
55 208 0.6755650955978907
55 175 0.20769044712456486
55 178 0.5935813843431619
56 57 -0.0437143636417594
56 59 -0.4529988840423731
56 218 -0.9101559831542343
56 221 -0.7661113171900082
56 224 -0.8211835197936288
56 227 0.5769457362299057
56 230 -0.8401977601469361
56 233 -0.9785481283858286
56 236 -0.12323007121212992
56 239 -0.24996781554252512
56 241 -0.6660103414569829
56 244 -0.6595295116647213
56 211 -0.5632296801563257
56 214 -0.29679867705974416
57 60 -0.5631060146286042
57 254 -0.9962902293188982
57 257 -0.4722364367830534
57 260 -0.8139494416101234
57 263 0.9406719905577665
57 266 0.7456145562046328
57 269 0.8927704235584624
57 272 -0.2755604609577538
57 275 -0.721580369140052
57 277 -0.7068481746360475
57 280 -0.811145144360834
57 247 -0.2739445868070973
57 250 0.39919171497139083
58 59 -0.014501426660453287
58 182 0.0003672969506187673
58 185 -0.9048103972718966
58 188 -0.013196852619467903
58 191 -0.4635869628375118
58 194 0.24690993126443206
58 197 0.043317000359025526
58 200 -0.9333689172734816
58 203 -0.8530578987242847
58 205 -0.4801950888667341
58 208 0.5988083739471923
58 175 -0.27526888733416155
58 178 0.5569997732884495
59 60 0.29732233583066914
59 218 -0.6526428168487606
59 221 0.342915231445053
59 224 0.04150974862440093
59 227 0.8397252915351738
59 230 0.09675161432500157
59 233 0.841136628013518
59 236 0.7644664845236238
59 239 0.474950384330626
59 241 -0.17775425546022805
59 244 0.5494878533319916
59 211 0.10693659944416112
59 214 0.527736522890512
60 254 0.2921440853534545
60 257 -0.17674762984071313
60 260 -0.19175813232940442
60 263 0.38177768729225225
60 266 -0.07279321175722542
60 269 -0.4339736302264092
60 272 0.1725562381994552
60 275 -0.8609559935301649
60 277 -0.7924107585105411
60 280 -0.7298940127318856
60 247 0.061140451427844855
60 250 -0.25813319812947233
61 62 0.4409052923938539
61 64 0.9083985988971566
61 182 0.5909629413886883
61 185 0.9088076420768019
61 188 -0.8293265112300803
61 191 -0.1676468665565083
61 194 0.08726675852840993
61 197 -0.23881773508960946
61 164 0.6790254039907837
61 167 0.8803457420883449
61 169 -0.6311574155008202
61 172 -0.9612019922711621
61 175 -0.9742324882830506
61 178 0.43128920249610836
62 63 0.8757024629047909
62 65 -0.4524152624995468
62 218 -0.44046507333558926
62 221 0.22042386844078932
62 224 0.5894205814994642
62 227 -0.2860359088248039
62 230 0.8445492946274136
62 233 0.989114536520012
62 200 -0.27419541530206626
62 203 0.08023695213096538
62 205 -0.6542680115654416
62 208 -0.4931628019008767
62 211 -0.47024787844129823
62 214 0.061957771632764835
63 66 -0.6924002420316095
63 254 0.9813875965930556
63 257 0.8931685293306855
63 260 -0.9710458330358167
63 263 0.3893257214521737
63 266 -0.4330058720816168
63 269 -0.4138556046836366
63 236 0.9991923803644891
63 239 -0.862102278998075
63 241 0.9731539367163018
63 244 0.5589704723721165
63 247 -0.7022544042924066
63 250 -0.40588965417803613
64 65 -0.8033196957114026
64 182 0.5231730312853802
64 185 0.7647776352812945
64 188 0.8481612511553294
64 191 0.5259400784800208
64 194 0.2604622163129249
64 197 -0.7923321273872985
64 164 0.923222078674306
64 167 -0.11513082965286636
64 169 -0.7132781002194031
64 172 -0.30682450344432155
64 175 -0.7694437988761629
64 178 0.544215427989744
65 66 -0.48349809013710154
65 218 -0.9012104171839919
65 221 -0.1672767846542449
65 224 0.16441033141725003
65 227 -0.7318777220935262
65 230 0.3829100889931385
65 233 0.6533474469682561
65 200 0.21102697957919636
65 203 0.6979515453901219
65 205 -0.9645320554202341
65 208 -0.08840318861789043
65 211 -0.6688714668587896
65 214 -0.4034801645088979
66 254 0.7830140011178073
66 257 0.4489355323795259
66 260 -0.20458799521129412
66 263 -0.3743334955870825
66 266 0.574870789307351
66 269 -0.18415655620277627
66 236 -0.8267701064010122
66 239 0.8252028494922454
66 241 0.30368542045220703
66 244 0.6395593375864512
66 247 0.5322037759342717
66 250 0.7210127879616941
67 68 0.127977274388426
67 70 -0.4195488526744553
67 182 0.16638489993236405
67 185 0.3337798293852119
67 188 -0.792873377333206
67 191 0.8007108791222284
67 194 -0.977171552980429
67 197 0.5899381163050308
67 164 -0.7443928820365067
67 167 -0.761531300306143
67 170 0.9201173317250733
67 173 -0.3624018266549236
67 176 -0.5042776316750337
67 179 -0.6026525680978208
68 69 -0.24943563060710283
68 71 0.34438521633371244
68 218 0.3275719490621125
68 221 0.2511775340239908
68 224 -0.4768358271665474
68 227 -0.6918758729318013
68 230 0.27396376751510365
68 233 0.775144751303152
68 200 0.8709258428374693
68 203 0.29544137259561465
68 206 -0.5982688139583983
68 209 0.21931094597813017
68 212 0.6986920768219915
68 215 -0.7886172532682161
69 72 0.3817058397407638
69 254 0.4782790406288733
69 257 0.9227589850829336
69 260 0.911874366874885
69 263 0.628804516477117
69 266 0.43079925400928065
69 269 0.8080915554579833
69 236 -0.97420713801099
69 239 0.97439257821281
69 242 0.6089645936381185
69 245 -0.177039305684215
69 248 -0.06255148938589916
69 251 -0.8318365181522493
70 71 -0.31537801030630086
70 182 -0.5357770882161224
70 185 -0.7753723156208729
70 188 0.10711147054429104
70 191 -0.5010953140134153
70 194 -0.6352591007357866
70 197 -0.47726688862247935
70 164 0.20084752594951505
70 167 0.1003293986663063
70 170 -0.4660109825885228
70 173 -0.24856207380745476
70 176 -0.9941424181769734
70 179 -0.6414576318118186
71 72 0.42939290826828436
71 218 -0.9930157184016382
71 221 0.394422040472056
71 224 0.7101138241489999
71 227 0.9239052222832853
71 230 0.054800233235535734
71 233 0.11549012313489859
71 200 0.7816682151718657
71 203 0.6931499352060073
71 206 0.30418322996521097
71 209 -0.27349669274035193
71 212 0.34138819640226603
71 215 -0.6285363399099098
72 254 0.22896625073306898
72 257 -0.7967077092565438
72 260 -0.4488458663791086
72 263 0.5006339758796414
72 266 0.6845610423021526
72 269 -0.7776954267967753
72 236 -0.028070255268066502
72 239 -0.9205580267833304
72 242 0.44136447597937
72 245 -0.7098672921349078
72 248 0.33226522284268767
72 251 0.1564314873289807
73 74 -0.07260562772170531
73 76 -0.5647433663913348
73 182 -0.5038875612447371
73 185 0.3006875269066993
73 152 0.5573117463126469
73 155 0.09056701117176402
73 158 0.9258434696822977
73 161 0.3677564053730693
73 164 -0.06917197058689317
73 167 -0.12997595976113407
73 170 0.4838927493557339
73 173 -0.43065769889563743
73 176 -0.4097447803597085
73 179 -0.35445634612354904
74 75 -0.49828257172855994
74 77 -0.797651831656196
74 218 -0.18451668493690043
74 221 -0.48395155859101546
74 188 0.12080929123533046
74 191 -0.30939511842763756
74 194 -0.6185425401500455
74 197 0.32807398091748485
74 200 -0.8340575535854065
74 203 -0.46575843298832487
74 206 0.9211888170382418
74 209 -0.45131383046546314
74 212 -0.8114281422334979
74 215 -0.5109252534106639
75 78 -0.2054926037687126
75 254 -0.09775938638930959
75 257 0.2240487721017621
75 224 0.3433307105761221
75 227 -0.12403649074017675
75 230 -0.17752410806542374
75 233 0.8891646859623303
75 236 -0.39861124033486983
75 239 -0.44197025810808177
75 242 -0.7881071619066169
75 245 -0.31100350994802306
75 248 0.5040427911372911
75 251 0.1725323714259912
76 77 -0.3316625599283376
76 182 0.7370968260812456
76 185 -0.4856311700888818
76 152 0.4583982950938914
76 155 -0.4356352398647554
76 158 -0.0717335633917009
76 161 -0.46611208401238247
76 164 -0.512265752751988
76 167 -0.09317159433514233
76 170 0.6973800466798517
76 173 0.12057832569149762
76 176 -0.38446300089744834
76 179 0.7528038277307938
77 78 0.4739342394533388
77 218 0.9168786943649061
77 221 -0.885317978263986
77 188 0.18706359493321356
77 191 -0.03375379484818586
77 194 -0.5610163134440767
77 197 0.8442271443139999
77 200 0.621297366677172
77 203 -0.4317453938617317
77 206 -0.06224419135805692
77 209 -0.8867578141337131
77 212 -0.5017385572510915
77 215 -0.9944159284545959
78 254 -0.7609686780005382
78 257 -0.6146184878278897
78 224 0.4634794088996155
78 227 0.9008386881872343
78 230 0.505367225013351
78 233 0.21738939063710516
78 236 -0.5481136059983232
78 239 0.9986416818895918
78 242 -0.37027410741264166
78 245 -0.12436651724989334
78 248 -0.26682608240452144
78 251 0.23421907886294635
79 80 0.26277276292927554
79 82 -0.5484474659747662
79 182 -0.01800770754791947
79 185 0.2651209778828745
79 152 0.931080949450779
79 155 0.7622495179564941
79 159 -0.6010981617041942
79 162 0.8095212555041436
79 165 0.740136290906491
79 168 0.18494724594357792
79 170 0.5230339403421009
79 173 -0.8351309684227262
79 176 -0.8938430360191985
79 179 0.2597248352017687
80 81 0.008066872734038277
80 83 -0.15442597390500956
80 218 0.6528490499823187
80 221 0.047368315970283126
80 188 0.39792695850947624
80 191 0.17958427634931873
80 195 -0.030769070150558075
80 198 -0.2584042778113773
80 201 -0.4730291652077232
80 204 0.10724153313954532
80 206 -0.40177002441148946
80 209 0.0011218350187807147
80 212 0.11164645049902933
80 215 -0.4851068070277673
81 84 -0.4098753634302046
81 254 0.36028609287303337
81 257 0.8072831584161317
81 224 -0.18294938538613748
81 227 -0.09453866883901352
81 231 0.22434880737155782
81 234 0.5315383156628526
81 237 0.023972244356502692
81 240 0.7996768646151537
81 242 -0.785304160034263
81 245 0.3607399113463372
81 248 0.2426617247032401
81 251 -0.6753390690310113
82 83 0.9443327888459296
82 182 -0.18463095642751592
82 185 -0.6584739853009385
82 152 -0.6935348980605147
82 155 -0.21688827831470125
82 159 0.6255673038728995
82 162 -0.6413547187421833
82 165 0.09287100532279235
82 168 -0.841165593036509
82 170 -0.8095284650820107
82 173 0.8585177410114913
82 176 -0.26588799773305105
82 179 -0.510619215676104
83 84 -0.165725376231582
83 218 0.7900077943229602
83 221 0.3863542771518871
83 188 0.14053646645537543
83 191 -0.2885101776410455
83 195 0.6957854574437861
83 198 -0.2766982046619533
83 201 -0.8179963510880564
83 204 0.9893338625847459
83 206 0.4961340077547651
83 209 0.8335234328418426
83 212 -0.09361965008901829
83 215 -0.28103271971304356
84 254 0.9122984726380539
84 257 0.846857470843283
84 224 -0.7005882489362434
84 227 0.46526372819955264
84 231 -0.6247518268212913
84 234 0.017897508951076224
84 237 -0.023769160792527222
84 240 0.5641576220482232
84 242 0.33936167903003733
84 245 0.4304462491115444
84 248 -0.6305537235482874
84 251 -0.36670592968669724
85 86 0.026448469074177527
85 88 0.014987478486337746
85 182 -0.8297201443650633
85 185 0.5180896316585624
85 188 0.3941428799870139
85 191 -0.15369620008382534
85 195 -0.273402569758584
85 198 0.00777523558148574
85 201 -0.6854070740238254
85 204 -0.4692552390897673
85 206 -0.7842890951268393
85 209 -0.06157633811278762
85 176 -0.5247932051282589
85 179 -0.8945996427854213
86 87 0.2669452442124396
86 89 0.8782427518029645
86 218 -0.3192468139838731
86 221 -0.9403929029730509
86 224 -0.6856727059323764
86 227 -0.5995792168976524
86 231 0.6108495800028317
86 234 0.2844839281404048
86 237 0.5505074963156875
86 240 -0.8702105786782246
86 242 0.7368663469396393
86 245 0.5872386038731765
86 212 0.39420070228942405
86 215 -0.9477209375202826
87 90 0.5177713831080695
87 254 0.10709792123056183
87 257 -0.007512733775997038
87 260 0.489223271369273
87 263 -0.9328317539509681
87 267 0.6558752446507785
87 270 0.26548711972181294
87 273 -0.5175811253086353
87 276 -0.654542661291585
87 278 -0.11829247050536984
87 281 0.7051033963417561
87 248 0.7611326612045533
87 251 -0.15736355224365073
88 89 -0.398751397483597
88 182 -0.30160877053969326
88 185 -0.8011777386408065
88 188 -0.7494303896994934
88 191 -0.7525679067429265
88 195 0.8218068452840002
88 198 0.7717801216091209
88 201 -0.2441114948615788
88 204 -0.38954444029841695
88 206 0.1421293586137864
88 209 -0.7602582328064098
88 176 -0.6413241106975489
88 179 0.7272133231666693
89 90 0.2936333980656629
89 218 0.0026239126513678546
89 221 0.047529053459578696
89 224 0.37035566509863616
89 227 -0.4433501886423299
89 231 0.9160555928272385
89 234 0.790692361791433
89 237 -0.47723358827297346
89 240 -0.7468443316199604
89 242 0.5320895941570689
89 245 -0.022767716614179312
89 212 -0.42299112141878537
89 215 -0.829193917615805
90 254 -0.8647033706561245
90 257 0.088982680632403
90 260 0.7292129829581033
90 263 0.4840224469943859
90 267 -0.4832009567386324
90 270 0.47583053319727253
90 273 -0.48423867402139487
90 276 0.5517996198155595
90 278 0.40729126485163514
90 281 -0.8050449620304032
90 248 0.6008483467014534
90 251 0.06795346941290026
91 92 -0.37738831167164344
91 94 0.9183000685158884
91 183 0.3716435809215315
91 186 0.7463343552852093
91 189 0.4658639415798198
91 192 0.8073083294413768
91 195 -0.04378773033947403
91 198 0.6616880324344834
91 201 0.6908657088366519
91 204 -0.7102260418931625
91 206 -0.7251055740254895
91 209 0.442211128417048
91 176 0.5552442841494822
91 179 -0.4917428338036578
92 93 0.502954968451317
92 95 0.6462518728322026
92 219 -0.01370180843215385
92 222 -0.6467183274782478
92 225 -0.2762320778902072
92 228 -0.5797005867674143
92 231 0.003509594280121986
92 234 0.16250597619899998
92 237 0.47989492398880396
92 240 -0.32180005986291427
92 242 -0.7693520874454618
92 245 0.500683690837457
92 212 0.9912046864320079
92 215 0.3291786250663853
93 96 0.5657665896367554
93 255 0.4730286146824316
93 258 -0.1110596361717926
93 261 0.09248623081693919
93 264 -0.9474278673188654
93 267 0.28721985804955974
93 270 -0.9404900766351434
93 273 0.4607212440865709
93 276 0.5379270308850512
93 278 -0.45165588301699344
93 281 0.7099074310179951
93 248 -0.39113567354977197
93 251 -0.5196605396503544
94 95 0.07323586779878699
94 183 -0.29868716705872345
94 186 0.3595923265051235
94 189 0.9095123170220256
94 192 -0.6803196926068147
94 195 -0.7738657187456668
94 198 0.9048233602455322
94 201 -0.7495329718731496
94 204 0.11234697164525476
94 206 0.5656304183438001
94 209 0.0848184296564618
94 176 -0.5926077401649685
94 179 0.844687716508409
95 96 0.8543521636534015
95 219 -0.17334073868406774
95 222 0.35020279195201254
95 225 -0.8643283748754951
95 228 -0.47048699337748
95 231 -0.2072247520981303
95 234 -0.07129784215215218
95 237 -0.5060422286539263
95 240 -0.5697648847388732
95 242 0.35755241988495756
95 245 0.33810320968138186
95 212 -0.7065193094616666
95 215 0.1044643656729356
96 255 0.010008059732073527
96 258 0.8423897386168127
96 261 -0.9706109479777221
96 264 -0.03416585182765086
96 267 0.6863353461532609
96 270 -0.05239776734833179
96 273 0.05259080352552137
96 276 0.5217181057434161
96 278 0.539212838644771
96 281 -0.2522387767352152
96 248 -0.3406823487635722
96 251 -0.9286535462086407
97 98 0.14388889281706807
97 100 -0.42273289869460373
97 183 -0.9721626514877841
97 186 0.07613629902924401
97 189 0.38556565970061096
97 192 -0.4318978653786516
97 195 0.6768828886256921
97 198 0.5799907007323928
97 165 0.5022979902277829
97 168 -0.9074279236912459
97 170 -0.7430538639721542
97 173 0.31709870658566275
97 176 -0.7749326821130385
97 179 0.7431839946422203
98 99 0.2750600906272831
98 101 0.3452996816644247
98 219 0.512778212399918
98 222 -0.42532833610617327
98 225 -0.27738946663426955
98 228 0.7089874151227749
98 231 -0.2463697019494815
98 234 0.9553918935080463
98 201 0.9721796499965363
98 204 0.7996813027142042
98 206 0.06608995075932911
98 209 0.8660823534502873
98 212 0.2980425273896674
98 215 0.7714150626717218
99 102 -0.16356598950942525
99 255 -0.2849767482059442
99 258 0.47383029080534533
99 261 -0.5273522471061134
99 264 -0.8506283457841082
99 267 0.45523613583238665
99 270 0.5345501862331228
99 237 -0.0626583967570371
99 240 0.5445207982873119
99 242 -0.21734357350459543
99 245 -0.49655973417717525
99 248 0.9093178848612389
99 251 -0.7225085743787232
100 101 0.36872605652907686
100 183 -0.05893262307884073
100 186 -0.5053187880888566
100 189 -0.617037656063121
100 192 -0.19304753074173897
100 195 0.9476996470099646
100 198 0.7911871942845812
100 165 0.8668815305523367
100 168 0.22844876370312894
100 170 0.3886809021151023
100 173 -0.997396422251295
100 176 -0.5945958017480748
100 179 0.4318334572590019
101 102 0.19775009603287508
101 219 -0.2751032448364761
101 222 -0.12306663676956586
101 225 -0.2768968403543304
101 228 -0.3007528112144109
101 231 0.79496247009076
101 234 0.07362029551812022
101 201 0.2943816884236794
101 204 -0.12273429036945882
101 206 -0.5618813701144885
101 209 -0.28365142668395205
101 212 0.11203651867014353
101 215 -0.6798275416368831
102 255 0.41396077190535197
102 258 -0.7613258544666268
102 261 -0.7038364156334205
102 264 0.49905213092797274
102 267 0.8118892850723745
102 270 -0.8215641763401846
102 237 0.8595573677134865
102 240 -0.8112198545783773
102 242 -0.6288256752572126
102 245 -0.9017469706119863
102 248 -0.9156856099192692
102 251 -0.8692323510311897
103 104 0.2318390437133182
103 106 -0.37311447845532597
103 183 -0.22707368116763416
103 186 -0.03479641725202476
103 189 -0.2198353792646517
103 192 0.6053273129861259
103 195 0.12931321169967536
103 198 0.14762833781523366
103 165 0.814230011866435
103 168 0.1511345919407776
103 171 0.014199011657381577
103 174 -0.8707883824687002
103 177 0.9819274164183551
103 180 0.8211176666436613
104 105 -0.6124080955504632
104 107 0.016471339435512045
104 219 -0.5249607957877189
104 222 0.9790657049100986
104 225 -0.5230057949418612
104 228 0.7454900786697227
104 231 0.3168519418371567
104 234 -0.40257595057947904
104 201 0.8782095425379874
104 204 -0.4164859237045946
104 207 -0.6131454333225221
104 210 -0.05208593808055939
104 213 0.17415709472344543
104 216 0.21811959046634177
105 108 -0.07130543956601842
105 255 -0.8315577762557047
105 258 0.023354818630688445
105 261 -0.09187667166661728
105 264 0.515886383629776
105 267 0.42819862062153735
105 270 0.5745664098800256
105 237 -0.15506002807556118
105 240 -0.38711359291445446
105 243 0.9093623616171993
105 246 0.07111042086719155
105 249 0.6492384703976151
105 252 0.7240043336834332
106 107 0.429671068274845
106 183 -0.2994152538941266
106 186 -0.5344520593853193
106 189 0.916841749960813
106 192 -0.8514089686731048
106 195 0.0073205008792118775
106 198 0.26300316664706624
106 165 0.35050633414255183
106 168 0.3488420775464858
106 171 0.9469456594001169
106 174 0.05024894772726296
106 177 0.802519610464814
106 180 -0.09001245786989087
107 108 -0.41146066080425814
107 219 -0.30993417850180416
107 222 0.25810336304288883
107 225 0.1913747549650291
107 228 0.0795838970065359
107 231 0.6431124150949565
107 234 0.6249295828825123
107 201 -0.30080078600042914
107 204 -0.1577196344524101
107 207 -0.08180671973931553
107 210 0.003288606257433546
107 213 -0.03389450665202176
107 216 0.2961421483740114
108 255 -0.19885370675090308
108 258 0.2073045000605509
108 261 -0.0874487920452196
108 264 0.6885803581139522
108 267 0.37942709479140135
108 270 -0.7314972437172029
108 237 0.9486344358345316
108 240 -0.0657396373591912
108 243 0.9536632103438036
108 246 -0.18979037311651847
108 249 0.5635897724126218
108 252 -0.3199086670116811
109 110 -0.7893682953869272
109 112 0.7169433097657552
109 183 0.9595962597147782
109 186 -0.8572656174591557
109 153 -0.09352649043084393
109 156 0.27449888677424084
109 159 0.9620612031861548
109 162 -0.7769361036074198
109 165 -0.17380802250813687
109 168 -0.5074478270309539
109 171 0.17430253166054
109 174 0.7825690369459448
109 177 0.48909588517529845
109 180 0.8570850932402454
110 111 0.7967219425646417
110 113 0.5301567567500798
110 219 -0.21708641568817377
110 222 -0.648382337073534
110 189 0.3050462563527956
110 192 -0.2992892796203299
110 195 -0.8753411780990425
110 198 0.3481084964551595
110 201 -0.5056648312643346
110 204 -0.7618125108981821
110 207 0.15889281112841447
110 210 0.0330231495757376
110 213 -0.4804491404778737
110 216 0.7300206593497891
111 114 0.8695218436214887
111 255 0.8391363992109018
111 258 -0.5616524507199088
111 225 0.3814974003162106
111 228 0.973713914495832
111 231 0.46240836621694714
111 234 0.15108158442459452
111 237 0.5704781156718961
111 240 -0.09947704574583605
111 243 -0.04430580142166507
111 246 -0.4429563397261904
111 249 0.7097595059984887
111 252 0.7142843902242315
112 113 -0.8366688799735684
112 183 -0.9070690981175351
112 186 -0.5144363394790183
112 153 0.272833828285137
112 156 0.6192942808517137
112 159 0.2727174722001944
112 162 -0.21700464073752168
112 165 0.2194589253295367
112 168 0.7416293249841563
112 171 -0.10048276681026569
112 174 -0.8641441347353098
112 177 0.7601580803122054
112 180 0.5580481667068713
113 114 -0.854246736865842
113 219 -0.7368514628668683
113 222 -0.25494785119287844
113 189 0.17347237640642366
113 192 -0.9116270188860358
113 195 -0.2371579103191268
113 198 0.2831407262438863
113 201 -0.1003721289346835
113 204 0.09806234703033145
113 207 0.9585218593199065
113 210 -0.7415295877533943
113 213 0.09211067722824695
113 216 -0.9257678297661298
114 255 -0.42919724784522195
114 258 0.5423134013376922
114 225 0.4964271950244026
114 228 -0.03281878555690865
114 231 0.43683968615289226
114 234 -0.5953821231331797
114 237 0.8957176159755205
114 240 -0.26699342900457457
114 243 -0.38856826612378836
114 246 -0.5833713957494022
114 249 0.15572107272288216
114 252 0.08419462227282426
115 116 -0.3810228166467682
115 118 -0.16535779217235014
115 183 0.6699830596547156
115 186 -0.6486740061343714
115 153 -0.3899608424933716
115 156 0.4814458603255811
115 171 0.04094414598940843
115 174 -0.9634596094187828
115 177 0.436091120659337
115 180 -0.3938876218530505
116 117 -0.19556351962112628
116 119 0.9416176405996415
116 219 -0.06619826293568254
116 222 -0.3602462328731044
116 189 0.2060974120721073
116 192 0.3039232121991937
116 207 -0.6589474728285987
116 210 -0.7744939197484508
116 213 0.5409830136200742
116 216 -0.1407726545208996
117 120 -0.13127893696228488
117 255 0.9169074731604392
117 258 0.8572693344652405
117 225 -0.2846284620740589
117 228 -0.2518950602633694
117 243 0.5651606324076786
117 246 -0.2681342681819068
117 249 0.5968161895768236
117 252 -0.6224567129714558
118 119 -0.869424720465136
118 183 -0.46337177718502054
118 186 -0.6937306138552888
118 153 0.07015510175840722
118 156 0.12329581649430255
118 171 0.03673739641326712
118 174 -0.9003549088583465
118 177 -0.18548785144183988
118 180 -0.25525783340074026
119 120 -0.3419545484818063
119 219 0.1543146206776187
119 222 0.06836741518440781
119 189 0.18920368332599335
119 192 0.8234243150079528
119 207 -0.978094764692605
119 210 -0.2779042327542327
119 213 -0.7088938292088764
119 216 0.11379987693162641
120 255 0.36758221225737686
120 258 0.0581645054010711
120 225 0.6384950122460742
120 228 -0.0988864518558743
120 243 -0.32899697017162466
120 246 -0.20264271829090874
120 249 -0.9143873109866736
120 252 0.11054407338798411
121 122 0.7071919999283822
121 124 0.5127426969153321
121 183 -0.9162319792753388
121 186 0.7656594193406219
121 189 -0.7738170531233444
121 192 -0.2749507704438723
121 207 -0.545804284088953
121 210 -0.13501207967560758
121 177 0.8257799049232604
121 180 -0.2619098946866987
122 123 0.866116733669603
122 125 0.13379057730064048
122 219 0.17832910274883607
122 222 -0.8473363781700369
122 225 -0.5442703410247374
122 228 0.8820121793571265
122 243 0.05842340184783046
122 246 0.2968391122136498
122 213 -0.6755841384872074
122 216 0.6304484359328777
123 126 -0.42497174655554715
123 255 -0.7574832839506045
123 258 -0.3095069356448521
123 261 -0.32311149062870714
123 264 -0.8119892525204322
123 279 -0.05528478612612231
123 282 0.33289480499333646
123 249 0.7605638568268998
123 252 0.7590764648577133
124 125 -0.012055101320513906
124 183 -0.33011964526904203
124 186 0.3239235903659754
124 189 -0.915552739388505
124 192 0.5601322828675481
124 207 -0.8329569144854838
124 210 -0.709662003510311
124 177 -0.9929493233114517
124 180 0.8216647358241886
125 126 0.4493844657848618
125 219 -0.4008534771415355
125 222 0.7119779715305294
125 225 0.9020702659744295
125 228 -0.9158449684800873
125 243 -0.8661105171973245
125 246 -0.7111004230499101
125 213 -0.85746090820887
125 216 0.5096380629790349
126 255 -0.340149127671159
126 258 -0.0494696776228809
126 261 0.5615098683571917
126 264 -0.5655315292355911
126 279 -0.793660494799006
126 282 0.4875968010148597
126 249 0.1721458890438894
126 252 -0.8888002352784503
127 128 0.10789858137006614
127 130 -0.00352586724583559
127 207 -0.7680578283874939
127 210 -0.06334588017162801
127 177 -0.30795830955971937
127 180 0.25444813040288095
128 129 0.8661669730202053
128 131 -0.6675860418792394
128 243 0.13099329607753063
128 246 -0.7974651888101458
128 213 0.9592808160964321
128 216 0.8669287756903106
129 132 -0.20268221065376246
129 279 -0.956241774001513
129 282 0.08079882925397364
129 249 0.18616601639105124
129 252 -0.8557706501461697
130 131 0.7731419722772153
130 207 0.35595914498315495
130 210 0.4230922085435065
130 177 0.2043258411309643
130 180 -0.08738165093520966
131 132 -0.5241146066705984
131 243 0.03650347401203713
131 246 -0.57052192915735
131 213 -0.2951525380394109
131 216 -0.0019603601373556767
132 279 0.019563710228659437
132 282 -0.7992032708150478
132 249 -0.34236267756186844
132 252 -0.9861518527441466
133 134 -0.31796837541677214
133 136 -0.5366091540891162
133 171 0.614118027726777
133 174 -0.6631532738368013
133 177 0.8612285280474572
133 180 -0.6968831717365849
134 135 -0.2629526741832229
134 137 -0.3159784233443488
134 207 0.7445492910996747
134 210 0.242923291239576
134 213 -0.5851627667620767
134 216 0.503194699544286
135 138 -0.038807536155883726
135 243 -0.30060932620711056
135 246 -0.5087003649291586
135 249 0.13457781696046145
135 252 -0.2932307684017217
136 137 0.46021690096706
136 171 0.9704445271286397
136 174 -0.5153118578385176
136 177 -0.42399673033970475
136 180 -0.7506426090590119
137 138 0.6517802189082951
137 207 0.3691312475608275
137 210 0.9157230077601735
137 213 0.1355961746379044
137 216 -0.8444896968657278
138 243 -0.2758095210237528
138 246 0.08554322388772606
138 249 0.018329486291683184
138 252 0.37601459287300787
151 152 -0.11400979719078963
151 154 0.06974576078807493
152 153 -0.8588627725756475
152 155 -0.8727893898785368
153 156 -0.8195580360526431
154 155 0.7731889132728029
155 156 0.5220068262996571
157 158 0.3152647158550086
157 160 -0.5966205236947293
158 159 -0.4428829322920722
158 161 -0.2789365813781364
159 162 -0.4214376436364071
160 161 0.8184914824093223
161 162 0.31767413720521365
163 164 0.3625077527808749
163 166 0.5416518676882698
164 165 -0.20832182805054922
164 167 -0.24674263697484178
165 168 -0.1318399886771584
166 167 -0.9712658601491748
167 168 -0.9610321347582462
169 170 0.7194724970493607
169 172 0.3964739962271162
170 171 0.6593660098836012
170 173 -0.18047207683582367
171 174 -0.9868423254537215
172 173 0.6056136064635502
173 174 -0.9286345738686013
175 176 -0.41894974071671376
175 178 -0.1360812284612689
176 177 -0.8189946231050076
176 179 0.6875388465119139
177 180 -0.4321481176130566
178 179 0.6279726509395447
179 180 0.8064990881258742
181 182 -0.7614755551020571
181 184 -0.14556775399988964
182 183 0.041222439161123337
182 185 -0.28380055732781595
183 186 -0.5077634625549259
184 185 0.9449748250951864
185 186 -0.16491990506692145
187 188 0.8376741311975962
187 190 -0.7653707494732991
188 189 0.6331890022412396
188 191 -0.050344326409527795
189 192 0.38466452950383334
190 191 0.7574328566615016
191 192 -0.026221503996731732
193 194 0.6991830464890323
193 196 0.0448670501022288
194 195 -0.14588650566814398
194 197 -0.6507061047317138
195 198 0.42110366525765097
196 197 -0.7656962576273179
197 198 -0.2359849398735283
199 200 -0.5922549932080672
199 202 -0.38741717406729803
200 201 -0.3869236591483465
200 203 -0.7172263988658558
201 204 0.27779266615755516
202 203 -0.027818890846182498
203 204 -0.6411593054327409
205 206 -0.1097407092449263
205 208 -0.5978663583295496
206 207 -0.43533340326765746
206 209 0.8491922587508018
207 210 0.024322302467129076
208 209 -0.31193172877821485
209 210 0.48562401091128304
211 212 -0.052904787491499405
211 214 0.7495227778326747
212 213 0.5184907594552772
212 215 -0.6823860128438506
213 216 -0.441970986988655
214 215 -0.09042195274802811
215 216 -0.3781026525215996
217 218 0.33028543591870485
217 220 -0.19878182880098283
218 219 0.3128970648095104
218 221 0.6259106367433467
219 222 -0.2868649150953875
220 221 -0.11118596331775854
221 222 0.8778995592797818
223 224 0.07364774031607846
223 226 -0.21309313637499283
224 225 -0.6152430663957154
224 227 0.9197512437964879
225 228 -0.24451207730193847
226 227 -0.5067539438811823
227 228 0.43133298184199287
229 230 -0.12062316822413877
229 232 0.07869388621470685
230 231 -0.6135390756740726
230 233 -0.4695716497967868
231 234 -0.8751352559292069
232 233 -0.17617953284189358
233 234 0.3036525553232261
235 236 0.8102036552342868
235 238 -0.3309369160556812
236 237 -0.8316026185951961
236 239 -0.2637644005856432
237 240 -0.8490555173791543
238 239 0.6611629396825416
239 240 0.414918100854482
241 242 -0.835694988189142
241 244 0.5406269321607544
242 243 -0.495559443338224
242 245 -0.06218852585918744
243 246 0.9621469602553963
244 245 -0.8192321346637497
245 246 0.5201476908058467
247 248 0.6216183859124742
247 250 0.498635904638012
248 249 0.9677897692365283
248 251 -0.6203324609506831
249 252 0.20276271235375765
250 251 0.3573449261116508
251 252 -0.6131258401963688
253 254 -0.5522445349664828
253 256 -0.16858477658074045
254 255 0.8387448324794458
254 257 0.49385972387509613
255 258 -0.4215728129779386
256 257 -0.20927851813520348
257 258 0.10082647523636501
259 260 0.5425866004544515
259 262 0.48216167392977427
260 261 0.4789962375671608
260 263 -0.5258057243456358
261 264 0.6327738059037413
262 263 0.5381293209697471
263 264 -0.6589260583565142
265 266 0.21966056261811295
265 268 0.0009443024359898633
266 267 -0.15590466809736947
266 269 0.8302983504206105
267 270 0.7133645804092896
268 269 -0.9115225293809548
269 270 -0.8215289998073292
271 272 -0.8717860437242944
271 274 0.08834820025341172
272 273 0.9826867122948815
272 275 -0.3780490822964211
273 276 0.25168681578329033
274 275 0.4783310632331419
275 276 0.05338430226464652
277 278 0.6452119212139804
277 280 0.09541617906783495
278 279 0.5288623792709388
278 281 0.9801035589761178
279 282 0.5245188589271019
280 281 -0.9431213979484108
281 282 -0.23970956081947414
