# 
7 7 -3.716646196317937
8 8 1.1138028148135692
9 9 -3.1999582307072885
10 10 -1.18699676057423
11 11 -0.6205900050087809
12 12 -1.7546394675387287
13 13 0.9921356420699867
14 14 1.3291443545261101
15 15 -1.2725315971159974
16 16 -3.413220822193809
17 17 0.6411735784133512
18 18 0.29127623771920863
19 19 -2.613788043407828
20 20 3.707870115487136
21 21 3.2415080633533906
22 22 -3.0567178955340184
23 23 2.111537031153256
24 24 -3.1368628524558657
25 25 -2.6105908404804596
26 26 -3.0809509244809696
27 27 -1.72116115410613
28 28 -2.9002267682976317
29 29 1.0133936872821856
30 30 2.449392466350412
31 31 -0.04619881749338273
32 32 1.0091410400214906
33 33 -0.05811897190443727
34 34 3.9070579126096527
35 35 2.3155156819079465
36 36 2.9612329765726217
37 37 -3.5214384929549816
38 38 -1.578810635787585
39 39 -1.4032758223065906
40 40 1.046571958390616
41 41 -2.958984790619332
42 42 -3.9481610311755553
43 43 -0.5994968014343938
44 44 1.8692642761067981
45 45 0.515077115326207
46 46 -0.9182728909024194
47 47 -3.1185031127744063
48 48 1.6499989535152313
49 49 0.21623862714047082
50 50 -0.3004891841032018
51 51 -2.8795924046574166
52 52 0.7559477597329805
53 53 2.041850530659893
54 54 -1.2720385676270816
55 55 -2.6309949915479436
56 56 -1.9632197694775595
57 57 3.76775620956802
58 58 1.686797724356322
59 59 -0.4975363855676749
60 60 -1.0304732621517125
61 61 -0.22785581358000595
62 62 -2.0237447152582346
63 63 -3.6142834887184137
64 64 -1.3936761938476545
65 65 -1.3061390924312732
66 66 2.8089981427536515
67 67 1.3812343711530009
68 68 0.5789832015173966
69 69 1.3286187955200859
70 70 2.9983074727014474
71 71 -3.424303813847729
72 72 -1.544486057849296
73 73 -0.6429231135052307
74 74 1.5028088664189498
75 75 -3.7014978325965497
76 76 1.4899528471936057
77 77 3.2120255487354177
78 78 -0.2009423150323757
79 79 0.6519433415953149
80 80 0.6321447560723978
81 81 -0.7746337393943952
82 82 1.3498834858383253
83 83 1.5595411523443055
84 84 0.35967014931028096
85 85 0.12884824063311573
86 86 -2.764436249585968
87 87 -1.0776406448104492
88 88 -3.588326938813095
89 89 -0.6827928454532222
90 90 1.7613555522348028
91 91 2.4291667668491836
92 92 0.07993022927084237
93 93 3.9274834814321133
94 94 -2.4932776201365963
95 95 3.7971973438103177
96 96 -3.7183053252611797
97 97 -2.526194409494419
98 98 -3.509678225445806
99 99 1.5476183768463034
100 100 -3.143458899892443
101 101 3.3622873848042154
102 102 3.321349652969582
103 103 1.3970320370565465
104 104 1.8649152500582353
105 105 -3.082111188553802
106 106 1.257584837291743
107 107 2.095118798308409
108 108 -2.982963686005874
109 109 -1.6093509006215205
110 110 -1.9249120502505583
111 111 3.6388171713819624
112 112 -0.5859785364733261
113 113 2.547292391095378
114 114 3.694116350840294
115 115 0.9844346667016248
116 116 -2.443539541471287
117 117 1.1179386387937909
118 118 -1.849587595982796
119 119 0.28661117165232497
120 120 3.6507871027487058
121 121 -0.28750825475231867
122 122 2.260793762429034
123 123 -0.5754669381483
124 124 2.3320401219751954
125 125 0.9925855076180614
126 126 -3.4603850159064127
127 127 0.8698863462842681
128 128 -1.5579576367985108
129 129 -0.05568876267990319
130 130 0.7835137136096657
131 131 -0.33311124389659774
132 132 1.3498984061983474
133 133 3.8307147323212627
134 134 2.1366183570223294
135 135 3.311390040332423
136 136 0.22230293007613877
137 137 -1.257305006693917
138 138 0.3558228360386577
151 151 -1.7207253795588482
152 152 1.104719663495529
153 153 3.8368366551726227
154 154 -3.690638694620487
155 155 0.6574391693615285
156 156 0.7716760675725443
157 157 -1.2386486956235094
158 158 2.056143307166791
159 159 -1.5901121581154491
160 160 1.9842276961259158
161 161 -1.525156377561303
162 162 -1.4941940590525986
163 163 2.425140297544278
164 164 0.44438047094565736
165 165 -1.647955043724707
166 166 -2.81226709191166
167 167 3.65921856308164
168 168 -0.7874698013160186
169 169 -2.2228681082642643
170 170 3.9220067951555455
171 171 2.3168041681474794
172 172 2.6635557828478946
173 173 -0.8750798535305684
174 174 2.5101987186551913
175 175 -1.2467203181116915
176 176 -2.702109698424791
177 177 -2.7551924938413803
178 178 -3.7876833525830014
179 179 1.5824993950442945
180 180 1.850628482453069
181 181 1.4679553538601722
182 182 -0.33217704528488845
183 183 3.045486838124221
184 184 3.438407870876607
185 185 -3.4609740073699227
186 186 3.210941388061725
187 187 0.8018524300180756
188 188 -0.20881850415003722
189 189 -1.5324209670610927
190 190 -2.6857665617831463
191 191 0.648759495124648
192 192 2.0698370955639085
193 193 -3.6300315347996603
194 194 -1.6198361456846486
195 195 1.7559376315712996
196 196 -3.8801464654422047
197 197 2.8383323063853476
198 198 2.858983258439669
199 199 -1.702462969396163
200 200 0.7416080899302404
201 201 -1.0105611604221787
202 202 -0.11694018061489952
203 203 3.7863928016433475
204 204 -3.966720984156863
205 205 -3.7437844617637523
206 206 -2.374810990811751
207 207 2.515720464208921
208 208 3.524053471488391
209 209 2.440515510569175
210 210 0.1527584406922804
211 211 -1.9988251700875521
212 212 3.965104676945929
213 213 0.7414852931085818
214 214 -3.5960524452688922
215 215 2.0516818416172073
216 216 -0.9833826038759073
217 217 -0.5689581672161204
218 218 -0.571239726574742
219 219 2.179671340456437
220 220 -2.3475976723561542
221 221 -1.7508181061387056
222 222 -2.6966902518249602
223 223 -2.322071542832897
224 224 -1.9353655835452672
225 225 -3.6377672187620123
226 226 1.7450903403646736
227 227 -2.9913707745820783
228 228 1.912915600216862
229 229 -1.3113279575821348
230 230 -2.1807319415371778
231 231 1.3690018996755153
232 232 3.1178000144494042
233 233 -2.433992927785275
234 234 -1.526077081085738
235 235 3.9203512725094356
236 236 -3.836724611172217
237 237 2.7214951589701535
238 238 -3.5390615683022926
239 239 2.0494560352415743
240 240 1.4845737607831824
241 241 1.2792416173694354
242 242 -3.7060489929934795
243 243 -0.39173677216699154
244 244 -2.509998330118848
245 245 -3.9424074827648834
246 246 -2.0679087966683936
247 247 -3.243505393004103
248 248 -2.0551015935449017
249 249 2.33873021681676
250 250 3.7010161448445693
251 251 1.9796512746529897
252 252 0.041467184335132856
253 253 -3.920799807870477
254 254 -2.019518026741369
255 255 0.2759849225551054
256 256 -0.19608344591027915
257 257 -1.057126062707642
258 258 -2.9530078458629214
259 259 -0.19214288559608672
260 260 -0.3742073174487146
261 261 0.9817112884019608
262 262 -2.792682236750877
263 263 1.3291170052273076
264 264 -1.6556486157509376
265 265 3.3062647710166484
266 266 2.3836236642585664
267 267 2.389965739397309
268 268 1.0961064009401307
269 269 3.187267230474303
270 270 -0.8848043607791958
271 271 -3.899325116671644
272 272 -0.7129439723011766
273 273 3.1831645600086587
274 274 2.4971289803630903
275 275 1.795581129394149
276 276 -2.950629624814079
277 277 0.899838451649674
278 278 -3.1257513367108745
279 279 -3.751965069346727
280 280 2.1087266903093003
281 281 0.451384496734514
282 282 -2.9287235993974727
7 8 -0.5426142568673884
7 10 0.35479147677859024
7 157 0.5119943354751721
7 160 0.12110774374287003
7 163 0.17608679821692852
7 166 0.24599971917634988
8 9 -0.9386025022418834
8 11 0.9308846972921145
8 193 0.9243166513431977
8 196 0.11923237993976987
8 199 -0.6564120309053079
8 202 0.5097559159729856
9 12 -0.5827964888319686
9 229 0.3835755952978206
9 232 0.6924392310206922
9 235 -0.061343948241857627
9 238 -0.8015706212628912
10 11 0.1890923426488127
10 157 -0.6912837069146764
10 160 0.3840287422978692
10 163 0.11290795322565383
10 166 0.6923817745533605
11 12 0.7565227904833249
11 193 -0.31619431239409135
11 196 0.6298329753947973
11 199 -0.4284025337844519
11 202 0.9309296839250398
12 229 0.9631284177388411
12 232 -0.00652273061273001
12 235 -0.5668299255212943
12 238 0.4126238303115548
13 14 0.5308967310927466
13 16 -0.799398260256935
13 193 0.659788608226034
13 196 -0.5205460825099351
13 199 0.38782458125037
13 202 -0.45270273903436387
14 15 -0.9630500579043006
14 17 0.25089466502370206
14 229 -0.5072837219010555
14 232 0.9694851659623938
14 235 -0.308991834918958
14 238 -0.09563381943191396
15 18 0.5582464070726307
15 265 -0.2599016564298213
15 268 -0.8072917774853334
15 271 -0.2278591953347202
15 274 -0.185906704341686
16 17 -0.03539700494445275
16 193 -0.6012787326920468
16 196 0.434614324306662
16 199 0.3285702049837609
16 202 -0.7408760234141083
17 18 -0.5718699915517702
17 229 0.8398838510787234
17 232 -0.943852516266759
17 235 0.7303491022679949
17 238 -0.00390648433386076
18 265 0.6123388983488327
18 268 0.5667636146336996
18 271 -0.38634312458506304
18 274 0.8605113553611039
19 20 -0.7278355728059127
19 22 0.28321128327067124
19 181 -0.2729104795139874
19 184 0.23007738580413584
19 187 0.20712453215430893
19 190 0.8171131861185015
19 193 0.12939723800025704
19 196 -0.4217320325098626
19 199 -0.562904787800663
19 202 -0.3165327672393925
20 21 -0.1069732214557555
20 23 0.33477414447265685
20 217 -0.35321019353621175
20 220 -0.08402682419581464
20 223 0.03578679756669545
20 226 -0.8961120806028802
20 229 0.8215684859827752
20 232 -0.6283291856358997
20 235 -0.9301763711731386
20 238 -0.8486456360696057
21 24 0.9676061968609717
21 253 0.6434209410228711
21 256 -0.7734429658844864
21 259 -0.17006724763699554
21 262 -0.27138312536716147
21 265 0.25384100896558137
21 268 0.6880925161547551
21 271 0.7935974405938684
21 274 -0.21845296053564822
22 23 0.36509391918136935
22 181 -0.6720002931405449
22 184 -0.9913508803553028
22 187 0.583860266788669
22 190 0.5841084052132941
22 193 0.9575735557736433
22 196 -0.12918491682636812
22 199 0.7920026925540329
22 202 -0.4800118545359573
23 24 -0.16972775969814435
23 217 -0.46891450948795144
23 220 0.18471975847083533
23 223 0.6668998342304446
23 226 0.2682077041260833
23 229 -0.869008861587121
23 232 -0.4679386328747317
23 235 -0.284350804902606
23 238 -0.09266518431594317
24 253 -0.5870741629716352
24 256 0.5872010934107055
24 259 -0.3370803266735696
24 262 -0.2989730698196107
24 265 -0.5639189482104756
24 268 0.7898354798657632
24 271 -0.3627072725560867
24 274 0.07071314580874999
25 26 -0.10498081112043356
25 28 0.36632636140528896
25 181 0.27325821304817444
25 184 0.9271260373536505
25 187 0.3219458641013784
25 190 0.956193014244366
25 193 -0.42784292285776604
25 196 -0.4776603365290426
25 163 0.9693113689464279
25 166 0.13620965147545516
26 27 0.14570049235469584
26 29 -0.2466670141803866
26 217 0.42068392659271137
26 220 -0.49190961902117825
26 223 -0.49556468291410694
26 226 0.3563851965877842
26 229 -0.7094388443126873
26 232 0.043605619367715454
26 199 0.9845831633023072
26 202 -0.1089481723414274
27 30 -0.7036709596591806
27 253 -0.18092744845622954
27 256 -0.578057202316016
27 259 -0.2947037089412565
27 262 0.02894804241163995
27 265 -0.2412083507933842
27 268 -0.0943240639781382
27 235 0.8217491584213521
27 238 0.7241768033095282
28 29 -0.05599433594644854
28 181 0.6172165228893185
28 184 0.42746663602963153
28 187 0.4073074247641595
28 190 -0.7745983068537967
28 193 -0.38405680032816325
28 196 -0.9208869749401585
28 163 0.4981796070072668
28 166 -0.06338342220339488
29 30 0.3488337255346232
29 217 -0.8426211611459338
29 220 -0.32291928767936917
29 223 0.823302600183478
29 226 -0.10327716473030168
29 229 0.8705978486516288
29 232 -0.8067188938823908
29 199 0.43596800742109454
29 202 0.7987667017596596
30 253 -0.8941794506023586
30 256 -0.6612027966436067
30 259 0.8798378332909276
30 262 -0.7726337650857176
30 265 0.15328693393312087
30 268 0.6207966681825894
30 235 -0.2654562631731632
30 238 -0.38987309680318605
31 32 -0.09773879332098767
31 34 0.3083312387331767
31 181 0.9950072960176821
31 184 0.8984618628158572
31 187 0.5189782530684544
31 190 0.11594760227065093
31 193 -0.3351742940201343
31 196 -0.06955075834397695
31 163 -0.5308998372667078
31 166 -0.5834473422342634
31 169 0.746310759018632
31 172 -0.39061090091315376
31 175 -0.007821555823735782
31 178 0.739351743506387
32 33 -0.18341273305966088
32 35 -0.46859383280946143
32 217 0.630766367046705
32 220 0.6948058129500794
32 223 -0.47665319099733816
32 226 -0.4054965311843459
32 229 -0.9559205505087172
32 232 0.047947180540550915
32 199 -0.9841761548838635
32 202 -0.1682085106088731
32 205 -0.9386485680637517
32 208 -0.7942276807580653
32 211 -0.09626643470393415
32 214 -0.922714805895807
33 36 -0.8755280024476766
33 253 -0.5742087256990218
33 256 -0.5078980375177389
33 259 0.6352819148619198
33 262 0.29147559541536516
33 265 -0.8982047106717408
33 268 0.16936113179918166
33 235 -0.7345832359655999
33 238 -0.36087441409265564
33 241 -0.9882310239136296
33 244 -0.5247064578054121
33 247 0.4319305176453503
33 250 0.3080273623891727
34 35 -0.4483403573709386
34 181 0.5825480948523927
34 184 0.5237368287048416
34 187 -0.21013021985825864
34 190 -0.8970941188547452
34 193 0.3982792251501659
34 196 0.49410373584410805
34 163 0.10418816187017521
34 166 0.6418028971856959
34 169 -0.4902743066297488
34 172 -0.12876234617808624
34 175 -0.990900917239667
34 178 0.5640847340049848
35 36 -0.08762839537020906
35 217 -0.5580202548147355
35 220 -0.9290887134197245
35 223 -0.6054392240511848
35 226 0.6775020397128009
35 229 -0.8547620252098296
35 232 -0.44182530077807725
35 199 -0.3984573405439069
35 202 -0.19984983070857343
35 205 -0.9880311880297035
35 208 -0.210440199966339
35 211 0.46673448260560724
35 214 -0.9586247257854019
36 253 -0.10908143951668192
36 256 -0.9346366235677206
36 259 -0.3297530549550238
36 262 0.988889787150703
36 265 0.1398124839925483
36 268 0.8379808746810127
36 235 -0.9457873624762838
36 238 0.30455273476631084
36 241 -0.4346988361242994
36 244 -0.8149631898162508
36 247 0.14248413893809864
36 250 0.9752631224273243
37 38 -0.8406900960320502
37 40 0.10365945079390504
37 181 -0.16469465729477428
37 184 0.09888745450182768
37 151 -0.6751373947796517
37 154 0.5343520894419977
37 157 0.049165921743457686
37 160 0.45425157346492817
37 163 -0.3249107814597678
37 166 -0.6501371202017217
37 169 0.6044658956004654
37 172 0.3305993565064089
37 175 -0.7323963541368181
37 178 0.49876124364834906
38 39 -0.7908754384144023
38 41 -0.7365840829087971
38 217 -0.4386194724846164
38 220 -0.4342853435633216
38 187 -0.14185345022169726
38 190 0.9090543710249754
38 193 0.2731582148295011
38 196 -0.815636026365234
38 199 0.32945819756806016
38 202 -0.8831256972487751
38 205 -0.6999891296455283
38 208 0.7062325434238053
38 211 0.3674803864850169
38 214 -0.9832630879225286
39 42 -0.005873119058743326
39 253 -0.7396625942254709
39 256 0.1854922558988319
39 223 0.13423710034027225
39 226 0.4001293935249015
39 229 0.4456015859819127
39 232 0.3577581660340037
39 235 -0.3213208886435528
39 238 0.4252446192239301
39 241 -0.4709731493608189
39 244 0.2707522364830248
39 247 0.36768902736764386
39 250 -0.84936559141836
40 41 -0.4581286539090268
40 181 0.3017944555768457
40 184 0.8730655185238443
40 151 -0.7175675477810428
40 154 0.6960181328126478
40 157 0.5052403825892597
40 160 -0.22427460819591527
40 163 -0.28214833143491314
40 166 0.16769805385894232
40 169 0.717293711227448
40 172 -0.6681854174883106
40 175 0.7655316761530708
40 178 0.03274801623700818
41 42 -0.654626002069215
41 217 0.8313307810426107
41 220 -0.954852554309016
41 187 -0.8873423097995061
41 190 -0.48196631200092854
41 193 -0.06375404033649512
41 196 -0.11057575698875777
41 199 0.7014275984926857
41 202 -0.5072178111340673
41 205 0.02516821600990604
41 208 -0.39439306225298676
41 211 0.9780206066392565
41 214 -0.1582619441624864
42 253 -0.6309395375037901
42 256 0.02200277604622003
42 223 -0.8519965201955384
42 226 -0.21331128676675903
42 229 0.29765071675033283
42 232 -0.8259321339714099
42 235 -0.5008194553247058
42 238 0.1821160525407819
42 241 -0.2680765294916665
42 244 0.3635634675306165
42 247 0.1952908089859986
42 250 0.02540884299252877
43 44 0.8562830491961557
43 46 -0.4257228472251886
43 181 -0.7143358052592077
43 184 -0.38747564946332336
43 151 -0.4900090243252404
43 154 -0.05963315764825228
43 158 0.7373152794467115
43 161 0.13678351624166907
43 164 0.2127703232898841
43 167 0.9816715208071851
43 169 -0.507419678033767
43 172 -0.6626261803468816
43 175 0.7026288146779551
43 178 -0.3648704559852203
44 45 -0.8087448718484647
44 47 -0.46501306317584534
44 217 0.023019781731095534
44 220 -0.8910916039350256
44 187 -0.03992842207717362
44 190 0.6495582069899197
44 194 -0.17401123080727343
44 197 -0.03892034921612009
44 200 -0.9670565267487168
44 203 -0.9096636803423186
44 205 -0.16291635644862956
44 208 -0.08280492664587658
44 211 -0.1390192311084688
44 214 0.9540304492351261
45 48 -0.47843433394625845
45 253 -0.4892750169664526
45 256 -0.8055556504963943
45 223 -0.47630551097317286
45 226 -0.3555022820486966
45 230 0.8410444529897465
45 233 0.7091216563661287
45 236 -0.39860499477015754
45 239 0.856952073933456
45 241 0.05491374583290787
45 244 0.3540192316558779
45 247 -0.762542808338903
45 250 -0.21711849429125207
46 47 -0.8399695465695991
46 181 0.21791904145475516
46 184 -0.9548248427699202
46 151 0.688444691715449
46 154 -0.4928015759099489
46 158 0.6103535276666163
46 161 -0.25747081886641565
46 164 0.1724212933919116
46 167 0.7218810617992015
46 169 -0.4379273339422436
46 172 0.9416647451505027
46 175 0.7243452154218766
46 178 0.11903043661216683
47 48 -0.6960041452891492
47 217 -0.46323096801219377
47 220 0.5924314320729105
47 187 -0.1927543770503135
47 190 0.011271467488477294
47 194 -0.24377917375989155
47 197 -0.3509871977522543
47 200 -0.5334991403902125
47 203 -0.4363640484703133
47 205 -0.04430803430226904
47 208 0.5819131293503352
47 211 0.8632801057498405
47 214 -0.1032295728773105
48 253 0.494646219110658
48 256 -0.6397662583982353
48 223 -0.1081309843063123
48 226 -0.1772858517141711
48 230 -0.4305366472165808
48 233 -0.11442484139140574
48 236 -0.8919495471814658
48 239 0.539272794803836
48 241 -0.41681556384516516
48 244 0.39865265753465295
48 247 -0.8515897351515704
48 250 0.5394964799166622
49 50 0.632502769743569
49 52 0.19558968259963705
49 181 0.9861098392963419
49 184 0.35746227138498265
49 187 0.77822977141521
49 190 -0.3048793037193458
49 194 0.8452981315394921
49 197 0.6439864515852058
49 200 -0.8045205028590832
49 203 -0.15504055204975153
49 205 0.0800729340656563
49 208 0.33890169378125146
49 175 0.7293147538467926
49 178 -0.3158869232809285
50 51 -0.25447684400931037
50 53 -0.7210485464578338
50 217 0.9908889700545938
50 220 -0.41132124301842965
50 223 -0.3571428146724862
50 226 0.7450497464747268
50 230 0.484297191996109
50 233 -0.6501188295623439
50 236 0.8281459366292001
50 239 0.07597949440807583
50 241 -0.8264588716174643
50 244 0.8921766611988862
50 211 0.6270075248580373
50 214 -0.700333416285049
51 54 -0.4670641352530349
51 253 0.8931732926669502
51 256 -0.41753890279613337
51 259 0.0025382047525903673
51 262 -0.8507612697702096
51 266 -0.5940581850575217
51 269 0.8069544881032211
51 272 -0.9151252860261236
51 275 0.27322170485571573
51 277 -0.7474617875575338
51 280 -0.9588449926241509
51 247 -0.8885705812840232
51 250 -0.12758392748227965
52 53 -0.9062546592413814
52 181 -0.7204308536921347
52 184 -0.7164653975672675
52 187 -0.3801679340932924
52 190 0.8599668620592378
52 194 -0.3064929130616736
52 197 0.5235858018476856
52 200 0.15411308368447463
52 203 0.0008957561345164233
52 205 -0.45044794711386205
52 208 -0.928752445149374
52 175 -0.533846294195468
52 178 0.6656688987670183
53 54 -0.6431917512252248
53 217 -0.9441466220435948
53 220 -0.19171144688835362
53 223 -0.1882703033117743
53 226 0.4681755194063757
53 230 0.5433060753691403
53 233 0.7890215031508339
53 236 0.0012142267220069947
53 239 -0.5819566542936363
53 241 0.543060066179943
53 244 0.4831556823467862
53 211 0.7596736869107643
53 214 -0.20270550785331776
54 253 0.3159422850782072
54 256 -0.889368548399426
54 259 0.2267571981200529
54 262 0.39569711031156585
54 266 -0.3745543277009862
54 269 0.17295974551589488
54 272 0.6956876423171336
54 275 0.9091517861055778
54 277 -0.869189944628171
54 280 -0.8623067867659022
54 247 0.9343683978371755
54 250 0.9918291654188061
55 56 0.8991995752411819
55 58 -0.6228797227390874
55 182 -0.31499456063264275
55 185 -0.32808703180322607
55 188 0.8152708564306719
55 191 -0.07071492945176638
55 194 -0.9334738311504656
55 197 0.30395342197779684
55 200 -0.42620830871263515
55 203 0.8437690832062559
55 205 -0.418351218826559
55 208 -0.5778551055225551
55 175 0.6299191399816704
55 178 -0.7395384724371445
56 57 0.6259743608332531
56 59 0.00713359507043676
56 218 0.10553119317202775
56 221 0.7982186038555072
56 224 0.7416521704590477
56 227 0.7165790751229493
56 230 -0.5921204392725494
56 233 -0.11371153583043325
56 236 0.41767428138941276
56 239 0.051270227059854845
56 241 -0.7814136641835285
56 244 0.7993343451713273
56 211 -0.1809398307464356
56 214 0.871558457609539
57 60 -0.12091534707431295
57 254 -0.5428403708995211
57 257 -0.47650821849283664
57 260 -0.6131084026984568
57 263 -0.26465014156577293
57 266 -0.9299875078011626
57 269 0.3640650166553079
57 272 -0.7490210105400916
57 275 -0.5277889668714681
57 277 -0.18230787825292838
57 280 -0.7878964239745279
57 247 -0.3439034207024765
57 250 -0.2727737631662104
58 59 0.9554629296855175
58 182 0.3944738408223698
58 185 -0.6635191831356637
58 188 0.5588975600333335
58 191 0.9633993461100241
58 194 -0.3734039949354584
58 197 0.056252671514685604
58 200 -0.9717638713144137
58 203 0.9921851080797333
58 205 -0.6925152266855941
58 208 -0.20965180904495373
58 175 0.11812704719847789
58 178 -0.5868830713674686
59 60 -0.4778672100168273
59 218 -0.27176121266975684
59 221 -0.08523860445536657
59 224 -0.8184311107395159
59 227 0.772017856282261
59 230 0.5589098568205872
59 233 -0.5819706799170876
59 236 -0.1958332840033694
59 239 0.8379054270512234
59 241 -0.4029147066359362
59 244 -0.49835529360422903
59 211 0.23086853552390418
59 214 -0.26648875834632757
60 254 -0.43958567033933416
60 257 0.13561366348902437
60 260 -0.35291315898988374
60 263 -0.32262215678603967
60 266 0.4273341013884313
60 269 0.5318212437106125
60 272 -0.11749624426082295
60 275 0.6073940316442379
60 277 -0.9026973265581355
60 280 -0.7954189667395868
60 247 -0.7757276995670028
60 250 0.9494665100297819
61 62 -0.9112032496220954
61 64 0.08677610968675631
61 182 0.17243967591757703
61 185 0.0733305441426495
61 188 0.9533619931320343
61 191 -0.041408734920794554
61 194 0.6134138487980962
61 197 -0.1174594338519519
61 164 0.7999062039726605
61 167 -0.33104673529347095
61 169 -0.48424190517508303
61 172 0.763867346145739
61 175 -0.3335054607800054
61 178 -0.17950118510673496
62 63 -0.9298848926874435
62 65 -0.669727734171315
62 218 0.8069135307907382
62 221 -0.4547551721309935
62 224 0.5462706731802651
62 227 0.5827841909102303
62 230 0.9998714473461192
62 233 0.25142775119949845
62 200 0.770075936545862
62 203 -0.7682065204845929
62 205 0.5430870581541845
62 208 0.5172844660249407
62 211 -0.511772629530221
62 214 -0.9344880141441738
63 66 -0.8991979264201406
63 254 -0.11050034352867799
63 257 0.18746025623405926
63 260 -0.9111282201722115
63 263 -0.11761208708691351
63 266 0.37555468230491007
63 269 -0.2056351607382645
63 236 -0.6960762946313579
63 239 -0.8615775231744556
63 241 0.29704613526545387
63 244 0.018587882315786786
63 247 -0.11473926971822945
63 250 -0.5991827553448452
64 65 0.043194392518074
64 182 -0.09557805782135675
64 185 0.18195334520096784
64 188 -0.712420752079844
64 191 -0.29221030963561034
64 194 -0.6626332730979858
64 197 0.11452792866639916
64 164 -0.07187096406898852
64 167 -0.7903064817572067
64 169 0.18675031477373816
64 172 0.27221363410282806
64 175 0.21765960285038033
64 178 -0.3061170283658312
65 66 0.514800033404025
65 218 0.44292289056253753
65 221 0.20415940072306205
65 224 0.2880840081709284
65 227 -0.16463539712787378
65 230 0.2826652235090499
65 233 -0.4600053630408445
65 200 -0.15158331218221122
65 203 -0.1333621700080947
65 205 -0.9770312655021602
65 208 -0.9585686003761877
65 211 -0.5763989420223872
65 214 0.7175444120976864
66 254 -0.4598465727197383
66 257 -0.7365033539376371
66 260 0.8328243967165976
66 263 0.27765014154997125
66 266 -0.6955282638712215
66 269 -0.7481328819263826
66 236 -0.11026698789358269
66 239 -0.9460919562620278
66 241 0.506869434449045
66 244 -0.5820027635665173
66 247 0.35458399664895235
66 250 0.7818851047703268
67 68 -0.8403349214696527
67 70 -0.5175744148842572
67 182 0.7807865096526794
67 185 -0.6295586869959335
67 188 0.9549666845737697
67 191 0.9511490975825441
67 194 -0.9628576596279668
67 197 0.4910916024364085
67 164 -0.46169716668570326
67 167 0.455105646861542
67 170 0.40556162761526426
67 173 0.7674847718680087
67 176 0.3615233694937283
67 179 0.20549694991318113
68 69 -0.07962660844213487
68 71 -0.4607027231287053
68 218 0.7125547077507135
68 221 -0.7855036266798165
68 224 0.052726507025020464
68 227 -0.06926891717548478
68 230 0.7333867871889355
68 233 0.1374957280800595
68 200 -0.34163214840839196
68 203 -0.13221512535012936
68 206 0.8260501735778623
68 209 -0.030431513054295367
68 212 0.718304101526972
68 215 0.20742080048443756
69 72 -0.09412304341201572
69 254 0.700246419087432
69 257 0.4717990967435992
69 260 0.2534851419671431
69 263 0.8141381224135349
69 266 0.3042791809152454
69 269 0.10310177334038073
69 236 -0.6246134477825458
69 239 0.6491383437250404
69 242 -0.839708718296124
69 245 -0.12977570083373324
69 248 -0.09012868964792808
69 251 -0.5175459866639842
70 71 -0.988762781909482
70 182 0.4392959241195744
70 185 -0.8324633439350175
70 188 0.3359050086753006
70 191 -0.4895535441310186
70 194 0.26196610926007824
70 197 0.03497559960330454
70 164 0.17304150647306482
70 167 -0.9508142031029077
70 170 0.6092376979843761
70 173 -0.7811598026236475
70 176 -0.5993588037202577
70 179 0.3591041169233269
71 72 -0.8279735484921118
71 218 0.7344808282231357
71 221 -0.6766953091770855
71 224 0.5937340171748644
71 227 -0.9934419293630798
71 230 0.9617021495530949
71 233 0.11455422650774438
71 200 -0.10181567779477652
71 203 0.7746971365826321
71 206 0.4612883811200519
71 209 0.194356731911284
71 212 -0.251252942692473
71 215 0.23912598334762314
72 254 0.8608896110262578
72 257 0.6328417340798065
72 260 -0.9664493274451498
72 263 -0.0511839071721778
72 266 0.49887903729972494
72 269 0.6446527340968602
72 236 -0.22675429883885778
72 239 -0.6298903010188937
72 242 -0.3148583333304491
72 245 -0.7779597849501816
72 248 0.5846018966002673
72 251 -0.11037053877010816
73 74 0.5042539644080277
73 76 0.10165096496688619
73 182 0.6339194474837138
73 185 0.2624692330783214
73 152 -0.43379766398258335
73 155 -0.49576906958635725
73 158 -0.06638269862997426
73 161 -0.2604834361967667
73 164 -0.5649640396699942
73 167 0.30400817778722944
73 170 0.23644316234666185
73 173 0.9869259948189715
73 176 -0.9373890685428579
73 179 -0.6281757685921201
74 75 -0.5010424068473478
74 77 0.41745794760764876
74 218 -0.2752481711146524
74 221 -0.8092291166271968
74 188 0.18875202396411983
74 191 0.8003919971891456
74 194 -0.7826603573967545
74 197 0.120317664880494
74 200 -0.514883414617763
74 203 -0.6836077454417666
74 206 -0.5352051448990163
74 209 -0.9833545117242393
74 212 -0.028388355471030247
74 215 0.5047593746427501
75 78 -0.6684266685946736
75 254 0.08260699890296919
75 257 0.7925470651073006
75 224 -0.3220299052521407
75 227 -0.8584182303318864
75 230 0.9107741901428048
75 233 -0.30241243146334806
75 236 0.3148351479824796
75 239 -0.8785321593858455
75 242 -0.17153575081943195
75 245 0.885923311358721
75 248 -0.6179207975003618
75 251 0.6357871083989395
76 77 0.7578100039849587
76 182 0.10375185375168283
76 185 -0.07629189924119983
76 152 0.10697247508925645
76 155 0.20125174513569033
76 158 -0.5521238094447387
76 161 0.6237066117927801
76 164 -0.44727881558095084
76 167 -0.9734932595233095
76 170 -0.1399503480619082
76 173 -0.7382174106333534
76 176 -0.2093465739019067
76 179 0.28558815387484215
77 78 0.024112079887678828
77 218 0.3247966691780786
77 221 -0.7757774246316242
77 188 0.8785377907155774
77 191 -0.14020813685823197
77 194 -0.5645349263993624
77 197 0.45510720749709366
77 200 -0.5181644886753947
77 203 -0.6382699004195371
77 206 0.5157518147034696
77 209 0.17916868171249556
77 212 -0.39334710666407435
77 215 0.38459811317968673
78 254 0.35051899095621186
78 257 0.9020913923097456
78 224 0.6111656504768712
78 227 -0.11061664984936903
78 230 -0.20324939638216755
78 233 0.2699583727004402
78 236 -0.039567743006292844
78 239 -0.09740538015014377
78 242 -0.788858694477429
78 245 0.15882324826521454
78 248 -0.2919225180389833
78 251 -0.42294222500185774
79 80 0.158852678799275
79 82 0.8092901447925838
79 182 -0.4150729682839627
79 185 0.1536707864919853
79 152 -0.6933691851047037
79 155 -0.9180654764157257
79 159 0.8455407003916464
79 162 -0.698197878216009
79 165 -0.2119919281067355
79 168 -0.3898221525283405
79 170 0.5661111120027165
79 173 -0.01835895080922434
79 176 -0.5725016620381354
79 179 -0.2265433206927321
80 81 0.49518335605633723
80 83 -0.9001846837518426
80 218 -0.18887808904504588
80 221 0.7107933550251515
80 188 -0.31223847649368985
80 191 0.024775719800880447
80 195 -0.5761183666584149
80 198 -0.5127944238492432
80 201 -0.21180654215912043
80 204 -0.537374834294801
80 206 -0.16186895920176703
80 209 -0.06477540046770036
80 212 -0.3668640064022517
80 215 -0.8903078748592888
81 84 -0.6731900791536802
81 254 0.4158998139046337
81 257 -0.5018709514174806
81 224 0.1524248038557945
81 227 0.55866204109614
81 231 0.5549645314560936
81 234 0.1913657395542978
81 237 -0.6588374796126908
81 240 0.3966045249964789
81 242 -0.8868864308172546
81 245 0.5020349420894827
81 248 -0.4615037620085165
81 251 0.39355888807614625
82 83 0.10489199519441583
82 182 0.6806003328326715
82 185 0.7206711740810445
82 152 -0.11270515924311053
82 155 0.09890593204804299
82 159 0.5127152294699691
82 162 0.3235626890692156
82 165 -0.9164686830573985
82 168 -0.1830628155448466
82 170 -0.5136749124016045
82 173 -0.19474443360097737
82 176 0.7035064225703012
82 179 -0.45903910646173385
83 84 -0.02376589192345624
83 218 -0.3755268363706843
83 221 -0.6370101081845108
83 188 0.810425647938966
83 191 -0.16335368523931737
83 195 0.05706602808010608
83 198 -0.4670362932701526
83 201 0.36886359694979465
83 204 -0.7419566650307119
83 206 -0.04790517341534484
83 209 -0.5334244842407263
83 212 -0.9078420909809557
83 215 -0.8972898164589427
84 254 0.8654958667015564
84 257 0.9848132120754125
84 224 0.8160269512060898
84 227 -0.6699146805240135
84 231 -0.8378109839605938
84 234 0.19412781308371607
84 237 0.36983996366515726
84 240 0.45691103697783153
84 242 0.2016586327678087
84 245 -0.3985139779528579
84 248 -0.18591082434684725
84 251 -0.07285871893881968
85 86 0.8472578143655047
85 88 -0.3775518072139561
85 182 -0.6710211932792431
85 185 -0.6018581199946029
85 188 -0.578442727659987
85 191 -0.3054083351735333
85 195 0.41977581904438366
85 198 -0.9751247195217956
85 201 -0.12252214089582791
85 204 -0.961820125737652
85 206 0.9000090406229881
85 209 0.5951367109998895
85 176 0.9078276424385525
85 179 0.4709030778468868
86 87 -0.9969937860588238
86 89 -0.04392009591007673
86 218 -0.10984208633236059
86 221 0.28427154153039824
86 224 -0.4789764042684732
86 227 -0.79018791009636
86 231 -0.27720467176918717
86 234 0.0035837039129436032
86 237 0.17541978534442415
86 240 0.9026383533917921
86 242 0.4111106112604208
86 245 -0.16996450739448754
86 212 0.005100864458945864
86 215 0.8628442065852453
87 90 -0.1595804844079447
87 254 -0.5782478847726691
87 257 0.046047088191571994
87 260 0.5394972963373001
87 263 0.8913773587609106
87 267 -0.18132372840090483
87 270 -0.4067311120269059
87 273 -0.6691373824923943
87 276 0.22083712733741034
87 278 -0.6729576741376753
87 281 0.11943049161465047
87 248 0.35681125935348135
87 251 0.5561305181479466
88 89 -0.18558872823340344
88 182 -0.10727157585164848
88 185 -0.48247321490897677
88 188 -0.08876402986848841
88 191 -0.5747180062024382
88 195 0.13334724424335254
88 198 -0.3317866238327474
88 201 0.5674457236184027
88 204 0.6262953694654103
88 206 0.06276607536787915
88 209 0.5298721493305498
88 176 0.5525145979610495
88 179 0.67408219448607
89 90 -0.690819634757385
89 218 -0.46782622366455606
89 221 0.43702935493665374
89 224 0.11897926481993437
89 227 0.6423105191333265
89 231 0.9445767994218843
89 234 -0.1804956253593899
89 237 0.44365258509511096
89 240 -0.06443613677386395
89 242 -0.9916835380488827
89 245 0.9258355365852615
89 212 -0.19848164323373108
89 215 -0.8858983887305381
90 254 -0.9336723663318913
90 257 -0.41796621598226746
90 260 -0.7362583829517366
90 263 -0.006591318114408606
90 267 0.9103757753049195
90 270 -0.6317168484199498
90 273 0.2795171707933368
90 276 0.2143204031990542
90 278 -0.3645320243580452
90 281 0.06480523840849961
90 248 -0.31838220434428255
90 251 -0.4809430516252089
91 92 0.08760092020935906
91 94 -0.6867090506921636
91 183 0.6281598621107962
91 186 -0.5135712627561118
91 189 -0.7894635837633088
91 192 0.7831268307281731
91 195 0.674507042030488
91 198 -0.1180115369427166
91 201 0.6264713431754274
91 204 -0.09304954592556114
91 206 -0.9031173489346342
91 209 -0.2749198341030308
91 176 -0.6127913367462092
91 179 0.02050666236489862
92 93 -0.6728804776294597
92 95 -0.2505905578301846
92 219 -0.33290566263473353
92 222 0.37043191542993625
92 225 -0.4684515146824222
92 228 -0.48746422748067597
92 231 0.14473059283361844
92 234 -0.40332806981114566
92 237 -0.16706682613658397
92 240 -0.558568794676648
92 242 -0.7436356121000982
92 245 0.48999559603282483
92 212 -0.6092171236861446
92 215 -0.7745809324066122
93 96 0.2799554432320406
93 255 0.45933712001720495
93 258 -0.45184682284155997
93 261 -0.9808859715451859
93 264 -0.6232407379819018
93 267 0.88981954010635
93 270 -0.049878327303709336
93 273 -0.3032188136635394
93 276 -0.9007515018511336
93 278 -0.5621305825539453
93 281 -0.07690743970627612
93 248 0.024225426746451006
93 251 -0.13583685573133608
94 95 -0.9465685871243215
94 183 -0.22578488314573386
94 186 0.41296672067344975
94 189 -0.8762227494953336
94 192 0.2755422152505529
94 195 0.7786648141872321
94 198 -0.5442031542712655
94 201 -0.6202113998424232
94 204 0.91944090288459
94 206 -0.32921497953393764
94 209 0.7002164724056323
94 176 0.4684019260998571
94 179 -0.8617281956897234
95 96 -0.28230680641840133
95 219 -0.1608337445961232
95 222 -0.1767849218634805
95 225 0.6593606237775258
95 228 0.37954509954661875
95 231 0.2019987734016222
95 234 0.9940847772660644
95 237 0.43693806827029635
95 240 -0.1593341745483099
95 242 0.8805360019807604
95 245 0.4357442672325793
95 212 -0.17947784767226382
95 215 0.5264996822802646
96 255 -0.7407902227790342
96 258 -0.40691783822995475
96 261 -0.5172650334122153
96 264 -0.17489339772842283
96 267 0.36501242988136284
96 270 -0.3875782146438951
96 273 -0.798208284646845
96 276 -0.018812614835789887
96 278 -0.50078777577046
96 281 -0.16130933385459167
96 248 -0.229738944764325
96 251 -0.6941396899483683
97 98 0.8285864930603255
97 100 0.11652674716834532
97 183 0.9191897003186307
97 186 -0.11693628855183547
97 189 0.8612847132223733
97 192 0.9128874366290176
97 195 -0.4302147721257663
97 198 0.4147323185044056
97 165 -0.5495870828651903
97 168 -0.8632904301584383
97 170 -0.8306327994363834
97 173 0.968459551141144
97 176 0.5024477223423627
97 179 0.8117365331941193
98 99 0.007666235203931615
98 101 -0.015986382367146
98 219 0.3139387322089495
98 222 -0.852783405482505
98 225 0.5883338318978846
98 228 -0.0590853025624718
98 231 0.19254983541054016
98 234 -0.5618495368744443
98 201 0.7716857060697491
98 204 0.31909515544719413
98 206 0.418237524969987
98 209 0.25313846240570115
98 212 0.7011637155270052
98 215 -0.06496841631225636
99 102 -0.4670104830739956
99 255 -0.542974641082971
99 258 0.4625990251221286
99 261 -0.06841801732582731
99 264 -0.28049475751516373
99 267 0.5465667857010792
99 270 -0.9647896100513762
99 237 0.8157310546096082
99 240 0.6228066140181518
99 242 -0.8010389545214476
99 245 -0.8997613032119118
99 248 -0.049802477804927525
99 251 -0.4677572590533443
100 101 0.3423607538047506
100 183 0.17172181712193413
100 186 0.12267487418708067
100 189 0.13147013047208578
100 192 -0.7757288635809012
100 195 -0.4635868166033832
100 198 0.4692299610175765
100 165 -0.15910332047013087
100 168 0.7091259125835265
100 170 -0.14661125943629716
100 173 -0.4185124927295696
100 176 0.0740326472432542
100 179 0.24594443858969361
101 102 -0.6372285974469136
101 219 0.4426814994692443
101 222 -0.7830211086221186
101 225 -0.9979997028624275
101 228 -0.0277169752634272
101 231 0.9562469588998774
101 234 -0.13621236890591137
101 201 -0.6493880213652174
101 204 0.7552362567124753
101 206 -0.35490094776161274
101 209 0.40126285082863467
101 212 -0.10522785564381731
101 215 0.7845291032342294
102 255 0.053878455240508494
102 258 0.2412311548982493
102 261 -0.8007616463699665
102 264 -0.5282327460295273
102 267 -0.005814593153005143
102 270 0.9112089791935798
102 237 0.04579443669861605
102 240 -0.6427212480002031
102 242 -0.3235392620120747
102 245 0.78037702101088
102 248 0.982589715265572
102 251 0.48754751328592305
103 104 0.3261748854149953
103 106 0.2286227974893813
103 183 0.8421814303969573
103 186 -0.2551775251439736
103 189 -0.46393287901251234
103 192 -0.02580587025726966
103 195 0.8473172337545727
103 198 -0.6720362094897889
103 165 -0.46165945010434783
103 168 0.6880068568708366
103 171 -0.6930685345198848
103 174 0.12412203715069348
103 177 0.3803931152581306
103 180 -0.3650575458245733
104 105 0.6343770232183188
104 107 0.9675496131595791
104 219 0.7365596530614025
104 222 0.5008239547876958
104 225 -0.08430088745332442
104 228 -0.8470791592559366
104 231 0.37267915315437405
104 234 0.15922570042826778
104 201 0.2402115077101472
104 204 -0.9330412020084422
104 207 0.09699785066996847
104 210 -0.6494784264152613
104 213 0.03610241398244285
104 216 -0.8388797325451709
105 108 0.6117499547415426
105 255 0.6317825909187542
105 258 -0.5257322911899298
105 261 -0.15058914242191457
105 264 0.4588355296264708
105 267 0.7283701113175598
105 270 0.009745129496092186
105 237 -0.8487772219887484
105 240 0.7600762205539715
105 243 0.7134806889585339
105 246 0.43068382577052433
105 249 -0.8240310166775717
105 252 0.5182140334053436
106 107 -0.33578171358166187
106 183 0.3875175080436093
106 186 0.9882165763387314
106 189 0.24778232052285998
106 192 0.3368461574260875
106 195 -0.13345998347599042
106 198 0.12226755657162047
106 165 0.39417796133964567
106 168 -0.395805312320594
106 171 -0.48555749948782556
106 174 0.8849798606016315
106 177 -0.25482923211869757
106 180 -0.5922627630296664
107 108 0.06145594712242586
107 219 0.23517562228629374
107 222 0.40695360800580915
107 225 -0.8568925661253424
107 228 0.673980662974256
107 231 -0.3316825715110694
107 234 0.6422912857923413
107 201 0.9056841403025677
107 204 0.4121214947052525
107 207 0.12601458695573298
107 210 -0.7220151448661711
107 213 0.26711940794137945
107 216 -0.18204189635045287
108 255 0.07057311605455707
108 258 -0.2517914278896414
108 261 0.7942261925867726
108 264 0.5347324415506447
108 267 0.6785930105775044
108 270 -0.48688592295793076
108 237 0.8684447129651212
108 240 -0.5868980992117754
108 243 0.17536471023192846
108 246 -0.8350075430717692
108 249 0.8497120010463037
108 252 0.6264939952709019
109 110 -0.4873438998163364
109 112 0.8455917169532818
109 183 0.7799409456297626
109 186 0.7930036791876494
109 153 -0.600924380489751
109 156 0.6017193497781783
109 159 0.737876266789558
109 162 -0.15985730441699553
109 165 -0.8652912845742822
109 168 -0.140967249220735
109 171 0.12674632370815786
109 174 -0.8846032957257535
109 177 0.37479126832520104
109 180 -0.6783480951933984
110 111 -0.22103276861568633
110 113 0.5289064729445772
110 219 -0.026045742749583933
110 222 0.9639586291881981
110 189 -0.8382260767258798
110 192 -0.6173828455926795
110 195 -0.7910970703599487
110 198 0.9295364720822406
110 201 -0.4320486006358135
110 204 -0.4047653176704027
110 207 0.4348307506721547
110 210 -0.4148910019408498
110 213 -0.9829217153271008
110 216 0.9587244489569451
111 114 0.4805918580166555
111 255 -0.5970615856523702
111 258 0.9675505778394948
111 225 0.8454017568768619
111 228 0.2156010576939702
111 231 -0.6523440502748434
111 234 0.989495216227031
111 237 -0.005579559024591285
111 240 -0.31182655566107376
111 243 0.13673699098457748
111 246 -0.8422253888922646
111 249 -0.9852339360704847
111 252 0.101079599473336
112 113 0.24251634069406935
112 183 0.9398854142442703
112 186 0.26206643524380935
112 153 0.3510173266745822
112 156 0.9884652899260069
112 159 -0.9083578938767054
112 162 0.9654766122627598
112 165 -0.5069605248838676
112 168 0.9392586516667734
112 171 -0.09288734144449506
112 174 0.2285397110418761
112 177 0.770779938750165
112 180 -0.2214353941650955
113 114 0.4554696717536495
113 219 0.23027687856616152
113 222 -0.1653905032563583
113 189 0.6439590943094966
113 192 -0.15352102841402848
113 195 0.7431618976818222
113 198 -0.15881584832795137
113 201 -0.67427246430726
113 204 0.2971880403580551
113 207 0.9151615818008991
113 210 0.16314138316935733
113 213 0.8659053595885098
113 216 0.5229802247696187
114 255 0.8400063741515444
114 258 0.3252125581340364
114 225 -0.12053744960498736
114 228 -0.6551599276642481
114 231 0.014463785128477902
114 234 0.1961883736510439
114 237 0.5232319820555746
114 240 0.9609334697621683
114 243 -0.8641704433709514
114 246 0.5865185213454385
114 249 -0.3427030725091751
114 252 -0.2977114946311339
115 116 0.2652844433562045
115 118 0.9998196346963788
115 183 0.5291609004301987
115 186 0.9817810312571427
115 153 -0.6095465472642867
115 156 0.8378018721659555
115 171 0.9656445534006313
115 174 -0.4418208376544641
115 177 0.4629431956946801
115 180 -0.07795646500270603
116 117 -0.6619071728588366
116 119 -0.06156352281792077
116 219 0.663361816741828
116 222 0.9224371300271417
116 189 -0.11122542532378632
116 192 0.8522232248756341
116 207 0.01860764062014386
116 210 -0.4426416214789437
116 213 0.7316062434721204
116 216 -0.29389808672019835
117 120 -0.7917507695778065
117 255 0.6284686620688273
117 258 0.591193767646931
117 225 0.03592374264783804
117 228 0.46787623229480624
117 243 -0.23233582822708065
117 246 0.37040019952120495
117 249 -0.4739897210601518
117 252 -0.6782991795183788
118 119 -0.8249810872298926
118 183 -0.7363236007996741
118 186 0.9123624141566933
118 153 0.861546278496508
118 156 0.5613121753990948
118 171 -0.6783033646247332
118 174 0.567375825026188
118 177 -0.27871184202762467
118 180 -0.4762984787820941
119 120 0.7637965263488493
119 219 0.8617636131045368
119 222 0.20381544784835115
119 189 -0.5192236357463487
119 192 -0.47690900125208024
119 207 0.0068934683117134465
119 210 -0.7060117661712859
119 213 -0.19987719882195876
119 216 -0.9640490258889016
120 255 -0.225157108539779
120 258 0.5151824157115159
120 225 0.7637627090114307
120 228 -0.642828238767474
120 243 0.05102617089808548
120 246 -0.9952427098189551
120 249 0.018966806968820027
120 252 0.06238803397879744
121 122 -0.934833639084037
121 124 0.19718508917804645
121 183 -0.6368332512296411
121 186 -0.7600123331927295
121 189 0.2969708221929708
121 192 0.49696392582862314
121 207 -0.4498657118091629
121 210 -0.9184814930780199
121 177 -0.3619468584033221
121 180 -0.7178687545927462
122 123 0.42326901587170984
122 125 0.9418654757695657
122 219 -0.5142786365838214
122 222 -0.39967149471379226
122 225 -0.8238700419165779
122 228 -0.9727998048081334
122 243 -0.46834588152082723
122 246 0.15835424372087936
122 213 -0.4747092215780204
122 216 0.35888062828223544
123 126 -0.8173292497293612
123 255 -0.5406589601986722
123 258 0.3532055794646487
123 261 -0.9264264767810992
123 264 -0.9737695749261086
123 279 0.6840119615229976
123 282 -0.544343438058255
123 249 0.08374254878041643
123 252 0.7174663306152411
124 125 0.696279212038454
124 183 0.7031712292374233
124 186 0.016466262332285764
124 189 -0.9228650713848927
124 192 0.34057381226148475
124 207 0.316881249771062
124 210 -0.8364482055960263
124 177 -0.3702457716904346
124 180 0.5248294110809466
125 126 -0.8010129674686619
125 219 0.6676710382391959
125 222 -0.4636939873005914
125 225 0.07843038538417746
125 228 -0.8693272666655585
125 243 0.46823853289679307
125 246 0.6082104073925447
125 213 0.2588940330282661
125 216 -0.40982989190628993
126 255 -0.2670770945467007
126 258 -0.07289323865552233
126 261 0.8948076146929089
126 264 -0.22526659289142104
126 279 0.7861138891374397
126 282 -0.37228715942914214
126 249 -0.15165227673951498
126 252 0.012611502688917753
127 128 0.8411124653870676
127 130 0.9153442817001316
127 207 0.5035721793299537
127 210 0.8005042569766907
127 177 0.6536967861347105
127 180 0.4689869344646498
128 129 -0.7483781614788556
128 131 0.21841877876709992
128 243 0.09933272313078545
128 246 -0.3249238996160315
128 213 0.4111218579090996
128 216 -0.2500623488180791
129 132 0.9775861911387862
129 279 -0.834935355567298
129 282 0.16063726165107628
129 249 -0.46367590768096356
129 252 -0.027261569232904348
130 131 0.24414969030131717
130 207 -0.3412074116700876
130 210 -0.8435022119774238
130 177 -0.21833332254936155
130 180 -0.36084743068005554
131 132 -0.33546129278291503
131 243 0.7084833583471177
131 246 -0.6997286928635056
131 213 -0.14314869236290617
131 216 -0.7421939386482728
132 279 0.996391278528427
132 282 -0.14773739309572864
132 249 -0.3054453778195567
132 252 -0.8839987655886992
133 134 0.35034949702538776
133 136 -0.15844947142261523
133 171 0.44449145776841315
133 174 0.7031332817148757
133 177 -0.9329792672716712
133 180 0.7563088776675557
134 135 0.31722797295282534
134 137 -0.8890121264712036
134 207 0.950907804315295
134 210 0.8952579660401023
134 213 -0.654543075926594
134 216 0.2082611422764591
135 138 0.7485290863018144
135 243 -0.9792844052161311
135 246 -0.7833459320543104
135 249 -0.48216881500077546
135 252 0.8781325248732743
136 137 -0.7286978979915435
136 171 0.7810706552053153
136 174 0.4660012310798498
136 177 -0.822868710252703
136 180 0.7782642402853963
137 138 -0.8789280465313616
137 207 0.5628860254225592
137 210 0.4946926910399565
137 213 -0.576647188064634
137 216 0.47939633341892973
138 243 0.22282932506081643
138 246 -0.9649249551531929
138 249 -0.08834640237724356
138 252 0.24487711615948338
151 152 0.19508178482276461
151 154 -0.7611745115099393
152 153 -0.9595974122722388
152 155 0.923838649870786
153 156 -0.40670127251543065
154 155 -0.534877490870528
155 156 0.4706181144397241
157 158 0.6637879257690229
157 160 -0.5810273630992799
158 159 -0.580051885214278
158 161 0.18307955649441698
159 162 0.6437047032297056
160 161 -0.3282509275056249
161 162 -0.7738508218397004
163 164 0.6915669140444629
163 166 0.6462660153659643
164 165 0.1567699746135247
164 167 -0.3677544791717915
165 168 -0.572796366785363
166 167 0.21606821540782972
167 168 0.835955972745207
169 170 -0.7706294343605935
169 172 0.8910813594430018
170 171 0.618093742889976
170 173 -0.9320212895334063
171 174 0.28822772965129206
172 173 -0.5484539977703935
173 174 0.4220227073225624
175 176 0.9378917774365607
175 178 -0.13118528003446928
176 177 0.7307366623868705
176 179 0.11511039795704825
177 180 0.35862757058661954
178 179 0.839794342465245
179 180 0.26058856099522765
181 182 -0.4213188112567805
181 184 0.7551532787847921
182 183 -0.7824848984921022
182 185 0.34431875566174686
183 186 0.3846031308934139
184 185 0.8135771724755261
185 186 0.06847857836797488
187 188 0.6317403338671608
187 190 0.994359798198275
188 189 0.7332579819793561
188 191 0.8204801720076988
189 192 0.13417401605960766
190 191 -0.1660827104487297
191 192 -0.296137270487673
193 194 0.09447175566770727
193 196 -0.6204999450074056
194 195 -0.35713237288004307
194 197 0.17457859867243775
195 198 -0.33135683136696725
196 197 -0.6197027538548978
197 198 0.23986527732470075
199 200 0.13012520212693546
199 202 0.3772618971390882
200 201 0.8166527148959422
200 203 -0.7220250989354278
201 204 0.13699869034838996
202 203 -0.5811527660533182
203 204 0.9957567239766099
205 206 -0.05220515972019202
205 208 0.6239425929637079
206 207 0.3581045430622929
206 209 0.9817069068962936
207 210 -0.48260923459700145
208 209 -0.19901716826654958
209 210 0.7289701345410482
211 212 0.7003462377392733
211 214 0.7673285450087299
212 213 -0.9114601242521292
212 215 0.983218109172812
213 216 -0.10058793363354668
214 215 0.6640352387191297
215 216 0.29191388906150406
217 218 0.3539210779835622
217 220 -0.15098593205924393
218 219 0.11909326716404944
218 221 -0.992714607330434
219 222 0.042490386270537694
220 221 -0.37945114849904327
221 222 0.7029899361438301
223 224 -0.5315447917294887
223 226 -0.5843509655590831
224 225 0.8155265270567424
224 227 0.16835058364219124
225 228 -0.003014078558845501
226 227 0.4173621787757553
227 228 -0.07428908310179327
229 230 0.18807217533349951
229 232 0.11763075739463735
230 231 0.5094179757559263
230 233 -0.4977751442791405
231 234 0.809328312028404
232 233 -0.34671836271388146
233 234 -0.5458262588824816
235 236 0.10565709810155366
235 238 -0.7771192806202136
236 237 0.5196520691407653
236 239 -0.36276739871120434
237 240 0.4823973983633698
238 239 0.4947875737976135
239 240 -0.6354225768498942
241 242 -0.40354626744613453
241 244 -0.8750851220413429
242 243 -0.4745235834209478
242 245 0.6001032087868841
243 246 0.1426911485020519
244 245 -0.026366121095039885
245 246 -0.11916751647614632
247 248 0.26266100319823615
247 250 0.17871935923724158
248 249 0.6122296625403985
248 251 -0.20045035095441022
249 252 0.6163056203679844
250 251 -0.894660972610198
251 252 0.20168882721774573
253 254 -0.5740982623419826
253 256 -0.43268745941182285
254 255 -0.3557582986278611
254 257 -0.04382515309525381
255 258 -0.21785891180255756
256 257 0.5250247166797493
257 258 0.9771188095760517
259 260 -0.40040414778505173
259 262 0.03718325060395489
260 261 0.2059543954075287
260 263 0.1975682243827619
261 264 -0.09428470624255403
262 263 0.2497593284674584
263 264 0.3598641296459124
265 266 -0.26160802977593245
265 268 -0.6741888657791131
266 267 0.8912233427868019
266 269 -0.8872087693357134
267 270 0.3727870341085797
268 269 0.3579439234560877
269 270 -0.45199063482510127
271 272 0.6067812536353587
271 274 -0.533214263562841
272 273 0.5664789777222252
272 275 0.9625727998875475
273 276 0.2489049903920526
274 275 0.4906905498200893
275 276 0.8241919450571518
277 278 -0.7346459591637222
277 280 -0.4821195338398423
278 279 0.9377730689739634
278 281 0.7693350296319483
279 282 0.9772394213563911
280 281 -0.5469944243578992
281 282 0.7680692296389664
