# 
7 7 -0.2756980029630762
8 8 -2.8848612130727203
9 9 -0.05531796684290047
10 10 -2.7587611557120457
11 11 2.2022045150082104
12 12 1.1009460237664213
13 13 0.8243106265778595
14 14 -2.381611809558204
15 15 -3.4449052961222373
16 16 1.813217843285206
17 17 3.71499102511458
18 18 -1.556756300736728
19 19 1.2985732371436711
20 20 -1.4170326435331653
21 21 -2.6540042071502707
22 22 -0.15912983538954162
23 23 -2.438501532612066
24 24 3.398634312049251
25 25 -0.6814584510187602
26 26 1.3555599768241677
27 27 3.473117876465828
28 28 0.7602969238075747
29 29 1.223088266833491
30 30 -0.2666100071912316
31 31 -1.525679352567713
32 32 1.3675732534044798
33 33 2.3590089860856986
34 34 3.407403671908116
35 35 1.4808763457915033
36 36 -0.46763716311057113
37 37 2.330928553533801
38 38 2.1153078579442903
39 39 3.6075231874416085
40 40 3.530409701589722
41 41 -0.6048350975594285
42 42 -3.6973152794812707
43 43 2.196378551407901
44 44 -0.9745269298531509
45 45 -2.276873864748005
46 46 -2.3594100012738526
47 47 1.7772434638505974
48 48 -1.1701653380019037
49 49 0.8060316900548266
50 50 3.4506158671851477
51 51 0.8421574303412145
52 52 1.0220244477311997
53 53 3.2526886491316542
54 54 1.2208937691972945
55 55 0.22759706499217458
56 56 0.559860193740084
57 57 3.761828388443269
58 58 -0.7244206904924457
59 59 0.41490586007520047
60 60 1.7102620921145464
61 61 3.9529143147314505
62 62 -2.5973648204536826
63 63 -2.3760499730628126
64 64 -3.8107439499567333
65 65 -2.9984417519962685
66 66 -3.112825271033185
67 67 -2.680448503671303
68 68 -2.1601789740343156
69 69 -0.23319083956891706
70 70 0.301739343218423
71 71 2.144378883992073
72 72 2.0438302786842213
73 73 -0.026858727021701334
74 74 1.2723605818926673
75 75 2.624175107686744
76 76 1.0671720339835824
77 77 -3.8640802286413267
78 78 -3.581863957847589
79 79 2.951010887910229
80 80 -3.2549840486489874
81 81 3.3360958250953825
82 82 -1.0024120682518287
83 83 -1.1316858892257322
84 84 -3.3480359720008463
85 85 2.8964812998577862
86 86 3.173365970375622
87 87 1.2841151499080343
88 88 -2.3573160114471188
89 89 2.47291531062585
90 90 1.4750676715026954
91 91 -1.919870829278846
92 92 1.5650773721668507
93 93 0.1395770839072954
94 94 2.5596686344258144
95 95 0.044643408283906005
96 96 3.7185481620396734
97 97 2.2359117183808612
98 98 -2.893572185989382
99 99 -3.1543883320945145
100 100 -3.204084808785483
101 101 -0.8159791988239782
102 102 -0.008052420832117768
103 103 0.6376733685830027
104 104 0.07806123685590016
105 105 3.987569752975552
106 106 3.0467357208877095
107 107 1.051931599820172
108 108 -3.7688015935463026
109 109 -1.8541462009662846
110 110 1.040038687403845
111 111 1.3711546427245773
112 112 0.7903810094297352
113 113 -1.517712681364359
114 114 -2.4641208099671594
115 115 -3.759961803310631
116 116 -2.605907613384818
117 117 1.2243865721198564
118 118 -3.636793669555355
119 119 2.698025052398042
120 120 -2.538421071263029
121 121 -3.4050392175208755
122 122 2.3646439772573897
123 123 -1.7221533612215882
124 124 0.5145246154628538
125 125 -0.5613069245633211
126 126 -3.336380779761175
127 127 -1.3030253357838175
128 128 0.4273881202439629
129 129 1.032160903634681
130 130 -2.4775598141370674
131 131 -3.652687508223617
132 132 2.6278734317273456
133 133 -0.17874119373139852
134 134 0.7145890615742472
135 135 3.5924934655865037
136 136 0.41003727284988134
137 137 -2.204535420952288
138 138 3.476791884545597
151 151 1.722215129963681
152 152 3.592621569561074
153 153 -0.8585669523130983
154 154 -0.6188611156111259
155 155 2.373335185433831
156 156 -1.4604587673048472
157 157 0.020629818985147708
158 158 -1.437041853978771
159 159 -1.4539625468595654
160 160 -2.7830432451025473
161 161 0.3088226862610082
162 162 1.9021722174271245
163 163 0.9327421417516542
164 164 1.7137301004030547
165 165 -2.6069869936128294
166 166 -0.4641147781770192
167 167 1.0568773448205446
168 168 -3.1596343428319233
169 169 2.832069192495098
170 170 2.5528786706501894
171 171 2.901013065808926
172 172 3.453559392506599
173 173 0.24867079248263568
174 174 -1.299745756210144
175 175 1.1240844517800195
176 176 2.1339439539493563
177 177 0.5382358899415074
178 178 2.7406509388190097
179 179 3.0379781693760135
180 180 0.09755090410254574
181 181 1.9233238835702364
182 182 1.6914499987273022
183 183 -1.1893003848670753
184 184 2.008917660307999
185 185 1.9282971677352805
186 186 1.8347355067470108
187 187 -0.9853129482052099
188 188 -1.3977699679073607
189 189 -2.13046676718567
190 190 0.826597266757533
191 191 1.796499508755132
192 192 -0.10011128602163932
193 193 -0.1778354747552484
194 194 2.121375584872803
195 195 2.598554018036072
196 196 0.1735598900906643
197 197 3.411168357618796
198 198 -2.1123751885767676
199 199 1.7077231036287746
200 200 0.3408029475997738
201 201 3.577823928192994
202 202 0.5604067506643151
203 203 2.1143937638746326
204 204 -2.7409696241091615
205 205 -3.118301802732618
206 206 -1.8087536621294014
207 207 -0.259732689780134
208 208 -0.46439463049041496
209 209 1.1783039546305734
210 210 3.508048865435857
211 211 1.0573961007196413
212 212 -3.869061973836449
213 213 2.3098966652372157
214 214 1.1745400456158954
215 215 0.7544223742692004
216 216 -1.3186486896440002
217 217 -1.806685450555353
218 218 0.18231647518947902
219 219 0.21044509336552863
220 220 1.446611893234869
221 221 -1.6406703383949246
222 222 0.30086347443804673
223 223 3.613425327115916
224 224 -2.411584988911896
225 225 -2.0384579998408308
226 226 1.5754369817954572
227 227 0.8573220941421082
228 228 0.0234709571766194
229 229 3.110761801003349
230 230 0.03158270289865417
231 231 -1.647338219706178
232 232 -1.7277522461979586
233 233 0.455624920261136
234 234 -1.0521821820807862
235 235 2.095119375277397
236 236 -2.2562313683653574
237 237 1.21549511145931
238 238 3.7259431451787
239 239 0.3620124542070853
240 240 1.3407871062602874
241 241 2.66853666464534
242 242 -1.461447743519578
243 243 -1.8575628276481249
244 244 0.5053160222992625
245 245 -2.272962748622848
246 246 3.5003981260138985
247 247 -0.09688577481838401
248 248 -0.09300428155764795
249 249 1.769493446297103
250 250 0.2451138877915353
251 251 1.1626277222118109
252 252 -2.643384949992112
253 253 -0.36559341637534537
254 254 -3.684045883983978
255 255 1.6212075897634763
256 256 -1.1461003406478305
257 257 -0.007263960501770583
258 258 -1.7542873645964292
259 259 0.3645094057266718
260 260 0.1788279670696511
261 261 -0.5773741339608893
262 262 -1.0029763356690529
263 263 -2.6014989957680976
264 264 2.808108446440653
265 265 -0.6672607375288973
266 266 -1.3818035180871124
267 267 -0.524158183161398
268 268 -0.03202599023079866
269 269 -3.861548676348052
270 270 0.827768807786688
271 271 -2.769756611012558
272 272 -2.0361314072559367
273 273 -1.0094620979013182
274 274 -0.27694220549153137
275 275 2.075802963084433
276 276 2.501399552258804
277 277 2.2464807848991057
278 278 1.1406230043849623
279 279 -2.8758136898825732
280 280 -2.6950396073098855
281 281 1.338109960544915
282 282 3.1782202142975926
7 8 0.32164934695222835
7 10 0.7860714243571163
7 157 0.5769876177671145
7 160 0.5883901826006965
7 163 0.7666677626671761
7 166 0.47842313022393945
8 9 0.25744722302236966
8 11 0.8748879458463406
8 193 0.027697707684934514
8 196 0.9083813282735944
8 199 -0.1820330115177169
8 202 -0.34011620899870754
9 12 0.8855683581834608
9 229 0.6677179160198987
9 232 -0.680973339135915
9 235 0.06973141030651253
9 238 -0.5795749716706422
10 11 -0.4152866092465872
10 157 -0.41620202350764735
10 160 -0.9163060174859994
10 163 -0.9209584200068535
10 166 0.8163709711285279
11 12 0.1760076304775806
11 193 -0.5686964623852633
11 196 -0.7634736961275443
11 199 -0.5130702189218632
11 202 0.5501342990128439
12 229 -0.0359651441129738
12 232 -0.11923837742108412
12 235 -0.27933604959888725
12 238 -0.2862025222048683
13 14 0.2462003433925859
13 16 0.6210831223968651
13 193 0.34586460029885435
13 196 0.019585977101755914
13 199 -0.2477704120284161
13 202 0.7894351469011154
14 15 -0.598225087086351
14 17 0.371005297604069
14 229 0.5085113980260205
14 232 -0.21668666121962477
14 235 -0.08052462329400778
14 238 -0.6028889740733716
15 18 0.2997966570557966
15 265 0.48095510207785885
15 268 0.48448378871172726
15 271 -0.15317456955670594
15 274 -0.8324420823527854
16 17 -0.5360956191461028
16 193 -0.6472591947597015
16 196 0.18402685710967392
16 199 0.20074709402693536
16 202 -0.9155419728194636
17 18 -0.4860536530021915
17 229 -0.26407876058949165
17 232 -0.7089042129183052
17 235 -0.3836464792129286
17 238 -0.3014487681338416
18 265 0.23051677901078405
18 268 -0.9277103619970011
18 271 0.751519953771616
18 274 -0.11495022348772466
19 20 0.3745262252622168
19 22 -0.26822156953485354
19 181 -0.3579906743850658
19 184 -0.7500619944715259
19 187 0.49911118354371165
19 190 0.023407820889439268
19 193 0.8968622308070779
19 196 0.2706823524948123
19 199 -0.3609280457993371
19 202 -0.28463471788222106
20 21 -0.9334006416998697
20 23 -0.151753763368758
20 217 -0.15323928504270112
20 220 -0.3197129357497681
20 223 0.2674585995207397
20 226 0.46304565689506005
20 229 0.0015226622760420305
20 232 0.8376108259455617
20 235 0.6796199164833816
20 238 0.7398868361408204
21 24 0.37940810124527746
21 253 0.6594745083118669
21 256 0.9907598304396745
21 259 -0.4089598537443897
21 262 0.594825813908348
21 265 0.8723508759297063
21 268 0.781883499630333
21 271 -0.6863836633265763
21 274 0.9316943257666517
22 23 -0.4671034006330166
22 181 -0.8663454547055276
22 184 0.6562145768603127
22 187 -0.19544553647952823
22 190 -0.35456588069032935
22 193 0.42717431572108344
22 196 0.5466926019725977
22 199 -0.5612663276843675
22 202 -0.564021743089435
23 24 0.8881533432993245
23 217 0.7546058952054535
23 220 0.3444028888633184
23 223 0.8941725025169978
23 226 0.0038423738526056628
23 229 0.838812833407391
23 232 0.1971872765036755
23 235 -0.7155855908185513
23 238 -0.8304398331025407
24 253 -0.04948790002368919
24 256 -0.28504042557367293
24 259 0.5290145623317204
24 262 0.9956798080223699
24 265 0.5533540224949998
24 268 0.023697129362995728
24 271 -0.7393587396004246
24 274 -0.2749614814114174
25 26 0.8923803951079943
25 28 0.5977944563158437
25 181 0.586979423243553
25 184 0.6138915217998209
25 187 -0.39818856026265936
25 190 -0.6528922673020652
25 193 -0.9542939737462377
25 196 -0.9884634872118974
25 163 0.9742584373395569
25 166 0.7657456920776893
26 27 -0.9771582660296483
26 29 0.7014493361618603
26 217 0.6575909967175328
26 220 0.2999774960378401
26 223 -0.4525380483813266
26 226 -0.15996427052984163
26 229 0.9125713992190994
26 232 -0.15392290990027435
26 199 -0.5393237945618456
26 202 0.33457320923664113
27 30 0.3227733620111719
27 253 0.930687908928979
27 256 -0.08857863225336615
27 259 0.05920306545314058
27 262 -0.29142199070788566
27 265 0.6686371201394474
27 268 0.7758305241242267
27 235 0.5439823550131346
27 238 -0.03834558845257141
28 29 0.8234777016598496
28 181 -0.7504065205025763
28 184 0.4608171179472018
28 187 -0.6602746111256006
28 190 -0.6324613660210578
28 193 0.6179223276020298
28 196 0.95112464511882
28 163 0.8088787611470443
28 166 0.7737051393212573
29 30 0.6946692649304789
29 217 -0.3100794825047557
29 220 -0.45256718693411946
29 223 0.8357965641141152
29 226 -0.8505427725372039
29 229 0.09358953507404277
29 232 0.7187049317033354
29 199 0.5201779413793532
29 202 0.011257408722728401
30 253 -0.5366264602658073
30 256 0.7214208831466111
30 259 -0.10058679632209433
30 262 -0.9936553399577117
30 265 0.5182714659519425
30 268 -0.11191545654635249
30 235 -0.12164901573618292
30 238 0.2285441484625843
31 32 -0.6744131446492976
31 34 0.01643661732685331
31 181 0.9725388715492109
31 184 -0.48395885119710846
31 187 0.6254712873765582
31 190 -0.1607530856229673
31 193 -0.014744553162076679
31 196 0.7897946950814354
31 163 -0.8550464527253965
31 166 0.4370092728655073
31 169 0.21713297468385528
31 172 0.4072093523048379
31 175 -0.6991132933973632
31 178 -0.5165264285935229
32 33 0.7831450870260037
32 35 -0.19996380285313498
32 217 -0.4617774821152336
32 220 -0.08998701054771985
32 223 0.13796540663310175
32 226 -0.6383904834785905
32 229 -0.20435310238382653
32 232 -0.1172551560640811
32 199 -0.8559769180131953
32 202 -0.20252853086890243
32 205 0.37030465206143215
32 208 -0.8129595749847482
32 211 -0.7611886486650539
32 214 -0.9653309781307169
33 36 -0.3269093040090991
33 253 0.04364751041419246
33 256 -0.7681415560059881
33 259 -0.4908763081696559
33 262 -0.5512430412381222
33 265 -0.8673373276919603
33 268 0.2532957178061883
33 235 -0.4935402128667141
33 238 0.7522674191852432
33 241 -0.043114971419074166
33 244 0.13267423816177382
33 247 -0.6495819666213707
33 250 -0.8204546345458612
34 35 -0.6541515399261248
34 181 -0.7487717002404177
34 184 0.911991656662567
34 187 0.12312586470869324
34 190 0.7188308776766614
34 193 0.029820537326138208
34 196 -0.9784654192135716
34 163 0.8395294635631076
34 166 0.4275631555541428
34 169 -0.12704776978859744
34 172 0.7368900510753347
34 175 -0.7303515316297335
34 178 -0.3030397451267748
35 36 0.9403727835532574
35 217 0.040341468946707204
35 220 0.9327619481148193
35 223 0.39714014121358177
35 226 -0.7322973678474716
35 229 -0.2011251229412392
35 232 -0.2048151737883479
35 199 -0.20117273349680698
35 202 -0.006574062412989967
35 205 0.06303403362027127
35 208 -0.2373201033921497
35 211 -0.4815973908318141
35 214 -0.4543778314111533
36 253 -0.8419440635045627
36 256 -0.9914477486324569
36 259 0.3309063481051766
36 262 0.0038131197919850646
36 265 0.9002815466252898
36 268 -0.8541253767743362
36 235 0.17202036615834748
36 238 -0.808964250380416
36 241 -0.7352039906524777
36 244 0.6012917575398444
36 247 -0.8601379917306349
36 250 -0.8669139941035191
37 38 0.49564406067826816
37 40 0.35419392815306416
37 181 0.5138534479851888
37 184 -0.21197303919243193
37 151 -0.7395035370024929
37 154 0.5561317366466116
37 157 -0.8947006790535923
37 160 -0.2569304721295427
37 163 -0.4257251987223005
37 166 -0.2742911531753731
37 169 -0.910626119870557
37 172 0.11233121057711282
37 175 -0.8160287810462166
37 178 0.8653077722999549
38 39 0.5916195343902229
38 41 0.7200753858816717
38 217 -0.5817373411127085
38 220 0.2629535983486615
38 187 -0.5167205644410895
38 190 -0.3640788514882325
38 193 0.8045976410342377
38 196 -0.505039645679892
38 199 -0.39826767884717706
38 202 -0.48005355202954747
38 205 0.11205887983485918
38 208 -0.36803503616104893
38 211 0.5198420005091955
38 214 -0.9108035853693806
39 42 0.49034376484805664
39 253 0.0027815772496557756
39 256 0.06730461907900898
39 223 -0.9844155221042077
39 226 0.16556079521738698
39 229 -0.5454992287295217
39 232 -0.6149796972681358
39 235 -0.8326707956034995
39 238 -0.5739834619149606
39 241 -0.4719532704940306
39 244 -0.08110048473849796
39 247 -0.6964236776737895
39 250 0.05754189330878967
40 41 0.015833201852402556
40 181 0.027688659919435255
40 184 -0.8973739991956466
40 151 0.041691269013342414
40 154 -0.9018532540125552
40 157 -0.6365788945823723
40 160 -0.7436325850859813
40 163 -0.42296937726081496
40 166 -0.7522818229502555
40 169 0.08844389573619238
40 172 0.2081406547324205
40 175 -0.14769223332275572
40 178 -0.15323648976878523
41 42 -0.48157579013379204
41 217 0.6433901919209939
41 220 0.4459641587241212
41 187 -0.0832594152367585
41 190 0.02142276543495103
41 193 -0.4011047308054283
41 196 -0.5292309804872699
41 199 -0.929886371750051
41 202 -0.05549170844405138
41 205 0.11711054604187088
41 208 -0.7450880304034582
41 211 -0.5871347931494759
41 214 -0.5659993787117568
42 253 -0.5586829692193442
42 256 -0.48141803270218264
42 223 -0.5661193307265848
42 226 -0.3539285664896439
42 229 0.6981026630368286
42 232 -0.3791484540306336
42 235 -0.08509360690696344
42 238 -0.3888023390930564
42 241 0.3744048276774914
42 244 0.20025715392135113
42 247 -0.30760382744101533
42 250 0.12126486559259031
43 44 0.8084017886687636
43 46 -0.9155458132484608
43 181 0.30546799586028817
43 184 0.046422889598455086
43 151 0.2677804916431046
43 154 0.42240654170468006
43 158 -0.876387654969635
43 161 -0.372447068263418
43 164 -0.33410034384286713
43 167 0.22684124042149967
43 169 -0.6458484777280373
43 172 0.7780977213992906
43 175 0.6486832841806376
43 178 -0.014236922745889391
44 45 0.49415287079661896
44 47 -0.5289023862960693
44 217 -0.7327667692904805
44 220 0.2953951336758571
44 187 0.5713107992548936
44 190 0.05770873665466758
44 194 -0.9764065751743687
44 197 -0.34081131821065
44 200 -0.40160454168650084
44 203 0.7544226550495232
44 205 -0.2733049369213545
44 208 -0.8661870640846141
44 211 -0.15244143402291654
44 214 0.1325518423135097
45 48 0.23333074092368244
45 253 0.13282192370558654
45 256 0.06735931574651133
45 223 0.6307847403156024
45 226 -0.4098452130770791
45 230 -0.9465439868108023
45 233 0.4225597493527484
45 236 0.3806671143605389
45 239 -0.4715423408428423
45 241 0.04563850215824283
45 244 -0.20879778700407114
45 247 0.6665635370410821
45 250 0.6216110523611074
46 47 -0.35142009707005073
46 181 0.2684097686764011
46 184 0.7338379543605984
46 151 -0.5841202447889913
46 154 0.415800684153222
46 158 -0.8035391708944133
46 161 -0.31794523028886745
46 164 0.6856217250065484
46 167 0.9515268873149156
46 169 0.10876660386969084
46 172 -0.5823907203713976
46 175 -0.9222232239071404
46 178 0.6307540027617848
47 48 0.5029419775993005
47 217 0.015702949456871895
47 220 -0.6426399627692561
47 187 -0.9903578342124375
47 190 0.09761772737031249
47 194 0.8770066928461522
47 197 -0.1727903072951238
47 200 -0.2378966040149939
47 203 0.9848465412854697
47 205 0.09849350618900155
47 208 0.5860418237240816
47 211 0.20875741734347764
47 214 -0.08082992817173351
48 253 0.47198963437628816
48 256 -0.5230364330322392
48 223 -0.4009191385549302
48 226 -0.7178561516071156
48 230 -0.6492095693868201
48 233 0.9909692148806719
48 236 0.8732207964756229
48 239 0.7889563768266927
48 241 0.8960966618495596
48 244 -0.8508101731345745
48 247 0.6107516106945716
48 250 0.5419698590328539
49 50 0.22661400036839763
49 52 -0.8275725441230926
49 181 0.0685959386662458
49 184 -0.2554562444021844
49 187 0.31610154525640266
49 190 -0.5878878242235435
49 194 -0.12217167471849777
49 197 -0.4840728772393088
49 200 -0.5283690033030735
49 203 -0.05600739586487791
49 205 -0.8511670548954484
49 208 -0.06257543661163156
49 175 -0.8504561635611474
49 178 -0.343793589208808
50 51 -0.008803412775053365
50 53 0.440088421277121
50 217 -0.5498035802692396
50 220 0.8523110446812534
50 223 -0.1683795882433612
50 226 -0.038666034019350315
50 230 -0.8005971981479254
50 233 0.32374854237421546
50 236 -0.24228614585252362
50 239 0.6954746943961658
50 241 0.5158941016632135
50 244 0.14081113939000023
50 211 -0.3717827152708819
50 214 -0.941900177958539
51 54 -0.5533187311572967
51 253 -0.5585253901557041
51 256 -0.16211415287804076
51 259 -0.5149705298422165
51 262 0.34657117559087647
51 266 -0.03165619256470631
51 269 -0.7950804837477461
51 272 -0.7072767708424563
51 275 0.538132040108342
51 277 0.5645241098004143
51 280 -0.19354986806663121
51 247 -0.7137295414292353
51 250 -0.674587047807629
52 53 0.1452057770633841
52 181 -0.6060018836504639
52 184 0.40110320314380554
52 187 0.4656377730291299
52 190 -0.6519656800538576
52 194 -0.8999473237426212
52 197 0.047742921758561874
52 200 -0.3141115376380861
52 203 0.36586675765798704
52 205 0.8040394353415696
52 208 0.6421021670620772
52 175 -0.13933407726095992
52 178 -0.4658093490495163
53 54 -0.6232889375503867
53 217 0.08269077262623448
53 220 0.7224738615625179
53 223 -0.913963122228943
53 226 -0.9458908930390693
53 230 -0.6904496883021394
53 233 0.11111283919738102
53 236 0.7546834385890309
53 239 -0.19026417924250327
53 241 -0.9511383257624466
53 244 -0.5814339785896319
53 211 0.3952019346411271
53 214 0.5796428705112187
54 253 -0.45075866935241193
54 256 0.28678164068799505
54 259 -0.31992071654743204
54 262 -0.8298250116564676
54 266 -0.7071712466964346
54 269 -0.38489658785979053
54 272 0.7629554009154693
54 275 0.20039306547542268
54 277 0.4610676194864334
54 280 0.9147659756401916
54 247 0.5303253661303493
54 250 -0.7140452904322061
55 56 0.4474630287693109
55 58 0.4229309357242408
55 182 0.5047548247147673
55 185 -0.2960129608088198
55 188 -0.7579289166107293
55 191 -0.43604353812194363
55 194 0.21207032058090602
55 197 -0.2594441393453579
55 200 0.41916723168045444
55 203 -0.5920705023865731
55 205 -0.17433244100961343
55 208 0.3554427398713025
55 175 0.7134052647783486
55 178 0.26510737543036944
56 57 -0.3206212965384414
56 59 -0.29361045786640894
56 218 -0.5081680851041213
56 221 -0.4288938998591372
56 224 0.4349250339132622
56 227 -0.6455260581471771
56 230 -0.030380376730667402
56 233 0.48007753050177304
56 236 0.8582156538152621
56 239 -0.0874936611427124
56 241 -0.24320395594679955
56 244 -0.5416036131208026
56 211 -0.24899231524208032
56 214 0.8432427437605858
57 60 -0.34172755307058056
57 254 -0.7068608983448761
57 257 0.521131453141159
57 260 -0.07085642462456909
57 263 0.8727866204944701
57 266 -0.9570795567758803
57 269 -0.7938186969197207
57 272 0.3372796004824328
57 275 -0.029422538750897065
57 277 0.9251274968811198
57 280 0.9594392349772864
57 247 -0.33156178341681186
57 250 0.5740990828115247
58 59 0.8123849652478106
58 182 -0.7871307500483287
58 185 -0.5446450827098042
58 188 0.3392411195641276
58 191 -0.780179442357297
58 194 0.21574007575754495
58 197 -0.5549230829943002
58 200 0.9027662194979427
58 203 0.29000698279115955
58 205 0.46401552180597827
58 208 -0.24390259087596222
58 175 0.6063740505197766
58 178 0.9306020711309448
59 60 0.1364204453087916
59 218 0.19947030016803602
59 221 -0.7369238052253757
59 224 -0.29597216308611896
59 227 -0.10753754275551297
59 230 0.4510053015591906
59 233 0.19515834092884754
59 236 -0.5287642968803317
59 239 -0.2648195757219012
59 241 -0.3539567204427758
59 244 -0.9542877599995994
59 211 -0.2644008219302483
59 214 0.9766961156029033
60 254 0.700569701551343
60 257 0.9049883219527421
60 260 0.667783050176282
60 263 -0.4899798684756873
60 266 0.30915886560428874
60 269 0.20905636458915589
60 272 -0.8436051417585384
60 275 -0.9258851273266591
60 277 0.0060026944815565475
60 280 0.3585712770436318
60 247 -0.5072351443814378
60 250 -0.551800082509077
61 62 0.6928166550926804
61 64 -0.4839570210394948
61 182 0.8513465667697744
61 185 -0.8783156544361284
61 188 -0.9575118293978278
61 191 0.562967549022301
61 194 -0.6366993121858129
61 197 -0.059461481899617974
61 164 7.689547399247765e-05
61 167 0.9937070647145245
61 169 -0.7575958361234696
61 172 -0.9439631174031959
61 175 0.9398565256501126
61 178 0.7582121532175572
62 63 0.787997536014488
62 65 -0.14250878914172893
62 218 0.4483167116288178
62 221 0.2428189236124827
62 224 -0.6691999293181536
62 227 -0.6099796905580488
62 230 0.21785131307534167
62 233 0.250874837924177
62 200 0.9185721710889514
62 203 -0.08668608968593716
62 205 0.2323023052501969
62 208 0.7720855321937488
62 211 0.24757501781678726
62 214 -0.3710087455068427
63 66 0.8108131448588287
63 254 -0.9377437261486747
63 257 0.5191541159484323
63 260 -0.2628392786463267
63 263 -0.5994485778966558
63 266 -0.34914423854374466
63 269 -0.5336275700028683
63 236 0.7022092359380587
63 239 -0.3927222128600716
63 241 -0.463663654472104
63 244 0.9216577684647298
63 247 -0.8384050350048646
63 250 -0.9921529419626702
64 65 -0.9012299212613069
64 182 0.8756628288103234
64 185 -0.45980123569934217
64 188 -0.730431235521386
64 191 -0.1141301419377434
64 194 -0.8395171715378793
64 197 -0.8255670245069697
64 164 0.8436699902845104
64 167 -0.9360403042739285
64 169 0.6177610678571912
64 172 0.7409729517311108
64 175 -0.8621945147861012
64 178 0.9906517853615657
65 66 -0.30309526279456267
65 218 -0.9241132413866915
65 221 -0.950289337125257
65 224 0.41588590264206493
65 227 -0.6514620626624334
65 230 -0.9266532728245787
65 233 -0.5448383444461156
65 200 0.015801109931615542
65 203 0.634615543560225
65 205 0.8111998425872555
65 208 0.7053951600619619
65 211 0.07834980465246932
65 214 0.2993295042133315
66 254 -0.3374010929127971
66 257 -0.29930990845013117
66 260 0.40498845179693266
66 263 0.037415878133220115
66 266 -0.09270241070484775
66 269 -0.20287321554527415
66 236 -0.5705356706006239
66 239 0.3029041646602466
66 241 -0.6893523304043998
66 244 0.7159137921125747
66 247 0.4907833994448696
66 250 0.6339279433950737
67 68 -0.38174643370666983
67 70 -0.390239770787006
67 182 0.030362712728175367
67 185 0.6350705963570902
67 188 -0.08026707149205503
67 191 0.030707937894997483
67 194 0.9131124859532429
67 197 0.11759729833269406
67 164 0.24409266915082029
67 167 -0.5082566450130426
67 170 0.5632248551884431
67 173 0.31777611233862224
67 176 0.391754595343097
67 179 -0.534326347119402
68 69 -0.3875058841727088
68 71 -0.8025457635647104
68 218 -0.9540952914813088
68 221 0.6334987384978634
68 224 0.14713362145411812
68 227 0.6485499089433904
68 230 0.800858201803228
68 233 -0.12278924312085437
68 200 -0.17104310799959466
68 203 -0.23942013471773316
68 206 -0.2360234519009312
68 209 0.14148159716221897
68 212 -0.8657180193866603
68 215 -0.647188061938639
69 72 0.4144527820793418
69 254 0.06148740331964464
69 257 -0.8679303980829953
69 260 -0.023337635841994553
69 263 -0.4837199046744025
69 266 -0.5747064196976246
69 269 0.8899415832221382
69 236 -0.4589927009223227
69 239 -0.7868215504015077
69 242 -0.11432615096730103
69 245 0.6590743848334275
69 248 0.07686282735540395
69 251 -0.595151069081737
70 71 0.7266490324324506
70 182 0.5766539110811666
70 185 -0.7600736684490319
70 188 0.9281007400664814
70 191 -0.024551741776491998
70 194 -0.06559092244532394
70 197 -0.7451959710509621
70 164 0.886482487588466
70 167 -0.6340679821197113
70 170 0.6008405164515045
70 173 0.021450192125715084
70 176 0.055946378198658886
70 179 0.41139752274549823
71 72 0.3021910693160321
71 218 -0.4947617197363634
71 221 -0.28129400428405704
71 224 -0.8209609470670107
71 227 -0.7638429170938925
71 230 0.2643797487151591
71 233 -0.14683386515604702
71 200 -0.1936483225335348
71 203 0.1601561880979121
71 206 0.8096771739683557
71 209 -0.4365578738900189
71 212 -0.6350503213175547
71 215 0.5310213831815227
72 254 -0.2862171342748592
72 257 0.2215015313100961
72 260 0.8420437777287653
72 263 -0.3718052209867051
72 266 -0.10494294585538078
72 269 0.011546934761267336
72 236 -0.7292077210433061
72 239 -0.17484395615299486
72 242 0.9287201587703624
72 245 -0.07725993560044842
72 248 -0.4187668714917707
72 251 0.0848555479360995
73 74 0.10720524896034744
73 76 0.13223827024213097
73 182 0.2460620679087202
73 185 0.5390282130682718
73 152 0.4296370991258378
73 155 0.29585049190907897
73 158 -0.06177971736311161
73 161 -0.7656141965732604
73 164 0.9622481389808566
73 167 -0.6391335040669233
73 170 -0.6225700083805672
73 173 0.0015353615589621672
73 176 0.43053601066311886
73 179 0.293734075102555
74 75 -0.6670843755600653
74 77 -0.37535138905349097
74 218 0.0004653182662530675
74 221 0.0462051557810097
74 188 0.46701439024563896
74 191 0.8238007379799797
74 194 0.7797399140688257
74 197 0.6691382824854102
74 200 0.9214051757052231
74 203 -0.2903197037547236
74 206 -0.6270268154513379
74 209 -0.1946290541264788
74 212 0.6913954841741512
74 215 0.8063010765128471
75 78 -0.4748343531710588
75 254 0.956915637351077
75 257 0.19123582132060313
75 224 0.6883112243435163
75 227 0.9961529884538647
75 230 -0.894502032161822
75 233 0.5811410690544521
75 236 -0.23078279525532053
75 239 0.9202929680327747
75 242 -0.34690344461564626
75 245 0.8299791701266992
75 248 0.8666859802934395
75 251 -0.43107442172684274
76 77 -0.4846668144533961
76 182 0.34493186231028106
76 185 0.37259003401388124
76 152 -0.2287130095343921
76 155 -0.9338790841980904
76 158 0.13588621148792446
76 161 -0.5008165886146305
76 164 -0.16306721241521194
76 167 0.10744804885573478
76 170 0.6515056930285679
76 173 -0.9554829969854994
76 176 0.977728529615969
76 179 -0.09405979542775178
77 78 -0.20460230466971718
77 218 -0.3701361649243484
77 221 -0.8222818164676533
77 188 0.4823795590208009
77 191 -0.05047125294070165
77 194 0.8679242845600348
77 197 -0.3494285139229927
77 200 -0.9983358986692572
77 203 -0.6855482193395062
77 206 -0.36916257488419424
77 209 -0.31833039147377784
77 212 -0.8280698736581733
77 215 0.05288802322995445
78 254 0.10235894617171204
78 257 0.5883019357499295
78 224 0.139495420356192
78 227 -0.15249236963025692
78 230 0.00760750199846405
78 233 0.6511967687966302
78 236 -0.4032869565027237
78 239 0.26263726524641395
78 242 0.02890412799073383
78 245 0.5086973034256426
78 248 0.7747042167224605
78 251 0.007669188999877674
79 80 -0.24498011897835914
79 82 0.4125290708248075
79 182 -0.29646187553643766
79 185 0.7717229881640706
79 152 0.39744037249296915
79 155 -0.5016528451238562
79 159 0.7168209904092313
79 162 -0.7261284633322962
79 165 -0.8835050725756506
79 168 -0.18512596615104848
79 170 0.5508560137957603
79 173 0.46852989616279483
79 176 0.021823892080347074
79 179 -0.6164134781950124
80 81 -0.15028918484490195
80 83 -0.026951834732839686
80 218 0.6241549815719274
80 221 0.5693133536351487
80 188 0.11659313913159908
80 191 0.6916148388549661
80 195 0.12769528689982867
80 198 -0.516845936041223
80 201 0.7659637821568002
80 204 0.10934718911561903
80 206 -0.8552238886559986
80 209 -0.25900797645147966
80 212 0.29897792048811045
80 215 -0.32681173835012345
81 84 -0.421986450867881
81 254 0.5911553969870866
81 257 -0.414411294927687
81 224 -0.8930513657191599
81 227 0.9049707226402453
81 231 0.6907274093399929
81 234 0.30167464869359395
81 237 0.6915467806441
81 240 -0.5909320561553992
81 242 -0.8854204386868127
81 245 -0.23563934782678042
81 248 -0.4636429036374927
81 251 -0.4670080877612923
82 83 -0.44044287329221343
82 182 -0.19284084318311034
82 185 -0.8027443855827356
82 152 -0.08922680461993604
82 155 0.22031031844750149
82 159 0.060363373844122714
82 162 -0.7703892449498229
82 165 -0.4400969015756113
82 168 -0.44000403449394954
82 170 -0.9780705330117037
82 173 -0.8602907428319568
82 176 0.8389545256041422
82 179 -0.9263463916512433
83 84 -0.9532187832297863
83 218 -0.6900790269875525
83 221 0.4417017798985712
83 188 0.9461255361321046
83 191 -0.3490022358769753
83 195 0.29874641261020396
83 198 -0.3394468887046731
83 201 0.5186383248189885
83 204 0.1899503943609997
83 206 0.4149625647127817
83 209 -0.9413589256080763
83 212 -0.5824745220468586
83 215 -0.751145593342103
84 254 0.36791672924078567
84 257 -0.40889838142656854
84 224 -0.12428547395438416
84 227 0.9859729475940466
84 231 0.3083633931949452
84 234 0.9661376869427856
84 237 -0.5016147859234761
84 240 0.2721655113452268
84 242 -0.7335899274902775
84 245 -0.045824040055113535
84 248 0.9026110261326774
84 251 -0.13947998740490353
85 86 0.30577724616495683
85 88 0.22286058446073853
85 182 -0.23377692914506554
85 185 -0.41622662088043616
85 188 -0.498828868159398
85 191 -0.3450030145181302
85 195 0.49486140666774925
85 198 0.9438304217100948
85 201 0.030307475394592442
85 204 -0.762891850273425
85 206 0.34599242421464127
85 209 -0.5898225516956068
85 176 0.06269324893890493
85 179 0.8784437001913379
86 87 -0.3595689128873938
86 89 0.3006430387243044
86 218 0.9500921589616214
86 221 -0.20477361452781495
86 224 0.8784380437624797
86 227 0.8209083522530474
86 231 0.9955568620626802
86 234 0.5092395195459918
86 237 0.6350954867105629
86 240 -0.17696646450145237
86 242 0.8749610125339211
86 245 -0.28100748392345754
86 212 -0.22782299502432557
86 215 0.6840716207701305
87 90 -0.39429828876790496
87 254 0.00737468700233701
87 257 -0.33523154446575165
87 260 0.7572676719761042
87 263 -0.3775686905489082
87 267 -0.14134245825817926
87 270 -0.7062656611889524
87 273 0.3436598012506611
87 276 -0.46203167158745995
87 278 -0.3570626740946836
87 281 -0.20372222611387003
87 248 0.00920586411081592
87 251 0.3501332265492443
88 89 -0.02394729653800476
88 182 0.8111372637221195
88 185 0.17776755983564674
88 188 0.05937995239292593
88 191 -0.03897964620665051
88 195 0.6511936177603599
88 198 -0.40612923167085113
88 201 0.21958246424949368
88 204 0.527086386031171
88 206 -0.01438295511661103
88 209 -0.5742872921348299
88 176 0.7032818080852445
88 179 -0.862297990466905
89 90 0.1310590414083035
89 218 0.556133213365942
89 221 -0.22733418508797
89 224 0.6751053864295637
89 227 0.33426516774776194
89 231 0.890290617533815
89 234 -0.2782910764343334
89 237 0.9790052569979906
89 240 0.9296245825428906
89 242 0.09305850577204922
89 245 -0.8953010580215381
89 212 0.7104608611660064
89 215 -0.655604277861543
90 254 0.6954742402040552
90 257 0.6279737974722452
90 260 -0.11047708685841662
90 263 -0.2648894431241293
90 267 -0.35553469865546994
90 270 0.486539741881995
90 273 -0.23466114850300968
90 276 -0.11573880072019249
90 278 -0.7770561781133194
90 281 0.7263993495118513
90 248 -0.5706621075048397
90 251 0.5830282482979685
91 92 0.4078399120335672
91 94 -0.1754929628420383
91 183 -0.5852215809836951
91 186 -0.8668924559038622
91 189 0.7754742253694511
91 192 -0.9381459867999444
91 195 0.3697467620335373
91 198 0.6367847094433796
91 201 -0.9836554615774398
91 204 -0.3310953202359801
91 206 -0.5949229599428167
91 209 0.14264561356213812
91 176 0.3942498775499941
91 179 -0.184120216705713
92 93 -0.00454214722528512
92 95 0.9187742390033398
92 219 0.995791924769017
92 222 0.3219421970062806
92 225 0.8608170990990436
92 228 -0.8794938095325364
92 231 0.8654779888367798
92 234 0.4158052078059651
92 237 0.6007507925565407
92 240 -0.48286326157987025
92 242 0.8072270582013914
92 245 0.1225290631279341
92 212 -0.9590458261187289
92 215 -0.3957052042488336
93 96 0.10966667001762476
93 255 -0.19329890775605163
93 258 0.9578716349292073
93 261 -0.48834345907238386
93 264 -0.5917559867248599
93 267 0.09240828691543612
93 270 0.2811351707856615
93 273 0.07890006307293151
93 276 -0.7344112403868839
93 278 -0.8824908083399341
93 281 -0.7263592990697807
93 248 -0.32703092679531176
93 251 -0.7656702562194244
94 95 -0.34109286790560245
94 183 0.6296242458212591
94 186 -0.40721040913892126
94 189 0.6135586691200756
94 192 -0.3573060460236386
94 195 -0.1569842433159767
94 198 -0.47057040233360414
94 201 0.6740029247206629
94 204 -0.6943422908326018
94 206 -0.576170007606255
94 209 0.004586537573437521
94 176 0.3154759828757341
94 179 -0.35077395444789183
95 96 0.9339188220705934
95 219 0.09004381285017304
95 222 0.03830812232571157
95 225 -0.09654769811464914
95 228 -0.8068944184067153
95 231 -0.33457813313198304
95 234 -0.478017523415474
95 237 -0.6047757246034187
95 240 -0.20914172376970241
95 242 0.922805522896603
95 245 0.8686854846541918
95 212 -0.03883151648665528
95 215 -0.6172946827350194
96 255 -0.5550600378229031
96 258 0.4565403612536385
96 261 0.4260799791512444
96 264 -0.32079647375021825
96 267 -0.7909043756283327
96 270 -0.44793751122122916
96 273 -0.31699610879698437
96 276 0.03050046148704033
96 278 -0.4144511044795858
96 281 0.757822948695569
96 248 0.7111877531946342
96 251 0.7302887630468442
97 98 -0.08447892741131557
97 100 0.5898234133572717
97 183 -0.46049243055283196
97 186 0.8126705719273106
97 189 -0.5066338161479373
97 192 -0.4677805021611716
97 195 0.8298382796621413
97 198 0.22885430232570458
97 165 -0.7432509416572604
97 168 -0.8600663687432872
97 170 -0.2273323919824306
97 173 0.4390976653637586
97 176 -0.4164104695155886
97 179 0.004726184525705168
98 99 -0.046504719052192334
98 101 -0.04377511878154272
98 219 0.5069221550060774
98 222 -0.09094419005791043
98 225 0.8000390800777974
98 228 -0.7537568002639139
98 231 0.022710496035409422
98 234 0.2708079745491614
98 201 0.7855544106834511
98 204 0.46444221967971977
98 206 -0.6432856818272832
98 209 0.0641173063533842
98 212 0.6632441315097948
98 215 -0.9208530130241432
99 102 0.5911334392490224
99 255 0.8012275518696321
99 258 -0.7990558269486145
99 261 0.4009463436218845
99 264 0.5790784875511266
99 267 -0.5425796584346834
99 270 0.08701140683131703
99 237 0.4018795033308957
99 240 -0.8421363937143276
99 242 -0.7322391563566044
99 245 0.19492578614846723
99 248 -0.9977312521806319
99 251 0.7105846308856605
100 101 -0.2727529949047156
100 183 -0.6011846184276541
100 186 0.21949407177265767
100 189 0.3554773730353715
100 192 -0.7461781571232726
100 195 -0.7682994469287665
100 198 -0.10261250700443969
100 165 0.3158608845728259
100 168 -0.0013176539217127914
100 170 0.3257453574735607
100 173 0.7339815044440936
100 176 0.8609350082418932
100 179 0.3107353643259767
101 102 0.46425130804310966
101 219 0.18763645459917822
101 222 0.38847897131401044
101 225 -0.27074909383164014
101 228 -0.13460303311706667
101 231 0.27068824991761775
101 234 0.23080283920978406
101 201 0.8478438420482985
101 204 0.5548996553594396
101 206 0.6686587277109157
101 209 -0.7003640285393413
101 212 -0.39815468926311404
101 215 0.7848235358618436
102 255 -0.3366081538675527
102 258 -0.5670301599946368
102 261 0.3697831718203106
102 264 -0.8847197707406662
102 267 -0.7734613346504984
102 270 0.5989960924606419
102 237 -0.5128545845600101
102 240 0.8652976926919318
102 242 0.9121068131799441
102 245 -0.039469937592880866
102 248 -0.07625662369895503
102 251 -0.9009019872816193
103 104 -0.887362838947362
103 106 -0.9217633050161422
103 183 -0.24176418707638692
103 186 -0.8983071342908935
103 189 0.10027459909104453
103 192 0.3743111696331125
103 195 0.2659398068784522
103 198 0.7130634296183174
103 165 0.11437109197775297
103 168 0.6418950553750358
103 171 -0.4898484999995658
103 174 -0.55240618680704
103 177 0.7882673893430268
103 180 -0.9606529572316731
104 105 0.3899824190886698
104 107 0.06689480640453338
104 219 0.6115871821993146
104 222 -0.21416811982562511
104 225 0.6491424319083676
104 228 0.896119653176193
104 231 0.5772174730170492
104 234 -0.6062451724963402
104 201 0.8608219593657269
104 204 0.4662392538391409
104 207 0.9864435428643004
104 210 0.5305022957483221
104 213 0.8505878054332956
104 216 -0.46809069782841717
105 108 0.5356035908016621
105 255 -0.6976400193616523
105 258 -0.764498094129233
105 261 0.2851154022892519
105 264 -0.35012394291960125
105 267 -0.6242028728447109
105 270 -0.5606775752979734
105 237 0.5233731758208762
105 240 -0.26007190453429097
105 243 0.37749828358280957
105 246 -0.15457663149936107
105 249 0.45519824204110804
105 252 -0.6353885316903227
106 107 0.054791821982976385
106 183 0.29817355671432866
106 186 -0.14144611622355896
106 189 0.2890455651767967
106 192 -0.49848692923834026
106 195 -0.43127263424549755
106 198 0.3439031415890679
106 165 0.8506475392913242
106 168 0.09795523641313753
106 171 0.4012609668542264
106 174 -0.7190347225937108
106 177 0.8087665891735969
106 180 -0.9725815791569643
107 108 -0.27364904620299657
107 219 0.32681388593522387
107 222 0.1262764212826477
107 225 -0.09178381696405813
107 228 0.8708541097043159
107 231 0.5665743422214042
107 234 -0.39108412753910304
107 201 -0.9577477928398088
107 204 0.6305306205405505
107 207 0.319539668970781
107 210 0.8701005139297635
107 213 0.1906863545922013
107 216 0.025934330635144498
108 255 -0.2749806904926071
108 258 -0.33481405635869677
108 261 -0.20214117186581415
108 264 0.5379743262880718
108 267 -0.592872721815664
108 270 -0.46920623234224323
108 237 0.4693277636941109
108 240 -0.8273205631453369
108 243 -0.18638060717068283
108 246 0.10415581587333578
108 249 0.7768791566533866
108 252 -0.8078816975527374
109 110 -0.5557308153458802
109 112 0.8694394122789644
109 183 0.007709174008477371
109 186 -0.5520044309799175
109 153 0.2148208382376764
109 156 -0.17537075857728524
109 159 -0.6128738344070199
109 162 -0.5304025053054298
109 165 0.6175951817783412
109 168 -0.2367919929047997
109 171 -0.9450540186102321
109 174 0.10946665976457082
109 177 0.3405225394968707
109 180 -0.10868077185515457
110 111 0.7282847877272991
110 113 -0.9256576943397674
110 219 0.6851603357401539
110 222 0.10109197398860381
110 189 -0.9064324582495877
110 192 -0.3073280258231834
110 195 -0.9689018178373547
110 198 0.9897119834738555
110 201 -0.38919476264285735
110 204 0.9172087412247016
110 207 0.011204669947798784
110 210 -0.948837968448186
110 213 -0.7683212985756986
110 216 -0.36773025774924184
111 114 0.4719340345317027
111 255 -0.2752360957284752
111 258 -0.48092395625439166
111 225 0.818972691824978
111 228 0.407972487650746
111 231 -0.48524649264818054
111 234 -0.07124696359874316
111 237 0.2909428767471094
111 240 0.1201814726717112
111 243 -0.4703465157191742
111 246 -0.7565925723319804
111 249 0.7480112146272058
111 252 -0.47155761220327186
112 113 -0.0248044848082265
112 183 -0.835273647236495
112 186 -0.04514280004765214
112 153 -0.1573972420971519
112 156 -0.6259362953041001
112 159 0.24561823608260203
112 162 0.3213409495391373
112 165 0.2688684659656897
112 168 -0.457405302990743
112 171 0.12508469486846518
112 174 0.021252523518606736
112 177 -0.44234208563462496
112 180 0.013552304617651112
113 114 -0.22303406955315208
113 219 -0.725043987466595
113 222 0.5707519898748628
113 189 -0.1606650058312784
113 192 0.1564723743809533
113 195 -0.38422849713290574
113 198 0.49271926788781606
113 201 -0.8997945918074204
113 204 0.46726046979785685
113 207 0.4276649810819251
113 210 -0.8263685467159501
113 213 0.9246037966831635
113 216 -0.5239641166169697
114 255 0.6628477131803401
114 258 -0.06621091457579431
114 225 0.821320681414409
114 228 0.2241105203201419
114 231 -0.10129320180443369
114 234 -0.3620158212546343
114 237 0.08227585931136572
114 240 -0.6654093306926696
114 243 0.694060942010005
114 246 -0.7419467549233265
114 249 -0.29081692586902586
114 252 0.8680788687733916
115 116 0.8468382827561964
115 118 -0.7094987893753011
115 183 -0.9920513257134964
115 186 -0.2543512252216482
115 153 -0.1829234094579857
115 156 0.5681446867894548
115 171 0.7572594085858391
115 174 0.5786093314130789
115 177 -0.16334323022582775
115 180 -0.7094448468938517
116 117 0.6489158320658417
116 119 0.15526495213833358
116 219 -0.01946580587002633
116 222 0.2299552304698611
116 189 -0.8982587752782223
116 192 -0.7510759976494452
116 207 0.3173724015851267
116 210 0.9277164783391862
116 213 -0.011123695406259682
116 216 0.022468478447676965
117 120 -0.11970763512933114
117 255 -0.355836668088372
117 258 -0.20140359306611977
117 225 0.06715006830423076
117 228 -0.8652135936832301
117 243 0.009595234015601806
117 246 0.9083995912782077
117 249 0.6263995737519792
117 252 0.37072706170786396
118 119 -0.7063422310243392
118 183 -0.2720197500944197
118 186 0.40224742676291303
118 153 0.11593484324781889
118 156 -0.06586532140804269
118 171 -0.9515255418527735
118 174 -0.5058224243166782
118 177 -0.7303292336695895
118 180 -0.41020333261123754
119 120 0.8834064901183585
119 219 0.14681227437313105
119 222 -0.08722931951871415
119 189 0.9738093299553976
119 192 0.0468424853388445
119 207 0.3063145933568405
119 210 0.24756991926726601
119 213 -0.03308232728659655
119 216 -0.5372081879050268
120 255 -0.7969586591843638
120 258 -0.8960270118614402
120 225 -0.8586499766723505
120 228 0.06632224290274236
120 243 -0.3362923578450303
120 246 0.395348750635234
120 249 0.4485197869954678
120 252 0.8534725194939667
121 122 -0.20968156271084193
121 124 -0.7068469700736029
121 183 -0.7522669374532029
121 186 -0.05998690133297724
121 189 -0.26974344274049344
121 192 -0.8560477701780917
121 207 -0.898446634889847
121 210 0.4180881848931639
121 177 -0.8064676168907667
121 180 -0.7522459547328719
122 123 -0.3031434210383668
122 125 -0.3325926140688673
122 219 0.7854788301400291
122 222 0.32181471175131193
122 225 0.4887669421390486
122 228 0.33302635953771675
122 243 -0.05718303457939422
122 246 0.23161078163584237
122 213 0.26342541714341006
122 216 -0.05275357435723049
123 126 0.8063492721169161
123 255 -0.19608866563158567
123 258 -0.7811177397341109
123 261 -0.4903688489159024
123 264 -0.9398963607086377
123 279 0.586524680189656
123 282 0.0846794006451963
123 249 0.39550749871006574
123 252 -0.6047716525307989
124 125 -0.8048099390348018
124 183 -0.20087063717912979
124 186 -0.6538402729386765
124 189 -0.10849205634253356
124 192 0.34706869393425643
124 207 -0.8610389290366605
124 210 0.15750651037236096
124 177 -0.46507047766416476
124 180 -0.09549493367749085
125 126 0.3073293898328249
125 219 0.22493790941848535
125 222 0.0654481790713044
125 225 -0.9000062442394545
125 228 -0.3931120173776128
125 243 -0.9705425011123379
125 246 -0.19945393107462084
125 213 0.3934442677546033
125 216 0.4401537921696612
126 255 0.03594510233929782
126 258 0.24151677099285185
126 261 -0.32825637541128194
126 264 0.058010458833306355
126 279 -0.3234236778931854
126 282 0.22136141394138198
126 249 0.6228991091817258
126 252 0.8071264300797569
127 128 0.30958389567716305
127 130 -0.9924338859510096
127 207 0.20961331845088482
127 210 0.08861862513547014
127 177 -0.9861646154885533
127 180 -0.22698593035230497
128 129 0.351854635002258
128 131 -0.8726553244899329
128 243 -0.31877376497418775
128 246 0.8073919272203971
128 213 -0.8900070144497074
128 216 0.6211756476201964
129 132 -0.4312609937967693
129 279 0.24521768785000875
129 282 0.6376221527297834
129 249 -0.7640383661863483
129 252 0.13021692174615795
130 131 0.5342742966485714
130 207 0.6345638541723253
130 210 -0.7024183550386527
130 177 0.19280010820337057
130 180 0.3013026601206268
131 132 0.45790536746100674
131 243 -0.7763102104169903
131 246 0.7808168615476434
131 213 -0.08499978929819241
131 216 -0.06705301983481982
132 279 -0.9397661024641457
132 282 0.7214422996525323
132 249 0.624077416971085
132 252 0.09986826403767246
133 134 0.904961612082327
133 136 0.514754686852489
133 171 0.9369281546110482
133 174 -0.9382362139752536
133 177 -0.8091889425112375
133 180 -0.7150775504311724
134 135 0.5585966362923878
134 137 0.06408223731545348
134 207 0.6943850692690918
134 210 0.03394274902370675
134 213 -0.5081957466245195
134 216 -0.018166821583854853
135 138 0.27102656698545213
135 243 -0.022743256590735728
135 246 0.7869360762627162
135 249 0.6946218258865762
135 252 0.048928808323112305
136 137 -0.8520840674929784
136 171 -0.13490699985109722
136 174 -0.05450338914360886
136 177 -0.5164352679633284
136 180 0.5944242884718696
137 138 0.2577472699857759
137 207 0.9657001062091746
137 210 0.2758208920168914
137 213 -0.7270877496799164
137 216 0.442942475853368
138 243 0.5613731153711843
138 246 0.5329413844225426
138 249 0.5225368057230169
138 252 0.24979019638981126
151 152 -0.6117573696575607
151 154 0.33433048303352697
152 153 -0.8584307573501622
152 155 0.726756158311552
153 156 -0.5350323198947473
154 155 0.6911118618753782
155 156 0.4012115459954806
157 158 -0.18930747101492362
157 160 -0.7838643899810687
158 159 -0.4033164221831871
158 161 -0.507989934977529
159 162 -0.6825022527207465
160 161 -0.5711221048031812
161 162 0.25447474162078754
163 164 0.7103544199789451
163 166 -0.6233481682975262
164 165 -0.8778096235559403
164 167 -0.02284166748395866
165 168 0.0336789391478125
166 167 0.15569883784774108
167 168 0.17869040642608702
169 170 0.5504351006366663
169 172 0.5331416412557173
170 171 0.5302482693457822
170 173 0.9785345514653829
171 174 0.8804665002552914
172 173 -0.46894916373650863
173 174 0.2449662823093819
175 176 -0.5024770249199539
175 178 0.7758990283796621
176 177 -0.5563565523319594
176 179 -0.6941092971870781
177 180 -0.6103999219311436
178 179 -0.6310244134344345
179 180 0.17964044595293238
181 182 -0.6669567981676083
181 184 -0.03573751875375475
182 183 0.21995757550025807
182 185 0.9033791239638604
183 186 0.07023924373834323
184 185 -0.04375793912043702
185 186 0.934504763993897
187 188 -0.5124757885796556
187 190 -0.3403722619429086
188 189 0.7999252383822426
188 191 -0.1265673076651177
189 192 -0.8806661942183127
190 191 0.048706181944531135
191 192 0.9121082211090539
193 194 -0.3923827002243496
193 196 -0.24588503858679234
194 195 0.5736911383520942
194 197 0.11839621734216288
195 198 -0.0020476373102378265
196 197 -0.9797556857417891
197 198 -0.534780362963994
199 200 -0.1996093502981442
199 202 -0.675827224955361
200 201 0.04899170702392075
200 203 -0.4264575972504161
201 204 0.3915375957681555
202 203 0.4884607844007154
203 204 -0.892119555132252
205 206 0.9609257220641285
205 208 0.18840154177461388
206 207 0.3024861158547629
206 209 -0.8817342619122985
207 210 0.07869390002139309
208 209 0.3199889807256826
209 210 -0.30909252336529924
211 212 -0.13857800834776723
211 214 0.3222121550630783
212 213 -0.5971380814077814
212 215 -0.17641976096191225
213 216 0.15354904863821606
214 215 0.8081297315402429
215 216 0.33768659457442896
217 218 -0.0007424056106457577
217 220 -0.29962929790442727
218 219 -0.9722827560161078
218 221 -0.10680938535353235
219 222 -0.5177070220439381
220 221 -0.5445586988037252
221 222 -0.6869523814219485
223 224 -0.10772493090167501
223 226 -0.45977431521842593
224 225 0.042966433840564644
224 227 -0.976105042317726
225 228 0.36336295827922394
226 227 -0.7990448241259138
227 228 0.22977522778148374
229 230 0.15672419878034605
229 232 -0.13101514251756363
230 231 0.3986844887050769
230 233 0.21956849827079017
231 234 -0.20510440753019643
232 233 -0.3349562246925917
233 234 -0.10195036044845418
235 236 -0.8357173648310312
235 238 -0.09324906391030385
236 237 -0.5027862657085915
236 239 0.8980510946985452
237 240 -0.520664920425363
238 239 0.6930674607650169
239 240 0.5384973655801777
241 242 -0.8071709362367325
241 244 0.4001014305972417
242 243 0.9525788440741345
242 245 -0.6326279501379606
243 246 0.5487844072994299
244 245 -0.1615819085112482
245 246 -0.2700476017971547
247 248 -0.888986212549999
247 250 0.23122269876644763
248 249 0.48530334867003866
248 251 0.32539471061776704
249 252 -0.7092029133720872
250 251 0.269123088334404
251 252 0.2685870484121511
253 254 -0.9299086718621665
253 256 0.5347266956573986
254 255 -0.33924927283284356
254 257 -0.4295072580304793
255 258 -0.28182063675924507
256 257 -0.1585736805904696
257 258 0.4777465710097104
259 260 -0.4549280337828745
259 262 0.6057886724236741
260 261 0.20045446878538287
260 263 0.33303827314055967
261 264 -0.06455093116660127
262 263 0.23604564392151617
263 264 0.641991765519264
265 266 -0.8197248263948826
265 268 0.45119052131816506
266 267 0.5758344440401233
266 269 -0.5156378203682173
267 270 -0.24926370280336907
268 269 0.6788287183088535
269 270 -0.4174682673838266
271 272 0.16433022082375714
271 274 -0.8150892632777222
272 273 0.16294759684664584
272 275 -0.1845589277147044
273 276 -0.05939132087769261
274 275 -0.940592129842555
275 276 -0.9738195795228948
277 278 0.24200773063768177
277 280 -0.6197933280826671
278 279 -0.17068555201672475
278 281 -0.0762278177108886
279 282 0.5058685524497748
280 281 0.8323832443683445
281 282 -0.7939705787611988
