# 
7 7 -0.021144162892515084
8 8 -2.191041874468338
9 9 -2.3778459070747324
10 10 -0.7977887789712197
11 11 -0.9320217401812281
12 12 1.4982519696811343
13 13 -1.307720673410592
14 14 -2.413622137113771
15 15 -3.0785749670441707
16 16 -3.0555730449427125
17 17 2.760724863696497
18 18 -2.759733420829307
19 19 -3.7133990539257704
20 20 -2.885689770321294
21 21 -2.5973976564520322
22 22 2.715882718290305
23 23 2.143864377986943
24 24 -3.0529651537354408
25 25 -0.8206386658457872
26 26 0.3508773208126179
27 27 -1.3841576153652566
28 28 1.3731096683543615
29 29 1.533712064147017
30 30 -1.5681382076563057
31 31 1.1921643920482596
32 32 -2.67611442992244
33 33 -3.4227303110799685
34 34 2.9986774698318452
35 35 1.5859181285174486
36 36 3.592307458524437
37 37 1.8287532526745949
38 38 -1.5826639775784956
39 39 -2.948514109287178
40 40 -3.8352123464975074
41 41 -1.6868946324893326
42 42 -0.009153756832056992
43 43 -3.496399413882868
44 44 -2.891395600131795
45 45 3.0199682160944086
46 46 -3.4678907415654487
47 47 -2.2973163630910083
48 48 -1.9674245329555893
49 49 2.0611802267672976
50 50 3.8234733995692887
51 51 -2.842375541258315
52 52 -3.8155969237481164
53 53 -0.11711942199664893
54 54 -2.878585271898076
55 55 -1.79311549375237
56 56 2.4775170232548227
57 57 0.7884602908903382
58 58 -3.289484048816159
59 59 3.281653359384773
60 60 3.875429243261326
61 61 2.4309878713641018
62 62 1.9958343622022232
63 63 2.558684343127747
64 64 3.525745553119876
65 65 1.5600870168576328
66 66 1.9006540634940219
67 67 -2.1998354862743064
68 68 0.5788698941972852
69 69 -2.9371000308294253
70 70 2.80381322245971
71 71 0.17822431360809965
72 72 -1.8240256448812584
73 73 0.8452860270075533
74 74 -2.9264911933977977
75 75 -1.4961901995476063
76 76 0.8116991182630011
77 77 0.36528886800420945
78 78 0.5875254303514819
79 79 -1.4888613630430694
80 80 -0.0062729650593018604
81 81 -0.5491148997429498
82 82 -2.6311265279408174
83 83 -1.6651458265724273
84 84 2.9405165730988525
85 85 2.565486629373442
86 86 0.5701813300321739
87 87 0.2935271274995115
88 88 -2.439868261112748
89 89 0.30249612485496513
90 90 3.349625465950905
91 91 -0.5837714323387786
92 92 -1.9649634920045278
93 93 -2.2393643558566767
94 94 -3.9373647508280767
95 95 -1.582519911657946
96 96 2.349355984007879
97 97 3.02507413253267
98 98 -2.49565449518089
99 99 -1.058623492057487
100 100 2.7531600635017464
101 101 3.3798897662404324
102 102 -0.7584601761338012
103 103 -0.2310467130346492
104 104 -3.6403199334572465
105 105 1.339444322436302
106 106 -3.372980562416479
107 107 0.06164507290433985
108 108 -3.044828443615419
109 109 0.03344291296307311
110 110 2.929151275454844
111 111 -2.2590957839768038
112 112 -3.9389262458954253
113 113 2.0181268068199376
114 114 2.6545167704941566
115 115 1.2449860077215797
116 116 -3.319459945584513
117 117 0.5186404117122887
118 118 -1.274806948605904
119 119 3.2661358493970996
120 120 2.357927864202365
121 121 0.4819686249725903
122 122 -1.5846849205783862
123 123 -1.6662211403829383
124 124 -2.6861656929222617
125 125 -1.7645353371290904
126 126 -1.192299333504411
127 127 -1.082572145714038
128 128 2.1881155527062477
129 129 1.0702286024963916
130 130 0.8787923940734306
131 131 3.3977355114993566
132 132 2.599097704716285
133 133 3.5600393544732167
134 134 1.954317471149177
135 135 2.980224885227046
136 136 -1.267426780954608
137 137 -0.35313505155120506
138 138 2.1725226222936245
151 151 -1.7900242461409368
152 152 2.4538915721299563
153 153 1.5998976489743422
154 154 -2.3887902509444814
155 155 -3.412283242692096
156 156 0.20453850477095425
157 157 -0.7886846731551902
158 158 2.4773691121670858
159 159 -3.9685494600917943
160 160 0.4309095330903805
161 161 1.9660974585217685
162 162 1.641335152948975
163 163 1.7056610740978204
164 164 3.9397435667137906
165 165 3.8821689718570083
166 166 2.4617925283581146
167 167 -2.5568029765960327
168 168 -0.0018737216949222812
169 169 -3.9525811970073645
170 170 3.921127790744861
171 171 0.624888371215734
172 172 -0.6327177560831831
173 173 1.5527300781884046
174 174 -0.6221615075763589
175 175 -2.3164886732201886
176 176 0.04906209296873065
177 177 -2.465227664590299
178 178 -2.7376830420894187
179 179 3.997939611140519
180 180 -0.07183620953905123
181 181 2.891923443431037
182 182 2.2337817863370413
183 183 3.4490923861411886
184 184 -1.443152914354708
185 185 -0.14997166875117873
186 186 -1.1603488461441636
187 187 -2.042720733874728
188 188 -3.0033444924753905
189 189 -2.4310028316996073
190 190 3.901637099031726
191 191 2.296339274644305
192 192 1.6368754035863002
193 193 -0.727865410812286
194 194 2.5859937277447225
195 195 0.02874553277476899
196 196 -1.6023025634650105
197 197 0.7864303041026393
198 198 1.2627539200202609
199 199 2.445084960185401
200 200 3.3802604906673084
201 201 -2.721967560778186
202 202 2.617086909010524
203 203 1.45108081928122
204 204 -0.02411146261289776
205 205 -3.4408874650100163
206 206 -2.794154611075446
207 207 2.252578832979462
208 208 0.49652054759694764
209 209 1.6455208849781453
210 210 1.1088956744929828
211 211 2.5587838569421137
212 212 -0.39740731216689706
213 213 -0.21354307386308413
214 214 0.6041222254315066
215 215 -2.780043957570718
216 216 -2.018456935701293
217 217 -0.619586117046734
218 218 1.4185147016115573
219 219 -1.1250877006864544
220 220 -3.8455329395797033
221 221 -0.275411342123955
222 222 2.9825003299868484
223 223 2.713785563345586
224 224 -3.2339369303848793
225 225 -2.2932535607600855
226 226 -0.8507657566607758
227 227 1.8875244866581644
228 228 1.4975710094165722
229 229 0.25404732345461056
230 230 -3.3811292600129716
231 231 -1.5236353057267102
232 232 -1.591820677237231
233 233 1.33089147091248
234 234 -2.731999471491582
235 235 0.6167967636148033
236 236 3.15465427529103
237 237 3.145929738666328
238 238 -2.0388199752151213
239 239 3.118344275177214
240 240 1.8303687608279313
241 241 -0.5991128882737478
242 242 -2.9461204264854564
243 243 -1.4120304014085887
244 244 -0.045701414261489326
245 245 -2.671922036910024
246 246 -2.161244405151006
247 247 -2.6478601155940114
248 248 -3.674128391409883
249 249 3.8445334733408867
250 250 1.3903772623994097
251 251 3.1500041791760305
252 252 -2.27470451505817
253 253 -2.8284853251038298
254 254 -1.6735075296684494
255 255 3.260875523001914
256 256 3.373590552767909
257 257 -3.9195964939017163
258 258 -0.06627078585352386
259 259 -1.526276909577084
260 260 -3.1018670940089237
261 261 1.2788026888893782
262 262 -0.6673355093696607
263 263 3.1478457894928082
264 264 -2.106842949035543
265 265 3.807229757792892
266 266 3.9855835187640407
267 267 -0.04767786887423764
268 268 0.6492719511952005
269 269 1.666416285706684
270 270 -2.7196238379258277
271 271 2.5170005552683152
272 272 3.3866638776366544
273 273 2.729865817708091
274 274 -2.0455979035058665
275 275 3.6382016245429627
276 276 -0.8936516496108746
277 277 -2.9897069369606353
278 278 -1.3444720423456538
279 279 0.754893980076595
280 280 -3.536912629989639
281 281 -2.2556967009769595
282 282 -2.142031700463086
7 8 0.9694746171926762
7 10 0.9342268588790754
7 157 0.5628108713484965
7 160 -0.8123323499934532
7 163 0.6008984387425031
7 166 -0.5525755377859676
8 9 -0.9706332073427473
8 11 0.6687525342868201
8 193 0.6123770128876447
8 196 -0.7768048534795371
8 199 -0.16756435675306158
8 202 -0.46009470958947274
9 12 0.23916946342555168
9 229 -0.5268516138120256
9 232 0.18991144548937755
9 235 0.6650770702769107
9 238 -0.03647297737296573
10 11 -0.6910969959350841
10 157 -0.23124564336684594
10 160 0.28539880496969094
10 163 -0.1547130770002143
10 166 -0.533814425649074
11 12 -0.8460994248001534
11 193 0.815838364598463
11 196 0.9369286321397556
11 199 -0.04830045292305152
11 202 -0.16357060667771517
12 229 0.5503102897100147
12 232 -0.20904219445723715
12 235 0.5469723443258772
12 238 -0.4579114482141864
13 14 -0.4666852238681094
13 16 0.09929649924690565
13 193 0.5832479199459231
13 196 0.8618189024892615
13 199 -0.0568406282717262
13 202 -0.625839593477727
14 15 0.8777731739520449
14 17 -0.6543567758956252
14 229 0.832121788112774
14 232 0.6123809087397838
14 235 -0.12602886372423194
14 238 -0.36277948354740897
15 18 -0.6682032991204925
15 265 0.7872268510132572
15 268 0.9069192013200462
15 271 -0.9217499641602311
15 274 -0.08262817203260298
16 17 -0.3365567210543905
16 193 -0.4758718639366313
16 196 -0.06312400096933102
16 199 -0.91618621229991
16 202 0.06869358274866788
17 18 -0.39479797357103275
17 229 0.9994997525501146
17 232 0.0015323426171112153
17 235 -0.04565745071172356
17 238 -0.8983196054940985
18 265 -0.7417553232620984
18 268 0.8506623500357542
18 271 -0.31268589382961753
18 274 0.6902691546099406
19 20 -0.03722360475421538
19 22 0.041185920938885845
19 181 -0.25654219402152645
19 184 0.9721579536910836
19 187 -0.5216892511333637
19 190 0.8385238892180231
19 193 -0.3438115821851333
19 196 0.05936290179580461
19 199 0.6238006313566125
19 202 0.06315782696809547
20 21 0.21421613790523675
20 23 0.06415214721415574
20 217 0.27824056808136555
20 220 -0.8493638082857382
20 223 -0.6505328908058123
20 226 0.13395274954988534
20 229 0.7918670126234169
20 232 -0.7215728371946251
20 235 0.043772459547900766
20 238 0.5634179954297134
21 24 0.5798716878123653
21 253 0.22342408689641613
21 256 -0.8612922126461273
21 259 -0.5447094518134981
21 262 -0.024795088642865837
21 265 0.3622600214732581
21 268 0.4790248970052038
21 271 0.1219716879934436
21 274 -0.44389627372081186
22 23 0.6824990854048418
22 181 -0.07396620243346863
22 184 -0.5271547014073441
22 187 0.4036971709385022
22 190 0.5994858039340527
22 193 0.6160416426475988
22 196 -0.7503766047078266
22 199 0.3785020633213618
22 202 -0.7165943824669401
23 24 -0.4194818887278777
23 217 0.07013025319866562
23 220 -0.893363356586085
23 223 0.8857338115980573
23 226 -0.6940445287267185
23 229 0.28273373336008456
23 232 0.8938488351489244
23 235 -0.8906771357657257
23 238 -0.3953775561548829
24 253 0.8567836738246166
24 256 0.7958027358593882
24 259 0.7174201106566156
24 262 -0.7014234394799643
24 265 0.31833660079370585
24 268 0.33241850926925776
24 271 0.18417897327184352
24 274 -0.033286343719403755
25 26 0.9640365062344776
25 28 0.6159408091297498
25 181 0.4999767120032479
25 184 -0.8909762278259667
25 187 -0.5739876891281077
25 190 0.10600907822121353
25 193 -0.592190691538077
25 196 0.8456527176751047
25 163 -0.8829695213002435
25 166 -0.24232274707645507
26 27 0.3528323970714635
26 29 -0.9225884456690301
26 217 0.755332295913743
26 220 -0.3844989158298331
26 223 0.05586721862932076
26 226 0.13751403790359018
26 229 -0.25056856856717413
26 232 0.6527662832140033
26 199 -0.6738791346525537
26 202 0.8945289058105284
27 30 0.20619566433038639
27 253 0.4530776164175334
27 256 -0.45618755269095157
27 259 0.28774877143586464
27 262 -0.527243318295902
27 265 0.836045743970256
27 268 0.29781207567654233
27 235 0.7232184537136503
27 238 0.6034307848439024
28 29 -0.8947865370226116
28 181 0.9857855085160683
28 184 -0.3825760793124271
28 187 -0.5705336138833841
28 190 0.7774277220823247
28 193 -0.6045701527418246
28 196 0.14400252235034317
28 163 0.8368645553952114
28 166 -0.052390038962006
29 30 -0.04160780171825684
29 217 0.05058774091312035
29 220 -0.49614162609956103
29 223 -0.5803467358753631
29 226 0.3478442535472648
29 229 -0.9382827778347533
29 232 0.2525486130922443
29 199 -0.6022074058230424
29 202 -0.6974554202080672
30 253 0.9625087397676217
30 256 0.09486775795641367
30 259 0.879050763769341
30 262 -0.7844412307180719
30 265 -0.27596493209898787
30 268 -0.6216730354336371
30 235 0.7418655385698774
30 238 0.5248289355093594
31 32 -0.38012066572184766
31 34 0.8478990873398167
31 181 -0.9742425191083104
31 184 -0.6073075808317043
31 187 0.706278556911935
31 190 0.11284164321555856
31 193 0.14745524844820368
31 196 -0.2452403515528283
31 163 0.34063160830466654
31 166 0.27575091467587454
31 169 0.5328957736084574
31 172 0.72858280577933
31 175 -0.8934884098139622
31 178 -0.6055635845060308
32 33 -0.06455578811039642
32 35 0.40284074703435535
32 217 -0.9833923129527364
32 220 0.3910328520473889
32 223 -0.5874861503549065
32 226 -0.33404201668738587
32 229 -0.23845442296294372
32 232 -0.2629466274803016
32 199 -0.10300214259186702
32 202 0.11906099540416992
32 205 0.1857719424044033
32 208 0.6033956180833304
32 211 -0.5278174210815776
32 214 -0.3046944669062086
33 36 0.21485582511477586
33 253 0.6856513645217315
33 256 0.05103386394994103
33 259 0.5920592712887938
33 262 -0.6217046170343488
33 265 0.5592908796343514
33 268 -0.11051779926291294
33 235 -0.9805632016091577
33 238 0.17951518187558269
33 241 -0.45544899346792733
33 244 0.6013572324672258
33 247 -0.9079506519016154
33 250 0.9258910916843586
34 35 -0.6387045313985307
34 181 -0.7871828153705591
34 184 0.25622374698665595
34 187 -0.3315617649506841
34 190 -0.2113865100992205
34 193 0.12957571214628572
34 196 0.7366754753518352
34 163 -0.45869320371166
34 166 0.40486603133144605
34 169 0.015099231254538825
34 172 -0.848090881542134
34 175 -0.03795510476667041
34 178 -0.3545079226451855
35 36 -0.8518834956821355
35 217 0.6082549225066185
35 220 0.7726103544301186
35 223 -0.8608570149607726
35 226 -0.7840157082670418
35 229 -0.7453647314551635
35 232 -0.6783345124833529
35 199 0.7070680159450229
35 202 0.09168398695387836
35 205 0.3327145960949103
35 208 -0.3775791055545492
35 211 -0.20736955947904767
35 214 0.9089157505829282
36 253 0.34385890671643016
36 256 0.961985556452166
36 259 -0.6240723388077329
36 262 -0.9605418785233755
36 265 -0.10461962357014509
36 268 -0.2684172284225117
36 235 0.4737581360679224
36 238 0.3047862713593308
36 241 0.7800019115343961
36 244 -0.5445771158239381
36 247 -0.3411579442944497
36 250 -0.47174830596780426
37 38 -0.695000579197482
37 40 -0.7589862837588479
37 181 -0.35665153641381697
37 184 -0.4861116876869034
37 151 -0.29030648672522896
37 154 -0.6406046275216106
37 157 0.5500302066127376
37 160 -0.8750736293921175
37 163 0.24670520345493352
37 166 -0.31052881431654367
37 169 -0.7700820690981149
37 172 0.923297203324869
37 175 0.1564848364347997
37 178 -0.12316708890184147
38 39 -0.24129983930194832
38 41 0.6954019521835089
38 217 0.2199135789045641
38 220 0.11858388130550335
38 187 -0.14780473619121315
38 190 0.14818315290927098
38 193 -0.1368322298473139
38 196 -0.041168247254140145
38 199 0.6909576715181875
38 202 0.9650827929891916
38 205 0.9062797650509857
38 208 -0.005248977573674152
38 211 -0.4674829419858897
38 214 0.5802289972922163
39 42 -0.8774272604699018
39 253 -0.285763879818447
39 256 0.3285078822776035
39 223 0.08476124573945576
39 226 0.978014503179587
39 229 0.9063729403444627
39 232 0.6158412415956827
39 235 -0.010462369849479236
39 238 -0.36787320089933284
39 241 0.33257655184653934
39 244 0.32316357685133124
39 247 -0.5193001685145713
39 250 -0.2433200043575081
40 41 0.21240843089414163
40 181 0.45401464917448364
40 184 0.16634397681868496
40 151 0.6616528480729766
40 154 -0.7486917901927024
40 157 -0.34683587122568404
40 160 0.5588562088903355
40 163 0.5053313216808621
40 166 0.2671112277870409
40 169 0.7334715946681476
40 172 0.6684655847818992
40 175 -0.38523063443700245
40 178 -0.565053504340983
41 42 0.9639423059088907
41 217 0.23086309909351432
41 220 0.2366140188187802
41 187 -0.13833951791222399
41 190 0.7056206620184062
41 193 0.953556709524257
41 196 0.8996131685538462
41 199 -0.4833099493623785
41 202 0.24672682174020188
41 205 0.7355203972463584
41 208 0.26828473764072625
41 211 0.11099447713540211
41 214 -0.7169199283076353
42 253 0.2110734701436281
42 256 -0.5838837393553571
42 223 -0.20044613402842804
42 226 -0.616858365075833
42 229 0.5110459957578846
42 232 -0.63581599285328
42 235 0.9077355819426922
42 238 0.5252379874367856
42 241 0.7982576864655282
42 244 0.44886898631613836
42 247 -0.5129235605045126
42 250 0.3927357075192852
43 44 0.8512481842563531
43 46 -0.6834842388783662
43 181 0.5323579592464709
43 184 -0.36655784284075854
43 151 0.2876904874757915
43 154 -0.9487641565407405
43 158 0.2785455893845268
43 161 0.6413932352907465
43 164 -0.08372652294216754
43 167 0.5183417303951803
43 169 -0.6096738001219175
43 172 0.33587958337271906
43 175 -0.08720117794809834
43 178 0.015756853582090447
44 45 0.36334397963771603
44 47 -0.535920027644823
44 217 -0.728277488999417
44 220 0.6315199557421338
44 187 -0.6241750835192907
44 190 0.6374377516626775
44 194 0.9047764343693545
44 197 -0.9996278191298182
44 200 0.21345420051340347
44 203 -0.6558603223851236
44 205 0.5699419710214246
44 208 0.4142368182861629
44 211 0.2637545985583194
44 214 -0.8762635442420168
45 48 0.32107127811616243
45 253 0.8129184721892717
45 256 -0.22555110710962123
45 223 0.626960855894797
45 226 -0.5430579929294854
45 230 -0.39270107725723813
45 233 0.32742655240825336
45 236 -0.5400648966909014
45 239 -0.04042468585648473
45 241 -0.5880923862894154
45 244 0.21032652279751707
45 247 -0.4105186201295332
45 250 -0.8150133641840396
46 47 0.3206102635693906
46 181 0.5251880792333414
46 184 0.20229606108849874
46 151 0.0578170886533953
46 154 0.6691732769552958
46 158 0.47220218691668503
46 161 0.052062573155709835
46 164 0.2354680541208507
46 167 0.5322250103555253
46 169 -0.21384989783886899
46 172 -0.5030328601298151
46 175 0.3668453059234169
46 178 -0.6826175120825542
47 48 0.8425574767144659
47 217 0.932306307100129
47 220 0.1537020140327814
47 187 -0.41370467634704644
47 190 -0.6206131410265585
47 194 -0.33333476228867553
47 197 -0.7514143022983877
47 200 -0.35183561754661374
47 203 -0.02929146209522071
47 205 0.9156006717451033
47 208 0.5536721063441818
47 211 0.5352310570486678
47 214 -0.039759767571471816
48 253 -0.8411898154844213
48 256 -0.3275181774899103
48 223 0.4751860650269999
48 226 0.9483425393122111
48 230 -0.46688490108923997
48 233 -0.9473676884463071
48 236 0.2494902076617318
48 239 -0.792371064570631
48 241 0.4997626848450254
48 244 -0.4286534895936136
48 247 0.10622949490529798
48 250 0.20822198773247225
49 50 -0.7637555347777831
49 52 -0.26595050680319043
49 181 -0.796500268675147
49 184 0.9799155192921469
49 187 0.955694975693457
49 190 0.0942671376606865
49 194 -0.04308314361846666
49 197 0.9097639831716904
49 200 0.7999378222680147
49 203 -0.6241188398559143
49 205 0.24273207809414155
49 208 0.03653749013247509
49 175 -0.497880650685542
49 178 0.9158080785024842
50 51 0.28338828655613746
50 53 0.8005921660066571
50 217 0.856893930821536
50 220 -0.8152377575998868
50 223 -0.6070518724520018
50 226 0.9983962723796018
50 230 -0.6260550557461562
50 233 -0.9889705301607961
50 236 -0.31296135337430653
50 239 0.8696675717647995
50 241 -0.33556608833296453
50 244 -0.07259487083178429
50 211 0.5393839809669059
50 214 0.42115945798454657
51 54 0.1339884538336582
51 253 -0.9017590582904296
51 256 -0.9908845067237217
51 259 0.6905488768756864
51 262 -0.44450476262921135
51 266 0.9662341450997722
51 269 -0.10851979071827356
51 272 -0.30438798508923215
51 275 0.4555123458889243
51 277 -0.10570695400043006
51 280 0.20192822067840943
51 247 -0.6850754791515146
51 250 0.37738179645305303
52 53 -0.046794577902260714
52 181 0.11456780901352315
52 184 0.7525998090271657
52 187 -0.3795279347229128
52 190 -0.6747600669020315
52 194 0.08239880218860396
52 197 -0.5177127886206778
52 200 -0.9912284593162477
52 203 -0.6598356020968175
52 205 -0.7384797007218604
52 208 0.9331164144642268
52 175 -0.3492856831990996
52 178 0.391733500006892
53 54 0.9732913924576503
53 217 0.1080290745382737
53 220 0.5454080569580864
53 223 -0.7513755395021735
53 226 -0.3334031926843959
53 230 -0.1999609191279117
53 233 -0.671324950573583
53 236 0.9634192831741684
53 239 0.45435943283836
53 241 -0.8961826789522187
53 244 -0.1760321886772227
53 211 0.14321989565838833
53 214 -0.5682623126045425
54 253 -0.6210211840571189
54 256 -0.424724768139209
54 259 0.26163266467922486
54 262 0.04402900734932347
54 266 0.8776794393706295
54 269 0.19253460016232937
54 272 0.8853787690397246
54 275 -0.7642860381587051
54 277 0.45785492990964327
54 280 0.5203622738036726
54 247 -0.23968072194823353
54 250 0.3516675342616191
55 56 -0.35246970306804637
55 58 0.5043319107651245
55 182 0.6764983376995031
55 185 0.11395948356682983
55 188 0.07936680181985123
55 191 -0.8366955484292653
55 194 0.5166539957248562
55 197 0.02227040549061221
55 200 0.9852475898179278
55 203 -0.6113210908967788
55 205 -0.41719616802223913
55 208 0.5391946500153055
55 175 0.03085426623213383
55 178 -0.733599565230826
56 57 -0.05123451204669016
56 59 -0.7801151609621666
56 218 -0.9434437335765282
56 221 0.4250617000108823
56 224 0.7189695268362408
56 227 -0.4289957092208656
56 230 -0.09436244813348926
56 233 -0.24156041170102882
56 236 -0.6704238609394002
56 239 0.4767251789140998
56 241 0.896194271050117
56 244 0.9726295172307124
56 211 -0.7368183937546142
56 214 0.1751348560225081
57 60 0.33242539547676264
57 254 0.626161869568223
57 257 0.838479537713976
57 260 -0.44989936889241466
57 263 0.6217037077067309
57 266 0.2846410708251168
57 269 0.9830922362655556
57 272 -0.1385785124216874
57 275 -0.28630237723768914
57 277 0.5857742238104533
57 280 -0.8604989085342263
57 247 -0.7986382021068643
57 250 -0.0939415341939358
58 59 0.20580198071182765
58 182 0.5790912202513385
58 185 0.4287059003324474
58 188 0.5909684964898141
58 191 0.06662967704569556
58 194 0.03691246838931961
58 197 0.4525393091964518
58 200 0.988656781743692
58 203 -0.6700851185074301
58 205 -0.515189334300409
58 208 0.3784580245539382
58 175 -0.5319811536951033
58 178 0.5238025176804193
59 60 0.9706795126966685
59 218 -0.09982542608550271
59 221 0.04122897020857175
59 224 -0.7127644364704293
59 227 -0.8503983482967621
59 230 0.6620972370298097
59 233 -0.26541530444993655
59 236 -0.724995432019202
59 239 -0.6833834603075806
59 241 0.6034003509093224
59 244 0.44380376881074435
59 211 -0.5470666788787295
59 214 0.8149907410539416
60 254 -0.6702755583603415
60 257 -0.415795806315143
60 260 0.14229535399814752
60 263 -0.8289382325795942
60 266 0.321396574277921
60 269 -0.13356826973913427
60 272 0.6911357753748317
60 275 -0.6524990669347774
60 277 0.7889028857712617
60 280 -0.6208604852094697
60 247 -0.7375176786203894
60 250 0.24952030382308776
61 62 0.3481557899750589
61 64 -0.3427020737194686
61 182 0.18183807220619164
61 185 -0.7724589702857114
61 188 -0.07353684892425139
61 191 0.38661941179823667
61 194 0.20590552612088353
61 197 -0.23163642169665
61 164 0.13313741840979065
61 167 0.5160414892226559
61 169 0.21706289157138992
61 172 0.6422841482051314
61 175 -0.4348818509723753
61 178 -0.13139547411613473
62 63 0.6917103181376072
62 65 0.0032720884973200803
62 218 0.28984279988817474
62 221 -0.7976088959237024
62 224 0.839005297421217
62 227 0.4436988286354795
62 230 -0.9799605647769654
62 233 -0.1555233540462031
62 200 0.22010779172147488
62 203 0.10540802515202907
62 205 0.27593042383936317
62 208 -0.46912130528576723
62 211 0.47701274046955167
62 214 0.712334273159944
63 66 -0.09041338160498791
63 254 0.30360719935329783
63 257 -0.06946848121242954
63 260 0.44774114412304344
63 263 -0.681393358610521
63 266 -0.04396780957474644
63 269 -0.17487267099705983
63 236 0.016266717096756755
63 239 0.6753656261584495
63 241 -0.12201349852944587
63 244 0.7139346151877064
63 247 0.9724550628115369
63 250 -0.418159714546271
64 65 0.5542059302761095
64 182 0.9264239950365185
64 185 -0.0034362963291842963
64 188 0.17983359960514655
64 191 -0.09459444680542939
64 194 0.8134262899213291
64 197 0.8658065103353925
64 164 0.5496196433072731
64 167 -0.5114180322966659
64 169 0.3081412463108566
64 172 -0.9171687886112856
64 175 -0.02221877245522874
64 178 0.3918847006741879
65 66 -0.13723043719306172
65 218 0.07885847801682622
65 221 0.4097363305319479
65 224 0.6113810653980012
65 227 -0.9585654290116643
65 230 -0.2900966682999613
65 233 0.07557622923983653
65 200 0.9170366127750764
65 203 -0.4072439202415328
65 205 -0.5426387995542503
65 208 -0.09898868673986683
65 211 0.8194102839696935
65 214 -0.9788127678577123
66 254 -0.6055667535171172
66 257 0.35625175142260823
66 260 -0.7944727591021488
66 263 -0.29782964621144337
66 266 0.06825761405335395
66 269 0.3004741510690594
66 236 -0.5143943187794042
66 239 0.6099421002979148
66 241 -0.5247377109754474
66 244 -0.5311978015988523
66 247 -0.4731491918777002
66 250 -0.036018280649398715
67 68 0.6773787132920275
67 70 -0.5541588741733565
67 182 0.5651935628194331
67 185 0.3126398651073494
67 188 0.916528011970805
67 191 0.5007569493320281
67 194 0.7622211876607004
67 197 0.2478792993940846
67 164 0.5247727422695756
67 167 0.5567026750944464
67 170 0.32001530852353355
67 173 -0.9841236078197182
67 176 0.7743476178612938
67 179 0.8757053667158299
68 69 0.991558863138231
68 71 -0.2889035968740734
68 218 0.8854456397816619
68 221 0.9461105150131641
68 224 0.8630262081026951
68 227 0.3441332800636119
68 230 0.7452982142870763
68 233 -0.7306483542943896
68 200 0.06011109953845617
68 203 -0.006071527194737358
68 206 0.18380876392626488
68 209 -0.003952093692945358
68 212 0.08219575355660402
68 215 -0.7199849087957055
69 72 0.83760234633159
69 254 0.7032448824283133
69 257 -0.04048976571769014
69 260 -0.9284416092528096
69 263 -0.18460594985041756
69 266 -0.13849013587225656
69 269 0.3278806368357936
69 236 -0.42259884796241454
69 239 0.46626186197575503
69 242 -0.4555160850489308
69 245 0.09627162682258605
69 248 0.3559277059530266
69 251 -0.5448969071918028
70 71 -0.3378810282704694
70 182 -0.834427822253057
70 185 0.3118848576624713
70 188 0.8854986858439975
70 191 0.5796888610469577
70 194 -0.6599156428818345
70 197 0.05089991916411618
70 164 -0.2831505286970224
70 167 0.03265832219641829
70 170 -0.08684061547485533
70 173 0.6555960850819238
70 176 -0.8195376244323682
70 179 -0.5800034678663231
71 72 -0.02832202299059694
71 218 0.3808776412219754
71 221 0.717778523085808
71 224 0.09343046104990838
71 227 0.6962902702741243
71 230 -0.3229622830168952
71 233 0.8134979371167077
71 200 0.15848715562073434
71 203 -0.022157726385148235
71 206 0.43971733126710366
71 209 -0.3971810263217559
71 212 0.32279424663778067
71 215 -0.2039384016263559
72 254 -0.07214328628284195
72 257 0.47143665664618717
72 260 -0.887717596966457
72 263 -0.25021110489914755
72 266 0.5622047163801145
72 269 0.323104812261952
72 236 0.28637378567561744
72 239 -0.2739468024391942
72 242 -0.9699943268384208
72 245 -0.39218972302955946
72 248 0.6710144217517331
72 251 0.4552208578202219
73 74 -0.30247952021550506
73 76 0.9495661004545075
73 182 -0.7749612050531256
73 185 0.39825139314195135
73 152 -0.9663512524208451
73 155 0.4884168172734964
73 158 0.5887607995481603
73 161 0.7987410051865078
73 164 0.17028222431703677
73 167 -0.4032054500208839
73 170 0.27150881969735896
73 173 -0.23044557873112592
73 176 0.9361119964549875
73 179 0.5761860654716837
74 75 0.2920992317804396
74 77 -0.12436907262969266
74 218 -0.6957956187507199
74 221 0.9007195427611294
74 188 -0.580191737041601
74 191 0.8110884539677334
74 194 -0.877190180005097
74 197 -0.39018196287863094
74 200 -0.6193937300094305
74 203 -0.572400655723371
74 206 -0.8787849164272201
74 209 -0.44104946594094097
74 212 0.6712917070037228
74 215 0.5959185335015695
75 78 0.056562691775818186
75 254 0.5307722450447565
75 257 -0.7632022384911434
75 224 0.5248528252705233
75 227 -0.13712715045911783
75 230 -0.3837375377121983
75 233 0.8614020984681394
75 236 -0.6398363248330141
75 239 0.8986849160201158
75 242 -0.10302466149201273
75 245 0.4239588629807376
75 248 0.7452595503761565
75 251 -0.9715062748813919
76 77 -0.703008907035434
76 182 0.7874334459444303
76 185 0.9832553515077342
76 152 0.3422072089753967
76 155 0.16345619384137944
76 158 0.010387731451090954
76 161 -0.21166305472638336
76 164 -0.8974675483861831
76 167 0.46370468642734197
76 170 -0.6743796838588663
76 173 -0.640064458346995
76 176 -0.20447571811189857
76 179 -0.9042572466505776
77 78 -0.11151049856001105
77 218 -0.6120703597756243
77 221 0.676884005253251
77 188 0.25028506533566985
77 191 0.5625863200346439
77 194 0.6207851360429693
77 197 -0.36269822744151825
77 200 -0.039203753188265855
77 203 0.14450278263514038
77 206 0.0705241731624755
77 209 0.27455610787421514
77 212 0.989835616753207
77 215 0.008022460414571553
78 254 -0.6837360836205082
78 257 0.4932532514485315
78 224 -0.8709052973997655
78 227 -0.5677042666882501
78 230 -0.2681554853256256
78 233 0.9026956783810693
78 236 0.6090446674668366
78 239 -0.9423760030676775
78 242 0.07864996780351752
78 245 -0.5996070285547699
78 248 0.981323939774146
78 251 -0.006823224959428886
79 80 -0.6010543588480561
79 82 0.7416479388640129
79 182 -0.2919821328260215
79 185 0.8846908335687294
79 152 -0.5022494158661823
79 155 -0.463723693735145
79 159 0.5610308650799873
79 162 -0.11737772201400731
79 165 0.7681889364175867
79 168 0.17283242782747
79 170 0.7795098188458529
79 173 0.2939308516180079
79 176 -0.9150679852692223
79 179 -0.5112902454712926
80 81 0.36150076976553125
80 83 0.3992083439232357
80 218 0.2729020885074689
80 221 0.635334596944565
80 188 -0.3315096836994842
80 191 -0.40927892100417074
80 195 -0.9099455105462622
80 198 0.15067934758875845
80 201 -0.93495851742326
80 204 0.986759104470083
80 206 -0.7463921857307854
80 209 0.42658097398805195
80 212 0.9715673462358208
80 215 0.9255168474862265
81 84 -0.30336140708672743
81 254 0.10819660833862588
81 257 0.3604451077455535
81 224 -0.010921182787210881
81 227 0.5081319865577378
81 231 0.46426315727888134
81 234 0.000407848340776118
81 237 0.007070893289376823
81 240 0.6571968993585839
81 242 0.7536993247046073
81 245 -0.2903572384634836
81 248 -0.529711624940338
81 251 0.5337284795021826
82 83 -0.04120070527433839
82 182 -0.2211878101633069
82 185 0.3447828563793194
82 152 0.4052446929758118
82 155 0.6385089523976708
82 159 0.04396209207869872
82 162 -0.7730021480729239
82 165 0.04130041201136847
82 168 0.5321784646954753
82 170 0.5618356997039615
82 173 -0.3009487635559025
82 176 0.0889501343859016
82 179 -0.8047914549949167
83 84 -0.5301225785271204
83 218 0.10644171559106108
83 221 0.15585850256439193
83 188 0.7440215676860125
83 191 0.6192032014469058
83 195 0.4026905944222634
83 198 -0.38223648656382414
83 201 -0.1607175959530871
83 204 -0.6174483073195969
83 206 -0.2360110509186064
83 209 -0.6177897178171172
83 212 0.19245596291769118
83 215 -0.9224369799794141
84 254 -0.8541782571682819
84 257 0.8340604020356708
84 224 -0.4835807128459342
84 227 0.9663354911475794
84 231 0.7403886787296226
84 234 0.5252099634756429
84 237 0.4248955404559669
84 240 -0.03458198962311809
84 242 0.17062706412058537
84 245 0.12346906680350944
84 248 0.22158731678100163
84 251 -0.059768810557772056
85 86 -0.7341482763424616
85 88 0.18922382341287602
85 182 -0.8552201452501251
85 185 0.4547618341196622
85 188 -0.3754546091940112
85 191 -0.2801384249132599
85 195 0.045132391227554525
85 198 0.7315521437969241
85 201 -0.17941398976202283
85 204 -0.34229929868167774
85 206 -0.6269406263171806
85 209 -0.9458061643205098
85 176 -0.1193308589742057
85 179 0.025368804960105074
86 87 -0.3470516059547637
86 89 -0.873431339592867
86 218 0.1793017786144766
86 221 0.233724299227404
86 224 -0.039994527048930806
86 227 -0.06026293805682825
86 231 0.3257772262850942
86 234 -0.6640387224483506
86 237 0.4525005230863324
86 240 0.8567038454011968
86 242 -0.9825773096441688
86 245 -0.8595718209554275
86 212 -0.22058440954113534
86 215 -0.1841525414553875
87 90 0.46317372500416876
87 254 -0.21189066097810727
87 257 -0.6408529201667357
87 260 -0.8953400924744317
87 263 -0.5727298642175902
87 267 0.25489048651488067
87 270 0.5456611972210641
87 273 -0.9622675084479235
87 276 0.8287869213945416
87 278 -0.3041113918639047
87 281 -0.7662075259453522
87 248 -0.4590339853231944
87 251 -0.11410325559760182
88 89 0.6816839364111205
88 182 -0.027061909514457527
88 185 -0.5618987008289833
88 188 0.5843208621494624
88 191 -0.8124951826399729
88 195 0.32084466356293473
88 198 -0.6038635938702457
88 201 -0.6289291001424164
88 204 0.2688555268237116
88 206 0.42068303494264514
88 209 0.111355117286694
88 176 -0.683703803794526
88 179 -0.34705342677620754
89 90 -0.6934948222998301
89 218 0.6078125223528581
89 221 0.8316397142210825
89 224 -0.7238331489533159
89 227 0.753600435440219
89 231 0.5382829103405071
89 234 -0.22577785553617447
89 237 -0.6565221179918403
89 240 -0.46112951971617067
89 242 0.0999515964073916
89 245 -0.4837974186633234
89 212 0.06995273086046128
89 215 -0.42947988667934434
90 254 0.7711485518946721
90 257 -0.5129919740458648
90 260 -0.9875930961160491
90 263 0.9809435910885829
90 267 0.01309214087130428
90 270 -0.7053785365087522
90 273 -0.2967254636432075
90 276 -0.6688276310992796
90 278 0.3426424768268872
90 281 -0.39195581415986336
90 248 -0.2659202418294433
90 251 0.9226725350787186
91 92 0.971797668187951
91 94 -0.898169587816068
91 183 0.8687751470676868
91 186 0.3039636739600915
91 189 -0.4528334152946889
91 192 0.07225186992092647
91 195 0.8394101987795881
91 198 -0.15183321114605386
91 201 0.7046023421551539
91 204 -0.7927518568678447
91 206 0.14166425621885104
91 209 0.32856617356731177
91 176 0.9265283669099684
91 179 -0.9215727427759042
92 93 -0.3167754118019852
92 95 0.987274697552406
92 219 -0.7605977214574158
92 222 -0.07571844392721339
92 225 0.0320327720534197
92 228 0.9298685960918203
92 231 -0.04923034798213011
92 234 0.23803957672737064
92 237 0.27815077031669966
92 240 0.928268011031397
92 242 -0.4963434966194864
92 245 0.7479560170934192
92 212 -0.09411177887022282
92 215 -0.24026966002179773
93 96 0.9341516656601228
93 255 0.5732798500260627
93 258 0.5040926846102536
93 261 0.7019381319186031
93 264 -0.7877098416741517
93 267 0.35036662814471997
93 270 -0.5842690252774767
93 273 0.5991721092808375
93 276 -0.33952134057665884
93 278 -0.9587722841927564
93 281 -0.06077327205491545
93 248 0.24593705726330617
93 251 -0.49833981806421623
94 95 0.895552979204294
94 183 0.47554895516673
94 186 0.5374491957457304
94 189 -0.5588200650245636
94 192 0.390157752934706
94 195 0.4720494026143678
94 198 0.052249694921024936
94 201 -0.08708952964606409
94 204 -0.43249278620107856
94 206 0.9508348719174726
94 209 0.7261629369447136
94 176 -0.4686223310227313
94 179 -0.41893382408051116
95 96 0.0030150096425300976
95 219 -0.5323691748065129
95 222 0.1500418522625815
95 225 -0.6349048504736801
95 228 -0.28358111847362477
95 231 -0.8333433800749992
95 234 0.98743619970099
95 237 -0.8059267794115206
95 240 0.45186318198851483
95 242 -0.23808563181377007
95 245 -0.22566821771382783
95 212 -0.8203861766049123
95 215 0.5085566964611263
96 255 -0.019966381074308703
96 258 0.8821683835555092
96 261 0.11174140302929003
96 264 -0.5629469772927331
96 267 0.1303637257214545
96 270 0.4244911978138204
96 273 -0.1453143654053899
96 276 0.02457494443267416
96 278 -0.16864570110381205
96 281 -0.6538497088835271
96 248 0.3167210058216743
96 251 -0.8418565646279033
97 98 -0.6063331067617117
97 100 -0.5741472068179103
97 183 -0.4753213632580784
97 186 -0.2988274392911541
97 189 0.5986477301367379
97 192 -0.772819190081657
97 195 0.3546726295163216
97 198 0.9744266605008114
97 165 0.32691083670102516
97 168 0.1782893374883152
97 170 0.4633790827142936
97 173 0.4176332628809898
97 176 0.8010250874763267
97 179 0.45694829728549435
98 99 -0.7341664770673006
98 101 -0.3673323471819263
98 219 -0.5460443728918087
98 222 -0.08238688244259285
98 225 0.8011624545989362
98 228 0.31315876992668157
98 231 0.04400928740495602
98 234 0.545922925488449
98 201 0.0834735738671859
98 204 -0.3004289424385882
98 206 0.6806619253005355
98 209 0.30566484060421995
98 212 -0.6049515887605748
98 215 -0.8588943767892174
99 102 -0.13395039134983588
99 255 -0.5469342691677803
99 258 0.9560302686850599
99 261 -0.3134572935297659
99 264 -0.2521073689935527
99 267 0.48664833022282195
99 270 0.9844379506918743
99 237 0.4336494189076383
99 240 0.2842213601107275
99 242 0.08616975891215795
99 245 -0.5030862993896337
99 248 -0.20477048149534394
99 251 0.21852873529099215
100 101 0.47362218947963086
100 183 0.7095663861519845
100 186 -0.4975737290139153
100 189 0.8060659937607801
100 192 -0.9251974691407232
100 195 -0.8740795732669848
100 198 0.7214685909033987
100 165 -0.2552327063039206
100 168 -0.8129124946892325
100 170 0.42306320970231215
100 173 -0.5318268199194813
100 176 0.825006721517997
100 179 0.28561623992497864
101 102 0.37675831586848596
101 219 -0.5506653309223104
101 222 0.3910214832722756
101 225 0.5750411480228208
101 228 0.11765710791403694
101 231 0.4279842623714252
101 234 0.2585423925940822
101 201 -0.4507791625690203
101 204 -0.48906740584362884
101 206 -0.9586386570931296
101 209 -0.6787702414170713
101 212 -0.21366246229254404
101 215 0.3745929712242171
102 255 0.01978502359658263
102 258 -0.42445867171068485
102 261 0.49996101428138373
102 264 0.8159294769721863
102 267 -0.49629929516676197
102 270 -0.6537220239687245
102 237 0.3923352752113982
102 240 -0.7269705304715846
102 242 0.810197573145149
102 245 0.42906505756425806
102 248 0.2798521442438555
102 251 0.3096351411753666
103 104 -0.3472266589050139
103 106 0.018026850114113202
103 183 -0.7520622455973411
103 186 0.961546656331747
103 189 -0.11287182583469191
103 192 0.22486644677688195
103 195 -0.5755114965475918
103 198 0.8760732716212787
103 165 -0.6206307771649868
103 168 0.5212261370319609
103 171 -0.23433561817512416
103 174 -0.5180013259631489
103 177 0.4215061272425895
103 180 0.505778525215302
104 105 -0.8605176788152575
104 107 -0.8503464089037969
104 219 0.3917858437417743
104 222 0.45399391767914765
104 225 0.21544658159612773
104 228 0.80074465757429
104 231 -0.5091311927268118
104 234 0.7528742329313707
104 201 -0.5054006557340598
104 204 0.11100615767987354
104 207 0.5661984583034756
104 210 0.2370035885352284
104 213 0.3789004872205348
104 216 -0.9429165858286608
105 108 0.6142241477204209
105 255 0.3786131645123427
105 258 -0.6700486975575046
105 261 0.5101481650579933
105 264 0.13150171106144382
105 267 -0.31587384013873643
105 270 -0.9660974987086737
105 237 -0.876167475370367
105 240 0.2670963435540399
105 243 0.2016028026174197
105 246 0.00839802003661494
105 249 0.5322968550038685
105 252 -0.6447798195060479
106 107 0.6990954416544795
106 183 -0.8736743311031439
106 186 -0.5274713490107514
106 189 0.9340337402247121
106 192 0.12738986789524542
106 195 0.4438987752803514
106 198 -0.7332458077394086
106 165 0.8145642574373329
106 168 -0.6439984131358185
106 171 -0.3313787249826341
106 174 0.423317113016076
106 177 -0.21682883419846744
106 180 0.47640330315663726
107 108 0.8554743473606254
107 219 0.08704929326397659
107 222 0.6262275985770311
107 225 0.33934358118089314
107 228 -0.8216253730299503
107 231 0.7567128567146608
107 234 -0.698105790521848
107 201 -0.4978751568986233
107 204 -0.497021852014339
107 207 0.1155464480975219
107 210 0.20880901793543316
107 213 -0.7354518774609962
107 216 -0.8308406229912744
108 255 -0.5610246781898853
108 258 -0.36358101552528543
108 261 0.06956096725310745
108 264 0.8109916195288775
108 267 -0.6344599034589034
108 270 -0.052746208612304724
108 237 0.12858473920795221
108 240 -0.4257304409667866
108 243 -0.30991571282889274
108 246 -0.3719077209340531
108 249 0.40444626207568324
108 252 0.9125998307566057
109 110 0.5320239685747659
109 112 0.754261390268741
109 183 0.46421941235944586
109 186 0.021249218947406945
109 153 0.3996416090102477
109 156 -0.007334035544342754
109 159 0.5961803270287584
109 162 -0.02434752525866224
109 165 -0.5010596380071788
109 168 -0.5289392756852427
109 171 0.31183851197784285
109 174 -0.9317961842409739
109 177 -0.19072919118693799
109 180 -0.3947686787118043
110 111 0.3759477792040684
110 113 0.8559049191843506
110 219 -0.4221008082430733
110 222 -0.8786415059936707
110 189 0.336293085533901
110 192 0.9954691415689512
110 195 -0.20617992961698084
110 198 0.7209316098139817
110 201 0.9113913333413672
110 204 0.6530008872070576
110 207 0.17334193253712993
110 210 0.3598162074631257
110 213 -0.3693373630246728
110 216 0.15051609999344362
111 114 0.821611982796667
111 255 0.4969910230051957
111 258 -0.17663275045380367
111 225 0.8426544928863138
111 228 0.7547762686852757
111 231 0.9710287495492953
111 234 -0.16727582445154665
111 237 0.7816190690618263
111 240 -0.43190258068459597
111 243 -0.3372905879722974
111 246 0.30937909634111627
111 249 0.6155517361308909
111 252 0.715204381161187
112 113 -0.4667913400110477
112 183 -0.08259519609974575
112 186 0.4427132657395696
112 153 0.39740576541535
112 156 -0.13370716073736544
112 159 -0.522689030191859
112 162 -0.22847742896143264
112 165 -0.5228770686529987
112 168 0.3158410515210073
112 171 -0.09864091348899828
112 174 -0.595823339302836
112 177 0.35157138597256976
112 180 -0.19220898428499988
113 114 0.5933047661581548
113 219 -0.8197965686302287
113 222 -0.5493984075440494
113 189 -0.9028726765923663
113 192 0.3115140135587853
113 195 0.23713663179579703
113 198 0.5537035119801847
113 201 0.9764496540780956
113 204 -0.4398937116871213
113 207 0.4003174371780389
113 210 0.3703663545745619
113 213 0.13675103917320897
113 216 0.7560675542856252
114 255 -0.3270534005046346
114 258 0.6638485680165316
114 225 -0.054288839080728124
114 228 0.783593632275102
114 231 0.46064376744069757
114 234 0.13887396047578626
114 237 0.20879876676911202
114 240 0.7161077237498228
114 243 0.0722631320809648
114 246 -0.15074127057629694
114 249 -0.4202325759096348
114 252 -0.678402365700238
115 116 0.697486054089181
115 118 0.366252059692985
115 183 0.9523596678375994
115 186 -0.19646732442173231
115 153 -0.40945263457645664
115 156 -0.10633191351973181
115 171 0.9073927913155337
115 174 0.2718712085826085
115 177 0.9109161790450555
115 180 0.7874959478659556
116 117 0.857606754629185
116 119 -0.10770874315828771
116 219 -0.8566229386036466
116 222 -0.7297791209111344
116 189 0.5290312626035616
116 192 0.56189987666395
116 207 -0.1117844329544817
116 210 0.2895566869789694
116 213 0.9831413210924438
116 216 0.4731223149157766
117 120 0.7485814355978846
117 255 -0.7307644284783461
117 258 0.6477772771801285
117 225 -0.9480668840552755
117 228 0.4882983250990556
117 243 -0.5089941166027883
117 246 -0.5936854996047438
117 249 -0.5899687152796467
117 252 -0.6206091417718804
118 119 0.8027867946312155
118 183 -0.1844186779671666
118 186 -0.23133448101420062
118 153 -0.9942848418755519
118 156 0.06147551147221364
118 171 -0.607619346877742
118 174 0.38914916790678555
118 177 -0.4458107894348562
118 180 0.8519428405507565
119 120 -0.5224255766239285
119 219 0.33666758742213165
119 222 0.8035691167802117
119 189 -0.7481607009199591
119 192 -0.2428293071153762
119 207 0.9382501001919079
119 210 0.9406265331803627
119 213 0.25322476976693653
119 216 -0.23807981498736264
120 255 0.01784599143118637
120 258 -0.9874482055161302
120 225 -0.9326039921799605
120 228 -0.1157916413005251
120 243 -0.9476349680397973
120 246 0.9544539349633903
120 249 0.017384722405530573
120 252 0.9225270894008726
121 122 0.09780738979368642
121 124 -0.5124386497802538
121 183 -0.4592194136543146
121 186 0.034824594828277045
121 189 0.9806373686413627
121 192 0.1669901039711812
121 207 -0.10537166264889941
121 210 -0.07792549397810866
121 177 -0.585023759656385
121 180 -0.4063749277342863
122 123 -0.699732340804569
122 125 0.1544228141835049
122 219 0.3818347744250461
122 222 0.2800545655316047
122 225 0.18542304311761937
122 228 0.7048929442166945
122 243 0.4033394166214548
122 246 -0.8115867827435403
122 213 -0.24233315713024228
122 216 0.3526538921816398
123 126 0.8183379040097387
123 255 0.24105225232958505
123 258 -0.4272132945541416
123 261 -0.46344355480840305
123 264 0.14808967862680733
123 279 0.060563338064334005
123 282 -0.7220326639626287
123 249 0.6823733949594291
123 252 -0.46294966185826003
124 125 0.8486730627209516
124 183 -0.6908820761945418
124 186 0.8604898401363015
124 189 0.6130201944213929
124 192 0.9150624497969975
124 207 -0.024682005090322034
124 210 0.533000757479186
124 177 -0.655201045737855
124 180 -0.8719835938095468
125 126 -0.46959765860441594
125 219 0.4720044741031446
125 222 0.7601413294484718
125 225 0.6702294734319123
125 228 -0.40577510081433554
125 243 0.6268392868181498
125 246 -0.48477059321520755
125 213 0.10443025503018344
125 216 -0.32584820118268354
126 255 0.1542132054952592
126 258 0.9058623433494748
126 261 0.6997898302655043
126 264 -0.753345527411835
126 279 -0.8884193156866724
126 282 0.39693841071073077
126 249 0.48025627631297096
126 252 -0.1958893260004344
127 128 0.1663031920732676
127 130 -0.5547034677858198
127 207 0.16701380441139047
127 210 -0.22613024394671744
127 177 0.7581576033277824
127 180 -0.8651976980963199
128 129 -0.7058452336739554
128 131 -0.26362812464795815
128 243 0.4936726744411166
128 246 0.4662038366600625
128 213 0.671542639738453
128 216 -0.8261073935514995
129 132 0.9927461314706245
129 279 -0.4093988435972
129 282 0.5719557170533804
129 249 0.5753141465878817
129 252 0.4505148168734239
130 131 -0.6331686806306114
130 207 0.7943037594140141
130 210 0.11628717730796101
130 177 0.1809670959585643
130 180 -0.3701979596543332
131 132 -0.3988632238308796
131 243 0.058633115859547225
131 246 0.48826714005802074
131 213 -0.42320292376095336
131 216 0.035684660474601504
132 279 -0.3354621375308
132 282 0.488559295974178
132 249 -0.7356326787210388
132 252 0.7471900360733987
133 134 0.3474539535769894
133 136 0.7550700026824939
133 171 0.5453545583914905
133 174 -0.8538244255208114
133 177 0.9538100450797025
133 180 0.4184257530332156
134 135 0.28285570492207235
134 137 -0.9139971707634056
134 207 -0.18191551056543953
134 210 0.5568628898703443
134 213 0.37535279586577275
134 216 0.8525610369074332
135 138 -0.29969963737474137
135 243 0.40046554742396734
135 246 0.8862246713603017
135 249 0.9003080348969408
135 252 -0.3467021484348496
136 137 -0.2924784941779983
136 171 -0.02773857409788083
136 174 0.445240020657907
136 177 -0.9892197630935511
136 180 0.89318697598239
137 138 0.5824801191274431
137 207 -0.6302477995746973
137 210 -0.24088151962455684
137 213 0.5864715423911926
137 216 0.7482109600477049
138 243 -0.9975838438202718
138 246 0.11392801788604445
138 249 -0.1970428973616809
138 252 0.06244259998205082
151 152 -0.0007815094119174582
151 154 0.202226135531262
152 153 -0.46539598727156206
152 155 0.6839142506051767
153 156 -0.11820150333146118
154 155 0.18383122434676769
155 156 0.812777087536174
157 158 0.6486009312170657
157 160 0.7664276704507873
158 159 -0.8561310641282207
158 161 0.5414123255282663
159 162 -0.7394080972020312
160 161 0.7987769843119243
161 162 0.4922972263267844
163 164 0.36822560256912396
163 166 0.7456084892013719
164 165 -0.021695080511260123
164 167 -0.5955178554641094
165 168 -0.42471976860507255
166 167 0.9360301647009626
167 168 -0.18829428672196902
169 170 0.41705996340530915
169 172 0.32112424588610056
170 171 -0.9511557467276546
170 173 0.19803871224957414
171 174 0.9108096939395671
172 173 -0.7189731261937782
173 174 0.7399256620005208
175 176 -0.4547609512232933
175 178 -0.4078816656123192
176 177 0.697732985524046
176 179 0.04614350587603311
177 180 -0.5610432631293971
178 179 -0.27852641664665234
179 180 -0.5948829413380401
181 182 -0.9935723157789129
181 184 -0.3604899970310673
182 183 0.7898785078282899
182 185 0.6411948363412956
183 186 0.29034380371934887
184 185 0.9573275127631926
185 186 -0.39783587972507384
187 188 0.25751201474579566
187 190 -0.05331347430661504
188 189 -0.1999374259954656
188 191 0.8946136976755108
189 192 -0.8307620126402726
190 191 -0.19117815536502114
191 192 0.7138148601093324
193 194 0.7645612177540431
193 196 0.000750729561601382
194 195 0.6880478424961531
194 197 -0.06281965656218302
195 198 -0.6922040185276677
196 197 0.7553379064406551
197 198 0.5421650886315537
199 200 -0.5653095745890315
199 202 -0.16503088892621132
200 201 0.7596328346576906
200 203 -0.6988411834470651
201 204 0.7517484191696444
202 203 0.49753245293900306
203 204 -0.9402205517134454
205 206 0.23110074531922087
205 208 -0.20341450554483131
206 207 -0.9374245628556772
206 209 -0.260076793229304
207 210 -0.35142772292026736
208 209 -0.5819034813941193
209 210 -0.07199664962248287
211 212 0.3070720855528899
211 214 -0.4511124057002518
212 213 -0.23766394191210227
212 215 0.30708367249524926
213 216 0.9190639648157639
214 215 -0.2578063234603538
215 216 0.10516498740880409
217 218 0.7832267577898284
217 220 -0.5526497783818036
218 219 -0.627826239583158
218 221 0.8254970837977433
219 222 0.4640947071818988
220 221 -0.7767399530733834
221 222 0.27554719061567745
223 224 0.8358035174096079
223 226 -0.5103378316356975
224 225 0.4127195838770594
224 227 -0.20271586673151165
225 228 -0.08983775459309395
226 227 0.9002884918606178
227 228 0.33695171893344944
229 230 -0.10115170459776368
229 232 -0.3797299930372666
230 231 -0.9010410718157504
230 233 0.15073535103930635
231 234 0.17907152899778134
232 233 0.9832283173538499
233 234 0.34338725024834016
235 236 -0.44604166666157563
235 238 0.35234074892480693
236 237 0.7377246447374759
236 239 0.5358848678154566
237 240 0.27498355734839963
238 239 -0.48960556463272265
239 240 0.5467396162168578
241 242 -0.4197309699660523
241 244 0.08331147009519979
242 243 0.01816080865493741
242 245 -0.8203768836217658
243 246 0.6801554608795344
244 245 0.1980957882839185
245 246 0.023142819594965225
247 248 0.16408379817407215
247 250 -0.567388157047491
248 249 0.7223997835147391
248 251 0.3098066202794203
249 252 -0.8941593101616483
250 251 -0.9383510557152397
251 252 0.33539173659880106
253 254 0.46610140703967184
253 256 -0.5820915753703182
254 255 -0.32460874316655697
254 257 -0.2186831566715428
255 258 -0.7615093594391902
256 257 -0.306708767309815
257 258 0.9030689296467209
259 260 0.48095523364937476
259 262 -0.8739752635288027
260 261 0.61905970814915
260 263 0.3486683243879114
261 264 0.6737218463476045
262 263 0.34424092354703806
263 264 0.5953717020829483
265 266 -0.9810264261183186
265 268 0.39140951478683395
266 267 -0.5062628256128505
266 269 -0.0853291201634987
267 270 -0.9919829125021304
268 269 -0.9372722622335938
269 270 0.35443452610852844
271 272 -0.9191967848206699
271 274 -0.5889565092929567
272 273 0.06195298797135296
272 275 -0.8748105597654532
273 276 0.381705036951028
274 275 -0.33889646341362045
275 276 -0.7384664831304246
277 278 0.566778809736002
277 280 -0.9074520396153798
278 279 -0.8555652672932366
278 281 -0.3483226173292624
279 282 0.13879139299895527
280 281 0.10786452567657223
281 282 0.04533344911814652
