# 
7 7 1.0083158036053588
8 8 1.86734889545561
9 9 -0.1285147083459499
10 10 2.884805479028844
11 11 -0.41002695001900147
12 12 -3.530414399248639
13 13 3.3780921648076605
14 14 0.2510913427268857
15 15 -2.145751419103057
16 16 -0.8660474872382311
17 17 -1.9584645400978413
18 18 0.8189098240314134
19 19 3.0537945137226563
20 20 -3.200519940489568
21 21 0.9831551337125202
22 22 0.8805527740217949
23 23 0.7478693854609562
24 24 -3.368737167595251
25 25 0.7061885624255559
26 26 -2.8111279235051176
27 27 3.933089790119613
28 28 1.171949568286868
29 29 -2.570810532379019
30 30 -3.2690018294599588
31 31 0.6666512696899707
32 32 -3.8136099140050472
33 33 1.4437511263502838
34 34 3.0553634714214404
35 35 0.8255947220378657
36 36 -2.1316565488649317
37 37 -0.2161064286017842
38 38 -1.6188435314662755
39 39 -3.5570334959503347
40 40 0.05215286623682047
41 41 -2.2059692657111976
42 42 -1.4402412317784243
43 43 2.3144555104134987
44 44 2.167651845220732
45 45 3.3758025500719038
46 46 2.8920162760513
47 47 -3.513792624149203
48 48 -3.5757167761487727
49 49 -3.4584234627875405
50 50 1.9575198446606379
51 51 -1.3012721240863492
52 52 -0.2524191149913184
53 53 1.16910425908278
54 54 -3.1433154043650218
55 55 -3.8384934615018373
56 56 2.8828029504594097
57 57 -3.4336449465333585
58 58 -3.78291832710136
59 59 -3.3821794590401684
60 60 -1.5391664977005064
61 61 0.021692296495372076
62 62 -2.33317617289533
63 63 -3.571041872061593
64 64 -1.693877172747774
65 65 3.7078824144619595
66 66 -0.5146967749567732
67 67 1.5792216640782755
68 68 1.2807483951020338
69 69 -0.27212490811516776
70 70 0.6221180477478514
71 71 0.8602537305093616
72 72 1.979112391703472
73 73 2.8899799048006054
74 74 0.9143321437877825
75 75 0.07195188558170429
76 76 -3.8794241549593904
77 77 2.7646964140769423
78 78 3.755138864011572
79 79 3.3292234358330033
80 80 3.5944498494081447
81 81 1.5415070244386255
82 82 -3.6814931363829135
83 83 3.9398807874927897
84 84 1.375522983607783
85 85 1.3151576573452788
86 86 -2.2437928675192795
87 87 -0.6189885396580497
88 88 3.640422516068983
89 89 1.8961103149121463
90 90 2.0039034807739107
91 91 -1.4352006666112906
92 92 0.17353549687608982
93 93 -3.1131291423260024
94 94 -1.657025975580039
95 95 1.8834978105631421
96 96 -2.452117741433142
97 97 -3.126509785817027
98 98 -3.112500687532215
99 99 -1.6819252045822486
100 100 -3.458556749103284
101 101 1.8975806871313905
102 102 0.32198213974068857
103 103 -3.9745358395318346
104 104 -3.782470925639652
105 105 -1.7084782973934365
106 106 -3.1078852949863824
107 107 2.6607045920008163
108 108 1.112734526366749
109 109 -0.9267957537434333
110 110 3.9505293275235642
111 111 3.0011484726410176
112 112 3.821066021061289
113 113 0.5633497563957732
114 114 -3.0579368018308513
115 115 -2.454315476303284
116 116 -2.872908077814073
117 117 -0.29820635278496876
118 118 0.503246866297073
119 119 -0.7206778016997548
120 120 -2.32570248331025
121 121 3.0447117388355487
122 122 -2.2492460730776536
123 123 2.6035484691162267
124 124 1.5521998796992795
125 125 -3.724427314425003
126 126 -2.724520171796917
127 127 -1.0081148966615219
128 128 0.9089226178373382
129 129 1.3207168610405535
130 130 -3.7888655202473407
131 131 -0.23526781401801422
132 132 1.100877715257277
133 133 -2.3514017622323715
134 134 -1.835187284723892
135 135 2.731293204941112
136 136 -3.288294641233521
137 137 -0.7899710373343458
138 138 3.3897226595719836
151 151 0.10941298249833853
152 152 2.7042932577448315
153 153 1.022230669386948
154 154 3.4122506883627617
155 155 3.5148369521050427
156 156 -3.1145029372602364
157 157 3.6864258445435683
158 158 -3.7287644612638884
159 159 2.6645961780079244
160 160 1.278668096431093
161 161 0.23561053623437278
162 162 1.5209842892761127
163 163 2.4183825249213617
164 164 3.971372331846969
165 165 -0.8125691640067956
166 166 -0.5452153135579305
167 167 0.3979018682626885
168 168 -0.34520052291611325
169 169 3.5041970723400935
170 170 0.21711730500353887
171 171 -0.6461652334340195
172 172 -1.715676522174534
173 173 -1.9720761375345726
174 174 2.7335971507026464
175 175 -2.4668643351305226
176 176 3.7474113182228157
177 177 -1.7340743298035077
178 178 -2.79660083406171
179 179 -3.7387598261489776
180 180 -1.5026646311010854
181 181 2.270779431540295
182 182 -0.3710576867312909
183 183 -1.3945770276315725
184 184 -1.4721202422984474
185 185 1.8695137402694906
186 186 2.344162630882371
187 187 0.5715072989758063
188 188 2.847906866242692
189 189 0.22336795985065905
190 190 1.6656123640143212
191 191 0.5998100391239216
192 192 3.483010528734365
193 193 -0.07292079181349376
194 194 2.8556207347310414
195 195 -0.7354425455521048
196 196 2.246165242898356
197 197 2.044093881183688
198 198 -1.579304041816
199 199 -1.8288426238835402
200 200 3.5627271393764515
201 201 2.1718132511372197
202 202 -0.7271673196403468
203 203 2.3029814923683443
204 204 0.92607868752033
205 205 0.9749307015612727
206 206 1.9822098501369227
207 207 -0.9261856769410581
208 208 3.3456944092475185
209 209 -2.429962076106227
210 210 -3.787952938862559
211 211 2.3223765598099577
212 212 -3.268449011501046
213 213 1.9933857413205667
214 214 -2.667199520787314
215 215 3.9091666183256146
216 216 -3.9349620108170056
217 217 -1.4187515743061487
218 218 -2.6109995195900586
219 219 3.4837226026196326
220 220 3.126664656267139
221 221 0.9958637992645585
222 222 -0.040577608178056224
223 223 -2.056183637399064
224 224 -1.260741461923204
225 225 3.3989883353517785
226 226 -2.1409665560840825
227 227 -1.4000731125386814
228 228 -3.6191021559799177
229 229 3.236180811695087
230 230 -0.39225700331851066
231 231 -1.9249780504726859
232 232 2.945924080294465
233 233 0.7422762559109124
234 234 -2.674185744780752
235 235 2.0452412670609483
236 236 1.801677453336744
237 237 2.8047806195772402
238 238 0.43216436980675876
239 239 -0.9910040996643419
240 240 1.3263461695421253
241 241 -3.605112033620869
242 242 3.755493220753558
243 243 -1.1529549335364502
244 244 0.3986331357249888
245 245 3.9893510232658143
246 246 -1.6041109363314279
247 247 1.7388221050086274
248 248 2.1547916937742864
249 249 1.8957260017817186
250 250 2.8033396904192838
251 251 2.4172232203422555
252 252 1.5291412755999039
253 253 -2.4227600459729617
254 254 -2.9070863896781134
255 255 -0.007534251241497536
256 256 0.11243204987284106
257 257 -1.8872754474412403
258 258 1.1476527707800193
259 259 2.3342704721946212
260 260 3.808626984211246
261 261 -2.074034322777324
262 262 3.2931293321449653
263 263 3.35062410382249
264 264 -3.2765539571373177
265 265 0.6691755107236439
266 266 1.7239306258511444
267 267 1.9753665151588242
268 268 -0.49500063982319453
269 269 -2.856259874975633
270 270 0.17144852068629035
271 271 -2.9339451352763604
272 272 -3.7357450590333183
273 273 0.7151419639573691
274 274 1.5641523195865599
275 275 -2.057293296825657
276 276 3.4277419931324724
277 277 3.2572442398684025
278 278 -0.41920913093199097
279 279 3.3343666057569887
280 280 -1.4993085987948067
281 281 -1.7104321192864775
282 282 3.3555075814419872
7 8 0.6915800483459122
7 10 0.07157976805077038
7 157 0.9483842942469203
7 160 0.012396114839581696
7 163 0.30311077634522077
7 166 -0.7606853963349629
8 9 -0.49265633146719723
8 11 -0.9061313989156006
8 193 -0.6116927322301862
8 196 -0.5379763899344856
8 199 -0.6758377582659734
8 202 0.7231494536037713
9 12 -0.17723399250678895
9 229 -0.36888734073004814
9 232 0.6769578668582124
9 235 -0.970157817740523
9 238 -0.5679078353712939
10 11 0.005582809765392049
10 157 0.17108271993751778
10 160 -0.43431655922871526
10 163 0.622042708573207
10 166 0.24296105929518763
11 12 -0.5947507519581843
11 193 -0.06306822399450551
11 196 0.5046497159471026
11 199 -0.5372938316269145
11 202 0.0697756882787095
12 229 -0.5267285958208896
12 232 0.45018106317019435
12 235 0.12078095661633781
12 238 -0.1803001897253258
13 14 0.5062805921438771
13 16 -0.6136996757564295
13 193 0.49709437136700685
13 196 -0.19105402834464247
13 199 0.5190779994484473
13 202 0.37892332604215184
14 15 -0.9067715705476511
14 17 0.7543839813003892
14 229 -0.6283720358667697
14 232 -0.24774466782543314
14 235 -0.3396031086736466
14 238 -0.3257859944749706
15 18 -0.7280998935854803
15 265 -0.9956138260536638
15 268 0.5612639599099565
15 271 -0.42025837119054343
15 274 -0.4837190852152138
16 17 0.30577461927105376
16 193 0.6347062009827946
16 196 0.26793752583857144
16 199 0.8064406812851048
16 202 0.9907933031923071
17 18 0.09127376778159602
17 229 0.024308328094715836
17 232 0.0340742242597003
17 235 0.6307207618142412
17 238 0.24505808481528102
18 265 -0.6995166833596316
18 268 -0.750555146180939
18 271 -0.8029804836835706
18 274 -0.22636024559339174
19 20 -0.9331654425314719
19 22 0.590519391235323
19 181 -0.07328613830163788
19 184 0.7670168474517587
19 187 -0.15366123431990886
19 190 0.5269843167978403
19 193 -0.2515217005814434
19 196 -0.5599433174331727
19 199 0.7517416176317104
19 202 0.47672582307072897
20 21 0.8378331546614319
20 23 -0.3458842359530767
20 217 0.8677721243664245
20 220 -0.6477147257350342
20 223 0.5924268319117718
20 226 -0.5709273334981464
20 229 0.846615761826971
20 232 -0.2647775861573567
20 235 0.7690276903409243
20 238 0.322314821573771
21 24 0.2735791411656274
21 253 -0.2855494180298046
21 256 0.5894544427598414
21 259 0.3554614175739639
21 262 0.6519663236787947
21 265 0.7800122452641485
21 268 0.334420619136371
21 271 0.0776240769312051
21 274 0.786731983278351
22 23 0.2582490584886197
22 181 -0.26991626092823595
22 184 0.5150772597911308
22 187 0.20032158267868838
22 190 -0.758182081934246
22 193 0.4166293708953801
22 196 -0.7651773014161887
22 199 0.3548081530364702
22 202 0.0988572616089054
23 24 0.8995843978919285
23 217 0.8877571958915567
23 220 -0.36125636100019154
23 223 -0.26078351684606904
23 226 0.7722161754019459
23 229 0.8884353730949437
23 232 0.7578074745164791
23 235 -0.07330282322442083
23 238 -0.6367779144822403
24 253 -0.3006078764527329
24 256 0.30512831478724034
24 259 0.7558250883172448
24 262 -0.31604169245602765
24 265 0.16343657974680603
24 268 0.43014124702773127
24 271 0.9401148999330704
24 274 0.41680475249516324
25 26 -0.6679511877337609
25 28 -0.6587795264191025
25 181 -0.009708248217373372
25 184 -0.3862400607617751
25 187 0.8144297698184921
25 190 0.824182441966032
25 193 0.7646671994691361
25 196 -0.4968587463832248
25 163 -0.6975222018014506
25 166 0.20620530609775067
26 27 0.12141686427710918
26 29 -0.3839386768697737
26 217 0.16536359876370788
26 220 -0.8100606605407192
26 223 -0.2903416291430132
26 226 0.7316749144294274
26 229 -0.3107346208570929
26 232 -0.45344477378384873
26 199 -0.554949295073836
26 202 0.15079487164467786
27 30 -0.6728487233894034
27 253 0.05900076727655845
27 256 0.614299478376753
27 259 0.5107072280354845
27 262 -0.7882168141440828
27 265 0.7828863568239097
27 268 0.7096472206262094
27 235 0.848226810523901
27 238 -0.3414028087818992
28 29 -0.2881282699042258
28 181 -0.45962324571845836
28 184 -0.3511401211775862
28 187 -0.4344832964763772
28 190 -0.4339156217262725
28 193 -0.5035186046043405
28 196 -0.9007054404050898
28 163 0.4785249441009609
28 166 -0.8856254384396842
29 30 0.05808044740308427
29 217 0.7962407493833248
29 220 -0.6140258792954505
29 223 -0.13884279778009678
29 226 0.36647684961488247
29 229 0.5346600280525351
29 232 -0.5369844504615953
29 199 0.6644872221201183
29 202 0.8733392704950922
30 253 0.16119681481009107
30 256 -0.037490232697053205
30 259 0.6245347527094456
30 262 -0.8842161889161597
30 265 0.3666669984270716
30 268 -0.6659663982450408
30 235 -0.3137956242433102
30 238 0.6700818956265131
31 32 0.45079788906971885
31 34 -0.523319748391496
31 181 -0.7934943837252548
31 184 0.1860229392177426
31 187 0.1439347427102271
31 190 0.1601318384965975
31 193 -0.6796766139915256
31 196 -0.5608089254161734
31 163 0.9367976890926171
31 166 0.9832790640281626
31 169 0.2278810043626005
31 172 -0.24608066369765047
31 175 -0.27219026428938764
31 178 -0.27512714890252554
32 33 0.9713402797334738
32 35 0.03997121870980913
32 217 0.8561415668632881
32 220 0.6106458136219073
32 223 0.1386360200103458
32 226 0.9779397997645372
32 229 0.5013943128686458
32 232 -0.2585772001543083
32 199 0.18490281137841902
32 202 0.5496276399085291
32 205 -0.7125012593602873
32 208 0.6386536419335707
32 211 0.8061247434586687
32 214 0.40179890685055697
33 36 0.20871877217035606
33 253 0.3114704134068209
33 256 0.926654773352422
33 259 -0.6558216957622112
33 262 0.4451747467195757
33 265 0.21316028559728717
33 268 0.5741148914034908
33 235 0.5416846604641925
33 238 0.2927809226065139
33 241 -0.7433021224757352
33 244 0.15725216250045726
33 247 -0.6215752773028429
33 250 0.47363300152735244
34 35 -0.8299574193102006
34 181 -0.616936919817088
34 184 -0.6750311550631811
34 187 -0.33537162107399277
34 190 -0.7828305397268507
34 193 -0.012788467362502276
34 196 -0.07207395227610691
34 163 -0.6810886025263148
34 166 -0.8371606443783017
34 169 -0.9355183508641605
34 172 0.31742216162657866
34 175 -0.5091672035768484
34 178 -0.4943629455008436
35 36 0.07839291804604165
35 217 -0.00666891984725293
35 220 -0.7686713469446369
35 223 -0.8526486614223145
35 226 -0.790618548162308
35 229 -0.1562128791823849
35 232 -0.5688582508364601
35 199 0.0666938314528236
35 202 -0.08922680981019626
35 205 -0.9776053189676805
35 208 0.9617814958900026
35 211 0.2728090203067648
35 214 -0.5932175238667514
36 253 0.30241084238619176
36 256 -0.9370788081501864
36 259 -0.5286084941955156
36 262 0.15586786114215
36 265 -0.3487907064285627
36 268 -0.5964353179360922
36 235 0.4274367537758321
36 238 0.9327626469520742
36 241 0.9335340823030656
36 244 -0.3150402387997382
36 247 0.3877708128518771
36 250 -0.3445051867756004
37 38 -0.42524981489723035
37 40 -0.6038626883091123
37 181 -0.8596236330660938
37 184 -0.8578916672002352
37 151 0.8609909307637891
37 154 0.7604458801521754
37 157 0.7730708033162275
37 160 0.5680858948748839
37 163 0.7493496524969177
37 166 -0.5806581505418178
37 169 -0.6129613537222149
37 172 -0.745420309303741
37 175 -0.07760485950984997
37 178 0.34354080729797
38 39 0.4763049226529048
38 41 0.22484068268251245
38 217 -0.8034455402081677
38 220 -0.0668353144923659
38 187 0.25251516194946366
38 190 0.576041964749725
38 193 -0.6193038305763978
38 196 0.007060515043445514
38 199 0.8285855399613911
38 202 0.3044539366028489
38 205 -0.0946986955030753
38 208 -0.4560103629019898
38 211 -0.8592607515974644
38 214 -0.9783099357512806
39 42 0.24230375665356996
39 253 -0.6678335957628831
39 256 -0.4663132442249378
39 223 0.23511986357108028
39 226 0.7286588501819531
39 229 0.7910320107880919
39 232 0.9390109766963386
39 235 0.4617045908048112
39 238 -0.022755097876658192
39 241 0.33701142044597066
39 244 0.7467366002928257
39 247 0.405481282159615
39 250 0.19353173828819514
40 41 -0.8120667870344458
40 181 -0.8996224861578157
40 184 0.06575256513069916
40 151 0.37530534735909415
40 154 -0.4418364186302117
40 157 -0.8579077159035913
40 160 -0.9455205000015472
40 163 0.4315889958074355
40 166 -0.2673154839395857
40 169 -0.5923903845812419
40 172 -0.6898389220809162
40 175 0.7166334713698583
40 178 0.819131442947943
41 42 0.6894142833479857
41 217 0.1625185433664893
41 220 0.4822794966651296
41 187 -0.8146122999410468
41 190 -0.5579427941579842
41 193 0.993463176731058
41 196 -0.03527240625262107
41 199 0.8305355972856563
41 202 0.10670753210467399
41 205 -0.07543165070322133
41 208 -0.5462263115982771
41 211 -0.29699570516490637
41 214 -0.9958584773227144
42 253 0.515300497100994
42 256 -0.8831459817851628
42 223 -0.6809040012790883
42 226 0.10728197172814347
42 229 0.31616599351414987
42 232 0.1996054217502523
42 235 0.6720380667501811
42 238 0.06565123275025742
42 241 0.5604098257298011
42 244 -0.3813512133533017
42 247 0.9996562264268065
42 250 -0.9019112363017623
43 44 -0.7575040058497005
43 46 0.7234722825175752
43 181 -0.8942602025844046
43 184 -0.7788666158332418
43 151 0.28967449830232606
43 154 -0.5542050631317075
43 158 0.40916961908534644
43 161 0.25168299062296273
43 164 -0.3781225102404775
43 167 0.34377657501677117
43 169 0.25563480321518495
43 172 -0.6349010741423418
43 175 0.2715951796327578
43 178 0.8237338404098742
44 45 0.6131327212085058
44 47 0.5124679816030431
44 217 -0.32310551524515274
44 220 -0.47052921958694016
44 187 0.1536741507335384
44 190 0.6924612569977122
44 194 0.1551889342770536
44 197 -0.2964301593646137
44 200 -0.08701633007962317
44 203 -0.11729765034247497
44 205 0.7838697337108775
44 208 -0.6018532100525005
44 211 -0.012721086560991246
44 214 -0.10983099214146086
45 48 0.8112986053738451
45 253 -0.708187548731853
45 256 0.44001819530762254
45 223 0.17476086714094063
45 226 -0.28426105740021446
45 230 -0.04179999956267033
45 233 -0.7863594353334746
45 236 -0.41964000538968116
45 239 -0.09247610784281757
45 241 -0.4166683554419728
45 244 -0.3167367280660345
45 247 0.08356881655750836
45 250 -0.3883638329110266
46 47 -0.7041825896238323
46 181 -0.9890802718766174
46 184 0.24482592454648366
46 151 -0.3155454457901157
46 154 -0.516696049275505
46 158 -0.7653246618067129
46 161 0.1437164859729736
46 164 -0.8915748469814031
46 167 0.7642956570992943
46 169 -0.08338959443449401
46 172 0.15122972728188722
46 175 -0.6579191219666642
46 178 0.25495040604709507
47 48 -0.6630182697969536
47 217 0.024546912676633115
47 220 -0.7193233290079541
47 187 0.8306434292370615
47 190 0.19078110602834286
47 194 -0.6729425735845311
47 197 -0.4518260946052264
47 200 0.697640157235391
47 203 -0.8110664809891102
47 205 -0.9314927416060692
47 208 -0.6200533570649824
47 211 0.048457048413939274
47 214 0.6558349432282606
48 253 -0.6870758839930051
48 256 0.3400569105840281
48 223 -0.256402247189218
48 226 0.8895779239685999
48 230 0.8076568971932292
48 233 0.8233375369042408
48 236 -0.5810891793022843
48 239 -0.9716997210231195
48 241 -0.5212833751376083
48 244 0.690466175834346
48 247 -0.7695208046431583
48 250 0.8633607870725586
49 50 -0.5507826064930335
49 52 -0.3730499917440764
49 181 0.2347615851944751
49 184 -0.8423904940387563
49 187 0.269239310851322
49 190 0.3987048757527645
49 194 -0.6725213505813121
49 197 0.8083492819210862
49 200 -0.8763276708856917
49 203 -0.12488646487553323
49 205 -0.5539180662176884
49 208 -0.6459944428339821
49 175 0.501148053602412
49 178 0.997185341588062
50 51 -0.4991385728925617
50 53 0.7367117089244015
50 217 0.011198999135908494
50 220 0.9655131407944171
50 223 0.18939054953196544
50 226 0.37569919163316334
50 230 0.024832565871562018
50 233 0.5745321593525321
50 236 -0.027356744895574936
50 239 0.21429742704510035
50 241 -0.07535661663576709
50 244 -0.2633277871876829
50 211 -0.15816725952195498
50 214 -0.6333830401702345
51 54 -0.2763322237094683
51 253 0.017619241185089063
51 256 -0.029626458738601036
51 259 0.5789284857976063
51 262 -0.6356674575373973
51 266 -0.703191049324658
51 269 0.07912904926924758
51 272 0.26954718699662394
51 275 0.618751538059588
51 277 0.6414085700253047
51 280 0.15095073234809742
51 247 0.828883275598659
51 250 0.4102619390483586
52 53 0.40708184254214363
52 181 0.44362187156198174
52 184 -0.214808942468808
52 187 -0.3516855941588828
52 190 -0.32426673971154707
52 194 0.4827886605049738
52 197 -0.5394095658158751
52 200 -0.02207215782073013
52 203 -0.03054916893895654
52 205 -0.12009960042124002
52 208 -0.43554001537938136
52 175 0.03808472395077933
52 178 -0.616141976270008
53 54 -0.30865398506282604
53 217 -0.051158600990890646
53 220 0.09422211517613754
53 223 0.521442117579918
53 226 -0.5261630857441879
53 230 -0.8247237932057001
53 233 -0.5894317337463204
53 236 -0.8244139943238062
53 239 0.5381268486811062
53 241 -0.9060240620536846
53 244 -0.15730019566436715
53 211 -0.22916008523817566
53 214 0.7577962750909542
54 253 -0.3885399285770006
54 256 -0.5672644749686111
54 259 0.7732137200841744
54 262 -0.7835979319288076
54 266 -0.3839669616731878
54 269 -0.7118387881823902
54 272 0.6127313524182028
54 275 0.6006395124239439
54 277 0.4723047563516616
54 280 -0.6526000869671276
54 247 -0.7202678057255791
54 250 -0.34719135901959763
55 56 0.6667636893629039
55 58 -0.2185482793754987
55 182 -0.47321830702351075
55 185 -0.47759376650336205
55 188 -0.43757568360824095
55 191 -0.6325709483766822
55 194 0.7509945786704681
55 197 -0.43249417724170147
55 200 -0.757937023010852
55 203 0.9118262260165724
55 205 -0.2746773276390868
55 208 -0.6504390706943799
55 175 0.40793055796592714
55 178 0.4523056216010173
56 57 -0.3270089551087201
56 59 -0.726055633479731
56 218 0.5947612807063574
56 221 -0.37950106333342704
56 224 -0.7540557725596857
56 227 -0.2872008722033377
56 230 0.45498442955056917
56 233 0.016094759415379523
56 236 -0.040277342704015284
56 239 -0.5185136989656638
56 241 0.7239451502875971
56 244 -0.4249813601398691
56 211 0.8590169910301011
56 214 -0.2607929263456845
57 60 0.9046735919943922
57 254 0.5860407921498345
57 257 0.9402522143792433
57 260 -0.2571638724714298
57 263 0.8986207146234519
57 266 -0.550072188873681
57 269 -0.5329284850092668
57 272 -0.5725554321104596
57 275 0.8833679893169273
57 277 0.582559368215745
57 280 0.7343565399883683
57 247 -0.4525484584324935
57 250 -0.2839914628863227
58 59 -0.753061120303391
58 182 -0.43012493971530996
58 185 -0.631531441505687
58 188 -0.5765188004533224
58 191 0.26094098581902325
58 194 0.6448936892380617
58 197 -0.05071753256805134
58 200 0.5730112942689005
58 203 -0.1570873600243321
58 205 -0.08092650965716963
58 208 -0.7569554885385215
58 175 -0.1581946453111469
58 178 0.5384507483711842
59 60 -0.4569436362218542
59 218 0.8745624746570542
59 221 0.033904673111799566
59 224 -0.9805759160997678
59 227 -0.39895610133852455
59 230 0.5648564525017241
59 233 -0.5278079020648252
59 236 0.14432453600208617
59 239 -0.34106638202877115
59 241 -0.6927159787144257
59 244 -0.6100707489924189
59 211 0.061348272906910806
59 214 0.037209742445641236
60 254 -0.8545278813326209
60 257 0.0579564270219497
60 260 -0.9903854832451067
60 263 0.803492332332306
60 266 0.569812249969871
60 269 0.05343130541168861
60 272 0.11080205020620437
60 275 0.2081879662949051
60 277 -0.2707520356963684
60 280 -0.03877201665875285
60 247 -0.0014529374603751144
60 250 -0.11655909902131256
61 62 0.9117867293271162
61 64 0.2717954142772181
61 182 0.14156464181359407
61 185 0.935894428020422
61 188 0.7746840016138401
61 191 0.44412208786435525
61 194 0.1364449890248587
61 197 -0.8573058936101474
61 164 -0.2903143055868511
61 167 0.7100199147033139
61 169 0.4469682862310731
61 172 0.8603872530142096
61 175 0.3745726672455585
61 178 -0.10405257489619868
62 63 0.8823736245926093
62 65 0.044346447326842675
62 218 0.5269394528370286
62 221 -0.059857281563566955
62 224 -0.5197245389669247
62 227 0.5598528194186432
62 230 -0.9115480359184214
62 233 -0.8089843237011187
62 200 0.5985931901329915
62 203 0.48659137548821185
62 205 0.5440735971430504
62 208 -0.29297342337610344
62 211 0.7665824370063128
62 214 -0.331463136841335
63 66 -0.5509250136135335
63 254 0.1797847331862492
63 257 0.20469388328769655
63 260 0.7358134895059909
63 263 -0.285367545693483
63 266 -0.9715955055680081
63 269 0.8975094257727518
63 236 0.6267215881947927
63 239 0.4791338162135861
63 241 -0.4911314666813329
63 244 -0.7989660595301455
63 247 0.8729704060310579
63 250 -0.6481232288909429
64 65 -0.5573311481805467
64 182 0.36063368488630165
64 185 0.18372556470215717
64 188 0.6176588043874767
64 191 0.09607260254056094
64 194 -0.15945380241818263
64 197 -0.23280912239618923
64 164 -0.9170145409349619
64 167 -0.966034251582824
64 169 0.029006480867080464
64 172 -0.4634668765791108
64 175 0.5980654951563489
64 178 -0.3080919689282686
65 66 0.1270381318082039
65 218 0.04945554838641231
65 221 -0.9209425758742371
65 224 -0.6115731598629379
65 227 -0.5291106300903388
65 230 0.16340824261922315
65 233 0.6513362698580092
65 200 -0.939502567789529
65 203 -0.9529310931522641
65 205 0.7897356471626329
65 208 -0.9093578537702303
65 211 0.48149689030375153
65 214 0.2926090855513883
66 254 -0.0005147787632648892
66 257 0.14830490096443683
66 260 -0.666639583048275
66 263 0.9897783911561611
66 266 -0.6257199455879414
66 269 0.37471200798921367
66 236 0.5929634176397034
66 239 -0.2843955325281837
66 241 -0.7157287342271677
66 244 -0.9828868198520697
66 247 -0.9750387236315443
66 250 -0.22242032524048772
67 68 0.6275397981753634
67 70 0.10747577417519283
67 182 -0.08495735581334163
67 185 0.9027818448714533
67 188 -0.30416882457087335
67 191 -0.6288055701651427
67 194 -0.5921389535350878
67 197 -0.13057054303279236
67 164 -0.19482741202747977
67 167 0.6631051082627337
67 170 0.35377679030814524
67 173 -0.13026286700750234
67 176 0.18020876762876292
67 179 -0.5663692774947839
68 69 0.8661136151483417
68 71 0.9238805800706265
68 218 -0.6775910889801697
68 221 -0.2663966048529085
68 224 -0.6264729311749107
68 227 0.5244746222184722
68 230 -0.949084057075404
68 233 0.49314921840674186
68 200 -0.8545544935603544
68 203 -0.31613315192198965
68 206 -0.3102816728905444
68 209 -0.04984237722443097
68 212 0.8135149641252699
68 215 -0.387903179128386
69 72 -0.24234826159965617
69 254 0.4641990841679202
69 257 -0.3111262375438053
69 260 -0.05280669186490128
69 263 0.9251475883331568
69 266 0.968295925711613
69 269 0.4353855881440818
69 236 -0.09376154801558068
69 239 0.8866145810881343
69 242 -0.03445816429891835
69 245 0.7898238233963955
69 248 -0.1812478720998596
69 251 -0.05280721171088376
70 71 -0.3074196447198059
70 182 -0.01570292555101971
70 185 -0.5072814686979423
70 188 0.03146148222229739
70 191 0.107782296737162
70 194 0.0948960458311332
70 197 -0.2574465631390157
70 164 0.36052226371910634
70 167 0.09882901432397939
70 170 0.938059160960262
70 173 0.661060056573205
70 176 0.6516794353596411
70 179 -0.6299762111009131
71 72 0.58200847043661
71 218 -0.8388745606017871
71 221 0.8235973064552831
71 224 -0.554749505371597
71 227 0.012726115136911575
71 230 0.23088672439161462
71 233 0.33318805512487426
71 200 -0.6370923033704663
71 203 0.5257027491489976
71 206 0.09072613977352728
71 209 0.7226698159479459
71 212 -0.6867155011810466
71 215 -0.02682815228445956
72 254 0.09952787552055109
72 257 -0.20439992033798782
72 260 0.714086467059428
72 263 -0.1517551623300808
72 266 -0.4573029776506563
72 269 0.7323414463301516
72 236 -0.7065920769938443
72 239 -0.7544311447685956
72 242 -0.34053546696038484
72 245 -0.831442161416305
72 248 -0.8754323617576056
72 251 -0.3322838777828141
73 74 0.16949037126242916
73 76 -0.12657815635928626
73 182 0.2054324536912835
73 185 -0.7866316603375072
73 152 0.8224295041354657
73 155 0.3062533996384973
73 158 0.7444701989510034
73 161 -0.5609408322034981
73 164 0.2606279748446785
73 167 0.37173289092320516
73 170 0.5080106908630333
73 173 -0.294956146313023
73 176 -0.8467690454060246
73 179 -0.5422535790484659
74 75 -0.3772539925861742
74 77 0.239315120415321
74 218 -0.07050895073274543
74 221 -0.7800732782605839
74 188 -0.8778298296294622
74 191 -0.141783027557852
74 194 -0.6869637587165147
74 197 0.48213932905426904
74 200 0.12914047709441867
74 203 -0.878353337237801
74 206 0.3194949077268625
74 209 -0.6517968420725992
74 212 0.2932534630732393
74 215 -0.27054015270936227
75 78 0.6481553078600455
75 254 0.5606938711880569
75 257 -0.998980937926097
75 224 0.8075126213609742
75 227 -0.20180730128461732
75 230 0.812054272210698
75 233 -0.16423826158049737
75 236 0.7555924306892281
75 239 0.4868124822423914
75 242 -0.9664663125642738
75 245 0.5269019420281496
75 248 -0.9281991100495746
75 251 -0.008517253239228362
76 77 -0.7900719489206796
76 182 -0.7638433323888925
76 185 0.19126178564272123
76 152 0.49720412210431864
76 155 0.30326846841158694
76 158 -0.0842557717219301
76 161 0.4702692545176417
76 164 0.5380328341484872
76 167 -0.4101059525236814
76 170 -0.3978429309822238
76 173 -0.19522718844793818
76 176 0.2947974800999824
76 179 -0.983555241766719
77 78 0.4114021344461718
77 218 0.37429931259112115
77 221 0.8418514145474756
77 188 0.8709762660888383
77 191 0.6070921297753273
77 194 -0.22003234875754552
77 197 -0.025391380131567942
77 200 0.09901312229188619
77 203 -0.4572728692522461
77 206 0.7870646691531529
77 209 -0.10029440046032034
77 212 0.7326570862560933
77 215 0.3770260205696869
78 254 0.5295277206532074
78 257 0.9447118331616413
78 224 0.016160296167935018
78 227 -0.41844351558411264
78 230 -0.6846848417049711
78 233 -0.9634447910305828
78 236 -0.42113647915125063
78 239 -0.2929882149669043
78 242 -0.5486807983801472
78 245 -0.9295190322046736
78 248 0.026392162907200367
78 251 0.17079406791685758
79 80 -0.29885836970079094
79 82 -0.5982917782829147
79 182 -0.6184395052302611
79 185 -0.43961297778601205
79 152 0.813469216627499
79 155 -0.6837196431354786
79 159 -0.23329699423448602
79 162 -0.8710691018701058
79 165 0.8447177289410492
79 168 -0.3444882682915962
79 170 0.9979318392429937
79 173 -0.6271343285124289
79 176 -0.9072176560929575
79 179 0.9831679356513583
80 81 0.6612408662649463
80 83 -0.47134209182699305
80 218 -0.8016171701765014
80 221 0.06352070168551682
80 188 0.7795185110161964
80 191 0.6992190574442099
80 195 -0.865980286694312
80 198 -0.6351581143767899
80 201 -0.15543698137643802
80 204 0.43953607062644817
80 206 -0.23907230182345884
80 209 0.9841343536020355
80 212 -0.8676868050342701
80 215 -0.08911096221890502
81 84 0.11883053092164464
81 254 -0.683144345786032
81 257 -0.271933742489058
81 224 -0.7460530192672246
81 227 -0.8579972256196817
81 231 -0.9501565241558845
81 234 0.7559612852516888
81 237 -0.9531072921071868
81 240 -0.15011969478061293
81 242 -0.44914089869165297
81 245 0.10060411994062513
81 248 -0.22457585109517142
81 251 -0.9971495868145495
82 83 -0.4322924653629223
82 182 0.029171741475837898
82 185 0.4916564796834719
82 152 0.16865376369135832
82 155 0.7177675511731993
82 159 0.7058343114854213
82 162 -0.09515447806188826
82 165 -0.17151251952946
82 168 0.7581240723289862
82 170 -0.7314776671407635
82 173 -0.9627251833168249
82 176 0.05851890805324955
82 179 0.9322528219930553
83 84 0.8575095608772851
83 218 -0.16038852053051644
83 221 0.8240917189447925
83 188 0.4420690948688366
83 191 -0.11564124980311452
83 195 0.6243831724064788
83 198 0.09345590619169553
83 201 0.8119771066726651
83 204 -0.7368130908236556
83 206 0.4964684387776839
83 209 0.7906255674063996
83 212 -0.043825149607018776
83 215 0.08865645027720581
84 254 -0.6805814918021511
84 257 -0.7637888263628283
84 224 -0.5532533025311337
84 227 -0.3326537015812463
84 231 0.3049369320313695
84 234 -0.31706602838566567
84 237 0.6903024454171325
84 240 0.1210578365138193
84 242 -0.22379749853587905
84 245 0.21957266670982745
84 248 -0.41427400543833937
84 251 -0.3637966467826619
85 86 -0.030741127921450895
85 88 -0.0567996819112595
85 182 0.5189639928211989
85 185 0.002616413180755117
85 188 -0.6612205576477341
85 191 -0.9251784179758735
85 195 -0.231640309905774
85 198 0.1414919540032633
85 201 0.005491748040605149
85 204 -0.8927691468731405
85 206 -0.980156873961997
85 209 -0.906653313509419
85 176 -0.646091189612156
85 179 -0.45464137384939796
86 87 0.7393304929591249
86 89 -0.5901348928267498
86 218 -0.5604698917523327
86 221 0.3522488496693681
86 224 0.08484866535186697
86 227 0.5580777787365561
86 231 -0.22644214347886793
86 234 -0.16090556962467906
86 237 0.7496378235353474
86 240 0.09219080802642199
86 242 -0.9218894352580875
86 245 -0.6743679932473414
86 212 0.3260922213424404
86 215 -0.61037310544935
87 90 0.9007604477799496
87 254 0.08662862665846793
87 257 -0.6958632317617381
87 260 -0.5486066410117525
87 263 -0.9728060532301042
87 267 0.6933501760263001
87 270 0.7359174187488564
87 273 -0.9574997895960422
87 276 -0.8345253278988267
87 278 -0.9677594836517871
87 281 0.37734070054862023
87 248 -0.7654942902750703
87 251 0.5618656570325218
88 89 -0.21591365487106895
88 182 -0.8286935081482174
88 185 0.9005693801907682
88 188 -0.6679522239507096
88 191 0.9735557964211574
88 195 -0.11812308980160413
88 198 0.9824481730192238
88 201 -0.13702994312619365
88 204 0.32835699862434087
88 206 -0.5940334513872745
88 209 0.7357965825050494
88 176 -0.2957012542127133
88 179 -0.5593593733814937
89 90 -0.09402856049012587
89 218 0.27370509167049173
89 221 0.6459001366988382
89 224 0.3873491746082369
89 227 0.22806834109017937
89 231 0.13144061175901722
89 234 -0.9807297148978458
89 237 -0.9334826222337342
89 240 -0.45631265453426995
89 242 -0.6850356994418771
89 245 -0.7470858918905467
89 212 -0.34143805921558745
89 215 -0.11785896548891595
90 254 -0.9787561817006489
90 257 0.8365508320977335
90 260 -0.6007467430390347
90 263 -0.24222035163771283
90 267 -0.47239965775463166
90 270 0.843579058114226
90 273 0.43263036525490284
90 276 0.16955108752578307
90 278 -0.4147315180476576
90 281 0.4233747023812635
90 248 -0.27811759767560607
90 251 -0.33258894024187624
91 92 0.985213514527062
91 94 -0.6555979050308991
91 183 -0.8741715154381662
91 186 -0.6932559858206382
91 189 0.7793716004016371
91 192 -0.6195669814982472
91 195 0.6130249336421241
91 198 0.4812560323318915
91 201 -0.1394159707926299
91 204 -0.5697533101100019
91 206 -0.9941232649387275
91 209 0.9734202817416326
91 176 -0.918868131708497
91 179 -0.7589763491277768
92 93 -0.6366557084163285
92 95 0.6000285835872374
92 219 0.24136170504282806
92 222 0.1953626934111894
92 225 -0.009918101305576466
92 228 0.611056293061605
92 231 0.815264928406344
92 234 -0.3575745951790925
92 237 0.6673221693126294
92 240 0.5310297793576628
92 242 0.9701543227724461
92 245 -0.7614098437860606
92 212 0.7311223650261272
92 215 0.6906066853154236
93 96 -0.498104290250434
93 255 -0.26346577131531435
93 258 0.9529703217263448
93 261 -0.9107946317135003
93 264 0.29875785403452126
93 267 -0.24544966971288362
93 270 0.5160394204492793
93 273 -0.04054613779602123
93 276 -0.06163509743862683
93 278 -0.27812331587472694
93 281 -0.4495691055203854
93 248 -0.33438172601775973
93 251 -0.5439758275835322
94 95 0.679684219578041
94 183 -0.3602594855310184
94 186 0.23351083056576272
94 189 -0.1453269275527358
94 192 -0.30153772453510963
94 195 0.9425562890133492
94 198 0.012559138293868788
94 201 -0.9371558029941027
94 204 -0.4055936487629823
94 206 0.4362192773705853
94 209 0.530679890960424
94 176 0.9460428069498767
94 179 0.20298253637590236
95 96 0.49940310195608206
95 219 0.8904969914850422
95 222 -0.15298952605112603
95 225 -0.7161654560008097
95 228 -0.3036076856840346
95 231 0.06942295523851394
95 234 -0.6965372968817078
95 237 0.7481499100229636
95 240 -0.46776222852041394
95 242 0.2148826443574101
95 245 0.6204236491614363
95 212 -0.8014952308698924
95 215 -0.8959485663557345
96 255 0.38171944686570725
96 258 0.5019174494605942
96 261 -0.4585194433726951
96 264 -0.7798779250170245
96 267 -0.18185157499719895
96 270 -0.9883872669502076
96 273 -0.6730493333558105
96 276 -0.08796710850675771
96 278 0.27245995982312277
96 281 -0.0872116143470687
96 248 -0.11337391553587928
96 251 -0.4317165276101129
97 98 0.2534121841722501
97 100 -0.4831422224715656
97 183 0.4022400537089099
97 186 -0.16366669789266375
97 189 -0.9888158561090683
97 192 -0.3651341810984192
97 195 0.6460522444636412
97 198 0.42766301767984105
97 165 -0.6284797502863839
97 168 -0.1965392914030486
97 170 0.5967997128483586
97 173 0.9381221842419123
97 176 0.11306121727406704
97 179 -0.6834545374682224
98 99 0.46163618513479987
98 101 0.13793563120591257
98 219 0.06853443857065833
98 222 0.9741298376555705
98 225 0.5884688368384214
98 228 -0.6658631104257338
98 231 0.6660589412481752
98 234 0.26631745472872614
98 201 -0.3471906785457739
98 204 -0.4389701671834023
98 206 -0.4161808919194787
98 209 0.5046011086111997
98 212 0.2816163508183991
98 215 -0.5650395469962943
99 102 -0.8978566689015028
99 255 0.8753485352143551
99 258 0.3665857192252264
99 261 0.8660177059105134
99 264 -0.3881820802894538
99 267 -0.09351351934401841
99 270 -0.3613018215003305
99 237 -0.026576240423458186
99 240 -0.9537218435439316
99 242 0.10667922014311326
99 245 -0.13849540676635774
99 248 -0.7467843696270176
99 251 -0.21868228188638605
100 101 0.8742369705781525
100 183 -0.15008393494525785
100 186 0.2475927279856096
100 189 0.1330233844303097
100 192 0.5292591194772922
100 195 -0.9131696091462698
100 198 -0.3868989328971604
100 165 0.8096638263456815
100 168 -0.45636540112125457
100 170 0.9085678955586891
100 173 0.30821586920653266
100 176 -0.34167008311310565
100 179 0.9933153456371175
101 102 0.05677350302269013
101 219 0.080382891027722
101 222 0.23556799270522655
101 225 0.1454407337746928
101 228 -0.6179203551236567
101 231 -0.22861514241062264
101 234 -0.013718299784394095
101 201 -0.8338947137580515
101 204 0.09439214784568217
101 206 0.7987537801718259
101 209 0.269829000373655
101 212 0.6865238189624769
101 215 -0.45536450893234304
102 255 -0.9058877124555698
102 258 0.4767991231299591
102 261 -0.9536938169175599
102 264 0.46926923517100727
102 267 -0.5623654712026898
102 270 0.1848396618157171
102 237 -0.964827688217049
102 240 -0.7736056306719024
102 242 -0.48992588179651797
102 245 -0.721130734885121
102 248 -0.6719039681486849
102 251 0.9951641390605384
103 104 -0.6101616136407078
103 106 0.9012869272285908
103 183 -0.9007765311492375
103 186 -0.18622215683561705
103 189 0.6473054555605244
103 192 0.17714218876138488
103 195 0.2770917974878919
103 198 -0.004684657458734032
103 165 0.6476038271635369
103 168 -0.8475397332488488
103 171 0.03664029992447215
103 174 0.9636365723571936
103 177 0.589814059540752
103 180 -0.8658748776759131
104 105 -0.18432338891285327
104 107 0.19863692533864175
104 219 -0.6741427813839154
104 222 -0.03459278498380125
104 225 0.1927399533326588
104 228 -0.1279867759127502
104 231 -0.00563148912542677
104 234 0.08465194955604671
104 201 0.8178418377143177
104 204 0.47436791379460974
104 207 -0.9929225712574781
104 210 0.8743450160921409
104 213 -0.08283122533358567
104 216 -0.15608707078303508
105 108 -0.23284213387187602
105 255 0.06356847043862568
105 258 -0.147019119672128
105 261 0.28431901064157694
105 264 0.8289063173558604
105 267 0.2576150286233525
105 270 0.5359364578610362
105 237 -0.29775674878229297
105 240 0.9831953609810022
105 243 0.9605919752997554
105 246 0.4252453935733993
105 249 -0.18920535336829336
105 252 0.8595173987367046
106 107 0.8583757020274634
106 183 -0.7329800569821474
106 186 0.6135842811470669
106 189 0.37603131451764416
106 192 0.7426611736155138
106 195 -0.07096725250861957
106 198 0.14856867281137598
106 165 -0.11053796292278761
106 168 0.9682566245218955
106 171 -0.3376902326666136
106 174 -0.0676133408371411
106 177 -0.31819484042985846
106 180 -0.13546958318558766
107 108 -0.8214082741176598
107 219 -0.8950532076026534
107 222 -0.1289003539569109
107 225 0.9545169028374614
107 228 -0.11705419700961484
107 231 -0.16007699720630741
107 234 -0.0389938857364851
107 201 0.15413112081862845
107 204 0.016134804137871495
107 207 -6.049347367964586e-05
107 210 0.45313987582639226
107 213 -0.7344647909431905
107 216 -0.23305034888453835
108 255 0.9307634714066864
108 258 0.9315230084680501
108 261 0.7251171960538814
108 264 -0.20770078119392688
108 267 0.7778785090448135
108 270 0.5954539041232378
108 237 0.3713198445841557
108 240 -0.9680577216899193
108 243 0.08891984045580004
108 246 0.5306550610415117
108 249 -0.21620375682762427
108 252 -0.8789927017982122
109 110 0.10635782354709589
109 112 -0.33353000607107064
109 183 0.6705446241180684
109 186 0.9839416290945582
109 153 -0.33977825385318616
109 156 0.10328388806873812
109 159 -0.864875614748319
109 162 0.7574957835621485
109 165 -0.8323730881354952
109 168 -0.766678817791608
109 171 0.5075658701942836
109 174 -0.5776878510962495
109 177 0.8433650693736159
109 180 -0.13609376584471566
110 111 -0.9062484904426655
110 113 0.3701438331296292
110 219 0.5267420776086245
110 222 0.4289205216892764
110 189 0.5811880147037982
110 192 0.7688771222018203
110 195 -0.3710406118645453
110 198 0.9523197677196034
110 201 -0.36869129703473
110 204 -0.40284379256762803
110 207 0.6516774414755464
110 210 -0.6987351040915879
110 213 -0.8251978230761521
110 216 -0.8333195753931832
111 114 0.7586490643952972
111 255 -0.8075087778744074
111 258 0.024162392998957172
111 225 -0.1541584326015959
111 228 -0.9835402882004511
111 231 0.7007420367521782
111 234 -0.6164164359893447
111 237 -0.06749077927269109
111 240 0.22710773678960372
111 243 -0.7156964677610722
111 246 0.6389020786943969
111 249 0.27201269583801735
111 252 -0.24725454641678968
112 113 -0.7417321810046942
112 183 -0.7633943536533898
112 186 0.782117507448743
112 153 -0.8898213472090066
112 156 -0.9400956148618558
112 159 0.27552292925488
112 162 0.3052697981943189
112 165 -0.4781854815348634
112 168 -0.8307778284260017
112 171 0.7526402552836442
112 174 0.06091021679588038
112 177 -0.5317051154958305
112 180 0.3408573300523763
113 114 -0.9091679187905348
113 219 -0.44670664875068944
113 222 -0.2206183817318963
113 189 -0.5397013868447822
113 192 -0.7027823713955796
113 195 -0.7594863565642642
113 198 0.6291115049009415
113 201 0.23376789640661144
113 204 -0.27650089111392107
113 207 0.6575530501629361
113 210 -0.9878548657050381
113 213 -0.07405826350808842
113 216 0.4908052016860207
114 255 -0.3724006746318256
114 258 -0.2276223013122458
114 225 0.2404356127647056
114 228 0.017576554711027148
114 231 -0.4665500072662043
114 234 0.7789502948502454
114 237 0.67572491629761
114 240 -0.2503052267591439
114 243 -0.7126109015635789
114 246 0.4032204209699972
114 249 -0.8636671879696791
114 252 0.23678826080652193
115 116 -0.09744060978676572
115 118 0.6632296120653098
115 183 -0.9678631096955383
115 186 0.3461868231432028
115 153 0.8763684363566491
115 156 -0.9947291988478033
115 171 0.30174842981426764
115 174 0.982659146572459
115 177 -0.6175548248034437
115 180 0.6813985106933254
116 117 -0.9925792129921278
116 119 -0.36452598524703017
116 219 0.23800398592612915
116 222 -0.6762108723668574
116 189 -0.4835375763279124
116 192 -0.9627485617072511
116 207 0.7836705180423584
116 210 0.030240798561448567
116 213 0.5542585108592613
116 216 0.8654343182469608
117 120 -0.7797130124124969
117 255 0.7753899621832134
117 258 0.7129800609915693
117 225 0.9803984729645052
117 228 -0.8868246504830644
117 243 -0.8858833135888162
117 246 0.7342813917527484
117 249 -0.8656099295029667
117 252 0.9722302873161
118 119 0.7586519836235821
118 183 -0.5243307292227524
118 186 -0.3370519452572105
118 153 -0.9120950471398706
118 156 -0.4308884073230854
118 171 -0.8154911080179783
118 174 -0.17436490293060758
118 177 -0.05657986636169943
118 180 0.43305040178864096
119 120 -0.46757134393108024
119 219 -0.788899993807088
119 222 0.9732142991800832
119 189 0.8277058569386879
119 192 -0.892776907344109
119 207 0.9092432305800604
119 210 0.7063314314878435
119 213 -0.29666510916381994
119 216 0.11428361410220345
120 255 -0.2893516122736417
120 258 -0.7890966053396506
120 225 0.518177714170738
120 228 -0.043040706212839064
120 243 -0.5181296961476025
120 246 0.028171231303299793
120 249 0.7577956692107357
120 252 0.5900350609077383
121 122 0.6687047992060053
121 124 0.019859274871760535
121 183 0.9392569800537887
121 186 -0.4275442104971494
121 189 0.9887768260952805
121 192 0.02509082667062268
121 207 -0.22543897377616395
121 210 0.35059444450881183
121 177 0.9746042684388359
121 180 0.3007384183952666
122 123 0.0023234804898331074
122 125 -0.4841939167697713
122 219 0.8222201677457717
122 222 0.15792787842494227
122 225 -0.4730249680571912
122 228 -0.7260447498904847
122 243 -0.43286779264113995
122 246 0.6139164859472082
122 213 -0.09706718900493483
122 216 0.46991917935556127
123 126 -0.8298640080420243
123 255 0.22441548574820946
123 258 0.7974288555350479
123 261 -0.6534636312317643
123 264 -0.04096252533550038
123 279 -0.3544408996701498
123 282 -0.34730788123635037
123 249 -0.2658576904275973
123 252 -0.8953840992051274
124 125 0.2899453171164805
124 183 -0.8323357770260063
124 186 0.9760552901424584
124 189 -0.5132732931152617
124 192 0.5123739539332111
124 207 -0.7629881718495757
124 210 0.09893315414363091
124 177 -0.1196269021451033
124 180 -0.6618671638919496
125 126 0.0747424208800469
125 219 -0.5962049042792679
125 222 -0.46663648367979227
125 225 0.8347834068624789
125 228 -0.20541845283539573
125 243 -0.22390177111698595
125 246 0.9655956960130851
125 213 0.11721449818170715
125 216 0.9153565618597661
126 255 0.19105771126294013
126 258 -0.1716551648775988
126 261 -0.6934559592968483
126 264 -0.6741385621293645
126 279 -0.2961265285676027
126 282 0.7568155547977173
126 249 0.7765140006156221
126 252 0.23042480891350725
127 128 -0.9843480185997469
127 130 -0.7925324496461588
127 207 0.6691554434173002
127 210 0.24095774786712743
127 177 -0.9807872558990396
127 180 -0.8875139693103826
128 129 -0.6629629631226133
128 131 -0.05411666756270628
128 243 -0.2064053811679336
128 246 0.4870804049131061
128 213 -0.26386886646690466
128 216 0.6668158257395191
129 132 0.08089704880871307
129 279 -0.945772561148509
129 282 0.3069383778032704
129 249 0.581105296463426
129 252 -0.24889515233970205
130 131 0.9787592664500382
130 207 -0.8405438204615348
130 210 -0.8356373328061271
130 177 -0.3777097427371794
130 180 0.3361469997070097
131 132 0.9610774531944855
131 243 0.9345659487711206
131 246 -0.11899509563260913
131 213 -0.46672263777726974
131 216 0.3605945142567606
132 279 0.31858927192202513
132 282 -0.8279107982142824
132 249 -0.3913446539827299
132 252 -0.7518129345963218
133 134 -0.07841091512976761
133 136 0.6894645371946637
133 171 -0.08582986638777346
133 174 -0.7025039319100805
133 177 0.12245690023910871
133 180 -0.31250693229842397
134 135 0.5755320687357619
134 137 -0.03570113806748232
134 207 -0.9231687030681694
134 210 0.21118840842623476
134 213 0.18270437017946084
134 216 0.7236954712366421
135 138 -0.8834636497501602
135 243 -0.44317196672604675
135 246 -0.1690993753589991
135 249 0.2852228740126441
135 252 -0.12533940243296326
136 137 -0.12108556387347691
136 171 -0.10512510165413147
136 174 -0.3592663290794982
136 177 0.022582685539769498
136 180 -0.03177603769358406
137 138 -0.44729000673789576
137 207 0.6279006579674713
137 210 -0.7635453343622443
137 213 -0.9077514955261567
137 216 0.9069519651699678
138 243 -0.442433260084532
138 246 -0.8469947476427819
138 249 -0.9348992798667604
138 252 0.4983313075390965
151 152 0.46833801658920016
151 154 -0.4219568743574533
152 153 -0.8357485814791801
152 155 -0.20309737528445249
153 156 0.9352742557800937
154 155 -0.2109505828944136
155 156 -0.5916994664568427
157 158 0.2529228296049657
157 160 -0.6655545680514603
158 159 -0.10526067903990421
158 161 -0.3996025669740275
159 162 -0.6339514647258362
160 161 -0.7329811201491103
161 162 0.35605727983338276
163 164 -0.852343320567202
163 166 0.28783770619822224
164 165 0.5547343456320342
164 167 0.9652655048317864
165 168 0.8471974592564169
166 167 -0.683802770723398
167 168 0.578290434344396
169 170 -0.3938073418485608
169 172 -0.32745416009993633
170 171 0.9268072259732918
170 173 0.13955475783713944
171 174 0.46037402613199796
172 173 0.7329405137751124
173 174 0.76073979283874
175 176 0.16364118254763715
175 178 0.5448070008195429
176 177 0.09619978984471955
176 179 -0.5529555560793564
177 180 0.32028173312992014
178 179 0.9757191128844704
179 180 0.3771734466957233
181 182 0.9717512848488854
181 184 -0.7270572145302714
182 183 -0.6016150569325303
182 185 -0.5620945359049914
183 186 -0.8929867508960883
184 185 -0.18293878258102558
185 186 -0.6162435959566672
187 188 -0.6117549651680292
187 190 -0.6958568826719325
188 189 -0.27988691425550494
188 191 -0.6383972014485375
189 192 0.693629644286055
190 191 0.48225008932562363
191 192 -0.6060517702478518
193 194 -0.915210613580717
193 196 0.09434769386276964
194 195 -0.23468985405622633
194 197 0.30689730215147026
195 198 0.2729207134205214
196 197 0.3309606411075978
197 198 0.6718557463145001
199 200 -0.91247524545275
199 202 -0.06558091323841153
200 201 0.25701437715540854
200 203 0.07429599152693966
201 204 0.3059772982391604
202 203 -0.9937915085822158
203 204 0.2816179868514135
205 206 0.15482978181390994
205 208 -0.2551269978138797
206 207 0.40875902315139423
206 209 0.31552130493075037
207 210 -0.3753821117547078
208 209 0.6141014319281028
209 210 -0.6606552239392127
211 212 -0.5146319882972619
211 214 0.3173878040332472
212 213 0.7463555042916625
212 215 -0.06126446058514334
213 216 -0.3086904688641936
214 215 0.061715391995760704
215 216 -0.7024152317726089
217 218 -0.4617632228733466
217 220 0.8264377444950426
218 219 0.35699676662325497
218 221 0.3406168776277123
219 222 -0.8624393958672398
220 221 0.46510725984934487
221 222 -0.825312830711334
223 224 -0.7874513984024929
223 226 -0.05225541818550816
224 225 0.13571837140929732
224 227 -0.9861163375608026
225 228 -0.1622386792412822
226 227 0.2895066875133614
227 228 0.48753026498855734
229 230 -0.006059335076742833
229 232 0.38087800207706834
230 231 -0.7958682191832684
230 233 0.48734801443242337
231 234 0.9458190611492145
232 233 0.7485124858652699
233 234 0.5007429069570399
235 236 -0.6919687766211939
235 238 0.41349640609617055
236 237 0.9599947030655345
236 239 -0.6677820779154544
237 240 -0.8657145305697784
238 239 0.9438024165251404
239 240 0.7804727547297865
241 242 0.8867782624501352
241 244 0.14579140106705957
242 243 -0.6361551871377094
242 245 0.8110820297306924
243 246 -0.9280640203447652
244 245 0.5044696180105519
245 246 -0.016921789279068733
247 248 -0.6920607906970417
247 250 0.8188047870543076
248 249 -0.11558508105880527
248 251 -0.031635251525054864
249 252 -0.21299394032373686
250 251 0.777212178393949
251 252 -0.8134136137263543
253 254 -0.9293884685621248
253 256 -0.3109525465110481
254 255 -0.66855523320186
254 257 -0.4214564277255852
255 258 -0.8858481957715867
256 257 0.42137617331078525
257 258 0.7028489322638614
259 260 -0.9523555196721889
259 262 -0.374067127248662
260 261 0.14348048756206344
260 263 -0.08595696671855113
261 264 -0.8646717208320485
262 263 0.8844627450932596
263 264 0.804987140516525
265 266 0.46556607464512867
265 268 -0.8308682534340539
266 267 0.06897152536325568
266 269 0.8511317126410782
267 270 -0.7752352115596002
268 269 0.9098409343685703
269 270 0.3949386516881017
271 272 -0.6433149456983087
271 274 0.48917430929134853
272 273 0.4952095737405895
272 275 -0.6206151029654088
273 276 0.8820992008666919
274 275 0.5486265076416161
275 276 0.8737422420411507
277 278 -0.584778933163782
277 280 0.5292572403324829
278 279 0.2291504786193137
278 281 -0.7421441768113815
279 282 0.6008810818144745
280 281 0.10208714053708001
281 282 -0.4531717853666726
